  2.0    88.72566
  5.0    96.74574
 15.0   100.34658
 22.0     4.20134
 24.0    87.61723
 37.0    88.34920
 38.0    89.71442
 45.0    86.04183
 62.0    88.62131
 67.0    86.59917
 71.0    96.38373
 72.0    90.83329
 73.0    88.56616
 81.0    99.77107
 83.0    69.22653
 84.0    93.78331
 87.0    92.59420
 89.0   104.64183
 90.0    94.86421
 97.0    95.97609
 98.0    96.65596
 99.0    98.88289
109.0    80.30906
110.0    91.31730
119.0    96.74749
123.0    90.30652
137.0    87.69009
145.0    96.68294
149.0    88.91428
152.0   102.85069
154.0   100.02908
158.0    81.55431
160.0    87.24932
162.0    93.28992
164.0    93.30453
175.0    96.72802
178.0    91.17933
180.0    86.94221
181.0    76.74565
182.0    88.61537
185.0    95.59274
187.0   101.51297
188.0    94.68081
192.0    90.71362
196.0    82.34929
199.0    96.44278
200.0    99.93327
201.0    95.89338
203.0   100.01150
204.0    91.53517
209.0    96.31173
221.0    98.93450
222.0    97.86583
227.0    90.52359
233.0    95.04731
236.0    67.70805
255.0    54.96928
256.0    94.53707
262.0    83.05142
263.0   101.31457
271.0   103.82472
273.0    91.38249
283.0    80.67500
284.0    94.75658
286.0    98.13566
287.0    98.83193
292.0    93.72770
296.0    85.58367
301.0    93.02681
302.0    74.94299
307.0    93.07407
308.0    90.93513
321.0   101.30073
327.0    94.72237
328.0    94.61766
331.0    59.52175
336.0    97.48191
345.0    90.59271
346.0    95.40986
349.0    93.05386
353.0    93.00769
362.0    99.80396
367.0    99.46611
372.0    88.43817
375.0    89.71166
378.0    96.88627
379.0    99.55238
393.0    87.99802
401.0    71.89371
407.0    96.44269
410.0    73.49337
412.0    83.07691
415.0    79.47532
437.0    90.18494
444.0    87.49409
447.0    98.55320
452.0    91.42146
457.0    84.73031
459.0    97.02856
467.0    97.87590
473.0    80.28151
475.0    89.02563
480.0    90.80403
481.0    90.98214
482.0    42.31344
486.0    87.61731
488.0    89.58706
490.0    97.79925
491.0    87.59569
493.0    91.35275
498.0    99.20250
