  2.0   410.25000
  5.0   374.00000
 15.0   319.00000
 22.0     0.00000
 24.0   392.00000
 37.0   254.00000
 38.0   446.50000
 45.0   375.00000
 62.0   457.75000
 67.0   490.75000
 71.0   426.50000
 72.0   321.75000
 73.0   316.50000
 81.0   267.50000
 83.0   494.75000
 84.0   489.25000
 87.0   453.50000
 89.0   241.00000
 90.0   306.75000
 97.0   372.50000
 98.0   483.75000
 99.0   337.25000
109.0   722.00000
110.0   777.75000
119.0   274.50000
123.0   462.50000
137.0   488.00000
145.0   332.00000
149.0   716.75000
152.0   369.50000
154.0   248.50000
158.0   732.00000
160.0   586.25000
162.0   444.00000
164.0   449.50000
175.0   353.25000
178.0   359.25000
180.0   537.75000
181.0   637.00000
182.0   475.75000
185.0   236.25000
187.0   259.50000
188.0   354.50000
192.0   280.25000
196.0   636.00000
199.0   340.25000
200.0   516.75000
201.0   467.75000
203.0   272.75000
204.0   342.75000
209.0   555.25000
221.0   565.75000
222.0   308.75000
227.0   268.50000
233.0   541.25000
236.0   411.25000
255.0   754.00000
256.0   350.75000
262.0   744.75000
263.0   268.25000
271.0   357.75000
273.0   310.50000
283.0   644.25000
284.0   351.75000
286.0   396.50000
287.0   327.50000
292.0   261.50000
296.0   367.50000
301.0   274.50000
302.0   646.50000
307.0   507.75000
308.0   624.25000
321.0   306.50000
327.0   390.25000
328.0   357.50000
331.0   568.00000
336.0   340.00000
345.0   473.50000
346.0   331.75000
349.0   690.75000
353.0   371.75000
362.0   361.75000
367.0   600.00000
372.0   620.50000
375.0   382.75000
378.0   358.75000
379.0   415.00000
393.0   733.75000
401.0     0.00000
407.0   270.25000
410.0   544.75000
412.0   265.50000
415.0   471.00000
437.0   804.00000
444.0   427.50000
447.0   445.25000
452.0   487.00000
457.0   751.75000
459.0   355.50000
467.0   290.50000
473.0   565.00000
475.0   331.00000
480.0   639.50000
481.0   351.25000
482.0   413.75000
486.0   529.75000
488.0   342.75000
490.0   348.75000
491.0   498.25000
493.0   336.25000
498.0   257.25000
