  1.0   275.00000
  3.0   684.75000
  4.0   574.25000
  6.0   481.25000
  7.0   289.00000
  8.0   538.50000
  9.0   258.00000
 10.0   348.25000
 11.0   166.00000
 12.0   302.25000
 13.0   273.25000
 14.0   291.25000
 16.0   311.50000
 17.0   796.50000
 18.0   269.00000
 19.0   315.50000
 20.0   512.00000
 21.0   498.25000
 23.0   271.25000
 25.0   365.00000
 26.0   428.25000
 27.0   200.75000
 28.0   272.25000
 29.0   366.00000
 30.0   373.50000
 31.0   491.50000
 32.0   330.00000
 33.0   289.00000
 34.0   383.00000
 35.0   287.75000
 36.0   377.75000
 39.0   397.75000
 40.0   529.25000
 41.0   436.75000
 42.0   283.75000
 43.0   526.00000
 44.0   300.75000
 46.0   387.00000
 47.0   381.75000
 48.0   379.50000
 49.0   282.50000
 50.0   334.25000
 51.0   269.75000
 52.0   327.00000
 53.0   347.25000
 54.0   289.25000
 55.0   294.00000
 56.0   372.00000
 57.0   519.25000
 58.0   239.00000
 59.0   404.00000
 60.0   279.25000
 61.0   340.75000
 63.0   522.00000
 64.0   153.50000
 65.0   383.25000
 66.0   262.75000
 68.0   766.75000
 69.0   233.00000
 70.0   458.00000
 74.0   317.00000
 75.0   288.50000
 76.0   311.50000
 77.0   936.50000
 78.0   400.75000
 79.0   435.00000
 80.0   198.25000
 82.0   894.75000
 85.0   477.75000
 86.0   258.00000
 88.0   735.75000
 91.0   287.50000
 92.0   485.50000
 93.0   223.75000
 94.0   503.00000
 95.0   442.25000
 96.0   445.75000
100.0   764.00000
101.0   324.00000
102.0   283.25000
103.0   528.25000
104.0   865.50000
105.0   764.00000
106.0   407.00000
107.0   332.50000
108.0   481.25000
111.0   270.00000
112.0   865.50000
113.0   313.25000
114.0   371.50000
115.0   558.00000
116.0   665.75000
117.0   393.00000
118.0   286.25000
120.0   710.50000
121.0   371.25000
122.0   233.50000
124.0   371.50000
125.0   514.00000
126.0   463.75000
127.0   351.25000
128.0   734.00000
129.0   376.75000
130.0   496.75000
131.0   474.25000
132.0   239.50000
133.0   219.75000
134.0   353.00000
135.0   462.25000
136.0   364.50000
138.0   308.25000
139.0   320.00000
140.0   452.50000
141.0   221.25000
142.0   324.75000
143.0   269.75000
144.0   472.50000
146.0   932.25000
147.0   288.75000
148.0   186.75000
150.0   421.75000
151.0   625.50000
153.0   541.75000
155.0   540.50000
156.0   412.50000
157.0   174.25000
159.0   355.50000
161.0   373.00000
163.0   317.75000
165.0   270.00000
166.0   558.00000
167.0   813.25000
168.0   420.75000
169.0   164.25000
170.0   250.00000
171.0   359.25000
172.0   509.50000
173.0   557.00000
174.0   736.50000
176.0   241.00000
177.0   281.75000
179.0   680.25000
183.0   425.00000
184.0   310.75000
186.0   864.50000
189.0   384.50000
190.0   440.00000
191.0   354.50000
193.0   881.25000
194.0   281.25000
195.0   398.50000
197.0   361.00000
198.0   462.25000
202.0   288.75000
205.0   626.75000
206.0   387.00000
207.0   571.75000
208.0   657.00000
210.0   283.75000
211.0   411.00000
212.0   287.50000
213.0   405.00000
214.0   348.75000
215.0   320.25000
216.0   315.75000
217.0   268.75000
218.0   341.50000
219.0   497.75000
220.0   170.50000
223.0   390.00000
224.0   411.50000
225.0   378.75000
226.0    78.25000
228.0   281.00000
229.0   321.00000
230.0   572.75000
231.0   278.00000
232.0   600.25000
234.0   355.00000
235.0    60.00000
237.0   378.50000
238.0   827.00000
239.0   314.75000
240.0   335.75000
241.0    70.75000
242.0   578.25000
243.0   416.75000
244.0   282.25000
245.0   355.25000
246.0   443.75000
247.0   742.75000
248.0   289.50000
249.0   251.25000
250.0   497.50000
251.0   321.00000
252.0   320.50000
253.0   544.50000
254.0   309.25000
257.0   438.25000
258.0   318.00000
259.0   359.50000
260.0   312.00000
261.0   462.25000
264.0   388.25000
265.0   259.50000
266.0   282.00000
267.0   574.75000
268.0   781.50000
269.0   591.25000
270.0   825.75000
272.0   398.75000
274.0   268.75000
275.0   278.50000
276.0   501.25000
277.0   690.00000
278.0   523.50000
279.0   378.75000
280.0   356.00000
281.0   823.25000
282.0   527.50000
285.0   379.75000
288.0   739.00000
289.0   296.00000
290.0   571.00000
291.0   329.25000
293.0   444.75000
294.0   368.50000
295.0   567.25000
297.0   419.25000
298.0   445.50000
299.0   235.50000
300.0   361.00000
303.0   262.75000
304.0   556.25000
305.0   262.25000
306.0   674.75000
309.0   499.50000
310.0   458.75000
311.0   649.50000
312.0   414.00000
313.0   332.75000
314.0   310.25000
315.0   494.50000
316.0   627.25000
317.0   392.75000
318.0   585.00000
319.0   589.75000
320.0   314.50000
322.0   393.75000
323.0   368.75000
324.0   518.50000
325.0   426.00000
326.0   298.75000
329.0   294.50000
330.0   321.75000
332.0   392.75000
333.0   449.50000
334.0   556.75000
335.0   362.00000
337.0   461.75000
338.0   294.50000
339.0   278.75000
340.0   401.25000
341.0   295.25000
342.0   424.50000
343.0   329.25000
344.0   330.00000
347.0   374.50000
348.0   725.25000
350.0   269.50000
351.0   232.50000
352.0   593.50000
354.0   278.75000
355.0   713.50000
356.0   351.25000
357.0   294.75000
358.0   323.75000
359.0   332.50000
360.0   342.75000
361.0   232.75000
363.0   275.50000
364.0   319.50000
365.0   646.75000
366.0   613.25000
368.0   270.25000
369.0   291.75000
370.0   495.00000
371.0   234.75000
373.0   417.50000
374.0   758.00000
376.0   565.50000
377.0   375.00000
380.0   597.50000
381.0   181.50000
382.0   490.50000
383.0   447.75000
384.0   380.50000
385.0   412.00000
386.0   395.75000
387.0   517.50000
388.0   388.25000
389.0   323.75000
390.0   890.50000
391.0   259.00000
392.0   236.00000
394.0   339.50000
395.0   420.50000
396.0   420.50000
397.0   581.25000
398.0   402.25000
399.0   494.00000
400.0   362.00000
402.0   428.25000
403.0   479.00000
404.0   359.50000
405.0   471.00000
406.0   483.75000
408.0   298.75000
409.0   673.75000
411.0   406.00000
413.0   282.75000
414.0   650.50000
416.0   600.75000
417.0   692.75000
418.0   337.00000
419.0   325.50000
420.0   224.25000
421.0   561.00000
422.0   282.50000
423.0   238.00000
424.0   455.75000
425.0   217.25000
426.0   184.25000
427.0   470.25000
428.0   802.75000
429.0   338.25000
430.0   356.50000
431.0   270.50000
432.0   484.00000
433.0   279.00000
434.0   191.75000
435.0   408.75000
436.0   265.75000
438.0   643.00000
439.0   305.25000
440.0   697.75000
441.0   837.50000
442.0   325.00000
443.0   537.00000
445.0   274.00000
446.0   741.50000
448.0   806.75000
449.0   410.25000
450.0   336.25000
451.0   276.00000
453.0   264.50000
454.0   278.25000
455.0   378.50000
456.0   712.50000
458.0   291.75000
460.0   367.50000
461.0   444.00000
462.0   421.75000
463.0   400.50000
464.0   708.25000
465.0   303.75000
466.0   407.75000
468.0   404.75000
469.0   285.25000
470.0   285.25000
471.0   267.50000
472.0   444.50000
474.0   359.00000
476.0   359.25000
477.0   165.25000
478.0   329.50000
479.0   271.00000
483.0   506.00000
484.0   264.00000
485.0   150.25000
487.0   696.00000
489.0   574.50000
492.0   386.00000
494.0   487.25000
495.0   200.50000
496.0   403.25000
497.0   434.50000
499.0   478.50000
500.0   575.50000
