  1.0   101.85647
  3.0   105.00298
  4.0    95.55424
  6.0    89.38133
  7.0   108.37573
  8.0   112.20055
  9.0   102.04366
 10.0   109.78356
 11.0   104.07687
 12.0   122.75683
 13.0   129.81906
 14.0   122.63481
 16.0   116.28170
 17.0   106.62646
 18.0   113.10063
 19.0   105.26631
 20.0    92.73619
 21.0   108.40206
 23.0   109.70826
 25.0   103.37249
 26.0   108.57929
 27.0   157.55132
 28.0   103.74944
 29.0   110.28316
 30.0   103.68785
 31.0   133.94276
 32.0   101.16914
 33.0    92.60664
 34.0    95.53950
 35.0   105.31288
 36.0   108.57602
 39.0   102.06917
 40.0   100.56427
 41.0    98.98632
 42.0   105.22709
 43.0   100.55389
 44.0   108.50232
 46.0   106.16379
 47.0    99.47897
 48.0   101.42433
 49.0   113.53895
 50.0   102.09075
 51.0   118.25249
 52.0    99.25501
 53.0   100.46607
 54.0   111.84626
 55.0   134.14768
 56.0    97.65365
 57.0   115.33732
 58.0   127.05047
 59.0   108.37797
 60.0    91.74161
 61.0   121.78196
 63.0   104.41867
 64.0   111.66266
 65.0   124.78691
 66.0    98.86472
 68.0   111.33558
 69.0   106.51569
 70.0   108.26835
 74.0   104.54998
 75.0   108.67984
 76.0    94.59489
 77.0   109.02138
 78.0    98.84776
 79.0   102.62465
 80.0   109.90876
 82.0    98.57672
 85.0   109.68972
 86.0   111.81191
 88.0   120.60768
 91.0    97.60750
 92.0    95.31687
 93.0    98.35604
 94.0    90.17077
 95.0    97.07098
 96.0   104.00319
100.0   122.47631
101.0   101.12761
102.0    98.01052
103.0   103.50287
104.0    93.46220
105.0   109.95144
106.0    90.58772
107.0   109.98749
108.0   120.83647
111.0   109.29663
112.0   103.29344
113.0   124.53615
114.0    97.32039
115.0   100.67937
116.0   112.16200
117.0   117.52350
118.0   121.93356
120.0   106.87119
121.0   112.75489
122.0   101.55341
124.0   103.90791
125.0   108.93798
126.0   102.59473
127.0   136.05339
128.0   105.54017
129.0   102.99410
130.0   130.34734
131.0    94.12000
132.0   112.00796
133.0   116.46614
134.0   100.19867
135.0    98.85523
136.0   101.31382
138.0   109.36987
139.0   135.66651
140.0   116.34355
141.0   116.25003
142.0   108.92473
143.0   106.31698
144.0   104.21233
146.0    98.22979
147.0   103.26238
148.0   116.76877
150.0    99.35440
151.0    94.31867
153.0   100.64553
155.0   123.08343
156.0   107.06428
157.0   105.86824
159.0    99.06121
161.0   100.41968
163.0   112.01328
165.0   124.50903
166.0   103.48817
167.0   105.28674
168.0   117.39865
169.0    99.98714
170.0    96.78127
171.0   103.71037
172.0    95.82287
173.0   118.09437
174.0   105.40463
176.0   130.00369
177.0   112.10053
179.0   121.75962
183.0   110.89960
184.0   126.52451
186.0   115.67887
189.0    96.38655
190.0   105.15154
191.0   106.30514
193.0    99.91211
194.0    93.40690
195.0   102.36942
197.0    99.36860
198.0   107.47614
202.0   107.58660
205.0   133.36922
206.0    98.30398
207.0    96.26590
208.0   115.72097
210.0   103.68911
211.0   120.04998
212.0   109.50131
213.0   104.98827
214.0   124.73587
215.0   108.50200
216.0    97.71649
217.0   105.12956
218.0   104.30123
219.0   108.77111
220.0   108.88641
223.0   112.25639
224.0   104.04958
225.0   110.93105
226.0   121.91755
228.0   121.83025
229.0   119.16268
230.0   102.76017
231.0   105.27856
232.0   111.85569
234.0   103.30639
235.0   125.10623
237.0   105.55890
238.0   111.01068
239.0   104.07916
240.0    98.07692
241.0   135.17493
242.0   107.21545
243.0    89.65495
244.0   105.65359
245.0    98.96564
246.0   112.74319
247.0   100.14624
248.0   100.25692
249.0   108.18755
250.0   123.78080
251.0   120.04629
252.0    95.73945
253.0   115.72906
254.0   104.44290
257.0   106.81290
258.0   119.29474
259.0   115.45424
260.0   116.35539
261.0   114.81449
264.0   125.62075
265.0    99.84453
266.0   109.91947
267.0    91.55441
268.0   115.11751
269.0   115.67763
270.0   106.64177
272.0   111.19209
274.0    99.82064
275.0   101.51708
276.0   123.92995
277.0   107.88864
278.0   119.20754
279.0   108.47030
280.0   110.25720
281.0   111.63365
282.0    97.80251
285.0   118.03200
288.0   127.56191
289.0   110.94185
290.0    95.82984
291.0   125.83573
293.0   105.82238
294.0    98.96048
295.0   100.91784
297.0   106.14623
298.0   104.86754
299.0    99.53335
300.0   102.55485
303.0   100.80810
304.0   124.86013
305.0   101.22628
306.0   109.96449
309.0   115.66984
310.0   130.81990
311.0   133.81625
312.0   112.31975
313.0   116.39513
314.0   121.71392
315.0   114.55825
316.0   110.76714
317.0   104.20187
318.0   101.46673
319.0   117.29109
320.0   110.28513
322.0   101.73062
323.0   124.50187
324.0    97.23701
325.0    99.38632
326.0   127.36439
329.0   102.12862
330.0   122.50962
332.0    90.79893
333.0   120.71145
334.0   113.73881
335.0   112.61375
337.0   102.27446
338.0   105.27282
339.0   118.26015
340.0   107.88960
341.0   103.14262
342.0   107.06967
343.0   104.46471
344.0   103.94574
347.0   123.87378
348.0    95.95063
350.0   103.01242
351.0    98.23918
352.0   104.09820
354.0   100.71293
355.0   119.89105
356.0    97.43278
357.0   112.66260
358.0   105.11230
359.0    96.34616
360.0    99.51151
361.0   100.83075
363.0   103.10050
364.0   112.18268
365.0   134.33509
366.0   112.00251
368.0   112.31776
369.0   105.53128
370.0   100.85345
371.0   101.74982
373.0   105.61077
374.0   123.08775
376.0    94.25870
377.0   109.36803
380.0   139.42190
381.0   113.34594
382.0   117.22894
383.0    93.52204
384.0   102.31191
385.0   102.75944
386.0   101.91922
387.0   124.10526
388.0   118.68444
389.0   123.96210
390.0   104.86476
391.0   111.56233
392.0   104.19233
394.0   128.48537
395.0   107.36842
396.0    97.07222
397.0    92.61778
398.0    99.72658
399.0    94.66048
400.0   117.80691
402.0    98.25267
403.0   109.46204
404.0   107.74911
405.0   120.59437
406.0    96.99756
408.0   118.49006
409.0    99.41040
411.0   108.63406
413.0   101.09819
414.0   100.48916
416.0   115.22914
417.0   100.69478
418.0    95.74208
419.0   116.44192
420.0   108.18681
421.0   106.61090
422.0   109.98088
423.0   103.18326
424.0   109.45445
425.0   140.11044
426.0   128.94747
427.0   116.37987
428.0    94.79624
429.0   109.69727
430.0   100.93998
431.0   101.38593
432.0    98.83421
433.0    94.80225
434.0   101.11621
435.0   120.91224
436.0   100.36442
438.0   105.91100
439.0   119.74451
440.0   114.31377
441.0   108.45165
442.0   103.13557
443.0   124.83275
445.0   108.34928
446.0   123.37980
448.0   106.40210
449.0   102.47246
450.0   128.18852
451.0   101.16986
453.0   109.33619
454.0    94.15635
455.0   106.74205
456.0   112.88313
458.0   142.83340
460.0   131.00473
461.0   115.93116
462.0   108.53368
463.0   124.83369
464.0   113.57936
465.0   125.29597
466.0    98.41777
468.0   105.34296
469.0   117.32127
470.0   115.41103
471.0   116.48482
472.0   125.88778
474.0   101.79889
476.0   100.97821
477.0   107.86850
478.0   105.88151
479.0   109.15875
483.0   127.44034
484.0   102.69398
485.0   112.13062
487.0   124.47746
489.0   120.32620
492.0   126.13738
494.0   110.89151
495.0   113.31100
496.0   103.19537
497.0   120.20627
499.0   127.82183
500.0   116.52356
