  1.0   188.75000
  4.0   199.50000
  5.0   154.25000
  7.0    92.50000
  9.0   115.00000
 10.0    73.00000
 12.0    41.00000
 13.0   338.75000
 14.0    86.25000
 15.0   138.50000
 16.0    74.25000
 17.0    63.25000
 19.0   153.00000
 20.0   215.25000
 24.0   160.25000
 26.0   231.00000
 27.0   174.00000
 28.0    48.75000
 29.0    60.00000
 30.0    53.25000
 32.0   314.00000
 36.0   207.00000
 37.0   116.75000
 38.0   329.25000
 40.0    53.25000
 44.0    61.75000
 46.0    55.00000
 48.0   263.75000
 50.0   155.25000
 54.0   142.25000
 56.0   145.00000
 57.0   213.75000
 59.0   169.25000
 60.0   190.00000
 61.0   124.00000
 63.0    60.50000
 65.0   158.50000
 67.0   142.50000
 68.0   244.25000
 69.0   155.75000
 70.0    76.50000
 73.0   204.75000
 74.0   119.75000
 75.0    39.50000
 76.0    47.50000
 77.0   132.50000
 79.0   281.25000
 81.0   199.50000
 82.0   274.25000
 83.0    47.75000
 86.0    45.75000
 88.0   185.25000
 89.0   104.00000
 90.0   119.25000
 91.0   188.50000
 92.0   143.25000
 94.0   138.75000
 96.0   106.50000
 97.0    31.25000
 98.0   282.75000
 99.0   346.00000
100.0    45.75000
101.0    77.25000
102.0    53.00000
104.0   155.75000
105.0   134.75000
107.0   144.00000
109.0    65.75000
110.0   110.25000
111.0    99.00000
112.0   104.75000
113.0   157.00000
114.0   162.50000
119.0    30.75000
122.0   271.00000
123.0    86.25000
125.0   242.00000
126.0   166.50000
127.0    87.00000
128.0   117.75000
131.0   100.50000
134.0   434.00000
135.0   226.00000
136.0    36.50000
137.0    51.25000
138.0   197.25000
140.0    40.25000
142.0   177.00000
143.0   387.25000
148.0    29.25000
151.0   316.50000
152.0    68.00000
156.0    58.25000
158.0    74.25000
161.0   194.25000
162.0    94.75000
165.0    36.75000
166.0   272.00000
167.0   131.50000
168.0   143.25000
169.0   165.75000
170.0   116.25000
171.0   243.50000
172.0   136.00000
173.0   184.25000
174.0   123.00000
175.0   242.00000
177.0   182.75000
178.0    60.50000
179.0    61.00000
180.0   235.25000
181.0   142.00000
182.0   158.75000
183.0   194.75000
185.0    36.25000
186.0    98.75000
188.0   266.00000
189.0    65.75000
191.0   235.00000
193.0    47.00000
194.0    97.25000
195.0   178.00000
196.0   116.25000
197.0    96.00000
198.0   358.75000
199.0    85.00000
200.0   110.00000
204.0    68.25000
205.0   256.25000
206.0   105.00000
207.0   340.50000
208.0   157.75000
209.0   140.00000
210.0    62.00000
211.0   166.00000
212.0   122.50000
213.0    45.50000
215.0    50.00000
216.0   298.50000
219.0   149.00000
220.0   242.25000
222.0    49.50000
224.0   203.75000
226.0    38.50000
227.0    60.50000
230.0   107.75000
232.0    90.00000
239.0    44.00000
240.0    43.00000
242.0    41.25000
243.0    53.75000
244.0   286.25000
246.0   131.00000
247.0    72.25000
248.0    73.50000
251.0    39.50000
252.0   325.50000
253.0    87.00000
254.0    64.25000
257.0    42.00000
260.0   148.75000
261.0   183.25000
262.0   130.25000
263.0    98.00000
264.0    41.00000
265.0   235.25000
266.0   105.00000
267.0    50.00000
268.0   107.00000
270.0   179.25000
271.0   156.50000
272.0   104.25000
273.0   239.00000
274.0    96.25000
277.0    96.75000
278.0   488.25000
280.0   244.25000
281.0   136.50000
282.0   160.00000
283.0   237.50000
285.0   187.25000
286.0    31.25000
287.0    77.00000
289.0    67.25000
292.0   131.00000
294.0   174.00000
295.0   203.25000
298.0   140.25000
300.0   266.00000
301.0   246.50000
302.0   127.25000
305.0   178.00000
307.0   253.25000
308.0   144.25000
309.0   192.25000
312.0   270.50000
314.0   110.25000
315.0   267.75000
316.0   146.25000
318.0     0.00000
319.0   233.25000
320.0   138.25000
321.0   130.50000
323.0    57.25000
324.0   245.00000
325.0   173.50000
328.0   107.75000
330.0   186.00000
331.0   218.50000
333.0   269.75000
335.0    72.75000
336.0   131.25000
337.0    79.25000
338.0    33.75000
339.0    47.00000
340.0   492.25000
341.0    36.00000
343.0    81.00000
344.0   158.00000
346.0    53.25000
347.0    54.75000
349.0   249.75000
351.0    97.00000
358.0   151.00000
359.0   181.75000
362.0   267.25000
364.0   143.75000
365.0    77.25000
366.0    86.25000
367.0   118.25000
370.0    36.50000
371.0   208.00000
373.0   126.25000
378.0    61.50000
379.0   153.00000
381.0   271.75000
384.0   218.25000
387.0    50.25000
388.0   206.75000
389.0   167.00000
391.0    90.25000
392.0   301.00000
393.0    44.75000
394.0   142.00000
395.0   528.75000
398.0   153.25000
402.0    65.75000
405.0   110.00000
410.0   356.00000
412.0   212.25000
413.0   123.00000
414.0   135.00000
417.0   275.75000
418.0   181.25000
420.0   201.50000
422.0    67.00000
423.0   129.50000
424.0   140.00000
426.0   144.25000
427.0    99.50000
428.0    51.75000
430.0   262.25000
431.0   136.25000
432.0    46.00000
435.0    60.75000
438.0   159.75000
439.0    69.50000
441.0   101.00000
444.0   260.25000
445.0    60.25000
446.0   159.00000
451.0    50.00000
453.0    49.00000
454.0    69.00000
455.0    53.75000
456.0   184.75000
457.0   203.50000
458.0   233.50000
459.0   252.50000
460.0    40.00000
461.0   150.00000
464.0    74.50000
466.0   200.75000
468.0    93.75000
469.0   123.00000
471.0   180.25000
477.0    38.00000
478.0   284.50000
482.0   185.75000
483.0   212.75000
484.0    29.50000
486.0    39.75000
487.0   264.75000
488.0   252.00000
489.0    96.00000
490.0   135.00000
493.0    38.00000
494.0   126.25000
496.0   146.25000
497.0    98.00000
498.0   195.00000
499.0   180.75000
500.0   348.25000
