  1.0    83.05782
  4.0    80.94811
  5.0    85.55171
  7.0    82.91261
  9.0    83.65007
 10.0    74.16758
 12.0    85.21187
 13.0    83.47190
 14.0    75.19642
 15.0    78.66558
 16.0    78.54063
 17.0    86.39064
 19.0    89.06605
 20.0    81.46303
 24.0    65.75333
 26.0    82.67828
 27.0    90.91215
 28.0    78.70027
 29.0    89.87462
 30.0    77.07322
 32.0    85.03065
 36.0    55.35293
 37.0    90.01324
 38.0    86.36962
 40.0    85.32339
 44.0    85.39615
 46.0    84.80071
 48.0    72.84927
 50.0    74.10534
 54.0    92.41888
 56.0    79.93241
 57.0    77.25951
 59.0    89.92854
 60.0    84.38952
 61.0    51.72221
 63.0    79.71195
 65.0    88.74571
 67.0    83.45410
 68.0    75.15765
 69.0   102.55361
 70.0    78.22441
 73.0    83.82200
 74.0    90.27166
 75.0    83.16539
 76.0    84.36866
 77.0    88.75113
 79.0    82.13370
 81.0    89.87418
 82.0    87.51637
 83.0    84.67713
 86.0    90.81244
 88.0    87.86209
 89.0    81.27459
 90.0    82.10073
 91.0    81.09883
 92.0    82.62276
 94.0    75.87665
 96.0    84.14988
 97.0    89.33456
 98.0    65.17230
 99.0    93.98599
100.0    76.20158
101.0    75.77510
102.0    87.93555
104.0    81.87763
105.0    83.39075
107.0    88.15594
109.0    87.83515
110.0    85.69456
111.0    62.49796
112.0    93.19188
113.0    91.54262
114.0    86.20285
119.0    83.25432
122.0    78.61323
123.0    73.68426
125.0    72.00394
126.0    91.08493
127.0    85.86867
128.0    77.48069
131.0    85.30667
134.0    87.38790
135.0    70.88532
136.0    85.36291
137.0    80.29691
138.0    81.72051
140.0    84.81914
142.0    96.29378
143.0    86.44093
148.0    84.95012
151.0    87.05971
152.0    81.92249
156.0    80.36974
158.0    63.09454
161.0    83.49237
162.0    79.96222
165.0    80.02423
166.0    84.96293
167.0    66.60973
168.0    74.59522
169.0    85.30959
170.0    90.32008
171.0    87.16345
172.0    85.03518
173.0    79.47055
174.0    94.34980
175.0    78.45021
177.0   100.29712
178.0    82.09064
179.0    79.64933
180.0    77.91548
181.0    84.47102
182.0    90.41379
183.0    78.48822
185.0    80.91100
186.0    64.22422
188.0    75.78081
189.0    82.93505
191.0    76.90974
193.0    85.56244
194.0    67.09458
195.0    90.14594
196.0    71.55817
197.0    90.28860
198.0    76.73611
199.0    91.19176
200.0    89.40974
204.0    79.30328
205.0    77.62448
206.0    74.05664
207.0    94.07527
208.0    88.63767
209.0    89.50217
210.0    77.33109
211.0    86.51395
212.0    90.96605
213.0    80.99944
215.0    86.01374
216.0    83.19576
219.0    86.00363
220.0    79.29821
222.0    84.64204
224.0    54.72391
226.0    89.22596
227.0    85.63858
230.0    94.24857
232.0    84.69520
239.0    85.77778
240.0    79.82888
242.0    86.00766
243.0    85.00493
244.0    91.58423
246.0    73.92670
247.0    85.99786
248.0    87.82045
251.0    81.46448
252.0    94.07852
253.0    67.01961
254.0    85.32300
257.0    85.46442
260.0    91.72313
261.0    92.79467
262.0    84.18867
263.0    82.45757
264.0    85.13604
265.0    88.18043
266.0    85.73020
267.0    87.66222
268.0    85.73787
270.0    68.84935
271.0    86.16298
272.0    57.83369
273.0    87.77077
274.0    82.70013
277.0    81.69527
278.0    61.61093
280.0    81.15030
281.0    71.78458
282.0    97.36435
283.0    84.00951
285.0    86.31981
286.0    83.12087
287.0    81.91932
289.0    82.42125
292.0    68.69917
294.0    83.96726
295.0    84.34130
298.0    74.83102
300.0    85.65448
301.0    82.11417
302.0    55.47201
305.0    94.20613
307.0    75.45433
308.0    64.78284
309.0    81.00804
312.0    87.08462
314.0    74.27090
315.0    77.67454
316.0    89.45006
318.0   140.92759
319.0    87.69418
320.0    83.48156
321.0    88.76573
323.0    87.31929
324.0    89.24162
325.0    83.54135
328.0    49.35317
330.0    81.75820
331.0    82.08671
333.0    77.21324
335.0    81.07075
336.0    78.01261
337.0    76.80666
338.0    81.73815
339.0    80.41386
340.0    48.14557
341.0    88.08700
343.0    83.74685
344.0    85.87097
346.0    64.65663
347.0    88.51443
349.0    94.11185
351.0    86.57601
358.0    95.56693
359.0    86.36751
362.0    85.82382
364.0    86.26220
365.0    71.61769
366.0    75.70101
367.0    75.16543
370.0    83.48267
371.0    81.72824
373.0    78.45307
378.0    79.95713
379.0    85.84156
381.0    83.35604
384.0    85.67070
387.0    81.77070
388.0    51.99119
389.0    76.57150
391.0    81.04390
392.0    84.61777
393.0    85.48293
394.0    88.73067
395.0    41.83324
398.0    93.63117
402.0    85.23717
405.0    85.35767
410.0    80.23972
412.0    79.49184
413.0    90.52478
414.0    77.13741
417.0    85.08562
418.0    88.94494
420.0    88.25199
422.0    68.67698
423.0    80.93996
424.0    83.94855
426.0    80.68450
427.0    75.72986
428.0    86.34269
430.0    83.62170
431.0    91.67627
432.0    79.02841
435.0    95.53984
438.0    92.64757
439.0    64.04882
441.0    86.78424
444.0    86.95346
445.0    90.48178
446.0    87.61257
451.0    92.28638
453.0    77.59960
454.0    79.57743
455.0    88.36946
456.0    84.61884
457.0    85.82588
458.0    62.02079
459.0    85.31970
460.0    87.61510
461.0    79.66047
464.0    79.82630
466.0    80.71317
468.0    90.38885
469.0    88.49708
471.0    78.52353
477.0    88.39767
478.0    90.89194
482.0    62.42220
483.0    86.92290
484.0    72.02612
486.0    78.08379
487.0    79.63528
488.0    73.89520
489.0    89.08538
490.0    92.96712
493.0    86.24517
494.0    85.16036
496.0    92.26803
497.0    83.04732
498.0    53.38319
499.0    51.10868
500.0    86.21531
