  2.0    94.29929
  3.0    87.09075
  6.0    86.75165
  8.0    89.14335
 11.0    86.52967
 18.0    93.79628
 21.0    82.78493
 22.0    99.49437
 23.0    86.28968
 25.0    81.98157
 31.0    94.45765
 33.0    86.34381
 34.0    93.81443
 35.0    93.11515
 39.0    84.68778
 41.0   107.64925
 42.0    98.58519
 43.0   124.54122
 45.0    88.21306
 47.0    85.50377
 49.0   120.70419
 51.0    84.85786
 52.0    92.34520
 53.0    83.27058
 55.0   103.85745
 58.0   100.13138
 62.0    87.21932
 64.0    95.28074
 66.0    88.95029
 71.0    91.31104
 72.0    87.49869
 78.0    84.26226
 80.0    95.88308
 84.0    99.17471
 85.0   104.22616
 87.0    91.30558
 93.0    89.67087
 95.0    97.13669
103.0    91.14873
106.0   101.31403
108.0    88.25297
115.0    91.52637
116.0    94.42294
117.0    90.38561
118.0   103.29357
120.0    90.21787
121.0   102.07536
124.0    93.88307
129.0    90.30492
130.0    92.58145
132.0    85.73737
133.0    90.95381
139.0    88.08933
141.0    88.51276
144.0   100.38323
145.0   108.69558
146.0    83.60407
147.0   100.32976
149.0    90.06118
150.0    96.28241
153.0    87.13023
154.0    97.90403
155.0    90.76227
157.0   105.49815
159.0    84.45286
160.0    86.71198
163.0   117.31192
164.0    83.72197
176.0    90.58346
184.0    99.53045
187.0    84.22302
190.0    89.14438
192.0   133.79962
201.0    84.73135
202.0    89.32767
203.0    84.16712
214.0    87.81375
217.0    87.76299
218.0    89.20754
221.0    87.32055
223.0   101.92270
225.0    94.34643
228.0    96.97070
229.0    93.31243
231.0    84.89875
233.0    96.55076
234.0    89.23509
235.0    95.84155
236.0    92.60619
237.0    89.13708
238.0   108.24940
241.0    90.37019
245.0    97.83621
249.0    89.67498
250.0    87.47338
255.0    89.15968
256.0    94.72623
258.0   119.40535
259.0    97.33555
269.0    91.48643
275.0    96.35398
276.0    86.61753
279.0    90.12702
284.0    91.60583
288.0   105.57109
290.0   140.62749
291.0    94.14395
293.0    85.88797
296.0    94.37824
297.0    99.62953
299.0   112.61354
303.0    89.19573
304.0    95.33461
306.0    92.16126
310.0    87.51745
311.0    95.81636
313.0    95.30436
317.0    83.46783
322.0    84.65353
326.0   134.15368
327.0    88.12723
329.0   107.57417
332.0    95.46324
334.0    89.49707
342.0    85.34403
345.0    89.15805
348.0    98.52994
350.0    88.84983
352.0    85.15735
353.0    87.82961
354.0    94.89254
355.0    90.17089
356.0    98.43341
357.0    92.42310
360.0    94.04460
361.0    32.32509
363.0    90.26967
368.0    92.79775
369.0    88.84011
372.0   109.63313
374.0    96.03728
375.0   103.15451
376.0    94.61764
377.0    97.51003
380.0   121.32718
382.0   102.09082
383.0    90.53167
385.0    86.28062
386.0    93.02925
390.0    87.48985
396.0    92.35943
397.0    86.54047
399.0    92.76544
400.0    80.39908
401.0    86.93240
403.0   130.66948
404.0    83.43441
406.0    87.03437
407.0    87.13670
408.0   107.72719
409.0    91.75332
411.0    82.42263
415.0    95.60970
416.0   115.27552
419.0    83.46521
421.0    94.43266
425.0    86.06932
429.0    85.48795
433.0   103.16022
434.0    85.93638
436.0    87.84868
437.0    91.19613
440.0    89.33584
442.0    88.98962
443.0    88.36873
447.0    90.91172
448.0    89.25522
449.0    88.27730
450.0    94.42710
452.0    90.73201
462.0    88.78873
463.0    96.65416
465.0    85.27311
467.0   129.72469
470.0    96.92125
472.0    96.36739
473.0    91.11245
474.0    95.45939
475.0    92.84026
476.0    98.08173
479.0    84.41834
480.0    69.27806
481.0    99.30453
485.0   102.02341
491.0    90.83844
492.0    90.22050
495.0    97.31758
