  2.0   215.75000
  3.0    38.25000
  6.0    23.00000
  8.0    51.25000
 11.0    32.50000
 18.0   127.50000
 21.0   242.50000
 22.0   238.75000
 23.0   107.75000
 25.0    79.75000
 31.0   102.50000
 33.0    28.50000
 34.0   381.00000
 35.0   154.25000
 39.0    27.75000
 41.0   253.25000
 42.0   192.75000
 43.0   373.00000
 45.0    36.25000
 47.0    28.00000
 49.0   325.25000
 51.0    27.00000
 52.0   298.50000
 53.0    28.00000
 55.0   135.25000
 58.0    41.75000
 62.0   221.50000
 64.0   259.00000
 66.0    36.75000
 71.0   124.50000
 72.0    25.75000
 78.0    39.50000
 80.0   117.75000
 84.0    50.00000
 85.0   229.50000
 87.0   316.25000
 93.0   139.25000
 95.0   284.50000
103.0    35.50000
106.0    63.75000
108.0    27.25000
115.0   149.25000
116.0   109.00000
117.0    34.75000
118.0   137.25000
120.0   247.50000
121.0   293.00000
124.0   259.00000
129.0   249.75000
130.0   228.25000
132.0    28.75000
133.0   140.75000
139.0    89.00000
141.0    36.50000
144.0   367.50000
145.0   393.50000
146.0   218.25000
147.0   202.25000
149.0   144.25000
150.0   134.25000
153.0    32.25000
154.0   267.75000
155.0    31.25000
157.0   301.75000
159.0   240.25000
160.0    33.75000
163.0   531.75000
164.0    33.00000
176.0    30.50000
184.0    48.25000
187.0   382.00000
190.0    53.50000
192.0   310.50000
201.0    22.50000
202.0    60.75000
203.0   126.25000
214.0    35.75000
217.0    32.00000
218.0    26.25000
221.0    37.25000
223.0   151.75000
225.0   303.00000
228.0   295.75000
229.0   251.50000
231.0    90.00000
233.0    40.25000
234.0   247.25000
235.0    92.50000
236.0   261.25000
237.0    55.75000
238.0   385.00000
241.0   153.25000
245.0   311.75000
249.0    32.00000
250.0    28.25000
255.0    29.00000
256.0   337.75000
258.0   312.00000
259.0   115.75000
269.0    38.00000
275.0    83.75000
276.0    32.00000
279.0    33.50000
284.0    35.00000
288.0   429.75000
290.0   441.00000
291.0    48.00000
293.0    29.75000
296.0   257.75000
297.0   185.75000
299.0   185.00000
303.0    30.00000
304.0   286.25000
306.0   246.25000
310.0    45.75000
311.0    88.25000
313.0   269.00000
317.0    89.75000
322.0    31.75000
326.0   333.75000
327.0    53.25000
329.0    77.00000
332.0   163.00000
334.0    26.50000
342.0   291.75000
345.0   121.00000
348.0   261.75000
350.0   259.75000
352.0    30.75000
353.0    51.75000
354.0   166.50000
355.0   128.25000
356.0   230.50000
357.0    29.00000
360.0   135.00000
361.0   957.50000
363.0   244.00000
368.0   176.50000
369.0   121.00000
372.0   488.75000
374.0    45.75000
375.0    38.50000
376.0   235.75000
377.0    39.00000
380.0   233.25000
382.0   158.25000
383.0   247.50000
385.0   132.50000
386.0    66.25000
390.0   335.50000
396.0   299.50000
397.0    46.75000
399.0   240.25000
400.0    78.50000
401.0    30.00000
403.0   353.75000
404.0    28.00000
406.0    30.00000
407.0    29.25000
408.0    65.00000
409.0   302.00000
411.0    88.50000
415.0   562.50000
416.0   527.75000
419.0   125.50000
421.0    60.75000
425.0   222.50000
429.0   228.25000
433.0   194.75000
434.0    29.00000
436.0    27.25000
437.0   108.75000
440.0    32.25000
442.0    24.75000
443.0    52.25000
447.0   243.50000
448.0   314.25000
449.0    48.50000
450.0   143.50000
452.0    91.00000
462.0    31.75000
463.0    39.25000
465.0    46.50000
467.0   383.75000
470.0    65.25000
472.0   185.25000
473.0    34.75000
474.0   361.00000
475.0   180.25000
476.0   246.50000
479.0    23.00000
480.0   291.75000
481.0   369.75000
485.0   136.75000
491.0    28.25000
492.0   143.50000
495.0   126.25000
