0.25     0.0
0.5     0.0
0.75     0.0
1.0     0.0
1.25     0.0
1.5     0.0
1.75     0.0
2.0     0.0
2.25     0.0
2.5     0.0
2.75     0.0
3.0     0.0
3.25     0.0
3.5     0.0
3.75     0.0
4.0     0.0
4.25     0.0
4.5     0.0
4.75     0.0
5.0     0.0
5.25     0.0
5.5     0.0
5.75     0.0
6.0     0.0
6.25     0.0
6.5     0.0
6.75     0.0
7.0     0.0
7.25     0.0
7.5     0.0
7.75     0.0
8.0     0.0
8.25     0.0
8.5     0.0
8.75     0.0
9.0     0.0
9.25     0.0
9.5     0.0
9.75     0.0
10.0     0.0
10.25     0.0
10.5     0.0
10.75     0.0
11.0     0.0
11.25     0.0
11.5     0.0
11.75     0.0
12.0     0.0
12.25     0.0
12.5     0.0
12.75     0.0
13.0     0.0
13.25     0.0
13.5     0.0
13.75     0.0
14.0     0.0
14.25     0.0
14.5     0.0
14.75     0.0
15.0     0.0
15.25     0.0
15.5     0.0
15.75     0.0
16.0     0.0
16.25     0.0
16.5     0.0
16.75     0.0
17.0     0.0
17.25     0.0
17.5     0.0
17.75     0.0
18.0     0.0
18.25     0.0
18.5     0.0
18.75     0.0
19.0     0.0
19.25     0.0
19.5     0.0
19.75     0.0
20.0     0.0
20.25     0.0
20.5     0.0
20.75     0.0
21.0     0.0
21.25     0.0
21.5     0.002
21.75     0.004
22.0     0.004
22.25     0.004
22.5     0.004
22.75     0.004
23.0     0.004
23.25     0.004
23.5     0.004
23.75     0.006
24.0     0.006
24.25     0.006
24.5     0.006
24.75     0.006
25.0     0.006
25.25     0.006
25.5     0.008
25.75     0.012
26.0     0.014
26.25     0.014
26.5     0.016
26.75     0.016
27.0     0.016
27.25     0.014
27.5     0.018
27.75     0.02
28.0     0.02
28.25     0.026
28.5     0.026
28.75     0.026
29.0     0.03
29.25     0.032
29.5     0.034
29.75     0.034
30.0     0.034
30.25     0.036
30.5     0.036
30.75     0.036
31.0     0.036
31.25     0.038
31.5     0.04
31.75     0.044
32.0     0.048
32.25     0.048
32.5     0.05
32.75     0.05
33.0     0.05
33.25     0.05
33.5     0.05
33.75     0.052
34.0     0.058
34.25     0.058
34.5     0.064
34.75     0.068
35.0     0.068
35.25     0.07
35.5     0.07
35.75     0.072
36.0     0.072
36.25     0.072
36.5     0.072
36.75     0.074
37.0     0.074
37.25     0.076
37.5     0.076
37.75     0.076
38.0     0.076
38.25     0.078
38.5     0.078
38.75     0.078
39.0     0.076
39.25     0.078
39.5     0.08
39.75     0.082
40.0     0.082
40.25     0.084
40.5     0.088
40.75     0.09
41.0     0.096
41.25     0.1
41.5     0.1
41.75     0.106
42.0     0.108
42.25     0.11
42.5     0.11
42.75     0.11
43.0     0.112
43.25     0.116
43.5     0.118
43.75     0.118
44.0     0.118
44.25     0.12
44.5     0.12
44.75     0.12
45.0     0.12
45.25     0.124
45.5     0.124
45.75     0.124
46.0     0.124
46.25     0.126
46.5     0.126
46.75     0.126
47.0     0.126
47.25     0.126
47.5     0.126
47.75     0.128
48.0     0.13
48.25     0.136
48.5     0.138
48.75     0.138
49.0     0.142
49.25     0.144
49.5     0.142
49.75     0.142
50.0     0.144
50.25     0.148
50.5     0.15
50.75     0.15
51.0     0.152
51.25     0.152
51.5     0.152
51.75     0.154
52.0     0.158
52.25     0.158
52.5     0.158
52.75     0.16
53.0     0.162
53.25     0.164
53.5     0.166
53.75     0.168
54.0     0.168
54.25     0.168
54.5     0.17
54.75     0.172
55.0     0.17
55.25     0.172
55.5     0.172
55.75     0.172
56.0     0.172
56.25     0.174
56.5     0.176
56.75     0.176
57.0     0.178
57.25     0.18
57.5     0.18
57.75     0.182
58.0     0.182
58.25     0.182
58.5     0.184
58.75     0.184
59.0     0.182
59.25     0.182
59.5     0.182
59.75     0.184
60.0     0.19
60.25     0.19
60.5     0.19
60.75     0.19
61.0     0.192
61.25     0.192
61.5     0.192
61.75     0.192
62.0     0.192
62.25     0.192
62.5     0.196
62.75     0.196
63.0     0.196
63.25     0.196
63.5     0.196
63.75     0.196
64.0     0.198
64.25     0.202
64.5     0.202
64.75     0.202
65.0     0.208
65.25     0.206
65.5     0.206
65.75     0.208
66.0     0.208
66.25     0.21
66.5     0.21
66.75     0.21
67.0     0.212
67.25     0.212
67.5     0.214
67.75     0.214
68.0     0.216
68.25     0.216
68.5     0.218
68.75     0.218
69.0     0.218
69.25     0.218
69.5     0.218
69.75     0.218
70.0     0.22
70.25     0.22
70.5     0.218
70.75     0.218
71.0     0.218
71.25     0.218
71.5     0.218
71.75     0.218
72.0     0.218
72.25     0.216
72.5     0.216
72.75     0.218
73.0     0.218
73.25     0.22
73.5     0.22
73.75     0.22
74.0     0.222
74.25     0.222
74.5     0.222
74.75     0.222
75.0     0.224
75.25     0.226
75.5     0.226
75.75     0.226
76.0     0.226
76.25     0.226
76.5     0.226
76.75     0.226
77.0     0.224
77.25     0.224
77.5     0.224
77.75     0.226
78.0     0.226
78.25     0.226
78.5     0.226
78.75     0.226
79.0     0.226
79.25     0.226
79.5     0.226
79.75     0.23
80.0     0.23
80.25     0.23
80.5     0.23
80.75     0.23
81.0     0.23
81.25     0.23
81.5     0.23
81.75     0.23
82.0     0.232
82.25     0.234
82.5     0.236
82.75     0.236
83.0     0.238
83.25     0.238
83.5     0.24
83.75     0.24
84.0     0.24
84.25     0.24
84.5     0.24
84.75     0.24
85.0     0.24
85.25     0.24
85.5     0.24
85.75     0.242
86.0     0.242
86.25     0.242
86.5     0.242
86.75     0.242
87.0     0.242
87.25     0.244
87.5     0.244
87.75     0.244
88.0     0.244
88.25     0.244
88.5     0.244
88.75     0.244
89.0     0.244
89.25     0.246
89.5     0.246
89.75     0.246
90.0     0.248
90.25     0.248
90.5     0.25
90.75     0.25
91.0     0.25
91.25     0.25
91.5     0.25
91.75     0.25
92.0     0.252
92.25     0.252
92.5     0.252
92.75     0.254
93.0     0.256
93.25     0.258
93.5     0.258
93.75     0.258
94.0     0.258
94.25     0.258
94.5     0.258
94.75     0.258
95.0     0.258
95.25     0.258
95.5     0.258
95.75     0.258
96.0     0.258
96.25     0.258
96.5     0.258
96.75     0.258
97.0     0.258
97.25     0.258
97.5     0.258
97.75     0.258
98.0     0.258
98.25     0.258
98.5     0.258
98.75     0.258
99.0     0.258
99.25     0.258
99.5     0.258
99.75     0.258
100.0     0.258
100.25     0.258
100.5     0.258
100.75     0.258
101.0     0.258
101.25     0.258
101.5     0.258
101.75     0.258
102.0     0.258
102.25     0.258
102.5     0.258
102.75     0.258
103.0     0.258
103.25     0.258
103.5     0.258
103.75     0.258
104.0     0.258
104.25     0.258
104.5     0.258
104.75     0.258
105.0     0.258
105.25     0.258
105.5     0.258
105.75     0.258
106.0     0.258
106.25     0.26
106.5     0.26
106.75     0.262
107.0     0.262
107.25     0.262
107.5     0.262
107.75     0.262
108.0     0.262
108.25     0.264
108.5     0.264
108.75     0.264
109.0     0.264
109.25     0.264
109.5     0.264
109.75     0.264
110.0     0.266
110.25     0.268
110.5     0.268
110.75     0.268
111.0     0.266
111.25     0.266
111.5     0.266
111.75     0.266
112.0     0.266
112.25     0.266
112.5     0.266
112.75     0.268
113.0     0.27
113.25     0.272
113.5     0.272
113.75     0.272
114.0     0.274
114.25     0.274
114.5     0.274
114.75     0.274
115.0     0.274
115.25     0.274
115.5     0.274
115.75     0.276
116.0     0.276
116.25     0.276
116.5     0.276
116.75     0.276
117.0     0.276
117.25     0.278
117.5     0.278
117.75     0.278
118.0     0.278
118.25     0.278
118.5     0.278
118.75     0.278
119.0     0.278
119.25     0.278
119.5     0.278
119.75     0.278
120.0     0.278
120.25     0.28
120.5     0.28
120.75     0.28
121.0     0.28
121.25     0.28
121.5     0.28
121.75     0.28
122.0     0.282
122.25     0.282
122.5     0.284
122.75     0.284
123.0     0.284
123.25     0.284
123.5     0.284
123.75     0.284
124.0     0.284
124.25     0.284
124.5     0.284
124.75     0.284
125.0     0.284
125.25     0.284
125.5     0.284
125.75     0.284
126.0     0.284
126.25     0.284
126.5     0.284
126.75     0.286
127.0     0.286
127.25     0.288
127.5     0.288
127.75     0.288
128.0     0.288
128.25     0.288
128.5     0.288
128.75     0.29
129.0     0.292
129.25     0.292
129.5     0.292
129.75     0.292
130.0     0.294
130.25     0.298
130.5     0.3
130.75     0.3
131.0     0.3
131.25     0.302
131.5     0.302
131.75     0.302
132.0     0.302
132.25     0.302
132.5     0.302
132.75     0.302
133.0     0.302
133.25     0.304
133.5     0.306
133.75     0.306
134.0     0.306
134.25     0.306
134.5     0.306
134.75     0.308
135.0     0.306
135.25     0.306
135.5     0.306
135.75     0.306
136.0     0.31
136.25     0.31
136.5     0.312
136.75     0.312
137.0     0.312
137.25     0.312
137.5     0.312
137.75     0.312
138.0     0.312
138.25     0.312
138.5     0.312
138.75     0.312
139.0     0.314
139.25     0.314
139.5     0.316
139.75     0.318
140.0     0.318
140.25     0.32
140.5     0.32
140.75     0.32
141.0     0.32
141.25     0.32
141.5     0.324
141.75     0.324
142.0     0.324
142.25     0.326
142.5     0.326
142.75     0.326
143.0     0.326
143.25     0.322
143.5     0.322
143.75     0.322
144.0     0.322
144.25     0.324
144.5     0.326
144.75     0.326
145.0     0.328
145.25     0.33
145.5     0.33
145.75     0.332
146.0     0.332
146.25     0.334
146.5     0.334
146.75     0.334
147.0     0.336
147.25     0.336
147.5     0.336
147.75     0.336
148.0     0.338
148.25     0.338
148.5     0.336
148.75     0.336
149.0     0.34
149.25     0.34
149.5     0.342
149.75     0.342
150.0     0.342
150.25     0.344
150.5     0.342
150.75     0.342
151.0     0.342
151.25     0.342
151.5     0.344
151.75     0.346
152.0     0.346
152.25     0.346
152.5     0.348
152.75     0.348
153.0     0.348
153.25     0.352
153.5     0.352
153.75     0.352
154.0     0.352
154.25     0.358
154.5     0.358
154.75     0.358
155.0     0.356
155.25     0.356
155.5     0.356
155.75     0.356
156.0     0.356
156.25     0.356
156.5     0.356
156.75     0.358
157.0     0.358
157.25     0.358
157.5     0.36
157.75     0.362
158.0     0.362
158.25     0.364
158.5     0.366
158.75     0.366
159.0     0.366
159.25     0.366
159.5     0.366
159.75     0.366
160.0     0.366
160.25     0.366
160.5     0.366
160.75     0.366
161.0     0.366
161.25     0.366
161.5     0.368
161.75     0.37
162.0     0.37
162.25     0.37
162.5     0.372
162.75     0.376
163.0     0.376
163.25     0.376
163.5     0.376
163.75     0.376
164.0     0.376
164.25     0.376
164.5     0.378
164.75     0.38
165.0     0.38
165.25     0.38
165.5     0.38
165.75     0.38
166.0     0.38
166.25     0.38
166.5     0.38
166.75     0.382
167.0     0.384
167.25     0.382
167.5     0.382
167.75     0.384
168.0     0.384
168.25     0.386
168.5     0.386
168.75     0.386
169.0     0.386
169.25     0.386
169.5     0.386
169.75     0.386
170.0     0.388
170.25     0.388
170.5     0.388
170.75     0.392
171.0     0.392
171.25     0.394
171.5     0.394
171.75     0.394
172.0     0.394
172.25     0.394
172.5     0.394
172.75     0.394
173.0     0.394
173.25     0.394
173.5     0.396
173.75     0.396
174.0     0.396
174.25     0.396
174.5     0.396
174.75     0.396
175.0     0.396
175.25     0.396
175.5     0.396
175.75     0.398
176.0     0.398
176.25     0.4
176.5     0.402
176.75     0.402
177.0     0.402
177.25     0.402
177.5     0.402
177.75     0.404
178.0     0.404
178.25     0.404
178.5     0.406
178.75     0.406
179.0     0.406
179.25     0.404
179.5     0.404
179.75     0.404
180.0     0.406
180.25     0.406
180.5     0.406
180.75     0.406
181.0     0.406
181.25     0.406
181.5     0.406
181.75     0.406
182.0     0.406
182.25     0.406
182.5     0.406
182.75     0.406
183.0     0.406
183.25     0.406
183.5     0.408
183.75     0.408
184.0     0.408
184.25     0.408
184.5     0.41
184.75     0.412
185.0     0.412
185.25     0.412
185.5     0.412
185.75     0.412
186.0     0.412
186.25     0.412
186.5     0.412
186.75     0.412
187.0     0.412
187.25     0.412
187.5     0.412
187.75     0.412
188.0     0.414
188.25     0.414
188.5     0.414
188.75     0.414
189.0     0.414
189.25     0.414
189.5     0.414
189.75     0.414
190.0     0.416
190.25     0.416
190.5     0.416
190.75     0.416
191.0     0.416
191.25     0.418
191.5     0.418
191.75     0.416
192.0     0.416
192.25     0.416
192.5     0.416
192.75     0.416
193.0     0.416
193.25     0.416
193.5     0.418
193.75     0.418
194.0     0.418
194.25     0.418
194.5     0.418
194.75     0.418
195.0     0.42
195.25     0.422
195.5     0.424
195.75     0.424
196.0     0.426
196.25     0.426
196.5     0.428
196.75     0.43
197.0     0.43
197.25     0.43
197.5     0.43
197.75     0.43
198.0     0.43
198.25     0.432
198.5     0.432
198.75     0.434
199.0     0.434
199.25     0.434
199.5     0.434
199.75     0.434
200.0     0.434
200.25     0.434
200.5     0.434
200.75     0.434
201.0     0.434
201.25     0.434
201.5     0.434
201.75     0.434
202.0     0.434
202.25     0.436
202.5     0.44
202.75     0.44
203.0     0.44
203.25     0.44
203.5     0.44
203.75     0.44
204.0     0.44
204.25     0.44
204.5     0.44
204.75     0.44
205.0     0.44
205.25     0.442
205.5     0.442
205.75     0.444
206.0     0.444
206.25     0.444
206.5     0.444
206.75     0.444
207.0     0.444
207.25     0.444
207.5     0.446
207.75     0.446
208.0     0.446
208.25     0.444
208.5     0.444
208.75     0.444
209.0     0.446
209.25     0.446
209.5     0.446
209.75     0.446
210.0     0.446
210.25     0.446
210.5     0.448
210.75     0.448
211.0     0.45
211.25     0.454
211.5     0.456
211.75     0.456
212.0     0.456
212.25     0.458
212.5     0.458
212.75     0.458
213.0     0.46
213.25     0.462
213.5     0.462
213.75     0.462
214.0     0.462
214.25     0.462
214.5     0.462
214.75     0.464
215.0     0.464
215.25     0.464
215.5     0.464
215.75     0.464
216.0     0.464
216.25     0.464
216.5     0.464
216.75     0.464
217.0     0.464
217.25     0.466
217.5     0.466
217.75     0.466
218.0     0.468
218.25     0.468
218.5     0.468
218.75     0.468
219.0     0.468
219.25     0.468
219.5     0.47
219.75     0.472
220.0     0.472
220.25     0.474
220.5     0.474
220.75     0.474
221.0     0.478
221.25     0.478
221.5     0.48
221.75     0.48
222.0     0.484
222.25     0.484
222.5     0.484
222.75     0.484
223.0     0.484
223.25     0.486
223.5     0.486
223.75     0.486
224.0     0.486
224.25     0.486
224.5     0.486
224.75     0.486
225.0     0.486
225.25     0.488
225.5     0.488
225.75     0.488
226.0     0.488
226.25     0.488
226.5     0.488
226.75     0.488
227.0     0.49
227.25     0.49
227.5     0.49
227.75     0.49
228.0     0.49
228.25     0.49
228.5     0.49
228.75     0.49
229.0     0.49
229.25     0.49
229.5     0.49
229.75     0.492
230.0     0.492
230.25     0.492
230.5     0.494
230.75     0.494
231.0     0.498
231.25     0.498
231.5     0.498
231.75     0.496
232.0     0.498
232.25     0.496
232.5     0.498
232.75     0.498
233.0     0.498
233.25     0.498
233.5     0.498
233.75     0.498
234.0     0.498
234.25     0.498
234.5     0.498
234.75     0.498
235.0     0.498
235.25     0.498
235.5     0.498
235.75     0.498
236.0     0.498
236.25     0.498
236.5     0.498
236.75     0.498
237.0     0.5
237.25     0.504
237.5     0.504
237.75     0.504
238.0     0.502
238.25     0.504
238.5     0.504
238.75     0.504
239.0     0.504
239.25     0.506
239.5     0.508
239.75     0.508
240.0     0.51
240.25     0.512
240.5     0.512
240.75     0.512
241.0     0.512
241.25     0.512
241.5     0.512
241.75     0.514
242.0     0.514
242.25     0.514
242.5     0.514
242.75     0.514
243.0     0.514
243.25     0.516
243.5     0.516
243.75     0.516
244.0     0.516
244.25     0.514
244.5     0.514
244.75     0.518
245.0     0.518
245.25     0.518
245.5     0.518
245.75     0.518
246.0     0.52
246.25     0.52
246.5     0.52
246.75     0.52
247.0     0.52
247.25     0.52
247.5     0.52
247.75     0.52
248.0     0.52
248.25     0.52
248.5     0.52
248.75     0.522
249.0     0.522
249.25     0.522
249.5     0.522
249.75     0.522
250.0     0.522
250.25     0.522
250.5     0.522
250.75     0.522
251.0     0.522
251.25     0.522
251.5     0.524
251.75     0.524
252.0     0.524
252.25     0.524
252.5     0.526
252.75     0.528
253.0     0.528
253.25     0.528
253.5     0.528
253.75     0.528
254.0     0.528
254.25     0.528
254.5     0.53
254.75     0.53
255.0     0.53
255.25     0.53
255.5     0.53
255.75     0.53
256.0     0.532
256.25     0.534
256.5     0.534
256.75     0.534
257.0     0.534
257.25     0.534
257.5     0.534
257.75     0.534
258.0     0.534
258.25     0.536
258.5     0.538
258.75     0.538
259.0     0.538
259.25     0.538
259.5     0.538
259.75     0.538
260.0     0.538
260.25     0.538
260.5     0.538
260.75     0.536
261.0     0.536
261.25     0.54
261.5     0.54
261.75     0.54
262.0     0.54
262.25     0.542
262.5     0.542
262.75     0.542
263.0     0.542
263.25     0.544
263.5     0.544
263.75     0.546
264.0     0.548
264.25     0.548
264.5     0.548
264.75     0.548
265.0     0.548
265.25     0.548
265.5     0.554
265.75     0.556
266.0     0.56
266.25     0.56
266.5     0.56
266.75     0.56
267.0     0.56
267.25     0.562
267.5     0.564
267.75     0.564
268.0     0.564
268.25     0.564
268.5     0.564
268.75     0.564
269.0     0.564
269.25     0.564
269.5     0.564
269.75     0.564
270.0     0.564
270.25     0.564
270.5     0.564
270.75     0.562
271.0     0.562
271.25     0.562
271.5     0.562
271.75     0.566
272.0     0.568
272.25     0.568
272.5     0.568
272.75     0.57
273.0     0.572
273.25     0.57
273.5     0.57
273.75     0.57
274.0     0.568
274.25     0.57
274.5     0.57
274.75     0.57
275.0     0.57
275.25     0.57
275.5     0.57
275.75     0.57
276.0     0.572
276.25     0.572
276.5     0.572
276.75     0.574
277.0     0.574
277.25     0.574
277.5     0.574
277.75     0.574
278.0     0.574
278.25     0.574
278.5     0.576
278.75     0.576
279.0     0.578
279.25     0.578
279.5     0.578
279.75     0.578
280.0     0.578
280.25     0.578
280.5     0.578
280.75     0.578
281.0     0.578
281.25     0.578
281.5     0.578
281.75     0.578
282.0     0.58
282.25     0.58
282.5     0.58
282.75     0.58
283.0     0.58
283.25     0.58
283.5     0.582
283.75     0.582
284.0     0.582
284.25     0.582
284.5     0.584
284.75     0.584
285.0     0.584
285.25     0.584
285.5     0.584
285.75     0.584
286.0     0.584
286.25     0.584
286.5     0.584
286.75     0.584
287.0     0.584
287.25     0.584
287.5     0.584
287.75     0.584
288.0     0.584
288.25     0.584
288.5     0.584
288.75     0.584
289.0     0.586
289.25     0.586
289.5     0.586
289.75     0.586
290.0     0.586
290.25     0.586
290.5     0.586
290.75     0.588
291.0     0.588
291.25     0.588
291.5     0.588
291.75     0.588
292.0     0.588
292.25     0.588
292.5     0.588
292.75     0.588
293.0     0.588
293.25     0.588
293.5     0.588
293.75     0.588
294.0     0.592
294.25     0.592
294.5     0.592
294.75     0.59
295.0     0.59
295.25     0.59
295.5     0.59
295.75     0.59
296.0     0.59
296.25     0.59
296.5     0.59
296.75     0.59
297.0     0.59
297.25     0.59
297.5     0.59
297.75     0.59
298.0     0.59
298.25     0.592
298.5     0.596
298.75     0.596
299.0     0.596
299.25     0.598
299.5     0.598
299.75     0.6
300.0     0.6
300.25     0.602
300.5     0.602
300.75     0.602
301.0     0.602
301.25     0.604
301.5     0.606
301.75     0.606
302.0     0.606
302.25     0.606
302.5     0.606
302.75     0.608
303.0     0.608
303.25     0.608
303.5     0.608
303.75     0.608
304.0     0.606
304.25     0.606
304.5     0.606
304.75     0.606
305.0     0.606
305.25     0.606
305.5     0.606
305.75     0.606
306.0     0.606
306.25     0.608
306.5     0.608
306.75     0.61
307.0     0.612
307.25     0.612
307.5     0.612
307.75     0.612
308.0     0.614
308.25     0.614
308.5     0.614
308.75     0.612
309.0     0.612
309.25     0.614
309.5     0.616
309.75     0.616
310.0     0.616
310.25     0.616
310.5     0.616
310.75     0.616
311.0     0.616
311.25     0.616
311.5     0.616
311.75     0.616
312.0     0.616
312.25     0.618
312.5     0.618
312.75     0.618
313.0     0.62
313.25     0.62
313.5     0.62
313.75     0.62
314.0     0.62
314.25     0.62
314.5     0.62
314.75     0.62
315.0     0.62
315.25     0.62
315.5     0.62
315.75     0.622
316.0     0.622
316.25     0.624
316.5     0.626
316.75     0.626
317.0     0.626
317.25     0.626
317.5     0.626
317.75     0.628
318.0     0.628
318.25     0.628
318.5     0.628
318.75     0.63
319.0     0.632
319.25     0.632
319.5     0.634
319.75     0.634
320.0     0.634
320.25     0.634
320.5     0.634
320.75     0.634
321.0     0.636
321.25     0.636
321.5     0.64
321.75     0.64
322.0     0.64
322.25     0.64
322.5     0.64
322.75     0.64
323.0     0.64
323.25     0.646
323.5     0.646
323.75     0.646
324.0     0.646
324.25     0.646
324.5     0.646
324.75     0.646
325.0     0.646
325.25     0.646
325.5     0.648
325.75     0.65
326.0     0.65
326.25     0.65
326.5     0.65
326.75     0.652
327.0     0.652
327.25     0.65
327.5     0.652
327.75     0.652
328.0     0.652
328.25     0.654
328.5     0.654
328.75     0.654
329.0     0.654
329.25     0.658
329.5     0.66
329.75     0.66
330.0     0.658
330.25     0.66
330.5     0.66
330.75     0.662
331.0     0.66
331.25     0.66
331.5     0.66
331.75     0.66
332.0     0.66
332.25     0.66
332.5     0.66
332.75     0.66
333.0     0.66
333.25     0.662
333.5     0.662
333.75     0.662
334.0     0.662
334.25     0.664
334.5     0.662
334.75     0.66
335.0     0.66
335.25     0.66
335.5     0.66
335.75     0.662
336.0     0.66
336.25     0.66
336.5     0.66
336.75     0.66
337.0     0.66
337.25     0.66
337.5     0.66
337.75     0.66
338.0     0.66
338.25     0.66
338.5     0.66
338.75     0.662
339.0     0.662
339.25     0.662
339.5     0.664
339.75     0.666
340.0     0.666
340.25     0.666
340.5     0.666
340.75     0.668
341.0     0.668
341.25     0.668
341.5     0.668
341.75     0.668
342.0     0.67
342.25     0.67
342.5     0.672
342.75     0.672
343.0     0.678
343.25     0.678
343.5     0.678
343.75     0.678
344.0     0.678
344.25     0.678
344.5     0.678
344.75     0.68
345.0     0.68
345.25     0.682
345.5     0.682
345.75     0.684
346.0     0.684
346.25     0.686
346.5     0.686
346.75     0.688
347.0     0.688
347.25     0.688
347.5     0.688
347.75     0.688
348.0     0.688
348.25     0.688
348.5     0.688
348.75     0.69
349.0     0.69
349.25     0.69
349.5     0.69
349.75     0.69
350.0     0.692
350.25     0.694
350.5     0.694
350.75     0.698
351.0     0.698
351.25     0.7
351.5     0.704
351.75     0.702
352.0     0.7
352.25     0.7
352.5     0.702
352.75     0.704
353.0     0.704
353.25     0.704
353.5     0.706
353.75     0.708
354.0     0.708
354.25     0.706
354.5     0.706
354.75     0.706
355.0     0.706
355.25     0.706
355.5     0.706
355.75     0.706
356.0     0.706
356.25     0.706
356.5     0.706
356.75     0.708
357.0     0.708
357.25     0.71
357.5     0.71
357.75     0.71
358.0     0.71
358.25     0.71
358.5     0.71
358.75     0.71
359.0     0.71
359.25     0.71
359.5     0.71
359.75     0.71
360.0     0.71
360.25     0.714
360.5     0.714
360.75     0.714
361.0     0.714
361.25     0.714
361.5     0.716
361.75     0.718
362.0     0.716
362.25     0.716
362.5     0.716
362.75     0.718
363.0     0.718
363.25     0.718
363.5     0.718
363.75     0.718
364.0     0.718
364.25     0.718
364.5     0.718
364.75     0.718
365.0     0.718
365.25     0.718
365.5     0.718
365.75     0.72
366.0     0.72
366.25     0.72
366.5     0.72
366.75     0.72
367.0     0.72
367.25     0.722
367.5     0.722
367.75     0.722
368.0     0.722
368.25     0.722
368.5     0.724
368.75     0.724
369.0     0.724
369.25     0.724
369.5     0.726
369.75     0.726
370.0     0.726
370.25     0.726
370.5     0.726
370.75     0.726
371.0     0.726
371.25     0.726
371.5     0.726
371.75     0.726
372.0     0.726
372.25     0.726
372.5     0.726
372.75     0.726
373.0     0.728
373.25     0.728
373.5     0.728
373.75     0.728
374.0     0.728
374.25     0.73
374.5     0.732
374.75     0.732
375.0     0.732
375.25     0.73
375.5     0.73
375.75     0.73
376.0     0.73
376.25     0.728
376.5     0.728
376.75     0.73
377.0     0.73
377.25     0.73
377.5     0.73
377.75     0.73
378.0     0.73
378.25     0.73
378.5     0.73
378.75     0.73
379.0     0.73
379.25     0.73
379.5     0.73
379.75     0.73
380.0     0.73
380.25     0.73
380.5     0.73
380.75     0.732
381.0     0.732
381.25     0.732
381.5     0.732
381.75     0.732
382.0     0.732
382.25     0.732
382.5     0.732
382.75     0.734
383.0     0.734
383.25     0.734
383.5     0.734
383.75     0.734
384.0     0.734
384.25     0.734
384.5     0.734
384.75     0.734
385.0     0.732
385.25     0.734
385.5     0.734
385.75     0.734
386.0     0.734
386.25     0.734
386.5     0.734
386.75     0.734
387.0     0.734
387.25     0.734
387.5     0.734
387.75     0.734
388.0     0.734
388.25     0.734
388.5     0.734
388.75     0.734
389.0     0.734
389.25     0.734
389.5     0.734
389.75     0.734
390.0     0.734
390.25     0.734
390.5     0.734
390.75     0.736
391.0     0.736
391.25     0.736
391.5     0.736
391.75     0.736
392.0     0.736
392.25     0.736
392.5     0.736
392.75     0.736
393.0     0.736
393.25     0.736
393.5     0.736
393.75     0.736
394.0     0.738
394.25     0.738
394.5     0.74
394.75     0.74
395.0     0.74
395.25     0.74
395.5     0.74
395.75     0.74
396.0     0.742
396.25     0.742
396.5     0.742
396.75     0.742
397.0     0.742
397.25     0.742
397.5     0.742
397.75     0.742
398.0     0.744
398.25     0.746
398.5     0.746
398.75     0.746
399.0     0.746
399.25     0.746
399.5     0.746
399.75     0.746
400.0     0.746
400.25     0.746
400.5     0.746
400.75     0.748
401.0     0.748
401.25     0.748
401.5     0.748
401.75     0.748
402.0     0.748
402.25     0.748
402.5     0.748
402.75     0.748
403.0     0.748
403.25     0.748
403.5     0.748
403.75     0.748
404.0     0.748
404.25     0.75
404.5     0.75
404.75     0.75
405.0     0.75
405.25     0.752
405.5     0.752
405.75     0.754
406.0     0.754
406.25     0.754
406.5     0.754
406.75     0.754
407.0     0.754
407.25     0.754
407.5     0.754
407.75     0.754
408.0     0.754
408.25     0.754
408.5     0.754
408.75     0.754
409.0     0.754
409.25     0.754
409.5     0.754
409.75     0.754
410.0     0.754
410.25     0.754
410.5     0.754
410.75     0.756
411.0     0.756
411.25     0.756
411.5     0.756
411.75     0.756
412.0     0.756
412.25     0.756
412.5     0.756
412.75     0.756
413.0     0.754
413.25     0.754
413.5     0.754
413.75     0.754
414.0     0.754
414.25     0.754
414.5     0.754
414.75     0.754
415.0     0.754
415.25     0.756
415.5     0.756
415.75     0.756
416.0     0.756
416.25     0.756
416.5     0.756
416.75     0.756
417.0     0.758
417.25     0.758
417.5     0.758
417.75     0.76
418.0     0.762
418.25     0.762
418.5     0.762
418.75     0.762
419.0     0.762
419.25     0.764
419.5     0.764
419.75     0.764
420.0     0.764
420.25     0.764
420.5     0.764
420.75     0.764
421.0     0.764
421.25     0.764
421.5     0.764
421.75     0.766
422.0     0.766
422.25     0.766
422.5     0.764
422.75     0.764
423.0     0.764
423.25     0.766
423.5     0.766
423.75     0.768
424.0     0.768
424.25     0.768
424.5     0.768
424.75     0.768
425.0     0.772
425.25     0.772
425.5     0.772
425.75     0.772
426.0     0.772
426.25     0.772
426.5     0.772
426.75     0.772
427.0     0.774
427.25     0.774
427.5     0.774
427.75     0.774
428.0     0.774
428.25     0.774
428.5     0.774
428.75     0.774
429.0     0.774
429.25     0.774
429.5     0.772
429.75     0.772
430.0     0.772
430.25     0.772
430.5     0.774
430.75     0.774
431.0     0.774
431.25     0.774
431.5     0.774
431.75     0.776
432.0     0.776
432.25     0.776
432.5     0.776
432.75     0.776
433.0     0.776
433.25     0.776
433.5     0.776
433.75     0.776
434.0     0.776
434.25     0.776
434.5     0.776
434.75     0.776
435.0     0.778
435.25     0.778
435.5     0.778
435.75     0.778
436.0     0.778
436.25     0.778
436.5     0.778
436.75     0.778
437.0     0.778
437.25     0.778
437.5     0.778
437.75     0.778
438.0     0.778
438.25     0.778
438.5     0.778
438.75     0.778
439.0     0.778
439.25     0.778
439.5     0.778
439.75     0.778
440.0     0.778
440.25     0.778
440.5     0.778
440.75     0.778
441.0     0.778
441.25     0.778
441.5     0.778
441.75     0.778
442.0     0.778
442.25     0.778
442.5     0.778
442.75     0.778
443.0     0.778
443.25     0.778
443.5     0.778
443.75     0.778
444.0     0.78
444.25     0.782
444.5     0.782
444.75     0.782
445.0     0.784
445.25     0.782
445.5     0.782
445.75     0.78
446.0     0.782
446.25     0.782
446.5     0.782
446.75     0.782
447.0     0.782
447.25     0.782
447.5     0.782
447.75     0.782
448.0     0.782
448.25     0.782
448.5     0.782
448.75     0.784
449.0     0.784
449.25     0.784
449.5     0.784
449.75     0.784
450.0     0.784
450.25     0.784
450.5     0.784
450.75     0.784
451.0     0.784
451.25     0.784
451.5     0.784
451.75     0.784
452.0     0.786
452.25     0.786
452.5     0.786
452.75     0.786
453.0     0.786
453.25     0.786
453.5     0.786
453.75     0.786
454.0     0.786
454.25     0.786
454.5     0.786
454.75     0.786
455.0     0.786
455.25     0.786
455.5     0.786
455.75     0.786
456.0     0.786
456.25     0.786
456.5     0.786
456.75     0.788
457.0     0.788
457.25     0.788
457.5     0.788
457.75     0.788
458.0     0.788
458.25     0.788
458.5     0.788
458.75     0.788
459.0     0.788
459.25     0.788
459.5     0.788
459.75     0.788
460.0     0.788
460.25     0.788
460.5     0.79
460.75     0.79
461.0     0.79
461.25     0.79
461.5     0.79
461.75     0.79
462.0     0.79
462.25     0.79
462.5     0.79
462.75     0.79
463.0     0.79
463.25     0.79
463.5     0.792
463.75     0.792
464.0     0.792
464.25     0.792
464.5     0.792
464.75     0.792
465.0     0.792
465.25     0.792
465.5     0.792
465.75     0.792
466.0     0.794
466.25     0.794
466.5     0.794
466.75     0.794
467.0     0.794
467.25     0.794
467.5     0.794
467.75     0.794
468.0     0.794
468.25     0.794
468.5     0.794
468.75     0.794
469.0     0.794
469.25     0.794
469.5     0.794
469.75     0.794
470.0     0.796
470.25     0.796
470.5     0.796
470.75     0.796
471.0     0.796
471.25     0.796
471.5     0.796
471.75     0.796
472.0     0.796
472.25     0.796
472.5     0.798
472.75     0.798
473.0     0.798
473.25     0.798
473.5     0.798
473.75     0.798
474.0     0.798
474.25     0.798
474.5     0.798
474.75     0.798
475.0     0.798
475.25     0.798
475.5     0.798
475.75     0.796
476.0     0.798
476.25     0.798
476.5     0.798
476.75     0.8
477.0     0.8
477.25     0.8
477.5     0.798
477.75     0.798
478.0     0.798
478.25     0.798
478.5     0.798
478.75     0.798
479.0     0.798
479.25     0.798
479.5     0.798
479.75     0.798
480.0     0.798
480.25     0.798
480.5     0.8
480.75     0.8
481.0     0.8
481.25     0.8
481.5     0.8
481.75     0.8
482.0     0.8
482.25     0.8
482.5     0.8
482.75     0.8
483.0     0.8
483.25     0.8
483.5     0.8
483.75     0.8
484.0     0.8
484.25     0.8
484.5     0.8
484.75     0.8
485.0     0.804
485.25     0.804
485.5     0.804
485.75     0.804
486.0     0.804
486.25     0.804
486.5     0.804
486.75     0.806
487.0     0.808
487.25     0.808
487.5     0.808
487.75     0.808
488.0     0.806
488.25     0.806
488.5     0.806
488.75     0.806
489.0     0.806
489.25     0.806
489.5     0.806
489.75     0.808
490.0     0.808
490.25     0.808
490.5     0.808
490.75     0.808
491.0     0.808
491.25     0.808
491.5     0.808
491.75     0.808
492.0     0.808
492.25     0.81
492.5     0.81
492.75     0.81
493.0     0.81
493.25     0.81
493.5     0.81
493.75     0.81
494.0     0.81
494.25     0.81
494.5     0.81
494.75     0.81
495.0     0.81
495.25     0.81
495.5     0.81
495.75     0.81
496.0     0.81
496.25     0.81
496.5     0.81
496.75     0.81
497.0     0.81
497.25     0.812
497.5     0.812
497.75     0.812
498.0     0.812
498.25     0.812
498.5     0.812
498.75     0.812
499.0     0.812
499.25     0.812
499.5     0.812
499.75     0.812
500.0     0.812
500.25     0.814
500.5     0.814
500.75     0.814
501.0     0.814
501.25     0.818
501.5     0.818
501.75     0.818
502.0     0.818
502.25     0.818
502.5     0.818
502.75     0.816
503.0     0.816
503.25     0.816
503.5     0.816
503.75     0.816
504.0     0.818
504.25     0.818
504.5     0.818
504.75     0.818
505.0     0.818
505.25     0.82
505.5     0.82
505.75     0.82
506.0     0.82
506.25     0.82
506.5     0.82
506.75     0.82
507.0     0.82
507.25     0.822
507.5     0.822
507.75     0.822
508.0     0.822
508.25     0.822
508.5     0.822
508.75     0.822
509.0     0.822
509.25     0.822
509.5     0.822
509.75     0.822
510.0     0.822
510.25     0.822
510.5     0.822
510.75     0.822
511.0     0.822
511.25     0.822
511.5     0.822
511.75     0.822
512.0     0.822
512.25     0.822
512.5     0.822
512.75     0.822
513.0     0.822
513.25     0.822
513.5     0.822
513.75     0.822
514.0     0.824
514.25     0.824
514.5     0.824
514.75     0.824
515.0     0.824
515.25     0.824
515.5     0.824
515.75     0.824
516.0     0.824
516.25     0.824
516.5     0.824
516.75     0.824
517.0     0.824
517.25     0.824
517.5     0.824
517.75     0.824
518.0     0.824
518.25     0.824
518.5     0.822
518.75     0.822
519.0     0.822
519.25     0.822
519.5     0.822
519.75     0.822
520.0     0.822
520.25     0.822
520.5     0.822
520.75     0.822
521.0     0.822
521.25     0.822
521.5     0.822
521.75     0.822
522.0     0.822
522.25     0.822
522.5     0.822
522.75     0.822
523.0     0.822
523.25     0.822
523.5     0.822
523.75     0.822
524.0     0.822
524.25     0.822
524.5     0.822
524.75     0.822
525.0     0.822
525.25     0.822
525.5     0.822
525.75     0.822
526.0     0.822
526.25     0.822
526.5     0.822
526.75     0.822
527.0     0.822
527.25     0.822
527.5     0.824
527.75     0.824
528.0     0.824
528.25     0.824
528.5     0.824
528.75     0.824
529.0     0.824
529.25     0.824
529.5     0.824
529.75     0.824
530.0     0.824
530.25     0.824
530.5     0.824
530.75     0.824
531.0     0.824
531.25     0.824
531.5     0.824
531.75     0.824
532.0     0.824
532.25     0.824
532.5     0.824
532.75     0.824
533.0     0.824
533.25     0.824
533.5     0.824
533.75     0.824
534.0     0.824
534.25     0.824
534.5     0.824
534.75     0.824
535.0     0.824
535.25     0.824
535.5     0.824
535.75     0.824
536.0     0.824
536.25     0.824
536.5     0.826
536.75     0.826
537.0     0.826
537.25     0.826
537.5     0.826
537.75     0.828
538.0     0.828
538.25     0.828
538.5     0.828
538.75     0.828
539.0     0.828
539.25     0.828
539.5     0.828
539.75     0.828
540.0     0.83
540.25     0.83
540.5     0.83
540.75     0.832
541.0     0.832
541.25     0.832
541.5     0.832
541.75     0.832
542.0     0.832
542.25     0.832
542.5     0.832
542.75     0.832
543.0     0.832
543.25     0.832
543.5     0.832
543.75     0.832
544.0     0.832
544.25     0.832
544.5     0.832
544.75     0.832
545.0     0.832
545.25     0.832
545.5     0.832
545.75     0.832
546.0     0.832
546.25     0.832
546.5     0.832
546.75     0.832
547.0     0.832
547.25     0.832
547.5     0.83
547.75     0.83
548.0     0.83
548.25     0.83
548.5     0.83
548.75     0.832
549.0     0.834
549.25     0.834
549.5     0.834
549.75     0.834
550.0     0.834
550.25     0.834
550.5     0.834
550.75     0.834
551.0     0.834
551.25     0.836
551.5     0.836
551.75     0.836
552.0     0.838
552.25     0.838
552.5     0.838
552.75     0.838
553.0     0.838
553.25     0.838
553.5     0.838
553.75     0.838
554.0     0.838
554.25     0.838
554.5     0.838
554.75     0.838
555.0     0.838
555.25     0.838
555.5     0.838
555.75     0.838
556.0     0.838
556.25     0.838
556.5     0.838
556.75     0.838
557.0     0.838
557.25     0.838
557.5     0.838
557.75     0.838
558.0     0.838
558.25     0.838
558.5     0.838
558.75     0.838
559.0     0.838
559.25     0.838
559.5     0.838
559.75     0.838
560.0     0.838
560.25     0.838
560.5     0.838
560.75     0.838
561.0     0.838
561.25     0.838
561.5     0.838
561.75     0.838
562.0     0.838
562.25     0.838
562.5     0.838
562.75     0.838
563.0     0.838
563.25     0.838
563.5     0.838
563.75     0.84
564.0     0.84
564.25     0.842
564.5     0.842
564.75     0.842
565.0     0.842
565.25     0.842
565.5     0.842
565.75     0.842
566.0     0.842
566.25     0.842
566.5     0.842
566.75     0.842
567.0     0.844
567.25     0.844
567.5     0.844
567.75     0.844
568.0     0.844
568.25     0.844
568.5     0.844
568.75     0.846
569.0     0.846
569.25     0.846
569.5     0.846
569.75     0.846
570.0     0.846
570.25     0.848
570.5     0.848
570.75     0.848
571.0     0.848
571.25     0.848
571.5     0.848
571.75     0.848
572.0     0.848
572.25     0.848
572.5     0.848
572.75     0.848
573.0     0.848
573.25     0.848
573.5     0.848
573.75     0.848
574.0     0.848
574.25     0.848
574.5     0.848
574.75     0.848
575.0     0.848
575.25     0.848
575.5     0.848
575.75     0.848
576.0     0.848
576.25     0.848
576.5     0.848
576.75     0.848
577.0     0.848
577.25     0.848
577.5     0.848
577.75     0.848
578.0     0.85
578.25     0.848
578.5     0.848
578.75     0.848
579.0     0.85
579.25     0.85
579.5     0.85
579.75     0.85
580.0     0.852
580.25     0.852
580.5     0.852
580.75     0.852
581.0     0.852
581.25     0.852
581.5     0.852
581.75     0.852
582.0     0.852
582.25     0.852
582.5     0.852
582.75     0.852
583.0     0.852
583.25     0.852
583.5     0.852
583.75     0.852
584.0     0.852
584.25     0.852
584.5     0.852
584.75     0.852
585.0     0.852
585.25     0.852
585.5     0.852
585.75     0.852
586.0     0.852
586.25     0.852
586.5     0.854
586.75     0.854
587.0     0.854
587.25     0.854
587.5     0.854
587.75     0.856
588.0     0.856
588.25     0.856
588.5     0.856
588.75     0.856
589.0     0.856
589.25     0.856
589.5     0.856
589.75     0.856
590.0     0.856
590.25     0.858
590.5     0.858
590.75     0.858
591.0     0.858
591.25     0.858
591.5     0.858
591.75     0.858
592.0     0.858
592.25     0.858
592.5     0.858
592.75     0.858
593.0     0.858
593.25     0.858
593.5     0.858
593.75     0.858
594.0     0.858
594.25     0.858
594.5     0.858
594.75     0.858
595.0     0.858
595.25     0.858
595.5     0.858
595.75     0.858
596.0     0.858
596.25     0.858
596.5     0.858
596.75     0.858
597.0     0.858
597.25     0.858
597.5     0.858
597.75     0.858
598.0     0.858
598.25     0.858
598.5     0.858
598.75     0.858
599.0     0.858
599.25     0.858
599.5     0.858
599.75     0.858
600.0     0.858
600.25     0.858
600.5     0.858
600.75     0.858
601.0     0.858
601.25     0.858
601.5     0.858
601.75     0.858
602.0     0.858
602.25     0.858
602.5     0.858
602.75     0.858
603.0     0.858
603.25     0.858
603.5     0.858
603.75     0.858
604.0     0.858
604.25     0.858
604.5     0.858
604.75     0.858
605.0     0.858
605.25     0.858
605.5     0.858
605.75     0.858
606.0     0.858
606.25     0.858
606.5     0.858
606.75     0.858
607.0     0.858
607.25     0.858
607.5     0.858
607.75     0.858
608.0     0.858
608.25     0.858
608.5     0.858
608.75     0.86
609.0     0.86
609.25     0.86
609.5     0.86
609.75     0.86
610.0     0.86
610.25     0.86
610.5     0.86
610.75     0.86
611.0     0.86
611.25     0.86
611.5     0.86
611.75     0.86
612.0     0.86
612.25     0.86
612.5     0.86
612.75     0.86
613.0     0.86
613.25     0.86
613.5     0.86
613.75     0.86
614.0     0.86
614.25     0.86
614.5     0.86
614.75     0.86
615.0     0.862
615.25     0.862
615.5     0.864
615.75     0.862
616.0     0.862
616.25     0.862
616.5     0.862
616.75     0.862
617.0     0.862
617.25     0.862
617.5     0.862
617.75     0.862
618.0     0.862
618.25     0.862
618.5     0.862
618.75     0.862
619.0     0.862
619.25     0.862
619.5     0.862
619.75     0.862
620.0     0.862
620.25     0.864
620.5     0.864
620.75     0.864
621.0     0.864
621.25     0.864
621.5     0.864
621.75     0.864
622.0     0.864
622.25     0.864
622.5     0.864
622.75     0.864
623.0     0.864
623.25     0.864
623.5     0.864
623.75     0.864
624.0     0.864
624.25     0.864
624.5     0.864
624.75     0.864
625.0     0.864
625.25     0.864
625.5     0.864
625.75     0.864
626.0     0.864
626.25     0.864
626.5     0.864
626.75     0.864
627.0     0.864
627.25     0.864
627.5     0.864
627.75     0.864
628.0     0.864
628.25     0.864
628.5     0.864
628.75     0.864
629.0     0.864
629.25     0.864
629.5     0.864
629.75     0.864
630.0     0.864
630.25     0.864
630.5     0.864
630.75     0.864
631.0     0.864
631.25     0.864
631.5     0.864
631.75     0.864
632.0     0.864
632.25     0.864
632.5     0.864
632.75     0.864
633.0     0.864
633.25     0.864
633.5     0.864
633.75     0.864
634.0     0.864
634.25     0.866
634.5     0.866
634.75     0.866
635.0     0.866
635.25     0.866
635.5     0.866
635.75     0.868
636.0     0.868
636.25     0.868
636.5     0.868
636.75     0.868
637.0     0.868
637.25     0.868
637.5     0.868
637.75     0.868
638.0     0.868
638.25     0.868
638.5     0.868
638.75     0.868
639.0     0.868
639.25     0.87
639.5     0.87
639.75     0.87
640.0     0.87
640.25     0.87
640.5     0.87
640.75     0.87
641.0     0.87
641.25     0.87
641.5     0.87
641.75     0.87
642.0     0.87
642.25     0.87
642.5     0.87
642.75     0.87
643.0     0.87
643.25     0.87
643.5     0.87
643.75     0.87
644.0     0.87
644.25     0.87
644.5     0.87
644.75     0.87
645.0     0.87
645.25     0.87
645.5     0.87
645.75     0.87
646.0     0.87
646.25     0.872
646.5     0.872
646.75     0.872
647.0     0.872
647.25     0.872
647.5     0.872
647.75     0.872
648.0     0.872
648.25     0.872
648.5     0.872
648.75     0.872
649.0     0.872
649.25     0.872
649.5     0.872
649.75     0.872
650.0     0.874
650.25     0.874
650.5     0.874
650.75     0.876
651.0     0.876
651.25     0.876
651.5     0.878
651.75     0.878
652.0     0.878
652.25     0.878
652.5     0.878
652.75     0.878
653.0     0.878
653.25     0.878
653.5     0.878
653.75     0.878
654.0     0.878
654.25     0.878
654.5     0.878
654.75     0.878
655.0     0.878
655.25     0.878
655.5     0.878
655.75     0.878
656.0     0.878
656.25     0.878
656.5     0.878
656.75     0.878
657.0     0.878
657.25     0.878
657.5     0.878
657.75     0.878
658.0     0.878
658.25     0.878
658.5     0.878
658.75     0.878
659.0     0.878
659.25     0.878
659.5     0.878
659.75     0.878
660.0     0.878
660.25     0.878
660.5     0.878
660.75     0.878
661.0     0.878
661.25     0.878
661.5     0.878
661.75     0.878
662.0     0.878
662.25     0.878
662.5     0.878
662.75     0.878
663.0     0.878
663.25     0.878
663.5     0.878
663.75     0.878
664.0     0.878
664.25     0.878
664.5     0.878
664.75     0.878
665.0     0.88
665.25     0.88
665.5     0.88
665.75     0.88
666.0     0.88
666.25     0.88
666.5     0.88
666.75     0.88
667.0     0.88
667.25     0.88
667.5     0.88
667.75     0.88
668.0     0.88
668.25     0.88
668.5     0.88
668.75     0.88
669.0     0.88
669.25     0.88
669.5     0.88
669.75     0.88
670.0     0.88
670.25     0.88
670.5     0.88
670.75     0.88
671.0     0.88
671.25     0.88
671.5     0.882
671.75     0.882
672.0     0.882
672.25     0.882
672.5     0.882
672.75     0.882
673.0     0.882
673.25     0.882
673.5     0.882
673.75     0.882
674.0     0.882
674.25     0.882
674.5     0.884
674.75     0.884
675.0     0.884
675.25     0.884
675.5     0.884
675.75     0.884
676.0     0.884
676.25     0.884
676.5     0.884
676.75     0.884
677.0     0.884
677.25     0.884
677.5     0.884
677.75     0.884
678.0     0.884
678.25     0.884
678.5     0.884
678.75     0.884
679.0     0.884
679.25     0.884
679.5     0.884
679.75     0.884
680.0     0.884
680.25     0.884
680.5     0.884
680.75     0.884
681.0     0.884
681.25     0.884
681.5     0.884
681.75     0.884
682.0     0.884
682.25     0.884
682.5     0.884
682.75     0.884
683.0     0.884
683.25     0.884
683.5     0.886
683.75     0.886
684.0     0.886
684.25     0.886
684.5     0.886
684.75     0.886
685.0     0.886
685.25     0.886
685.5     0.886
685.75     0.886
686.0     0.886
686.25     0.886
686.5     0.886
686.75     0.886
687.0     0.886
687.25     0.886
687.5     0.886
687.75     0.886
688.0     0.886
688.25     0.886
688.5     0.886
688.75     0.886
689.0     0.886
689.25     0.886
689.5     0.886
689.75     0.886
690.0     0.886
690.25     0.886
690.5     0.886
690.75     0.886
691.0     0.886
691.25     0.886
691.5     0.886
691.75     0.886
692.0     0.886
692.25     0.886
692.5     0.886
692.75     0.886
693.0     0.886
693.25     0.886
693.5     0.886
693.75     0.886
694.0     0.886
694.25     0.886
694.5     0.886
694.75     0.886
695.0     0.886
695.25     0.886
695.5     0.886
695.75     0.886
696.0     0.886
696.25     0.886
696.5     0.886
696.75     0.886
697.0     0.886
697.25     0.886
697.5     0.886
697.75     0.886
698.0     0.886
698.25     0.886
698.5     0.886
698.75     0.886
699.0     0.886
699.25     0.886
699.5     0.886
699.75     0.886
700.0     0.886
700.25     0.886
700.5     0.888
700.75     0.888
701.0     0.888
701.25     0.888
701.5     0.888
701.75     0.888
702.0     0.888
702.25     0.888
702.5     0.888
702.75     0.888
703.0     0.888
703.25     0.888
703.5     0.888
703.75     0.888
704.0     0.888
704.25     0.888
704.5     0.888
704.75     0.888
705.0     0.888
705.25     0.888
705.5     0.888
705.75     0.888
706.0     0.888
706.25     0.888
706.5     0.888
706.75     0.888
707.0     0.888
707.25     0.888
707.5     0.888
707.75     0.888
708.0     0.888
708.25     0.888
708.5     0.888
708.75     0.888
709.0     0.888
709.25     0.888
709.5     0.888
709.75     0.888
710.0     0.888
710.25     0.888
710.5     0.888
710.75     0.888
711.0     0.888
711.25     0.888
711.5     0.888
711.75     0.888
712.0     0.888
712.25     0.888
712.5     0.888
712.75     0.888
713.0     0.888
713.25     0.888
713.5     0.888
713.75     0.888
714.0     0.888
714.25     0.888
714.5     0.888
714.75     0.888
715.0     0.888
715.25     0.888
715.5     0.888
715.75     0.888
716.0     0.888
716.25     0.888
716.5     0.888
716.75     0.888
717.0     0.888
717.25     0.89
717.5     0.89
717.75     0.89
718.0     0.89
718.25     0.89
718.5     0.89
718.75     0.89
719.0     0.89
719.25     0.89
719.5     0.89
719.75     0.89
720.0     0.89
720.25     0.89
720.5     0.89
720.75     0.89
721.0     0.89
721.25     0.89
721.5     0.89
721.75     0.89
722.0     0.89
722.25     0.89
722.5     0.89
722.75     0.89
723.0     0.89
723.25     0.89
723.5     0.89
723.75     0.89
724.0     0.89
724.25     0.89
724.5     0.89
724.75     0.89
725.0     0.89
725.25     0.89
725.5     0.89
725.75     0.89
726.0     0.89
726.25     0.89
726.5     0.89
726.75     0.89
727.0     0.89
727.25     0.89
727.5     0.89
727.75     0.89
728.0     0.89
728.25     0.89
728.5     0.89
728.75     0.89
729.0     0.89
729.25     0.89
729.5     0.89
729.75     0.89
730.0     0.89
730.25     0.89
730.5     0.89
730.75     0.89
731.0     0.89
731.25     0.89
731.5     0.89
731.75     0.89
732.0     0.89
732.25     0.89
732.5     0.89
732.75     0.89
733.0     0.89
733.25     0.89
733.5     0.89
733.75     0.89
734.0     0.89
734.25     0.89
734.5     0.89
734.75     0.89
735.0     0.89
735.25     0.89
735.5     0.89
735.75     0.89
736.0     0.89
736.25     0.888
736.5     0.888
736.75     0.888
737.0     0.888
737.25     0.888
737.5     0.888
737.75     0.888
738.0     0.888
738.25     0.888
738.5     0.89
738.75     0.89
739.0     0.89
739.25     0.89
739.5     0.892
739.75     0.894
740.0     0.894
740.25     0.894
740.5     0.894
740.75     0.894
741.0     0.894
741.25     0.894
741.5     0.894
741.75     0.894
742.0     0.894
742.25     0.894
742.5     0.894
742.75     0.894
743.0     0.894
743.25     0.894
743.5     0.894
743.75     0.894
744.0     0.894
744.25     0.894
744.5     0.894
744.75     0.894
745.0     0.894
745.25     0.894
745.5     0.894
745.75     0.894
746.0     0.894
746.25     0.894
746.5     0.894
746.75     0.894
747.0     0.894
747.25     0.894
747.5     0.894
747.75     0.894
748.0     0.894
748.25     0.894
748.5     0.894
748.75     0.894
749.0     0.894
749.25     0.894
749.5     0.894
749.75     0.894
750.0     0.894
750.25     0.894
750.5     0.894
750.75     0.894
751.0     0.894
751.25     0.894
751.5     0.894
751.75     0.896
752.0     0.896
752.25     0.898
752.5     0.898
752.75     0.898
753.0     0.898
753.25     0.898
753.5     0.898
753.75     0.898
754.0     0.898
754.25     0.898
754.5     0.898
754.75     0.898
755.0     0.898
755.25     0.898
755.5     0.898
755.75     0.898
756.0     0.898
756.25     0.898
756.5     0.898
756.75     0.898
757.0     0.898
757.25     0.898
757.5     0.898
757.75     0.898
758.0     0.898
758.25     0.898
758.5     0.898
758.75     0.898
759.0     0.898
759.25     0.898
759.5     0.898
759.75     0.898
760.0     0.898
760.25     0.898
760.5     0.898
760.75     0.898
761.0     0.898
761.25     0.898
761.5     0.898
761.75     0.898
762.0     0.898
762.25     0.898
762.5     0.898
762.75     0.898
763.0     0.898
763.25     0.898
763.5     0.898
763.75     0.898
764.0     0.898
764.25     0.898
764.5     0.898
764.75     0.898
765.0     0.898
765.25     0.898
765.5     0.898
765.75     0.898
766.0     0.898
766.25     0.898
766.5     0.898
766.75     0.898
767.0     0.898
767.25     0.898
767.5     0.898
767.75     0.898
768.0     0.898
768.25     0.898
768.5     0.898
768.75     0.898
769.0     0.898
769.25     0.898
769.5     0.898
769.75     0.898
770.0     0.898
770.25     0.898
770.5     0.898
770.75     0.898
771.0     0.898
771.25     0.898
771.5     0.898
771.75     0.898
772.0     0.898
772.25     0.898
772.5     0.898
772.75     0.898
773.0     0.898
773.25     0.898
773.5     0.898
773.75     0.898
774.0     0.898
774.25     0.898
774.5     0.898
774.75     0.898
775.0     0.898
775.25     0.898
775.5     0.898
775.75     0.898
776.0     0.898
776.25     0.898
776.5     0.898
776.75     0.898
777.0     0.898
777.25     0.898
777.5     0.898
777.75     0.898
778.0     0.898
778.25     0.898
778.5     0.898
778.75     0.898
779.0     0.898
779.25     0.898
779.5     0.9
779.75     0.9
780.0     0.9
780.25     0.9
780.5     0.9
780.75     0.9
781.0     0.9
781.25     0.9
781.5     0.9
781.75     0.9
782.0     0.9
782.25     0.9
782.5     0.9
782.75     0.9
783.0     0.9
783.25     0.9
783.5     0.9
783.75     0.9
784.0     0.9
784.25     0.9
784.5     0.9
784.75     0.9
785.0     0.9
785.25     0.9
785.5     0.9
785.75     0.9
786.0     0.9
786.25     0.9
786.5     0.9
786.75     0.9
787.0     0.9
787.25     0.9
787.5     0.9
787.75     0.9
788.0     0.9
788.25     0.9
788.5     0.9
788.75     0.9
789.0     0.9
789.25     0.9
789.5     0.9
789.75     0.9
790.0     0.9
790.25     0.9
790.5     0.9
790.75     0.9
791.0     0.9
791.25     0.9
791.5     0.9
791.75     0.9
792.0     0.9
792.25     0.9
792.5     0.9
792.75     0.9
793.0     0.9
793.25     0.9
793.5     0.9
793.75     0.9
794.0     0.9
794.25     0.9
794.5     0.9
794.75     0.9
795.0     0.9
795.25     0.9
795.5     0.9
795.75     0.9
796.0     0.9
796.25     0.9
796.5     0.9
796.75     0.9
797.0     0.9
797.25     0.9
797.5     0.9
797.75     0.9
798.0     0.9
798.25     0.9
798.5     0.9
798.75     0.9
799.0     0.9
799.25     0.9
799.5     0.9
799.75     0.9
800.0     0.9
800.25     0.9
800.5     0.9
800.75     0.9
801.0     0.9
801.25     0.9
801.5     0.9
801.75     0.9
802.0     0.9
802.25     0.9
802.5     0.9
802.75     0.9
803.0     0.9
803.25     0.9
803.5     0.9
803.75     0.9
804.0     0.9
804.25     0.9
804.5     0.9
804.75     0.902
805.0     0.902
805.25     0.902
805.5     0.902
805.75     0.902
806.0     0.902
806.25     0.902
806.5     0.902
806.75     0.902
807.0     0.902
807.25     0.902
807.5     0.902
807.75     0.902
808.0     0.902
808.25     0.902
808.5     0.902
808.75     0.902
809.0     0.902
809.25     0.902
809.5     0.902
809.75     0.902
810.0     0.902
810.25     0.902
810.5     0.902
810.75     0.902
811.0     0.902
811.25     0.902
811.5     0.902
811.75     0.902
812.0     0.902
812.25     0.902
812.5     0.902
812.75     0.902
813.0     0.902
813.25     0.902
813.5     0.902
813.75     0.902
814.0     0.902
814.25     0.902
814.5     0.902
814.75     0.902
815.0     0.902
815.25     0.902
815.5     0.902
815.75     0.902
816.0     0.902
816.25     0.902
816.5     0.902
816.75     0.902
817.0     0.902
817.25     0.902
817.5     0.902
817.75     0.902
818.0     0.902
818.25     0.904
818.5     0.904
818.75     0.904
819.0     0.904
819.25     0.904
819.5     0.904
819.75     0.904
820.0     0.904
820.25     0.904
820.5     0.904
820.75     0.904
821.0     0.904
821.25     0.904
821.5     0.904
821.75     0.904
822.0     0.904
822.25     0.904
822.5     0.904
822.75     0.904
823.0     0.904
823.25     0.904
823.5     0.904
823.75     0.904
824.0     0.904
824.25     0.904
824.5     0.904
824.75     0.904
825.0     0.904
825.25     0.904
825.5     0.906
825.75     0.906
826.0     0.906
826.25     0.906
826.5     0.906
826.75     0.906
827.0     0.906
827.25     0.906
827.5     0.906
827.75     0.906
828.0     0.906
828.25     0.906
828.5     0.906
828.75     0.906
829.0     0.906
829.25     0.906
829.5     0.906
829.75     0.906
830.0     0.906
830.25     0.906
830.5     0.906
830.75     0.906
831.0     0.906
831.25     0.906
831.5     0.906
831.75     0.906
832.0     0.906
832.25     0.906
832.5     0.906
832.75     0.906
833.0     0.906
833.25     0.906
833.5     0.906
833.75     0.906
834.0     0.906
834.25     0.906
834.5     0.906
834.75     0.906
835.0     0.906
835.25     0.906
835.5     0.906
835.75     0.908
836.0     0.908
836.25     0.908
836.5     0.908
836.75     0.908
837.0     0.908
837.25     0.908
837.5     0.908
837.75     0.91
838.0     0.91
838.25     0.91
838.5     0.91
838.75     0.91
839.0     0.91
839.25     0.91
839.5     0.91
839.75     0.91
840.0     0.91
840.25     0.91
840.5     0.91
840.75     0.91
841.0     0.91
841.25     0.91
841.5     0.91
841.75     0.91
842.0     0.91
842.25     0.91
842.5     0.91
842.75     0.91
843.0     0.91
843.25     0.91
843.5     0.91
843.75     0.91
844.0     0.91
844.25     0.91
844.5     0.91
844.75     0.91
845.0     0.91
845.25     0.91
845.5     0.91
845.75     0.91
846.0     0.91
846.25     0.91
846.5     0.91
846.75     0.91
847.0     0.91
847.25     0.91
847.5     0.91
847.75     0.91
848.0     0.91
848.25     0.91
848.5     0.91
848.75     0.91
849.0     0.91
849.25     0.91
849.5     0.91
849.75     0.91
850.0     0.91
850.25     0.91
850.5     0.91
850.75     0.91
851.0     0.91
851.25     0.91
851.5     0.91
851.75     0.91
852.0     0.91
852.25     0.91
852.5     0.91
852.75     0.91
853.0     0.91
853.25     0.91
853.5     0.91
853.75     0.91
854.0     0.91
854.25     0.91
854.5     0.91
854.75     0.91
855.0     0.91
855.25     0.91
855.5     0.91
855.75     0.91
856.0     0.91
856.25     0.91
856.5     0.91
856.75     0.91
857.0     0.91
857.25     0.91
857.5     0.91
857.75     0.91
858.0     0.91
858.25     0.91
858.5     0.91
858.75     0.91
859.0     0.91
859.25     0.91
859.5     0.91
859.75     0.91
860.0     0.91
860.25     0.91
860.5     0.91
860.75     0.912
861.0     0.912
861.25     0.912
861.5     0.912
861.75     0.912
862.0     0.912
862.25     0.912
862.5     0.912
862.75     0.912
863.0     0.912
863.25     0.912
863.5     0.912
863.75     0.912
864.0     0.912
864.25     0.912
864.5     0.912
864.75     0.912
865.0     0.912
865.25     0.912
865.5     0.912
865.75     0.912
866.0     0.912
866.25     0.912
866.5     0.912
866.75     0.912
867.0     0.912
867.25     0.912
867.5     0.912
867.75     0.912
868.0     0.912
868.25     0.912
868.5     0.912
868.75     0.912
869.0     0.912
869.25     0.912
869.5     0.912
869.75     0.912
870.0     0.912
870.25     0.912
870.5     0.912
870.75     0.912
871.0     0.912
871.25     0.912
871.5     0.912
871.75     0.912
872.0     0.912
872.25     0.912
872.5     0.912
872.75     0.912
873.0     0.912
873.25     0.912
873.5     0.912
873.75     0.912
874.0     0.912
874.25     0.912
874.5     0.912
874.75     0.912
875.0     0.912
875.25     0.912
875.5     0.912
875.75     0.912
876.0     0.912
876.25     0.912
876.5     0.912
876.75     0.912
877.0     0.912
877.25     0.912
877.5     0.912
877.75     0.912
878.0     0.912
878.25     0.912
878.5     0.912
878.75     0.914
879.0     0.914
879.25     0.914
879.5     0.914
879.75     0.914
880.0     0.914
880.25     0.914
880.5     0.914
880.75     0.914
881.0     0.914
881.25     0.914
881.5     0.914
881.75     0.914
882.0     0.914
882.25     0.914
882.5     0.914
882.75     0.916
883.0     0.916
883.25     0.916
883.5     0.916
883.75     0.916
884.0     0.916
884.25     0.916
884.5     0.916
884.75     0.916
885.0     0.916
885.25     0.916
885.5     0.916
885.75     0.916
886.0     0.916
886.25     0.916
886.5     0.916
886.75     0.916
887.0     0.916
887.25     0.916
887.5     0.916
887.75     0.916
888.0     0.916
888.25     0.916
888.5     0.916
888.75     0.916
889.0     0.916
889.25     0.916
889.5     0.916
889.75     0.916
890.0     0.916
890.25     0.916
890.5     0.916
890.75     0.916
891.0     0.916
891.25     0.916
891.5     0.916
891.75     0.916
892.0     0.916
892.25     0.916
892.5     0.916
892.75     0.916
893.0     0.916
893.25     0.916
893.5     0.916
893.75     0.916
894.0     0.916
894.25     0.918
894.5     0.918
894.75     0.918
895.0     0.918
895.25     0.918
895.5     0.918
895.75     0.918
896.0     0.918
896.25     0.918
896.5     0.918
896.75     0.918
897.0     0.918
897.25     0.918
897.5     0.918
897.75     0.918
898.0     0.918
898.25     0.918
898.5     0.918
898.75     0.918
899.0     0.918
899.25     0.918
899.5     0.918
899.75     0.918
900.0     0.918
900.25     0.918
900.5     0.918
900.75     0.918
901.0     0.918
901.25     0.918
901.5     0.918
901.75     0.918
902.0     0.918
902.25     0.918
902.5     0.918
902.75     0.918
903.0     0.918
903.25     0.918
903.5     0.918
903.75     0.918
904.0     0.918
904.25     0.918
904.5     0.918
904.75     0.918
905.0     0.918
905.25     0.918
905.5     0.918
905.75     0.918
906.0     0.918
906.25     0.918
906.5     0.918
906.75     0.918
907.0     0.918
907.25     0.918
907.5     0.918
907.75     0.918
908.0     0.918
908.25     0.918
908.5     0.918
908.75     0.918
909.0     0.918
909.25     0.918
909.5     0.918
909.75     0.918
910.0     0.918
910.25     0.918
910.5     0.918
910.75     0.918
911.0     0.918
911.25     0.918
911.5     0.918
911.75     0.918
912.0     0.918
912.25     0.918
912.5     0.918
912.75     0.918
913.0     0.918
913.25     0.918
913.5     0.918
913.75     0.918
914.0     0.918
914.25     0.918
914.5     0.92
914.75     0.92
915.0     0.92
915.25     0.92
915.5     0.92
915.75     0.92
916.0     0.92
916.25     0.92
916.5     0.92
916.75     0.92
917.0     0.92
917.25     0.92
917.5     0.92
917.75     0.92
918.0     0.92
918.25     0.92
918.5     0.92
918.75     0.92
919.0     0.92
919.25     0.92
919.5     0.92
919.75     0.92
920.0     0.92
920.25     0.92
920.5     0.92
920.75     0.92
921.0     0.92
921.25     0.92
921.5     0.92
921.75     0.92
922.0     0.92
922.25     0.92
922.5     0.92
922.75     0.92
923.0     0.92
923.25     0.92
923.5     0.92
923.75     0.92
924.0     0.92
924.25     0.92
924.5     0.922
924.75     0.922
925.0     0.922
925.25     0.922
925.5     0.922
925.75     0.922
926.0     0.922
926.25     0.922
926.5     0.922
926.75     0.922
927.0     0.922
927.25     0.922
927.5     0.922
927.75     0.922
928.0     0.922
928.25     0.922
928.5     0.922
928.75     0.922
929.0     0.922
929.25     0.922
929.5     0.922
929.75     0.922
930.0     0.922
930.25     0.924
930.5     0.924
930.75     0.924
931.0     0.926
931.25     0.926
931.5     0.926
931.75     0.926
932.0     0.926
932.25     0.926
932.5     0.926
932.75     0.926
933.0     0.926
933.25     0.926
933.5     0.926
933.75     0.926
934.0     0.926
934.25     0.926
934.5     0.926
934.75     0.926
935.0     0.926
935.25     0.926
935.5     0.926
935.75     0.926
936.0     0.926
936.25     0.926
936.5     0.926
936.75     0.926
937.0     0.926
937.25     0.926
937.5     0.926
937.75     0.926
938.0     0.926
938.25     0.926
938.5     0.926
938.75     0.926
939.0     0.928
939.25     0.928
939.5     0.928
939.75     0.928
940.0     0.928
940.25     0.928
940.5     0.928
940.75     0.928
941.0     0.928
941.25     0.928
941.5     0.928
941.75     0.928
942.0     0.928
942.25     0.928
942.5     0.928
942.75     0.928
943.0     0.928
943.25     0.928
943.5     0.928
943.75     0.928
944.0     0.928
944.25     0.928
944.5     0.928
944.75     0.928
945.0     0.928
945.25     0.928
945.5     0.928
945.75     0.93
946.0     0.93
946.25     0.93
946.5     0.93
946.75     0.93
947.0     0.93
947.25     0.93
947.5     0.93
947.75     0.93
948.0     0.93
948.25     0.93
948.5     0.93
948.75     0.93
949.0     0.93
949.25     0.93
949.5     0.93
949.75     0.93
950.0     0.93
950.25     0.93
950.5     0.93
950.75     0.93
951.0     0.93
951.25     0.93
951.5     0.93
951.75     0.93
952.0     0.93
952.25     0.93
952.5     0.93
952.75     0.93
953.0     0.93
953.25     0.93
953.5     0.93
953.75     0.93
954.0     0.93
954.25     0.93
954.5     0.93
954.75     0.932
955.0     0.932
955.25     0.932
955.5     0.932
955.75     0.932
956.0     0.932
956.25     0.932
956.5     0.932
956.75     0.932
957.0     0.932
957.25     0.932
957.5     0.932
957.75     0.932
958.0     0.932
958.25     0.932
958.5     0.932
958.75     0.932
959.0     0.932
959.25     0.932
959.5     0.93
959.75     0.93
960.0     0.93
960.25     0.93
960.5     0.93
960.75     0.93
961.0     0.93
961.25     0.93
961.5     0.93
961.75     0.93
962.0     0.93
962.25     0.93
962.5     0.93
962.75     0.93
963.0     0.93
963.25     0.93
963.5     0.93
963.75     0.93
964.0     0.93
964.25     0.93
964.5     0.93
964.75     0.93
965.0     0.93
965.25     0.93
965.5     0.93
965.75     0.932
966.0     0.932
966.25     0.932
966.5     0.932
966.75     0.932
967.0     0.932
967.25     0.932
967.5     0.932
967.75     0.932
968.0     0.932
968.25     0.932
968.5     0.932
968.75     0.932
969.0     0.932
969.25     0.932
969.5     0.934
969.75     0.932
970.0     0.932
970.25     0.932
970.5     0.932
970.75     0.932
971.0     0.932
971.25     0.932
971.5     0.932
971.75     0.932
972.0     0.932
972.25     0.932
972.5     0.932
972.75     0.932
973.0     0.932
973.25     0.932
973.5     0.932
973.75     0.932
974.0     0.932
974.25     0.932
974.5     0.932
974.75     0.932
975.0     0.932
975.25     0.932
975.5     0.932
975.75     0.932
976.0     0.932
976.25     0.932
976.5     0.932
976.75     0.932
977.0     0.934
977.25     0.934
977.5     0.934
977.75     0.934
978.0     0.934
978.25     0.934
978.5     0.934
978.75     0.934
979.0     0.934
979.25     0.934
979.5     0.934
979.75     0.934
980.0     0.934
980.25     0.934
980.5     0.934
980.75     0.934
981.0     0.934
981.25     0.934
981.5     0.934
981.75     0.934
982.0     0.934
982.25     0.934
982.5     0.934
982.75     0.934
983.0     0.934
983.25     0.934
983.5     0.934
983.75     0.934
984.0     0.934
984.25     0.934
984.5     0.934
984.75     0.934
985.0     0.934
985.25     0.934
985.5     0.934
985.75     0.934
986.0     0.936
986.25     0.936
986.5     0.936
986.75     0.936
987.0     0.936
987.25     0.936
987.5     0.936
987.75     0.936
988.0     0.936
988.25     0.936
988.5     0.936
988.75     0.936
989.0     0.936
989.25     0.936
989.5     0.936
989.75     0.936
990.0     0.936
990.25     0.936
990.5     0.936
990.75     0.936
991.0     0.936
991.25     0.936
991.5     0.936
991.75     0.936
992.0     0.936
992.25     0.936
992.5     0.936
992.75     0.934
993.0     0.934
993.25     0.934
993.5     0.934
993.75     0.934
994.0     0.936
994.25     0.936
994.5     0.936
994.75     0.936
995.0     0.936
995.25     0.936
995.5     0.936
995.75     0.936
996.0     0.936
996.25     0.936
996.5     0.936
996.75     0.936
997.0     0.936
997.25     0.936
997.5     0.936
997.75     0.936
998.0     0.936
998.25     0.936
998.5     0.936
998.75     0.936
999.0     0.936
999.25     0.936
999.5     0.938
999.75     0.938
1000.0     0.938
