0.25     1.0
0.5     1.0
0.75     1.0
1.0     1.0
1.25     1.0
1.5     1.0
1.75     1.0
2.0     1.0
2.25     1.0
2.5     1.0
2.75     1.0
3.0     1.0
3.25     1.0
3.5     1.0
3.75     1.0
4.0     1.0
4.25     1.0
4.5     1.0
4.75     1.0
5.0     1.0
5.25     1.0
5.5     1.0
5.75     1.0
6.0     1.0
6.25     1.0
6.5     1.0
6.75     1.0
7.0     1.0
7.25     1.0
7.5     1.0
7.75     1.0
8.0     1.0
8.25     1.0
8.5     1.0
8.75     1.0
9.0     1.0
9.25     1.0
9.5     1.0
9.75     1.0
10.0     1.0
10.25     1.0
10.5     1.0
10.75     1.0
11.0     1.0
11.25     1.0
11.5     1.0
11.75     1.0
12.0     1.0
12.25     1.0
12.5     1.0
12.75     1.0
13.0     1.0
13.25     1.0
13.5     1.0
13.75     1.0
14.0     1.0
14.25     1.0
14.5     1.0
14.75     1.0
15.0     1.0
15.25     1.0
15.5     1.0
15.75     1.0
16.0     1.0
16.25     1.0
16.5     1.0
16.75     1.0
17.0     1.0
17.25     1.0
17.5     1.0
17.75     1.0
18.0     1.0
18.25     1.0
18.5     1.0
18.75     1.0
19.0     1.0
19.25     1.0
19.5     1.0
19.75     1.0
20.0     1.0
20.25     1.0
20.5     1.0
20.75     1.0
21.0     1.0
21.25     1.0
21.5     0.998
21.75     0.996
22.0     0.996
22.25     0.996
22.5     0.996
22.75     0.996
23.0     0.996
23.25     0.996
23.5     0.996
23.75     0.994
24.0     0.994
24.25     0.994
24.5     0.994
24.75     0.994
25.0     0.994
25.25     0.994
25.5     0.992
25.75     0.988
26.0     0.986
26.25     0.986
26.5     0.984
26.75     0.984
27.0     0.984
27.25     0.986
27.5     0.982
27.75     0.98
28.0     0.98
28.25     0.974
28.5     0.974
28.75     0.974
29.0     0.97
29.25     0.968
29.5     0.966
29.75     0.966
30.0     0.966
30.25     0.964
30.5     0.964
30.75     0.964
31.0     0.964
31.25     0.962
31.5     0.96
31.75     0.956
32.0     0.952
32.25     0.952
32.5     0.95
32.75     0.95
33.0     0.95
33.25     0.95
33.5     0.95
33.75     0.948
34.0     0.942
34.25     0.942
34.5     0.936
34.75     0.932
35.0     0.932
35.25     0.93
35.5     0.93
35.75     0.928
36.0     0.928
36.25     0.928
36.5     0.928
36.75     0.926
37.0     0.926
37.25     0.924
37.5     0.924
37.75     0.924
38.0     0.924
38.25     0.922
38.5     0.922
38.75     0.922
39.0     0.924
39.25     0.922
39.5     0.92
39.75     0.918
40.0     0.918
40.25     0.916
40.5     0.912
40.75     0.91
41.0     0.904
41.25     0.9
41.5     0.9
41.75     0.894
42.0     0.892
42.25     0.89
42.5     0.89
42.75     0.89
43.0     0.888
43.25     0.884
43.5     0.882
43.75     0.882
44.0     0.882
44.25     0.88
44.5     0.88
44.75     0.88
45.0     0.88
45.25     0.876
45.5     0.876
45.75     0.876
46.0     0.876
46.25     0.874
46.5     0.874
46.75     0.874
47.0     0.874
47.25     0.874
47.5     0.874
47.75     0.872
48.0     0.87
48.25     0.864
48.5     0.862
48.75     0.862
49.0     0.858
49.25     0.856
49.5     0.858
49.75     0.858
50.0     0.856
50.25     0.852
50.5     0.85
50.75     0.85
51.0     0.848
51.25     0.848
51.5     0.848
51.75     0.846
52.0     0.842
52.25     0.842
52.5     0.842
52.75     0.84
53.0     0.838
53.25     0.836
53.5     0.834
53.75     0.832
54.0     0.832
54.25     0.832
54.5     0.83
54.75     0.828
55.0     0.83
55.25     0.828
55.5     0.828
55.75     0.828
56.0     0.828
56.25     0.826
56.5     0.824
56.75     0.824
57.0     0.822
57.25     0.82
57.5     0.82
57.75     0.818
58.0     0.818
58.25     0.818
58.5     0.816
58.75     0.816
59.0     0.818
59.25     0.818
59.5     0.818
59.75     0.816
60.0     0.81
60.25     0.81
60.5     0.81
60.75     0.81
61.0     0.808
61.25     0.808
61.5     0.808
61.75     0.808
62.0     0.808
62.25     0.808
62.5     0.804
62.75     0.804
63.0     0.804
63.25     0.804
63.5     0.804
63.75     0.804
64.0     0.802
64.25     0.798
64.5     0.798
64.75     0.798
65.0     0.792
65.25     0.794
65.5     0.794
65.75     0.792
66.0     0.792
66.25     0.79
66.5     0.79
66.75     0.79
67.0     0.788
67.25     0.788
67.5     0.786
67.75     0.786
68.0     0.784
68.25     0.784
68.5     0.782
68.75     0.782
69.0     0.782
69.25     0.782
69.5     0.782
69.75     0.782
70.0     0.78
70.25     0.78
70.5     0.782
70.75     0.782
71.0     0.782
71.25     0.782
71.5     0.782
71.75     0.782
72.0     0.782
72.25     0.784
72.5     0.784
72.75     0.782
73.0     0.782
73.25     0.78
73.5     0.78
73.75     0.78
74.0     0.778
74.25     0.778
74.5     0.778
74.75     0.778
75.0     0.776
75.25     0.774
75.5     0.774
75.75     0.774
76.0     0.774
76.25     0.774
76.5     0.774
76.75     0.774
77.0     0.776
77.25     0.776
77.5     0.776
77.75     0.774
78.0     0.774
78.25     0.774
78.5     0.774
78.75     0.774
79.0     0.774
79.25     0.774
79.5     0.774
79.75     0.77
80.0     0.77
80.25     0.77
80.5     0.77
80.75     0.77
81.0     0.77
81.25     0.77
81.5     0.77
81.75     0.77
82.0     0.768
82.25     0.766
82.5     0.764
82.75     0.764
83.0     0.762
83.25     0.762
83.5     0.76
83.75     0.76
84.0     0.76
84.25     0.76
84.5     0.76
84.75     0.76
85.0     0.76
85.25     0.76
85.5     0.76
85.75     0.758
86.0     0.758
86.25     0.758
86.5     0.758
86.75     0.758
87.0     0.758
87.25     0.756
87.5     0.756
87.75     0.756
88.0     0.756
88.25     0.756
88.5     0.756
88.75     0.756
89.0     0.756
89.25     0.754
89.5     0.754
89.75     0.754
90.0     0.752
90.25     0.752
90.5     0.75
90.75     0.75
91.0     0.75
91.25     0.75
91.5     0.75
91.75     0.75
92.0     0.748
92.25     0.748
92.5     0.748
92.75     0.746
93.0     0.744
93.25     0.742
93.5     0.742
93.75     0.742
94.0     0.742
94.25     0.742
94.5     0.742
94.75     0.742
95.0     0.742
95.25     0.742
95.5     0.742
95.75     0.742
96.0     0.742
96.25     0.742
96.5     0.742
96.75     0.742
97.0     0.742
97.25     0.742
97.5     0.742
97.75     0.742
98.0     0.742
98.25     0.742
98.5     0.742
98.75     0.742
99.0     0.742
99.25     0.742
99.5     0.742
99.75     0.742
100.0     0.742
100.25     0.742
100.5     0.742
100.75     0.742
101.0     0.742
101.25     0.742
101.5     0.742
101.75     0.742
102.0     0.742
102.25     0.742
102.5     0.742
102.75     0.742
103.0     0.742
103.25     0.742
103.5     0.742
103.75     0.742
104.0     0.742
104.25     0.742
104.5     0.742
104.75     0.742
105.0     0.742
105.25     0.742
105.5     0.742
105.75     0.742
106.0     0.742
106.25     0.74
106.5     0.74
106.75     0.738
107.0     0.738
107.25     0.738
107.5     0.738
107.75     0.738
108.0     0.738
108.25     0.736
108.5     0.736
108.75     0.736
109.0     0.736
109.25     0.736
109.5     0.736
109.75     0.736
110.0     0.734
110.25     0.732
110.5     0.732
110.75     0.732
111.0     0.734
111.25     0.734
111.5     0.734
111.75     0.734
112.0     0.734
112.25     0.734
112.5     0.734
112.75     0.732
113.0     0.73
113.25     0.728
113.5     0.728
113.75     0.728
114.0     0.726
114.25     0.726
114.5     0.726
114.75     0.726
115.0     0.726
115.25     0.726
115.5     0.726
115.75     0.724
116.0     0.724
116.25     0.724
116.5     0.724
116.75     0.724
117.0     0.724
117.25     0.722
117.5     0.722
117.75     0.722
118.0     0.722
118.25     0.722
118.5     0.722
118.75     0.722
119.0     0.722
119.25     0.722
119.5     0.722
119.75     0.722
120.0     0.722
120.25     0.72
120.5     0.72
120.75     0.72
121.0     0.72
121.25     0.72
121.5     0.72
121.75     0.72
122.0     0.718
122.25     0.718
122.5     0.716
122.75     0.716
123.0     0.716
123.25     0.716
123.5     0.716
123.75     0.716
124.0     0.716
124.25     0.716
124.5     0.716
124.75     0.716
125.0     0.716
125.25     0.716
125.5     0.716
125.75     0.716
126.0     0.716
126.25     0.716
126.5     0.716
126.75     0.714
127.0     0.714
127.25     0.712
127.5     0.712
127.75     0.712
128.0     0.712
128.25     0.712
128.5     0.712
128.75     0.71
129.0     0.708
129.25     0.708
129.5     0.708
129.75     0.708
130.0     0.706
130.25     0.702
130.5     0.7
130.75     0.7
131.0     0.7
131.25     0.698
131.5     0.698
131.75     0.698
132.0     0.698
132.25     0.698
132.5     0.698
132.75     0.698
133.0     0.698
133.25     0.696
133.5     0.694
133.75     0.694
134.0     0.694
134.25     0.694
134.5     0.694
134.75     0.692
135.0     0.694
135.25     0.694
135.5     0.694
135.75     0.694
136.0     0.69
136.25     0.69
136.5     0.688
136.75     0.688
137.0     0.688
137.25     0.688
137.5     0.688
137.75     0.688
138.0     0.688
138.25     0.688
138.5     0.688
138.75     0.688
139.0     0.686
139.25     0.686
139.5     0.684
139.75     0.682
140.0     0.682
140.25     0.68
140.5     0.68
140.75     0.68
141.0     0.68
141.25     0.68
141.5     0.676
141.75     0.676
142.0     0.676
142.25     0.674
142.5     0.674
142.75     0.674
143.0     0.674
143.25     0.678
143.5     0.678
143.75     0.678
144.0     0.678
144.25     0.676
144.5     0.674
144.75     0.674
145.0     0.672
145.25     0.67
145.5     0.67
145.75     0.668
146.0     0.668
146.25     0.666
146.5     0.666
146.75     0.666
147.0     0.664
147.25     0.664
147.5     0.664
147.75     0.664
148.0     0.662
148.25     0.662
148.5     0.664
148.75     0.664
149.0     0.66
149.25     0.66
149.5     0.658
149.75     0.658
150.0     0.658
150.25     0.656
150.5     0.658
150.75     0.658
151.0     0.658
151.25     0.658
151.5     0.656
151.75     0.654
152.0     0.654
152.25     0.654
152.5     0.652
152.75     0.652
153.0     0.652
153.25     0.648
153.5     0.648
153.75     0.648
154.0     0.648
154.25     0.642
154.5     0.642
154.75     0.642
155.0     0.644
155.25     0.644
155.5     0.644
155.75     0.644
156.0     0.644
156.25     0.644
156.5     0.644
156.75     0.642
157.0     0.642
157.25     0.642
157.5     0.64
157.75     0.638
158.0     0.638
158.25     0.636
158.5     0.634
158.75     0.634
159.0     0.634
159.25     0.634
159.5     0.634
159.75     0.634
160.0     0.634
160.25     0.634
160.5     0.634
160.75     0.634
161.0     0.634
161.25     0.634
161.5     0.632
161.75     0.63
162.0     0.63
162.25     0.63
162.5     0.628
162.75     0.624
163.0     0.624
163.25     0.624
163.5     0.624
163.75     0.624
164.0     0.624
164.25     0.624
164.5     0.622
164.75     0.62
165.0     0.62
165.25     0.62
165.5     0.62
165.75     0.62
166.0     0.62
166.25     0.62
166.5     0.62
166.75     0.618
167.0     0.616
167.25     0.618
167.5     0.618
167.75     0.616
168.0     0.616
168.25     0.614
168.5     0.614
168.75     0.614
169.0     0.614
169.25     0.614
169.5     0.614
169.75     0.614
170.0     0.612
170.25     0.612
170.5     0.612
170.75     0.608
171.0     0.608
171.25     0.606
171.5     0.606
171.75     0.606
172.0     0.606
172.25     0.606
172.5     0.606
172.75     0.606
173.0     0.606
173.25     0.606
173.5     0.604
173.75     0.604
174.0     0.604
174.25     0.604
174.5     0.604
174.75     0.604
175.0     0.604
175.25     0.604
175.5     0.604
175.75     0.602
176.0     0.602
176.25     0.6
176.5     0.598
176.75     0.598
177.0     0.598
177.25     0.598
177.5     0.598
177.75     0.596
178.0     0.596
178.25     0.596
178.5     0.594
178.75     0.594
179.0     0.594
179.25     0.596
179.5     0.596
179.75     0.596
180.0     0.594
180.25     0.594
180.5     0.594
180.75     0.594
181.0     0.594
181.25     0.594
181.5     0.594
181.75     0.594
182.0     0.594
182.25     0.594
182.5     0.594
182.75     0.594
183.0     0.594
183.25     0.594
183.5     0.592
183.75     0.592
184.0     0.592
184.25     0.592
184.5     0.59
184.75     0.588
185.0     0.588
185.25     0.588
185.5     0.588
185.75     0.588
186.0     0.588
186.25     0.588
186.5     0.588
186.75     0.588
187.0     0.588
187.25     0.588
187.5     0.588
187.75     0.588
188.0     0.586
188.25     0.586
188.5     0.586
188.75     0.586
189.0     0.586
189.25     0.586
189.5     0.586
189.75     0.586
190.0     0.584
190.25     0.584
190.5     0.584
190.75     0.584
191.0     0.584
191.25     0.582
191.5     0.582
191.75     0.584
192.0     0.584
192.25     0.584
192.5     0.584
192.75     0.584
193.0     0.584
193.25     0.584
193.5     0.582
193.75     0.582
194.0     0.582
194.25     0.582
194.5     0.582
194.75     0.582
195.0     0.58
195.25     0.578
195.5     0.576
195.75     0.576
196.0     0.574
196.25     0.574
196.5     0.572
196.75     0.57
197.0     0.57
197.25     0.57
197.5     0.57
197.75     0.57
198.0     0.57
198.25     0.568
198.5     0.568
198.75     0.566
199.0     0.566
199.25     0.566
199.5     0.566
199.75     0.566
200.0     0.566
200.25     0.566
200.5     0.566
200.75     0.566
201.0     0.566
201.25     0.566
201.5     0.566
201.75     0.566
202.0     0.566
202.25     0.564
202.5     0.56
202.75     0.56
203.0     0.56
203.25     0.56
203.5     0.56
203.75     0.56
204.0     0.56
204.25     0.56
204.5     0.56
204.75     0.56
205.0     0.56
205.25     0.558
205.5     0.558
205.75     0.556
206.0     0.556
206.25     0.556
206.5     0.556
206.75     0.556
207.0     0.556
207.25     0.556
207.5     0.554
207.75     0.554
208.0     0.554
208.25     0.556
208.5     0.556
208.75     0.556
209.0     0.554
209.25     0.554
209.5     0.554
209.75     0.554
210.0     0.554
210.25     0.554
210.5     0.552
210.75     0.552
211.0     0.55
211.25     0.546
211.5     0.544
211.75     0.544
212.0     0.544
212.25     0.542
212.5     0.542
212.75     0.542
213.0     0.54
213.25     0.538
213.5     0.538
213.75     0.538
214.0     0.538
214.25     0.538
214.5     0.538
214.75     0.536
215.0     0.536
215.25     0.536
215.5     0.536
215.75     0.536
216.0     0.536
216.25     0.536
216.5     0.536
216.75     0.536
217.0     0.536
217.25     0.534
217.5     0.534
217.75     0.534
218.0     0.532
218.25     0.532
218.5     0.532
218.75     0.532
219.0     0.532
219.25     0.532
219.5     0.53
219.75     0.528
220.0     0.528
220.25     0.526
220.5     0.526
220.75     0.526
221.0     0.522
221.25     0.522
221.5     0.52
221.75     0.52
222.0     0.516
222.25     0.516
222.5     0.516
222.75     0.516
223.0     0.516
223.25     0.514
223.5     0.514
223.75     0.514
224.0     0.514
224.25     0.514
224.5     0.514
224.75     0.514
225.0     0.514
225.25     0.512
225.5     0.512
225.75     0.512
226.0     0.512
226.25     0.512
226.5     0.512
226.75     0.512
227.0     0.51
227.25     0.51
227.5     0.51
227.75     0.51
228.0     0.51
228.25     0.51
228.5     0.51
228.75     0.51
229.0     0.51
229.25     0.51
229.5     0.51
229.75     0.508
230.0     0.508
230.25     0.508
230.5     0.506
230.75     0.506
231.0     0.502
231.25     0.502
231.5     0.502
231.75     0.504
232.0     0.502
232.25     0.504
232.5     0.502
232.75     0.502
233.0     0.502
233.25     0.502
233.5     0.502
233.75     0.502
234.0     0.502
234.25     0.502
234.5     0.502
234.75     0.502
235.0     0.502
235.25     0.502
235.5     0.502
235.75     0.502
236.0     0.502
236.25     0.502
236.5     0.502
236.75     0.502
237.0     0.5
237.25     0.496
237.5     0.496
237.75     0.496
238.0     0.498
238.25     0.496
238.5     0.496
238.75     0.496
239.0     0.496
239.25     0.494
239.5     0.492
239.75     0.492
240.0     0.49
240.25     0.488
240.5     0.488
240.75     0.488
241.0     0.488
241.25     0.488
241.5     0.488
241.75     0.486
242.0     0.486
242.25     0.486
242.5     0.486
242.75     0.486
243.0     0.486
243.25     0.484
243.5     0.484
243.75     0.484
244.0     0.484
244.25     0.486
244.5     0.486
244.75     0.482
245.0     0.482
245.25     0.482
245.5     0.482
245.75     0.482
246.0     0.48
246.25     0.48
246.5     0.48
246.75     0.48
247.0     0.48
247.25     0.48
247.5     0.48
247.75     0.48
248.0     0.48
248.25     0.48
248.5     0.48
248.75     0.478
249.0     0.478
249.25     0.478
249.5     0.478
249.75     0.478
250.0     0.478
250.25     0.478
250.5     0.478
250.75     0.478
251.0     0.478
251.25     0.478
251.5     0.476
251.75     0.476
252.0     0.476
252.25     0.476
252.5     0.474
252.75     0.472
253.0     0.472
253.25     0.472
253.5     0.472
253.75     0.472
254.0     0.472
254.25     0.472
254.5     0.47
254.75     0.47
255.0     0.47
255.25     0.47
255.5     0.47
255.75     0.47
256.0     0.468
256.25     0.466
256.5     0.466
256.75     0.466
257.0     0.466
257.25     0.466
257.5     0.466
257.75     0.466
258.0     0.466
258.25     0.464
258.5     0.462
258.75     0.462
259.0     0.462
259.25     0.462
259.5     0.462
259.75     0.462
260.0     0.462
260.25     0.462
260.5     0.462
260.75     0.464
261.0     0.464
261.25     0.46
261.5     0.46
261.75     0.46
262.0     0.46
262.25     0.458
262.5     0.458
262.75     0.458
263.0     0.458
263.25     0.456
263.5     0.456
263.75     0.454
264.0     0.452
264.25     0.452
264.5     0.452
264.75     0.452
265.0     0.452
265.25     0.452
265.5     0.446
265.75     0.444
266.0     0.44
266.25     0.44
266.5     0.44
266.75     0.44
267.0     0.44
267.25     0.438
267.5     0.436
267.75     0.436
268.0     0.436
268.25     0.436
268.5     0.436
268.75     0.436
269.0     0.436
269.25     0.436
269.5     0.436
269.75     0.436
270.0     0.436
270.25     0.436
270.5     0.436
270.75     0.438
271.0     0.438
271.25     0.438
271.5     0.438
271.75     0.434
272.0     0.432
272.25     0.432
272.5     0.432
272.75     0.43
273.0     0.428
273.25     0.43
273.5     0.43
273.75     0.43
274.0     0.432
274.25     0.43
274.5     0.43
274.75     0.43
275.0     0.43
275.25     0.43
275.5     0.43
275.75     0.43
276.0     0.428
276.25     0.428
276.5     0.428
276.75     0.426
277.0     0.426
277.25     0.426
277.5     0.426
277.75     0.426
278.0     0.426
278.25     0.426
278.5     0.424
278.75     0.424
279.0     0.422
279.25     0.422
279.5     0.422
279.75     0.422
280.0     0.422
280.25     0.422
280.5     0.422
280.75     0.422
281.0     0.422
281.25     0.422
281.5     0.422
281.75     0.422
282.0     0.42
282.25     0.42
282.5     0.42
282.75     0.42
283.0     0.42
283.25     0.42
283.5     0.418
283.75     0.418
284.0     0.418
284.25     0.418
284.5     0.416
284.75     0.416
285.0     0.416
285.25     0.416
285.5     0.416
285.75     0.416
286.0     0.416
286.25     0.416
286.5     0.416
286.75     0.416
287.0     0.416
287.25     0.416
287.5     0.416
287.75     0.416
288.0     0.416
288.25     0.416
288.5     0.416
288.75     0.416
289.0     0.414
289.25     0.414
289.5     0.414
289.75     0.414
290.0     0.414
290.25     0.414
290.5     0.414
290.75     0.412
291.0     0.412
291.25     0.412
291.5     0.412
291.75     0.412
292.0     0.412
292.25     0.412
292.5     0.412
292.75     0.412
293.0     0.412
293.25     0.412
293.5     0.412
293.75     0.412
294.0     0.408
294.25     0.408
294.5     0.408
294.75     0.41
295.0     0.41
295.25     0.41
295.5     0.41
295.75     0.41
296.0     0.41
296.25     0.41
296.5     0.41
296.75     0.41
297.0     0.41
297.25     0.41
297.5     0.41
297.75     0.41
298.0     0.41
298.25     0.408
298.5     0.404
298.75     0.404
299.0     0.404
299.25     0.402
299.5     0.402
299.75     0.4
300.0     0.4
300.25     0.398
300.5     0.398
300.75     0.398
301.0     0.398
301.25     0.396
301.5     0.394
301.75     0.394
302.0     0.394
302.25     0.394
302.5     0.394
302.75     0.392
303.0     0.392
303.25     0.392
303.5     0.392
303.75     0.392
304.0     0.394
304.25     0.394
304.5     0.394
304.75     0.394
305.0     0.394
305.25     0.394
305.5     0.394
305.75     0.394
306.0     0.394
306.25     0.392
306.5     0.392
306.75     0.39
307.0     0.388
307.25     0.388
307.5     0.388
307.75     0.388
308.0     0.386
308.25     0.386
308.5     0.386
308.75     0.388
309.0     0.388
309.25     0.386
309.5     0.384
309.75     0.384
310.0     0.384
310.25     0.384
310.5     0.384
310.75     0.384
311.0     0.384
311.25     0.384
311.5     0.384
311.75     0.384
312.0     0.384
312.25     0.382
312.5     0.382
312.75     0.382
313.0     0.38
313.25     0.38
313.5     0.38
313.75     0.38
314.0     0.38
314.25     0.38
314.5     0.38
314.75     0.38
315.0     0.38
315.25     0.38
315.5     0.38
315.75     0.378
316.0     0.378
316.25     0.376
316.5     0.374
316.75     0.374
317.0     0.374
317.25     0.374
317.5     0.374
317.75     0.372
318.0     0.372
318.25     0.372
318.5     0.372
318.75     0.37
319.0     0.368
319.25     0.368
319.5     0.366
319.75     0.366
320.0     0.366
320.25     0.366
320.5     0.366
320.75     0.366
321.0     0.364
321.25     0.364
321.5     0.36
321.75     0.36
322.0     0.36
322.25     0.36
322.5     0.36
322.75     0.36
323.0     0.36
323.25     0.354
323.5     0.354
323.75     0.354
324.0     0.354
324.25     0.354
324.5     0.354
324.75     0.354
325.0     0.354
325.25     0.354
325.5     0.352
325.75     0.35
326.0     0.35
326.25     0.35
326.5     0.35
326.75     0.348
327.0     0.348
327.25     0.35
327.5     0.348
327.75     0.348
328.0     0.348
328.25     0.346
328.5     0.346
328.75     0.346
329.0     0.346
329.25     0.342
329.5     0.34
329.75     0.34
330.0     0.342
330.25     0.34
330.5     0.34
330.75     0.338
331.0     0.34
331.25     0.34
331.5     0.34
331.75     0.34
332.0     0.34
332.25     0.34
332.5     0.34
332.75     0.34
333.0     0.34
333.25     0.338
333.5     0.338
333.75     0.338
334.0     0.338
334.25     0.336
334.5     0.338
334.75     0.34
335.0     0.34
335.25     0.34
335.5     0.34
335.75     0.338
336.0     0.34
336.25     0.34
336.5     0.34
336.75     0.34
337.0     0.34
337.25     0.34
337.5     0.34
337.75     0.34
338.0     0.34
338.25     0.34
338.5     0.34
338.75     0.338
339.0     0.338
339.25     0.338
339.5     0.336
339.75     0.334
340.0     0.334
340.25     0.334
340.5     0.334
340.75     0.332
341.0     0.332
341.25     0.332
341.5     0.332
341.75     0.332
342.0     0.33
342.25     0.33
342.5     0.328
342.75     0.328
343.0     0.322
343.25     0.322
343.5     0.322
343.75     0.322
344.0     0.322
344.25     0.322
344.5     0.322
344.75     0.32
345.0     0.32
345.25     0.318
345.5     0.318
345.75     0.316
346.0     0.316
346.25     0.314
346.5     0.314
346.75     0.312
347.0     0.312
347.25     0.312
347.5     0.312
347.75     0.312
348.0     0.312
348.25     0.312
348.5     0.312
348.75     0.31
349.0     0.31
349.25     0.31
349.5     0.31
349.75     0.31
350.0     0.308
350.25     0.306
350.5     0.306
350.75     0.302
351.0     0.302
351.25     0.3
351.5     0.296
351.75     0.298
352.0     0.3
352.25     0.3
352.5     0.298
352.75     0.296
353.0     0.296
353.25     0.296
353.5     0.294
353.75     0.292
354.0     0.292
354.25     0.294
354.5     0.294
354.75     0.294
355.0     0.294
355.25     0.294
355.5     0.294
355.75     0.294
356.0     0.294
356.25     0.294
356.5     0.294
356.75     0.292
357.0     0.292
357.25     0.29
357.5     0.29
357.75     0.29
358.0     0.29
358.25     0.29
358.5     0.29
358.75     0.29
359.0     0.29
359.25     0.29
359.5     0.29
359.75     0.29
360.0     0.29
360.25     0.286
360.5     0.286
360.75     0.286
361.0     0.286
361.25     0.286
361.5     0.284
361.75     0.282
362.0     0.284
362.25     0.284
362.5     0.284
362.75     0.282
363.0     0.282
363.25     0.282
363.5     0.282
363.75     0.282
364.0     0.282
364.25     0.282
364.5     0.282
364.75     0.282
365.0     0.282
365.25     0.282
365.5     0.282
365.75     0.28
366.0     0.28
366.25     0.28
366.5     0.28
366.75     0.28
367.0     0.28
367.25     0.278
367.5     0.278
367.75     0.278
368.0     0.278
368.25     0.278
368.5     0.276
368.75     0.276
369.0     0.276
369.25     0.276
369.5     0.274
369.75     0.274
370.0     0.274
370.25     0.274
370.5     0.274
370.75     0.274
371.0     0.274
371.25     0.274
371.5     0.274
371.75     0.274
372.0     0.274
372.25     0.274
372.5     0.274
372.75     0.274
373.0     0.272
373.25     0.272
373.5     0.272
373.75     0.272
374.0     0.272
374.25     0.27
374.5     0.268
374.75     0.268
375.0     0.268
375.25     0.27
375.5     0.27
375.75     0.27
376.0     0.27
376.25     0.272
376.5     0.272
376.75     0.27
377.0     0.27
377.25     0.27
377.5     0.27
377.75     0.27
378.0     0.27
378.25     0.27
378.5     0.27
378.75     0.27
379.0     0.27
379.25     0.27
379.5     0.27
379.75     0.27
380.0     0.27
380.25     0.27
380.5     0.27
380.75     0.268
381.0     0.268
381.25     0.268
381.5     0.268
381.75     0.268
382.0     0.268
382.25     0.268
382.5     0.268
382.75     0.266
383.0     0.266
383.25     0.266
383.5     0.266
383.75     0.266
384.0     0.266
384.25     0.266
384.5     0.266
384.75     0.266
385.0     0.268
385.25     0.266
385.5     0.266
385.75     0.266
386.0     0.266
386.25     0.266
386.5     0.266
386.75     0.266
387.0     0.266
387.25     0.266
387.5     0.266
387.75     0.266
388.0     0.266
388.25     0.266
388.5     0.266
388.75     0.266
389.0     0.266
389.25     0.266
389.5     0.266
389.75     0.266
390.0     0.266
390.25     0.266
390.5     0.266
390.75     0.264
391.0     0.264
391.25     0.264
391.5     0.264
391.75     0.264
392.0     0.264
392.25     0.264
392.5     0.264
392.75     0.264
393.0     0.264
393.25     0.264
393.5     0.264
393.75     0.264
394.0     0.262
394.25     0.262
394.5     0.26
394.75     0.26
395.0     0.26
395.25     0.26
395.5     0.26
395.75     0.26
396.0     0.258
396.25     0.258
396.5     0.258
396.75     0.258
397.0     0.258
397.25     0.258
397.5     0.258
397.75     0.258
398.0     0.256
398.25     0.254
398.5     0.254
398.75     0.254
399.0     0.254
399.25     0.254
399.5     0.254
399.75     0.254
400.0     0.254
400.25     0.254
400.5     0.254
400.75     0.252
401.0     0.252
401.25     0.252
401.5     0.252
401.75     0.252
402.0     0.252
402.25     0.252
402.5     0.252
402.75     0.252
403.0     0.252
403.25     0.252
403.5     0.252
403.75     0.252
404.0     0.252
404.25     0.25
404.5     0.25
404.75     0.25
405.0     0.25
405.25     0.248
405.5     0.248
405.75     0.246
406.0     0.246
406.25     0.246
406.5     0.246
406.75     0.246
407.0     0.246
407.25     0.246
407.5     0.246
407.75     0.246
408.0     0.246
408.25     0.246
408.5     0.246
408.75     0.246
409.0     0.246
409.25     0.246
409.5     0.246
409.75     0.246
410.0     0.246
410.25     0.246
410.5     0.246
410.75     0.244
411.0     0.244
411.25     0.244
411.5     0.244
411.75     0.244
412.0     0.244
412.25     0.244
412.5     0.244
412.75     0.244
413.0     0.246
413.25     0.246
413.5     0.246
413.75     0.246
414.0     0.246
414.25     0.246
414.5     0.246
414.75     0.246
415.0     0.246
415.25     0.244
415.5     0.244
415.75     0.244
416.0     0.244
416.25     0.244
416.5     0.244
416.75     0.244
417.0     0.242
417.25     0.242
417.5     0.242
417.75     0.24
418.0     0.238
418.25     0.238
418.5     0.238
418.75     0.238
419.0     0.238
419.25     0.236
419.5     0.236
419.75     0.236
420.0     0.236
420.25     0.236
420.5     0.236
420.75     0.236
421.0     0.236
421.25     0.236
421.5     0.236
421.75     0.234
422.0     0.234
422.25     0.234
422.5     0.236
422.75     0.236
423.0     0.236
423.25     0.234
423.5     0.234
423.75     0.232
424.0     0.232
424.25     0.232
424.5     0.232
424.75     0.232
425.0     0.228
425.25     0.228
425.5     0.228
425.75     0.228
426.0     0.228
426.25     0.228
426.5     0.228
426.75     0.228
427.0     0.226
427.25     0.226
427.5     0.226
427.75     0.226
428.0     0.226
428.25     0.226
428.5     0.226
428.75     0.226
429.0     0.226
429.25     0.226
429.5     0.228
429.75     0.228
430.0     0.228
430.25     0.228
430.5     0.226
430.75     0.226
431.0     0.226
431.25     0.226
431.5     0.226
431.75     0.224
432.0     0.224
432.25     0.224
432.5     0.224
432.75     0.224
433.0     0.224
433.25     0.224
433.5     0.224
433.75     0.224
434.0     0.224
434.25     0.224
434.5     0.224
434.75     0.224
435.0     0.222
435.25     0.222
435.5     0.222
435.75     0.222
436.0     0.222
436.25     0.222
436.5     0.222
436.75     0.222
437.0     0.222
437.25     0.222
437.5     0.222
437.75     0.222
438.0     0.222
438.25     0.222
438.5     0.222
438.75     0.222
439.0     0.222
439.25     0.222
439.5     0.222
439.75     0.222
440.0     0.222
440.25     0.222
440.5     0.222
440.75     0.222
441.0     0.222
441.25     0.222
441.5     0.222
441.75     0.222
442.0     0.222
442.25     0.222
442.5     0.222
442.75     0.222
443.0     0.222
443.25     0.222
443.5     0.222
443.75     0.222
444.0     0.22
444.25     0.218
444.5     0.218
444.75     0.218
445.0     0.216
445.25     0.218
445.5     0.218
445.75     0.22
446.0     0.218
446.25     0.218
446.5     0.218
446.75     0.218
447.0     0.218
447.25     0.218
447.5     0.218
447.75     0.218
448.0     0.218
448.25     0.218
448.5     0.218
448.75     0.216
449.0     0.216
449.25     0.216
449.5     0.216
449.75     0.216
450.0     0.216
450.25     0.216
450.5     0.216
450.75     0.216
451.0     0.216
451.25     0.216
451.5     0.216
451.75     0.216
452.0     0.214
452.25     0.214
452.5     0.214
452.75     0.214
453.0     0.214
453.25     0.214
453.5     0.214
453.75     0.214
454.0     0.214
454.25     0.214
454.5     0.214
454.75     0.214
455.0     0.214
455.25     0.214
455.5     0.214
455.75     0.214
456.0     0.214
456.25     0.214
456.5     0.214
456.75     0.212
457.0     0.212
457.25     0.212
457.5     0.212
457.75     0.212
458.0     0.212
458.25     0.212
458.5     0.212
458.75     0.212
459.0     0.212
459.25     0.212
459.5     0.212
459.75     0.212
460.0     0.212
460.25     0.212
460.5     0.21
460.75     0.21
461.0     0.21
461.25     0.21
461.5     0.21
461.75     0.21
462.0     0.21
462.25     0.21
462.5     0.21
462.75     0.21
463.0     0.21
463.25     0.21
463.5     0.208
463.75     0.208
464.0     0.208
464.25     0.208
464.5     0.208
464.75     0.208
465.0     0.208
465.25     0.208
465.5     0.208
465.75     0.208
466.0     0.206
466.25     0.206
466.5     0.206
466.75     0.206
467.0     0.206
467.25     0.206
467.5     0.206
467.75     0.206
468.0     0.206
468.25     0.206
468.5     0.206
468.75     0.206
469.0     0.206
469.25     0.206
469.5     0.206
469.75     0.206
470.0     0.204
470.25     0.204
470.5     0.204
470.75     0.204
471.0     0.204
471.25     0.204
471.5     0.204
471.75     0.204
472.0     0.204
472.25     0.204
472.5     0.202
472.75     0.202
473.0     0.202
473.25     0.202
473.5     0.202
473.75     0.202
474.0     0.202
474.25     0.202
474.5     0.202
474.75     0.202
475.0     0.202
475.25     0.202
475.5     0.202
475.75     0.204
476.0     0.202
476.25     0.202
476.5     0.202
476.75     0.2
477.0     0.2
477.25     0.2
477.5     0.202
477.75     0.202
478.0     0.202
478.25     0.202
478.5     0.202
478.75     0.202
479.0     0.202
479.25     0.202
479.5     0.202
479.75     0.202
480.0     0.202
480.25     0.202
480.5     0.2
480.75     0.2
481.0     0.2
481.25     0.2
481.5     0.2
481.75     0.2
482.0     0.2
482.25     0.2
482.5     0.2
482.75     0.2
483.0     0.2
483.25     0.2
483.5     0.2
483.75     0.2
484.0     0.2
484.25     0.2
484.5     0.2
484.75     0.2
485.0     0.196
485.25     0.196
485.5     0.196
485.75     0.196
486.0     0.196
486.25     0.196
486.5     0.196
486.75     0.194
487.0     0.192
487.25     0.192
487.5     0.192
487.75     0.192
488.0     0.194
488.25     0.194
488.5     0.194
488.75     0.194
489.0     0.194
489.25     0.194
489.5     0.194
489.75     0.192
490.0     0.192
490.25     0.192
490.5     0.192
490.75     0.192
491.0     0.192
491.25     0.192
491.5     0.192
491.75     0.192
492.0     0.192
492.25     0.19
492.5     0.19
492.75     0.19
493.0     0.19
493.25     0.19
493.5     0.19
493.75     0.19
494.0     0.19
494.25     0.19
494.5     0.19
494.75     0.19
495.0     0.19
495.25     0.19
495.5     0.19
495.75     0.19
496.0     0.19
496.25     0.19
496.5     0.19
496.75     0.19
497.0     0.19
497.25     0.188
497.5     0.188
497.75     0.188
498.0     0.188
498.25     0.188
498.5     0.188
498.75     0.188
499.0     0.188
499.25     0.188
499.5     0.188
499.75     0.188
500.0     0.188
500.25     0.186
500.5     0.186
500.75     0.186
501.0     0.186
501.25     0.182
501.5     0.182
501.75     0.182
502.0     0.182
502.25     0.182
502.5     0.182
502.75     0.184
503.0     0.184
503.25     0.184
503.5     0.184
503.75     0.184
504.0     0.182
504.25     0.182
504.5     0.182
504.75     0.182
505.0     0.182
505.25     0.18
505.5     0.18
505.75     0.18
506.0     0.18
506.25     0.18
506.5     0.18
506.75     0.18
507.0     0.18
507.25     0.178
507.5     0.178
507.75     0.178
508.0     0.178
508.25     0.178
508.5     0.178
508.75     0.178
509.0     0.178
509.25     0.178
509.5     0.178
509.75     0.178
510.0     0.178
510.25     0.178
510.5     0.178
510.75     0.178
511.0     0.178
511.25     0.178
511.5     0.178
511.75     0.178
512.0     0.178
512.25     0.178
512.5     0.178
512.75     0.178
513.0     0.178
513.25     0.178
513.5     0.178
513.75     0.178
514.0     0.176
514.25     0.176
514.5     0.176
514.75     0.176
515.0     0.176
515.25     0.176
515.5     0.176
515.75     0.176
516.0     0.176
516.25     0.176
516.5     0.176
516.75     0.176
517.0     0.176
517.25     0.176
517.5     0.176
517.75     0.176
518.0     0.176
518.25     0.176
518.5     0.178
518.75     0.178
519.0     0.178
519.25     0.178
519.5     0.178
519.75     0.178
520.0     0.178
520.25     0.178
520.5     0.178
520.75     0.178
521.0     0.178
521.25     0.178
521.5     0.178
521.75     0.178
522.0     0.178
522.25     0.178
522.5     0.178
522.75     0.178
523.0     0.178
523.25     0.178
523.5     0.178
523.75     0.178
524.0     0.178
524.25     0.178
524.5     0.178
524.75     0.178
525.0     0.178
525.25     0.178
525.5     0.178
525.75     0.178
526.0     0.178
526.25     0.178
526.5     0.178
526.75     0.178
527.0     0.178
527.25     0.178
527.5     0.176
527.75     0.176
528.0     0.176
528.25     0.176
528.5     0.176
528.75     0.176
529.0     0.176
529.25     0.176
529.5     0.176
529.75     0.176
530.0     0.176
530.25     0.176
530.5     0.176
530.75     0.176
531.0     0.176
531.25     0.176
531.5     0.176
531.75     0.176
532.0     0.176
532.25     0.176
532.5     0.176
532.75     0.176
533.0     0.176
533.25     0.176
533.5     0.176
533.75     0.176
534.0     0.176
534.25     0.176
534.5     0.176
534.75     0.176
535.0     0.176
535.25     0.176
535.5     0.176
535.75     0.176
536.0     0.176
536.25     0.176
536.5     0.174
536.75     0.174
537.0     0.174
537.25     0.174
537.5     0.174
537.75     0.172
538.0     0.172
538.25     0.172
538.5     0.172
538.75     0.172
539.0     0.172
539.25     0.172
539.5     0.172
539.75     0.172
540.0     0.17
540.25     0.17
540.5     0.17
540.75     0.168
541.0     0.168
541.25     0.168
541.5     0.168
541.75     0.168
542.0     0.168
542.25     0.168
542.5     0.168
542.75     0.168
543.0     0.168
543.25     0.168
543.5     0.168
543.75     0.168
544.0     0.168
544.25     0.168
544.5     0.168
544.75     0.168
545.0     0.168
545.25     0.168
545.5     0.168
545.75     0.168
546.0     0.168
546.25     0.168
546.5     0.168
546.75     0.168
547.0     0.168
547.25     0.168
547.5     0.17
547.75     0.17
548.0     0.17
548.25     0.17
548.5     0.17
548.75     0.168
549.0     0.166
549.25     0.166
549.5     0.166
549.75     0.166
550.0     0.166
550.25     0.166
550.5     0.166
550.75     0.166
551.0     0.166
551.25     0.164
551.5     0.164
551.75     0.164
552.0     0.162
552.25     0.162
552.5     0.162
552.75     0.162
553.0     0.162
553.25     0.162
553.5     0.162
553.75     0.162
554.0     0.162
554.25     0.162
554.5     0.162
554.75     0.162
555.0     0.162
555.25     0.162
555.5     0.162
555.75     0.162
556.0     0.162
556.25     0.162
556.5     0.162
556.75     0.162
557.0     0.162
557.25     0.162
557.5     0.162
557.75     0.162
558.0     0.162
558.25     0.162
558.5     0.162
558.75     0.162
559.0     0.162
559.25     0.162
559.5     0.162
559.75     0.162
560.0     0.162
560.25     0.162
560.5     0.162
560.75     0.162
561.0     0.162
561.25     0.162
561.5     0.162
561.75     0.162
562.0     0.162
562.25     0.162
562.5     0.162
562.75     0.162
563.0     0.162
563.25     0.162
563.5     0.162
563.75     0.16
564.0     0.16
564.25     0.158
564.5     0.158
564.75     0.158
565.0     0.158
565.25     0.158
565.5     0.158
565.75     0.158
566.0     0.158
566.25     0.158
566.5     0.158
566.75     0.158
567.0     0.156
567.25     0.156
567.5     0.156
567.75     0.156
568.0     0.156
568.25     0.156
568.5     0.156
568.75     0.154
569.0     0.154
569.25     0.154
569.5     0.154
569.75     0.154
570.0     0.154
570.25     0.152
570.5     0.152
570.75     0.152
571.0     0.152
571.25     0.152
571.5     0.152
571.75     0.152
572.0     0.152
572.25     0.152
572.5     0.152
572.75     0.152
573.0     0.152
573.25     0.152
573.5     0.152
573.75     0.152
574.0     0.152
574.25     0.152
574.5     0.152
574.75     0.152
575.0     0.152
575.25     0.152
575.5     0.152
575.75     0.152
576.0     0.152
576.25     0.152
576.5     0.152
576.75     0.152
577.0     0.152
577.25     0.152
577.5     0.152
577.75     0.152
578.0     0.15
578.25     0.152
578.5     0.152
578.75     0.152
579.0     0.15
579.25     0.15
579.5     0.15
579.75     0.15
580.0     0.148
580.25     0.148
580.5     0.148
580.75     0.148
581.0     0.148
581.25     0.148
581.5     0.148
581.75     0.148
582.0     0.148
582.25     0.148
582.5     0.148
582.75     0.148
583.0     0.148
583.25     0.148
583.5     0.148
583.75     0.148
584.0     0.148
584.25     0.148
584.5     0.148
584.75     0.148
585.0     0.148
585.25     0.148
585.5     0.148
585.75     0.148
586.0     0.148
586.25     0.148
586.5     0.146
586.75     0.146
587.0     0.146
587.25     0.146
587.5     0.146
587.75     0.144
588.0     0.144
588.25     0.144
588.5     0.144
588.75     0.144
589.0     0.144
589.25     0.144
589.5     0.144
589.75     0.144
590.0     0.144
590.25     0.142
590.5     0.142
590.75     0.142
591.0     0.142
591.25     0.142
591.5     0.142
591.75     0.142
592.0     0.142
592.25     0.142
592.5     0.142
592.75     0.142
593.0     0.142
593.25     0.142
593.5     0.142
593.75     0.142
594.0     0.142
594.25     0.142
594.5     0.142
594.75     0.142
595.0     0.142
595.25     0.142
595.5     0.142
595.75     0.142
596.0     0.142
596.25     0.142
596.5     0.142
596.75     0.142
597.0     0.142
597.25     0.142
597.5     0.142
597.75     0.142
598.0     0.142
598.25     0.142
598.5     0.142
598.75     0.142
599.0     0.142
599.25     0.142
599.5     0.142
599.75     0.142
600.0     0.142
600.25     0.142
600.5     0.142
600.75     0.142
601.0     0.142
601.25     0.142
601.5     0.142
601.75     0.142
602.0     0.142
602.25     0.142
602.5     0.142
602.75     0.142
603.0     0.142
603.25     0.142
603.5     0.142
603.75     0.142
604.0     0.142
604.25     0.142
604.5     0.142
604.75     0.142
605.0     0.142
605.25     0.142
605.5     0.142
605.75     0.142
606.0     0.142
606.25     0.142
606.5     0.142
606.75     0.142
607.0     0.142
607.25     0.142
607.5     0.142
607.75     0.142
608.0     0.142
608.25     0.142
608.5     0.142
608.75     0.14
609.0     0.14
609.25     0.14
609.5     0.14
609.75     0.14
610.0     0.14
610.25     0.14
610.5     0.14
610.75     0.14
611.0     0.14
611.25     0.14
611.5     0.14
611.75     0.14
612.0     0.14
612.25     0.14
612.5     0.14
612.75     0.14
613.0     0.14
613.25     0.14
613.5     0.14
613.75     0.14
614.0     0.14
614.25     0.14
614.5     0.14
614.75     0.14
615.0     0.138
615.25     0.138
615.5     0.136
615.75     0.138
616.0     0.138
616.25     0.138
616.5     0.138
616.75     0.138
617.0     0.138
617.25     0.138
617.5     0.138
617.75     0.138
618.0     0.138
618.25     0.138
618.5     0.138
618.75     0.138
619.0     0.138
619.25     0.138
619.5     0.138
619.75     0.138
620.0     0.138
620.25     0.136
620.5     0.136
620.75     0.136
621.0     0.136
621.25     0.136
621.5     0.136
621.75     0.136
622.0     0.136
622.25     0.136
622.5     0.136
622.75     0.136
623.0     0.136
623.25     0.136
623.5     0.136
623.75     0.136
624.0     0.136
624.25     0.136
624.5     0.136
624.75     0.136
625.0     0.136
625.25     0.136
625.5     0.136
625.75     0.136
626.0     0.136
626.25     0.136
626.5     0.136
626.75     0.136
627.0     0.136
627.25     0.136
627.5     0.136
627.75     0.136
628.0     0.136
628.25     0.136
628.5     0.136
628.75     0.136
629.0     0.136
629.25     0.136
629.5     0.136
629.75     0.136
630.0     0.136
630.25     0.136
630.5     0.136
630.75     0.136
631.0     0.136
631.25     0.136
631.5     0.136
631.75     0.136
632.0     0.136
632.25     0.136
632.5     0.136
632.75     0.136
633.0     0.136
633.25     0.136
633.5     0.136
633.75     0.136
634.0     0.136
634.25     0.134
634.5     0.134
634.75     0.134
635.0     0.134
635.25     0.134
635.5     0.134
635.75     0.132
636.0     0.132
636.25     0.132
636.5     0.132
636.75     0.132
637.0     0.132
637.25     0.132
637.5     0.132
637.75     0.132
638.0     0.132
638.25     0.132
638.5     0.132
638.75     0.132
639.0     0.132
639.25     0.13
639.5     0.13
639.75     0.13
640.0     0.13
640.25     0.13
640.5     0.13
640.75     0.13
641.0     0.13
641.25     0.13
641.5     0.13
641.75     0.13
642.0     0.13
642.25     0.13
642.5     0.13
642.75     0.13
643.0     0.13
643.25     0.13
643.5     0.13
643.75     0.13
644.0     0.13
644.25     0.13
644.5     0.13
644.75     0.13
645.0     0.13
645.25     0.13
645.5     0.13
645.75     0.13
646.0     0.13
646.25     0.128
646.5     0.128
646.75     0.128
647.0     0.128
647.25     0.128
647.5     0.128
647.75     0.128
648.0     0.128
648.25     0.128
648.5     0.128
648.75     0.128
649.0     0.128
649.25     0.128
649.5     0.128
649.75     0.128
650.0     0.126
650.25     0.126
650.5     0.126
650.75     0.124
651.0     0.124
651.25     0.124
651.5     0.122
651.75     0.122
652.0     0.122
652.25     0.122
652.5     0.122
652.75     0.122
653.0     0.122
653.25     0.122
653.5     0.122
653.75     0.122
654.0     0.122
654.25     0.122
654.5     0.122
654.75     0.122
655.0     0.122
655.25     0.122
655.5     0.122
655.75     0.122
656.0     0.122
656.25     0.122
656.5     0.122
656.75     0.122
657.0     0.122
657.25     0.122
657.5     0.122
657.75     0.122
658.0     0.122
658.25     0.122
658.5     0.122
658.75     0.122
659.0     0.122
659.25     0.122
659.5     0.122
659.75     0.122
660.0     0.122
660.25     0.122
660.5     0.122
660.75     0.122
661.0     0.122
661.25     0.122
661.5     0.122
661.75     0.122
662.0     0.122
662.25     0.122
662.5     0.122
662.75     0.122
663.0     0.122
663.25     0.122
663.5     0.122
663.75     0.122
664.0     0.122
664.25     0.122
664.5     0.122
664.75     0.122
665.0     0.12
665.25     0.12
665.5     0.12
665.75     0.12
666.0     0.12
666.25     0.12
666.5     0.12
666.75     0.12
667.0     0.12
667.25     0.12
667.5     0.12
667.75     0.12
668.0     0.12
668.25     0.12
668.5     0.12
668.75     0.12
669.0     0.12
669.25     0.12
669.5     0.12
669.75     0.12
670.0     0.12
670.25     0.12
670.5     0.12
670.75     0.12
671.0     0.12
671.25     0.12
671.5     0.118
671.75     0.118
672.0     0.118
672.25     0.118
672.5     0.118
672.75     0.118
673.0     0.118
673.25     0.118
673.5     0.118
673.75     0.118
674.0     0.118
674.25     0.118
674.5     0.116
674.75     0.116
675.0     0.116
675.25     0.116
675.5     0.116
675.75     0.116
676.0     0.116
676.25     0.116
676.5     0.116
676.75     0.116
677.0     0.116
677.25     0.116
677.5     0.116
677.75     0.116
678.0     0.116
678.25     0.116
678.5     0.116
678.75     0.116
679.0     0.116
679.25     0.116
679.5     0.116
679.75     0.116
680.0     0.116
680.25     0.116
680.5     0.116
680.75     0.116
681.0     0.116
681.25     0.116
681.5     0.116
681.75     0.116
682.0     0.116
682.25     0.116
682.5     0.116
682.75     0.116
683.0     0.116
683.25     0.116
683.5     0.114
683.75     0.114
684.0     0.114
684.25     0.114
684.5     0.114
684.75     0.114
685.0     0.114
685.25     0.114
685.5     0.114
685.75     0.114
686.0     0.114
686.25     0.114
686.5     0.114
686.75     0.114
687.0     0.114
687.25     0.114
687.5     0.114
687.75     0.114
688.0     0.114
688.25     0.114
688.5     0.114
688.75     0.114
689.0     0.114
689.25     0.114
689.5     0.114
689.75     0.114
690.0     0.114
690.25     0.114
690.5     0.114
690.75     0.114
691.0     0.114
691.25     0.114
691.5     0.114
691.75     0.114
692.0     0.114
692.25     0.114
692.5     0.114
692.75     0.114
693.0     0.114
693.25     0.114
693.5     0.114
693.75     0.114
694.0     0.114
694.25     0.114
694.5     0.114
694.75     0.114
695.0     0.114
695.25     0.114
695.5     0.114
695.75     0.114
696.0     0.114
696.25     0.114
696.5     0.114
696.75     0.114
697.0     0.114
697.25     0.114
697.5     0.114
697.75     0.114
698.0     0.114
698.25     0.114
698.5     0.114
698.75     0.114
699.0     0.114
699.25     0.114
699.5     0.114
699.75     0.114
700.0     0.114
700.25     0.114
700.5     0.112
700.75     0.112
701.0     0.112
701.25     0.112
701.5     0.112
701.75     0.112
702.0     0.112
702.25     0.112
702.5     0.112
702.75     0.112
703.0     0.112
703.25     0.112
703.5     0.112
703.75     0.112
704.0     0.112
704.25     0.112
704.5     0.112
704.75     0.112
705.0     0.112
705.25     0.112
705.5     0.112
705.75     0.112
706.0     0.112
706.25     0.112
706.5     0.112
706.75     0.112
707.0     0.112
707.25     0.112
707.5     0.112
707.75     0.112
708.0     0.112
708.25     0.112
708.5     0.112
708.75     0.112
709.0     0.112
709.25     0.112
709.5     0.112
709.75     0.112
710.0     0.112
710.25     0.112
710.5     0.112
710.75     0.112
711.0     0.112
711.25     0.112
711.5     0.112
711.75     0.112
712.0     0.112
712.25     0.112
712.5     0.112
712.75     0.112
713.0     0.112
713.25     0.112
713.5     0.112
713.75     0.112
714.0     0.112
714.25     0.112
714.5     0.112
714.75     0.112
715.0     0.112
715.25     0.112
715.5     0.112
715.75     0.112
716.0     0.112
716.25     0.112
716.5     0.112
716.75     0.112
717.0     0.112
717.25     0.11
717.5     0.11
717.75     0.11
718.0     0.11
718.25     0.11
718.5     0.11
718.75     0.11
719.0     0.11
719.25     0.11
719.5     0.11
719.75     0.11
720.0     0.11
720.25     0.11
720.5     0.11
720.75     0.11
721.0     0.11
721.25     0.11
721.5     0.11
721.75     0.11
722.0     0.11
722.25     0.11
722.5     0.11
722.75     0.11
723.0     0.11
723.25     0.11
723.5     0.11
723.75     0.11
724.0     0.11
724.25     0.11
724.5     0.11
724.75     0.11
725.0     0.11
725.25     0.11
725.5     0.11
725.75     0.11
726.0     0.11
726.25     0.11
726.5     0.11
726.75     0.11
727.0     0.11
727.25     0.11
727.5     0.11
727.75     0.11
728.0     0.11
728.25     0.11
728.5     0.11
728.75     0.11
729.0     0.11
729.25     0.11
729.5     0.11
729.75     0.11
730.0     0.11
730.25     0.11
730.5     0.11
730.75     0.11
731.0     0.11
731.25     0.11
731.5     0.11
731.75     0.11
732.0     0.11
732.25     0.11
732.5     0.11
732.75     0.11
733.0     0.11
733.25     0.11
733.5     0.11
733.75     0.11
734.0     0.11
734.25     0.11
734.5     0.11
734.75     0.11
735.0     0.11
735.25     0.11
735.5     0.11
735.75     0.11
736.0     0.11
736.25     0.112
736.5     0.112
736.75     0.112
737.0     0.112
737.25     0.112
737.5     0.112
737.75     0.112
738.0     0.112
738.25     0.112
738.5     0.11
738.75     0.11
739.0     0.11
739.25     0.11
739.5     0.108
739.75     0.106
740.0     0.106
740.25     0.106
740.5     0.106
740.75     0.106
741.0     0.106
741.25     0.106
741.5     0.106
741.75     0.106
742.0     0.106
742.25     0.106
742.5     0.106
742.75     0.106
743.0     0.106
743.25     0.106
743.5     0.106
743.75     0.106
744.0     0.106
744.25     0.106
744.5     0.106
744.75     0.106
745.0     0.106
745.25     0.106
745.5     0.106
745.75     0.106
746.0     0.106
746.25     0.106
746.5     0.106
746.75     0.106
747.0     0.106
747.25     0.106
747.5     0.106
747.75     0.106
748.0     0.106
748.25     0.106
748.5     0.106
748.75     0.106
749.0     0.106
749.25     0.106
749.5     0.106
749.75     0.106
750.0     0.106
750.25     0.106
750.5     0.106
750.75     0.106
751.0     0.106
751.25     0.106
751.5     0.106
751.75     0.104
752.0     0.104
752.25     0.102
752.5     0.102
752.75     0.102
753.0     0.102
753.25     0.102
753.5     0.102
753.75     0.102
754.0     0.102
754.25     0.102
754.5     0.102
754.75     0.102
755.0     0.102
755.25     0.102
755.5     0.102
755.75     0.102
756.0     0.102
756.25     0.102
756.5     0.102
756.75     0.102
757.0     0.102
757.25     0.102
757.5     0.102
757.75     0.102
758.0     0.102
758.25     0.102
758.5     0.102
758.75     0.102
759.0     0.102
759.25     0.102
759.5     0.102
759.75     0.102
760.0     0.102
760.25     0.102
760.5     0.102
760.75     0.102
761.0     0.102
761.25     0.102
761.5     0.102
761.75     0.102
762.0     0.102
762.25     0.102
762.5     0.102
762.75     0.102
763.0     0.102
763.25     0.102
763.5     0.102
763.75     0.102
764.0     0.102
764.25     0.102
764.5     0.102
764.75     0.102
765.0     0.102
765.25     0.102
765.5     0.102
765.75     0.102
766.0     0.102
766.25     0.102
766.5     0.102
766.75     0.102
767.0     0.102
767.25     0.102
767.5     0.102
767.75     0.102
768.0     0.102
768.25     0.102
768.5     0.102
768.75     0.102
769.0     0.102
769.25     0.102
769.5     0.102
769.75     0.102
770.0     0.102
770.25     0.102
770.5     0.102
770.75     0.102
771.0     0.102
771.25     0.102
771.5     0.102
771.75     0.102
772.0     0.102
772.25     0.102
772.5     0.102
772.75     0.102
773.0     0.102
773.25     0.102
773.5     0.102
773.75     0.102
774.0     0.102
774.25     0.102
774.5     0.102
774.75     0.102
775.0     0.102
775.25     0.102
775.5     0.102
775.75     0.102
776.0     0.102
776.25     0.102
776.5     0.102
776.75     0.102
777.0     0.102
777.25     0.102
777.5     0.102
777.75     0.102
778.0     0.102
778.25     0.102
778.5     0.102
778.75     0.102
779.0     0.102
779.25     0.102
779.5     0.1
779.75     0.1
780.0     0.1
780.25     0.1
780.5     0.1
780.75     0.1
781.0     0.1
781.25     0.1
781.5     0.1
781.75     0.1
782.0     0.1
782.25     0.1
782.5     0.1
782.75     0.1
783.0     0.1
783.25     0.1
783.5     0.1
783.75     0.1
784.0     0.1
784.25     0.1
784.5     0.1
784.75     0.1
785.0     0.1
785.25     0.1
785.5     0.1
785.75     0.1
786.0     0.1
786.25     0.1
786.5     0.1
786.75     0.1
787.0     0.1
787.25     0.1
787.5     0.1
787.75     0.1
788.0     0.1
788.25     0.1
788.5     0.1
788.75     0.1
789.0     0.1
789.25     0.1
789.5     0.1
789.75     0.1
790.0     0.1
790.25     0.1
790.5     0.1
790.75     0.1
791.0     0.1
791.25     0.1
791.5     0.1
791.75     0.1
792.0     0.1
792.25     0.1
792.5     0.1
792.75     0.1
793.0     0.1
793.25     0.1
793.5     0.1
793.75     0.1
794.0     0.1
794.25     0.1
794.5     0.1
794.75     0.1
795.0     0.1
795.25     0.1
795.5     0.1
795.75     0.1
796.0     0.1
796.25     0.1
796.5     0.1
796.75     0.1
797.0     0.1
797.25     0.1
797.5     0.1
797.75     0.1
798.0     0.1
798.25     0.1
798.5     0.1
798.75     0.1
799.0     0.1
799.25     0.1
799.5     0.1
799.75     0.1
800.0     0.1
800.25     0.1
800.5     0.1
800.75     0.1
801.0     0.1
801.25     0.1
801.5     0.1
801.75     0.1
802.0     0.1
802.25     0.1
802.5     0.1
802.75     0.1
803.0     0.1
803.25     0.1
803.5     0.1
803.75     0.1
804.0     0.1
804.25     0.1
804.5     0.1
804.75     0.098
805.0     0.098
805.25     0.098
805.5     0.098
805.75     0.098
806.0     0.098
806.25     0.098
806.5     0.098
806.75     0.098
807.0     0.098
807.25     0.098
807.5     0.098
807.75     0.098
808.0     0.098
808.25     0.098
808.5     0.098
808.75     0.098
809.0     0.098
809.25     0.098
809.5     0.098
809.75     0.098
810.0     0.098
810.25     0.098
810.5     0.098
810.75     0.098
811.0     0.098
811.25     0.098
811.5     0.098
811.75     0.098
812.0     0.098
812.25     0.098
812.5     0.098
812.75     0.098
813.0     0.098
813.25     0.098
813.5     0.098
813.75     0.098
814.0     0.098
814.25     0.098
814.5     0.098
814.75     0.098
815.0     0.098
815.25     0.098
815.5     0.098
815.75     0.098
816.0     0.098
816.25     0.098
816.5     0.098
816.75     0.098
817.0     0.098
817.25     0.098
817.5     0.098
817.75     0.098
818.0     0.098
818.25     0.096
818.5     0.096
818.75     0.096
819.0     0.096
819.25     0.096
819.5     0.096
819.75     0.096
820.0     0.096
820.25     0.096
820.5     0.096
820.75     0.096
821.0     0.096
821.25     0.096
821.5     0.096
821.75     0.096
822.0     0.096
822.25     0.096
822.5     0.096
822.75     0.096
823.0     0.096
823.25     0.096
823.5     0.096
823.75     0.096
824.0     0.096
824.25     0.096
824.5     0.096
824.75     0.096
825.0     0.096
825.25     0.096
825.5     0.094
825.75     0.094
826.0     0.094
826.25     0.094
826.5     0.094
826.75     0.094
827.0     0.094
827.25     0.094
827.5     0.094
827.75     0.094
828.0     0.094
828.25     0.094
828.5     0.094
828.75     0.094
829.0     0.094
829.25     0.094
829.5     0.094
829.75     0.094
830.0     0.094
830.25     0.094
830.5     0.094
830.75     0.094
831.0     0.094
831.25     0.094
831.5     0.094
831.75     0.094
832.0     0.094
832.25     0.094
832.5     0.094
832.75     0.094
833.0     0.094
833.25     0.094
833.5     0.094
833.75     0.094
834.0     0.094
834.25     0.094
834.5     0.094
834.75     0.094
835.0     0.094
835.25     0.094
835.5     0.094
835.75     0.092
836.0     0.092
836.25     0.092
836.5     0.092
836.75     0.092
837.0     0.092
837.25     0.092
837.5     0.092
837.75     0.09
838.0     0.09
838.25     0.09
838.5     0.09
838.75     0.09
839.0     0.09
839.25     0.09
839.5     0.09
839.75     0.09
840.0     0.09
840.25     0.09
840.5     0.09
840.75     0.09
841.0     0.09
841.25     0.09
841.5     0.09
841.75     0.09
842.0     0.09
842.25     0.09
842.5     0.09
842.75     0.09
843.0     0.09
843.25     0.09
843.5     0.09
843.75     0.09
844.0     0.09
844.25     0.09
844.5     0.09
844.75     0.09
845.0     0.09
845.25     0.09
845.5     0.09
845.75     0.09
846.0     0.09
846.25     0.09
846.5     0.09
846.75     0.09
847.0     0.09
847.25     0.09
847.5     0.09
847.75     0.09
848.0     0.09
848.25     0.09
848.5     0.09
848.75     0.09
849.0     0.09
849.25     0.09
849.5     0.09
849.75     0.09
850.0     0.09
850.25     0.09
850.5     0.09
850.75     0.09
851.0     0.09
851.25     0.09
851.5     0.09
851.75     0.09
852.0     0.09
852.25     0.09
852.5     0.09
852.75     0.09
853.0     0.09
853.25     0.09
853.5     0.09
853.75     0.09
854.0     0.09
854.25     0.09
854.5     0.09
854.75     0.09
855.0     0.09
855.25     0.09
855.5     0.09
855.75     0.09
856.0     0.09
856.25     0.09
856.5     0.09
856.75     0.09
857.0     0.09
857.25     0.09
857.5     0.09
857.75     0.09
858.0     0.09
858.25     0.09
858.5     0.09
858.75     0.09
859.0     0.09
859.25     0.09
859.5     0.09
859.75     0.09
860.0     0.09
860.25     0.09
860.5     0.09
860.75     0.088
861.0     0.088
861.25     0.088
861.5     0.088
861.75     0.088
862.0     0.088
862.25     0.088
862.5     0.088
862.75     0.088
863.0     0.088
863.25     0.088
863.5     0.088
863.75     0.088
864.0     0.088
864.25     0.088
864.5     0.088
864.75     0.088
865.0     0.088
865.25     0.088
865.5     0.088
865.75     0.088
866.0     0.088
866.25     0.088
866.5     0.088
866.75     0.088
867.0     0.088
867.25     0.088
867.5     0.088
867.75     0.088
868.0     0.088
868.25     0.088
868.5     0.088
868.75     0.088
869.0     0.088
869.25     0.088
869.5     0.088
869.75     0.088
870.0     0.088
870.25     0.088
870.5     0.088
870.75     0.088
871.0     0.088
871.25     0.088
871.5     0.088
871.75     0.088
872.0     0.088
872.25     0.088
872.5     0.088
872.75     0.088
873.0     0.088
873.25     0.088
873.5     0.088
873.75     0.088
874.0     0.088
874.25     0.088
874.5     0.088
874.75     0.088
875.0     0.088
875.25     0.088
875.5     0.088
875.75     0.088
876.0     0.088
876.25     0.088
876.5     0.088
876.75     0.088
877.0     0.088
877.25     0.088
877.5     0.088
877.75     0.088
878.0     0.088
878.25     0.088
878.5     0.088
878.75     0.086
879.0     0.086
879.25     0.086
879.5     0.086
879.75     0.086
880.0     0.086
880.25     0.086
880.5     0.086
880.75     0.086
881.0     0.086
881.25     0.086
881.5     0.086
881.75     0.086
882.0     0.086
882.25     0.086
882.5     0.086
882.75     0.084
883.0     0.084
883.25     0.084
883.5     0.084
883.75     0.084
884.0     0.084
884.25     0.084
884.5     0.084
884.75     0.084
885.0     0.084
885.25     0.084
885.5     0.084
885.75     0.084
886.0     0.084
886.25     0.084
886.5     0.084
886.75     0.084
887.0     0.084
887.25     0.084
887.5     0.084
887.75     0.084
888.0     0.084
888.25     0.084
888.5     0.084
888.75     0.084
889.0     0.084
889.25     0.084
889.5     0.084
889.75     0.084
890.0     0.084
890.25     0.084
890.5     0.084
890.75     0.084
891.0     0.084
891.25     0.084
891.5     0.084
891.75     0.084
892.0     0.084
892.25     0.084
892.5     0.084
892.75     0.084
893.0     0.084
893.25     0.084
893.5     0.084
893.75     0.084
894.0     0.084
894.25     0.082
894.5     0.082
894.75     0.082
895.0     0.082
895.25     0.082
895.5     0.082
895.75     0.082
896.0     0.082
896.25     0.082
896.5     0.082
896.75     0.082
897.0     0.082
897.25     0.082
897.5     0.082
897.75     0.082
898.0     0.082
898.25     0.082
898.5     0.082
898.75     0.082
899.0     0.082
899.25     0.082
899.5     0.082
899.75     0.082
900.0     0.082
900.25     0.082
900.5     0.082
900.75     0.082
901.0     0.082
901.25     0.082
901.5     0.082
901.75     0.082
902.0     0.082
902.25     0.082
902.5     0.082
902.75     0.082
903.0     0.082
903.25     0.082
903.5     0.082
903.75     0.082
904.0     0.082
904.25     0.082
904.5     0.082
904.75     0.082
905.0     0.082
905.25     0.082
905.5     0.082
905.75     0.082
906.0     0.082
906.25     0.082
906.5     0.082
906.75     0.082
907.0     0.082
907.25     0.082
907.5     0.082
907.75     0.082
908.0     0.082
908.25     0.082
908.5     0.082
908.75     0.082
909.0     0.082
909.25     0.082
909.5     0.082
909.75     0.082
910.0     0.082
910.25     0.082
910.5     0.082
910.75     0.082
911.0     0.082
911.25     0.082
911.5     0.082
911.75     0.082
912.0     0.082
912.25     0.082
912.5     0.082
912.75     0.082
913.0     0.082
913.25     0.082
913.5     0.082
913.75     0.082
914.0     0.082
914.25     0.082
914.5     0.08
914.75     0.08
915.0     0.08
915.25     0.08
915.5     0.08
915.75     0.08
916.0     0.08
916.25     0.08
916.5     0.08
916.75     0.08
917.0     0.08
917.25     0.08
917.5     0.08
917.75     0.08
918.0     0.08
918.25     0.08
918.5     0.08
918.75     0.08
919.0     0.08
919.25     0.08
919.5     0.08
919.75     0.08
920.0     0.08
920.25     0.08
920.5     0.08
920.75     0.08
921.0     0.08
921.25     0.08
921.5     0.08
921.75     0.08
922.0     0.08
922.25     0.08
922.5     0.08
922.75     0.08
923.0     0.08
923.25     0.08
923.5     0.08
923.75     0.08
924.0     0.08
924.25     0.08
924.5     0.078
924.75     0.078
925.0     0.078
925.25     0.078
925.5     0.078
925.75     0.078
926.0     0.078
926.25     0.078
926.5     0.078
926.75     0.078
927.0     0.078
927.25     0.078
927.5     0.078
927.75     0.078
928.0     0.078
928.25     0.078
928.5     0.078
928.75     0.078
929.0     0.078
929.25     0.078
929.5     0.078
929.75     0.078
930.0     0.078
930.25     0.076
930.5     0.076
930.75     0.076
931.0     0.074
931.25     0.074
931.5     0.074
931.75     0.074
932.0     0.074
932.25     0.074
932.5     0.074
932.75     0.074
933.0     0.074
933.25     0.074
933.5     0.074
933.75     0.074
934.0     0.074
934.25     0.074
934.5     0.074
934.75     0.074
935.0     0.074
935.25     0.074
935.5     0.074
935.75     0.074
936.0     0.074
936.25     0.074
936.5     0.074
936.75     0.074
937.0     0.074
937.25     0.074
937.5     0.074
937.75     0.074
938.0     0.074
938.25     0.074
938.5     0.074
938.75     0.074
939.0     0.072
939.25     0.072
939.5     0.072
939.75     0.072
940.0     0.072
940.25     0.072
940.5     0.072
940.75     0.072
941.0     0.072
941.25     0.072
941.5     0.072
941.75     0.072
942.0     0.072
942.25     0.072
942.5     0.072
942.75     0.072
943.0     0.072
943.25     0.072
943.5     0.072
943.75     0.072
944.0     0.072
944.25     0.072
944.5     0.072
944.75     0.072
945.0     0.072
945.25     0.072
945.5     0.072
945.75     0.07
946.0     0.07
946.25     0.07
946.5     0.07
946.75     0.07
947.0     0.07
947.25     0.07
947.5     0.07
947.75     0.07
948.0     0.07
948.25     0.07
948.5     0.07
948.75     0.07
949.0     0.07
949.25     0.07
949.5     0.07
949.75     0.07
950.0     0.07
950.25     0.07
950.5     0.07
950.75     0.07
951.0     0.07
951.25     0.07
951.5     0.07
951.75     0.07
952.0     0.07
952.25     0.07
952.5     0.07
952.75     0.07
953.0     0.07
953.25     0.07
953.5     0.07
953.75     0.07
954.0     0.07
954.25     0.07
954.5     0.07
954.75     0.068
955.0     0.068
955.25     0.068
955.5     0.068
955.75     0.068
956.0     0.068
956.25     0.068
956.5     0.068
956.75     0.068
957.0     0.068
957.25     0.068
957.5     0.068
957.75     0.068
958.0     0.068
958.25     0.068
958.5     0.068
958.75     0.068
959.0     0.068
959.25     0.068
959.5     0.07
959.75     0.07
960.0     0.07
960.25     0.07
960.5     0.07
960.75     0.07
961.0     0.07
961.25     0.07
961.5     0.07
961.75     0.07
962.0     0.07
962.25     0.07
962.5     0.07
962.75     0.07
963.0     0.07
963.25     0.07
963.5     0.07
963.75     0.07
964.0     0.07
964.25     0.07
964.5     0.07
964.75     0.07
965.0     0.07
965.25     0.07
965.5     0.07
965.75     0.068
966.0     0.068
966.25     0.068
966.5     0.068
966.75     0.068
967.0     0.068
967.25     0.068
967.5     0.068
967.75     0.068
968.0     0.068
968.25     0.068
968.5     0.068
968.75     0.068
969.0     0.068
969.25     0.068
969.5     0.066
969.75     0.068
970.0     0.068
970.25     0.068
970.5     0.068
970.75     0.068
971.0     0.068
971.25     0.068
971.5     0.068
971.75     0.068
972.0     0.068
972.25     0.068
972.5     0.068
972.75     0.068
973.0     0.068
973.25     0.068
973.5     0.068
973.75     0.068
974.0     0.068
974.25     0.068
974.5     0.068
974.75     0.068
975.0     0.068
975.25     0.068
975.5     0.068
975.75     0.068
976.0     0.068
976.25     0.068
976.5     0.068
976.75     0.068
977.0     0.066
977.25     0.066
977.5     0.066
977.75     0.066
978.0     0.066
978.25     0.066
978.5     0.066
978.75     0.066
979.0     0.066
979.25     0.066
979.5     0.066
979.75     0.066
980.0     0.066
980.25     0.066
980.5     0.066
980.75     0.066
981.0     0.066
981.25     0.066
981.5     0.066
981.75     0.066
982.0     0.066
982.25     0.066
982.5     0.066
982.75     0.066
983.0     0.066
983.25     0.066
983.5     0.066
983.75     0.066
984.0     0.066
984.25     0.066
984.5     0.066
984.75     0.066
985.0     0.066
985.25     0.066
985.5     0.066
985.75     0.066
986.0     0.064
986.25     0.064
986.5     0.064
986.75     0.064
987.0     0.064
987.25     0.064
987.5     0.064
987.75     0.064
988.0     0.064
988.25     0.064
988.5     0.064
988.75     0.064
989.0     0.064
989.25     0.064
989.5     0.064
989.75     0.064
990.0     0.064
990.25     0.064
990.5     0.064
990.75     0.064
991.0     0.064
991.25     0.064
991.5     0.064
991.75     0.064
992.0     0.064
992.25     0.064
992.5     0.064
992.75     0.066
993.0     0.066
993.25     0.066
993.5     0.066
993.75     0.066
994.0     0.064
994.25     0.064
994.5     0.064
994.75     0.064
995.0     0.064
995.25     0.064
995.5     0.064
995.75     0.064
996.0     0.064
996.25     0.064
996.5     0.064
996.75     0.064
997.0     0.064
997.25     0.064
997.5     0.064
997.75     0.064
998.0     0.064
998.25     0.064
998.5     0.064
998.75     0.064
999.0     0.064
999.25     0.064
999.5     0.062
999.75     0.062
1000.0     0.062
