  1.0   564.50000
  2.0   209.50000
  3.0   276.75000
  5.0   299.00000
  6.0   267.50000
 10.0   271.25000
 11.0   166.25000
 12.0   268.75000
 13.0   248.00000
 14.0   310.00000
 15.0   348.50000
 16.0     0.00000
 17.0   223.00000
 19.0   267.00000
 20.0   294.00000
 23.0   345.25000
 26.0   258.75000
 27.0   299.25000
 29.0   213.25000
 31.0   264.25000
 32.0   288.75000
 36.0   217.50000
 37.0   330.25000
 38.0   311.50000
 40.0   334.50000
 41.0   262.00000
 42.0   232.75000
 46.0   268.25000
 47.0   255.75000
 48.0   375.50000
 49.0   159.00000
 50.0   250.25000
 51.0   215.25000
 52.0   392.50000
 55.0   278.75000
 57.0   166.50000
 58.0   228.00000
 61.0   255.00000
 62.0   267.75000
 65.0   276.00000
 66.0   312.50000
 67.0   212.00000
 69.0   333.00000
 71.0   169.25000
 72.0   219.00000
 73.0   274.00000
 75.0   262.00000
 76.0   708.75000
 77.0   286.00000
 78.0   160.50000
 81.0   264.50000
 82.0   229.75000
 84.0   324.75000
 86.0   164.50000
 87.0   312.50000
 89.0   269.00000
 90.0   318.25000
 92.0   295.25000
 94.0   717.25000
 96.0   268.00000
 97.0   262.75000
 99.0   452.75000
101.0   241.00000
105.0   217.00000
108.0   257.75000
109.0   216.00000
112.0   402.00000
119.0   385.75000
121.0   262.75000
123.0   583.25000
124.0   218.50000
126.0   161.75000
128.0   262.00000
129.0   222.00000
132.0   315.00000
140.0   264.25000
141.0   352.00000
142.0   232.25000
143.0   256.00000
144.0   227.50000
147.0   264.50000
152.0   254.50000
153.0   231.25000
154.0   269.25000
155.0   315.00000
156.0   262.75000
157.0   345.75000
158.0   376.00000
159.0   262.75000
160.0   331.75000
161.0   399.25000
163.0   311.75000
164.0   267.25000
165.0   265.50000
167.0   284.00000
168.0   344.75000
169.0   168.00000
170.0   261.00000
172.0   305.75000
173.0   319.25000
174.0   254.75000
175.0   190.75000
177.0   264.00000
179.0   357.75000
180.0   234.00000
182.0   228.50000
183.0   167.00000
188.0   259.25000
191.0   261.50000
192.0   212.50000
195.0   389.50000
196.0   214.25000
199.0   180.50000
201.0   231.75000
202.0   261.00000
203.0   361.25000
207.0   356.50000
208.0   266.25000
209.0   456.75000
210.0   263.50000
211.0   445.50000
216.0   351.50000
217.0   270.75000
219.0   266.00000
224.0   266.75000
226.0   421.75000
227.0   272.25000
228.0   291.75000
229.0   285.75000
230.0   218.50000
231.0   313.75000
233.0   214.00000
234.0   212.50000
235.0   165.50000
237.0   263.75000
240.0   219.50000
241.0   276.00000
242.0   261.75000
245.0   217.50000
248.0   260.00000
251.0   210.25000
252.0   174.75000
253.0   312.50000
254.0   170.75000
255.0   301.00000
258.0   281.75000
260.0   262.50000
263.0   389.75000
264.0   166.75000
265.0   176.00000
266.0   424.00000
267.0   465.25000
270.0   246.50000
272.0   307.75000
273.0   290.00000
274.0   460.00000
276.0   224.25000
278.0   304.25000
280.0   270.50000
281.0   325.00000
283.0   267.00000
285.0   259.25000
286.0   292.50000
288.0   167.00000
290.0   226.00000
291.0   162.75000
293.0   325.50000
294.0   177.00000
297.0   289.25000
298.0   312.75000
300.0   269.50000
301.0   307.50000
302.0   276.50000
307.0   290.50000
308.0   370.75000
310.0   270.75000
311.0   338.50000
314.0   240.25000
317.0   228.00000
321.0   293.25000
324.0   161.25000
325.0   434.50000
328.0   167.00000
329.0   173.75000
330.0   258.00000
332.0   269.75000
333.0   236.25000
335.0   250.00000
336.0   167.00000
337.0   254.00000
338.0   257.50000
339.0   217.00000
340.0   171.50000
343.0   328.50000
346.0   162.75000
347.0   294.50000
348.0   167.00000
349.0   263.00000
350.0   166.75000
351.0   172.00000
352.0   344.25000
353.0   262.25000
354.0   253.00000
357.0   167.25000
358.0   292.50000
361.0   255.50000
366.0   310.00000
369.0   255.50000
371.0   307.50000
372.0   264.75000
375.0   161.25000
376.0   263.00000
377.0   167.75000
379.0   216.00000
380.0   167.25000
381.0   240.75000
395.0   278.25000
396.0   310.00000
397.0   264.25000
400.0   322.50000
402.0   213.25000
404.0   291.50000
410.0   263.50000
413.0   383.00000
414.0   271.50000
415.0   219.75000
416.0   270.50000
417.0   211.75000
419.0   398.50000
421.0   337.75000
423.0   408.25000
425.0   217.50000
426.0   257.00000
429.0   204.00000
433.0   311.75000
434.0   315.00000
435.0   271.50000
436.0   409.75000
441.0   280.00000
442.0   195.25000
443.0   302.50000
446.0   257.25000
447.0   236.25000
449.0   247.75000
451.0     0.00000
452.0   359.50000
453.0   266.75000
456.0   251.25000
457.0   353.25000
458.0   170.50000
459.0   282.25000
462.0   264.25000
463.0   353.75000
464.0   246.00000
465.0   334.25000
467.0   263.25000
468.0   164.00000
469.0   222.50000
471.0   167.75000
473.0   168.25000
474.0   286.50000
478.0   311.75000
479.0   267.75000
481.0   179.25000
484.0   234.00000
485.0   315.00000
486.0   255.50000
491.0   205.75000
493.0   220.75000
494.0   314.00000
495.0   218.25000
496.0   170.25000
500.0   337.25000
