  1.0    57.73816
  2.0    93.74466
  3.0    97.89727
  5.0    92.02737
  6.0    92.60130
 10.0    72.87614
 11.0   102.49153
 12.0    94.40330
 13.0    70.34923
 14.0    82.99096
 15.0    90.17608
 16.0    75.36364
 17.0    97.82093
 19.0   104.58568
 20.0    91.45397
 23.0    87.19888
 26.0    95.45334
 27.0    95.29452
 29.0    97.75213
 31.0    97.83511
 32.0    49.30287
 36.0    97.14856
 37.0    86.65852
 38.0    88.46632
 40.0    90.33562
 41.0    91.04092
 42.0    97.54808
 46.0    95.47446
 47.0    89.83110
 48.0    85.14004
 49.0    98.91636
 50.0    96.36119
 51.0    94.79489
 52.0    66.15585
 55.0    87.11649
 57.0    97.82006
 58.0    98.39345
 61.0    97.10775
 62.0    89.92213
 65.0    76.53276
 66.0   100.95077
 67.0    87.87733
 69.0    72.62598
 71.0   103.23770
 72.0    93.58530
 73.0    74.32427
 75.0    94.95784
 76.0    86.83086
 77.0    76.54090
 78.0   101.06764
 81.0    81.15091
 82.0    83.99181
 84.0    90.17781
 86.0   100.41900
 87.0    92.59523
 89.0    99.22709
 90.0    92.76936
 92.0    96.60294
 94.0    99.00990
 96.0    96.15341
 97.0    95.42309
 99.0    81.86143
101.0    80.01467
105.0    96.80805
108.0    93.30752
109.0    95.01839
112.0    89.43332
119.0    95.55977
121.0   100.63029
123.0    88.99763
124.0    91.15604
126.0    97.90238
128.0    95.11241
129.0    93.01814
132.0    94.04419
140.0    98.17560
141.0    92.38068
142.0    69.97554
143.0    91.18851
144.0   101.34431
147.0    99.49112
152.0    93.87074
153.0    91.90465
154.0    97.33966
155.0    96.46641
156.0    98.15976
157.0    58.43806
158.0    91.50034
159.0    96.59210
160.0    70.65615
161.0    96.04213
163.0    89.86173
164.0    98.98476
165.0    92.27043
167.0   102.73302
168.0    61.18198
169.0    99.55177
170.0   100.25535
172.0    92.53505
173.0    77.65736
174.0    94.98694
175.0    98.14102
177.0    98.15141
179.0    79.36030
180.0    97.89905
182.0    97.17082
183.0    96.41096
188.0    90.41655
191.0    98.17597
192.0   106.34434
195.0    93.78661
196.0    98.77968
199.0    91.90558
201.0    96.80133
202.0    98.03419
203.0    96.74776
207.0    93.03400
208.0    95.13817
209.0    86.91695
210.0    96.44801
211.0    67.06565
216.0    87.37390
217.0    84.19469
219.0    92.18121
224.0    98.80635
226.0    68.10204
227.0   100.76161
228.0    92.27563
229.0    76.07628
230.0    94.37772
231.0    90.83927
233.0    90.11288
234.0    91.76469
235.0    98.73616
237.0    96.17362
240.0    94.90317
241.0    98.12908
242.0   100.25587
245.0    96.37522
248.0    95.53281
251.0    91.76962
252.0    98.32939
253.0    89.66691
254.0   103.15279
255.0    89.30385
258.0    85.21304
260.0    94.49186
263.0    98.66059
264.0   102.75920
265.0    95.85991
266.0    56.94723
267.0    81.73062
270.0    90.94399
272.0    90.31653
273.0    91.75419
274.0    90.55781
276.0    93.51330
278.0    97.98409
280.0    92.13808
281.0    85.93582
283.0    99.93789
285.0    93.81630
286.0    95.56032
288.0   100.44949
290.0    92.78670
291.0    95.72322
293.0    94.30291
294.0    85.14497
297.0    86.91227
298.0    91.66847
300.0    95.14917
301.0    92.85304
302.0    97.57981
307.0    89.84475
308.0    90.37650
310.0   101.22608
311.0    94.80129
314.0    92.85628
317.0   100.11923
321.0    93.64248
324.0    99.66181
325.0    75.52424
328.0   100.66171
329.0    99.42456
330.0    96.69825
332.0    91.85423
333.0    73.11706
335.0    97.00519
336.0    97.84185
337.0    95.97798
338.0    94.55030
339.0    92.75641
340.0    96.06339
343.0    93.47106
346.0    97.78265
347.0    87.63723
348.0   104.43122
349.0    97.89377
350.0    99.47321
351.0    94.32558
352.0    93.09759
353.0    91.42272
354.0   108.54983
357.0    95.84473
358.0    94.52687
361.0    93.50735
366.0    91.14525
369.0    94.38615
371.0   100.41265
372.0   101.39508
375.0   100.33834
376.0    94.00809
377.0    98.65319
379.0    94.65295
380.0   102.80319
381.0    89.81521
395.0    98.15380
396.0    88.58392
397.0    98.33249
400.0    87.99639
402.0    94.10507
404.0    89.75477
410.0    97.20724
413.0    94.97241
414.0    79.68889
415.0   101.94574
416.0    98.06196
417.0    93.02544
419.0    44.06413
421.0    92.13840
423.0    94.90957
425.0    91.98957
426.0    98.93865
429.0    96.86264
433.0    94.37451
434.0   104.84419
435.0    89.59508
436.0    69.87188
441.0    98.48742
442.0    96.65711
443.0    68.50248
446.0    95.56437
447.0    81.36943
449.0    81.78960
451.0   112.00260
452.0    89.22378
453.0    95.53752
456.0    89.95058
457.0    93.60086
458.0   105.36895
459.0    88.32990
462.0   102.14884
463.0    91.25789
464.0    90.01418
465.0    81.89212
467.0    99.18527
468.0    98.09829
469.0    91.43407
471.0    95.16581
473.0   108.21950
474.0   100.06025
478.0    81.36459
479.0    99.00671
481.0   101.56657
484.0    90.03475
485.0    93.05610
486.0    97.71355
491.0   102.98833
493.0    92.92342
494.0    90.23240
495.0    93.47751
496.0    94.18761
500.0    89.24315
