  4.0   182.50000
  7.0   170.25000
  8.0   279.50000
  9.0   188.25000
 18.0   177.25000
 21.0   170.75000
 22.0   214.50000
 24.0   325.00000
 25.0   223.00000
 28.0   242.00000
 30.0   282.00000
 33.0   184.50000
 34.0   279.75000
 35.0   209.50000
 39.0   416.25000
 43.0   180.25000
 44.0   267.50000
 45.0   186.75000
 53.0   236.25000
 54.0   293.75000
 56.0   347.00000
 59.0   219.00000
 60.0   179.25000
 63.0   226.75000
 64.0   207.50000
 68.0   285.25000
 70.0   190.50000
 74.0   227.75000
 79.0   318.25000
 80.0   291.50000
 83.0   359.50000
 85.0   206.00000
 88.0   204.25000
 91.0   296.50000
 93.0   369.50000
 95.0   231.00000
 98.0   297.75000
100.0   186.75000
102.0   238.50000
103.0   234.00000
104.0   198.75000
106.0   176.25000
107.0   248.25000
110.0   260.25000
111.0   287.00000
113.0   298.25000
114.0   183.25000
115.0   184.75000
116.0   184.50000
117.0   323.25000
118.0   269.75000
120.0   164.50000
122.0   229.00000
125.0   271.75000
127.0    74.50000
130.0   189.50000
131.0   336.75000
133.0   165.25000
134.0   247.75000
135.0   359.25000
136.0   223.50000
137.0   189.25000
138.0   268.00000
139.0   324.50000
145.0   325.25000
146.0   236.00000
148.0   169.75000
149.0   198.25000
150.0   266.00000
151.0   294.50000
162.0   174.75000
166.0   213.50000
171.0   243.75000
176.0   184.75000
178.0   298.25000
181.0   191.25000
184.0   190.25000
185.0   272.00000
186.0   317.25000
187.0   358.00000
189.0   271.75000
190.0   302.50000
193.0   186.50000
194.0   286.50000
197.0   355.50000
198.0   222.75000
200.0   276.25000
204.0   263.75000
205.0   376.00000
206.0   141.50000
212.0   163.25000
213.0   289.75000
214.0   274.75000
215.0   170.25000
218.0   321.00000
220.0   366.50000
221.0   226.75000
222.0   234.75000
223.0   169.50000
225.0   289.75000
232.0   177.25000
236.0   172.75000
238.0   166.50000
239.0   283.00000
243.0   244.25000
244.0   310.00000
246.0   181.00000
247.0   429.75000
249.0   295.50000
250.0   321.50000
256.0   289.75000
257.0   254.50000
259.0   341.00000
261.0   182.50000
262.0   159.00000
268.0   249.75000
269.0   183.25000
271.0   287.25000
275.0   278.50000
277.0   174.50000
279.0   222.50000
282.0   183.25000
284.0   169.50000
287.0   187.75000
289.0   163.75000
292.0   281.50000
295.0   298.25000
296.0   214.00000
299.0    76.00000
303.0   237.75000
304.0   226.00000
305.0   298.25000
306.0   251.00000
309.0   165.50000
312.0   304.25000
313.0   237.75000
315.0   174.50000
316.0   248.25000
318.0   171.75000
319.0   186.50000
320.0   194.25000
322.0   211.25000
323.0   172.75000
326.0   186.25000
327.0   229.00000
331.0   182.00000
334.0   194.75000
341.0   141.50000
342.0   253.50000
344.0   293.00000
345.0   178.75000
355.0   184.75000
356.0   364.50000
359.0   225.25000
360.0   262.50000
362.0   171.50000
363.0   404.50000
364.0   196.25000
365.0   167.75000
367.0   173.50000
368.0   170.25000
370.0   212.50000
373.0   259.75000
374.0   294.00000
378.0   236.75000
382.0   269.75000
383.0   204.50000
384.0   171.00000
385.0   281.75000
386.0   264.00000
387.0   227.25000
388.0   170.75000
389.0   171.25000
390.0   229.00000
391.0   229.75000
392.0   281.75000
393.0   299.75000
394.0   316.25000
398.0   188.75000
399.0   291.00000
401.0   161.50000
403.0   187.00000
405.0   180.25000
406.0   166.50000
407.0   236.00000
408.0   234.75000
409.0   236.25000
411.0   233.25000
412.0   235.50000
418.0   234.00000
420.0   295.75000
422.0   223.25000
424.0   195.25000
427.0   171.50000
428.0   166.50000
430.0   180.00000
431.0   279.50000
432.0   457.75000
437.0   326.75000
438.0   195.50000
439.0   251.00000
440.0   234.75000
444.0   288.25000
445.0   176.50000
448.0   470.75000
450.0   232.75000
454.0    72.00000
455.0   343.00000
460.0   283.75000
461.0   186.00000
466.0   216.00000
470.0   298.50000
472.0   170.00000
475.0   185.75000
476.0   177.75000
477.0   271.00000
480.0   294.50000
482.0   186.25000
483.0   289.00000
487.0   295.75000
488.0   226.00000
489.0   285.50000
490.0   402.75000
492.0   245.00000
497.0   201.25000
498.0   224.50000
499.0   300.50000
