  4.0   111.76385
  7.0   100.83773
  8.0   103.33284
  9.0   101.90483
 18.0   114.87314
 21.0   115.00916
 22.0   120.69714
 24.0   101.10293
 25.0   101.48456
 28.0    97.04035
 30.0   104.02522
 33.0   118.23477
 34.0    94.68270
 35.0   101.15476
 39.0    97.17151
 43.0   109.39554
 44.0   101.15498
 45.0    97.76185
 53.0    97.35380
 54.0    93.35664
 56.0    99.07175
 59.0    95.44237
 60.0   127.78800
 63.0   101.08773
 64.0   137.04679
 68.0   101.21765
 70.0    99.01033
 74.0   108.13756
 79.0    98.52081
 80.0   115.61762
 83.0   101.23326
 85.0   103.64227
 88.0   121.32682
 91.0    93.96192
 93.0   100.19902
 95.0   107.48869
 98.0    90.51441
100.0   125.91116
102.0    96.35190
103.0    92.44160
104.0   117.47954
106.0   116.67986
107.0   113.98392
110.0   139.03135
111.0    92.24145
113.0    95.35190
114.0   100.28098
115.0   117.67907
116.0   109.23151
117.0    91.51818
118.0   101.00838
120.0   103.74969
122.0   101.92836
125.0   105.55473
127.0   126.84964
130.0   116.11046
131.0   120.75694
133.0   107.93751
134.0   141.79114
135.0   100.68623
136.0   108.81390
137.0   103.46271
138.0    97.20607
139.0    92.00691
145.0    94.94298
146.0    99.64446
148.0   113.53655
149.0   131.55002
150.0   105.88657
151.0    94.47218
162.0   103.80190
166.0   107.84569
171.0   121.78625
176.0   101.97594
178.0    97.92276
181.0    95.69821
184.0    99.62900
185.0   103.22990
186.0   107.43065
187.0   129.46655
189.0   101.59205
190.0    99.36086
193.0    99.52113
194.0    95.38528
197.0   105.03830
198.0   112.25463
200.0   108.65442
204.0   109.49158
205.0    93.03445
206.0   125.96996
212.0   108.10450
213.0    91.86030
214.0   101.10656
215.0   108.27052
218.0    95.98383
220.0    97.38592
221.0   105.29660
222.0    91.53876
223.0   110.72138
225.0    99.93972
232.0   108.69157
236.0   106.62323
238.0   110.53796
239.0   124.98899
243.0   108.79051
244.0    97.24185
246.0   104.47622
247.0   139.62481
249.0    93.50638
250.0   102.09633
256.0    99.43883
257.0   112.54706
259.0   119.19491
261.0   108.96194
262.0   106.88565
268.0    91.49724
269.0    97.96089
271.0    97.79033
275.0   116.45734
277.0   103.43267
279.0   120.99971
282.0   116.35205
284.0   102.73230
287.0   141.80883
289.0   111.00771
292.0    97.73787
295.0   108.98694
296.0   105.20917
299.0   127.53269
303.0   100.46191
304.0    99.05409
305.0    94.18902
306.0   118.32864
309.0   119.26439
312.0    93.98340
313.0   108.03014
315.0   104.92237
316.0    98.24170
318.0   102.53990
319.0   105.39943
320.0    95.17566
322.0   110.72426
323.0   106.96301
326.0   114.64546
327.0   100.66419
331.0   109.18552
334.0    99.15071
341.0   108.81829
342.0   111.16317
344.0    92.28679
345.0   105.91061
355.0    98.62511
356.0   111.33987
359.0   101.37601
360.0    95.34067
362.0    99.20453
363.0   100.08785
364.0   109.33115
365.0   107.05166
367.0    99.04123
368.0   104.90440
370.0   106.08322
373.0    94.69889
374.0    94.35484
378.0    94.60028
382.0    99.82927
383.0   105.91825
384.0   104.14144
385.0   101.30608
386.0   107.21116
387.0   106.69100
388.0   104.34603
389.0   107.58894
390.0   108.51608
391.0    97.76983
392.0   106.79746
393.0    95.90353
394.0    90.14474
398.0    94.65546
399.0    98.57798
401.0   102.47034
403.0    98.20746
405.0   113.16354
406.0    97.46655
407.0   104.31461
408.0   101.36794
409.0   113.39243
411.0    95.95434
412.0    98.73964
418.0   110.40164
420.0    93.62897
422.0    98.20083
424.0   138.28093
427.0   117.42909
428.0   104.06427
430.0   102.17194
431.0    89.72682
432.0   143.51700
437.0    89.89887
438.0   102.70541
439.0    94.41579
440.0    92.19502
444.0    93.57028
445.0   107.23689
448.0   100.07455
450.0    93.94844
454.0   126.57339
455.0    98.40276
460.0    88.37370
461.0   103.19840
466.0   101.13375
470.0    91.74304
472.0   107.38182
475.0   105.21975
476.0   102.66708
477.0    99.69983
480.0    97.70176
482.0   122.79779
483.0   105.57342
487.0    90.73424
488.0   101.83823
489.0    95.33556
490.0   111.42462
492.0    96.25551
497.0   107.28576
498.0   137.32130
499.0    95.62161
