  2.0   100.74855
  4.0   100.38239
  5.0    31.57751
  8.0   102.60955
 10.0    96.97161
 11.0    82.60195
 13.0    89.88700
 14.0    94.28527
 15.0    95.50722
 18.0    83.27485
 20.0    96.48442
 22.0    85.54680
 24.0    75.81283
 29.0    89.84096
 31.0    99.64519
 34.0    90.16374
 35.0    96.69154
 36.0    96.17471
 37.0    70.59943
 41.0   102.71171
 42.0    97.84164
 48.0   106.88205
 50.0    73.84120
 51.0    95.92885
 54.0   105.21800
 55.0    95.49209
 57.0    96.16887
 60.0    99.37484
 63.0    95.06978
 64.0    90.82779
 65.0    97.17705
 68.0    81.68364
 70.0    96.16329
 71.0    94.15895
 73.0    96.00479
 74.0    87.52775
 75.0    68.73511
 77.0    98.27026
 80.0   101.70998
 81.0    91.88991
 83.0   100.06394
 87.0    96.47865
 88.0    92.57239
 90.0   100.43861
 92.0    75.60953
 93.0    86.17752
 97.0    97.13674
101.0   100.05908
104.0   102.05549
106.0    90.02771
107.0   100.88432
109.0    91.44792
110.0    91.53831
111.0    97.76720
114.0    76.24485
115.0    96.91666
119.0    91.45390
120.0    86.14961
121.0    97.93929
122.0    93.77063
123.0    93.98281
126.0    91.04875
127.0    87.16893
129.0    94.13315
132.0    83.02971
133.0    86.85682
134.0    97.03736
135.0    92.80500
136.0    97.89488
138.0    97.08519
139.0    87.39239
141.0    95.29545
144.0    89.57366
145.0    92.77240
146.0    97.57422
148.0    91.98803
150.0    98.25121
151.0    99.20570
152.0    89.33150
154.0    92.67824
156.0   107.56334
157.0    91.42040
158.0    92.47853
159.0    94.08829
160.0   100.96852
162.0    92.76810
166.0    79.61893
168.0    94.89374
169.0   102.99613
170.0    96.86565
171.0    89.15529
172.0    73.60900
174.0    95.08562
176.0    58.02996
177.0    67.87593
179.0    96.67690
180.0    93.53704
181.0    94.29621
182.0    89.94278
183.0    91.59313
184.0    88.42588
189.0    85.69498
190.0    96.86374
191.0    98.81970
195.0    93.90719
198.0    97.98889
199.0    96.96188
200.0    57.32304
202.0    89.31552
203.0    92.03607
207.0    83.58043
208.0    78.35356
209.0    95.84257
212.0    93.23531
217.0    92.47993
220.0    94.02134
221.0    99.17003
223.0    97.08411
224.0    96.47043
225.0    72.75198
226.0   101.19858
228.0    87.23119
231.0    87.52235
232.0   100.01577
234.0    83.58559
236.0    95.63155
237.0    82.33454
238.0    92.09194
244.0    96.35530
248.0    95.43671
249.0    95.02321
251.0    91.40886
252.0    92.80811
254.0    95.10862
255.0    96.49187
258.0    97.95258
262.0    93.47305
265.0    90.70046
267.0    91.81597
269.0     5.35494
271.0    92.28982
275.0    92.76647
276.0    98.09021
283.0    98.73378
284.0    71.87510
286.0    86.22722
287.0    98.52760
288.0    87.66620
289.0    97.22894
293.0   100.32153
295.0    99.09169
296.0    79.88955
299.0    91.77900
300.0    87.44756
301.0    99.09389
302.0    99.79681
303.0   102.23500
305.0    98.20725
306.0    95.35707
308.0    93.46703
309.0    86.39313
311.0    98.84895
313.0    92.82266
314.0    94.27815
317.0    68.07897
318.0    94.11592
320.0    91.77498
325.0    79.25013
326.0    87.78171
327.0    63.92409
328.0    97.99628
329.0    74.49616
330.0    94.73851
332.0    82.05136
334.0    93.83634
336.0    90.97456
339.0    94.94852
341.0    90.76318
342.0    94.58049
344.0    92.91078
345.0    94.58194
346.0    99.18707
349.0    53.19672
351.0    94.30694
353.0    88.35054
354.0    99.24716
356.0    97.48655
357.0    98.50428
359.0    97.70996
360.0    96.59911
363.0    92.44338
364.0    82.20980
365.0    97.21273
366.0    99.53001
367.0    96.66371
368.0   100.72639
369.0    97.00224
370.0    95.34051
371.0   103.12234
374.0    94.69289
377.0    94.30870
378.0    82.87087
382.0    22.46133
383.0    90.81123
385.0    92.46952
386.0    96.03077
387.0   100.50159
388.0    91.48179
390.0    95.71180
391.0   100.98672
393.0    87.61821
394.0    99.49857
400.0   125.06254
401.0    95.72933
402.0    96.07399
403.0    85.06851
405.0    83.78197
406.0    97.66327
408.0    95.66597
410.0   103.38155
412.0    99.46663
413.0    92.88059
416.0    87.45503
418.0    90.89766
419.0    93.84860
420.0    99.00038
421.0   104.43611
422.0    96.02453
423.0    80.54445
426.0    79.14617
427.0    95.68110
428.0    99.46231
429.0    97.79316
430.0    99.75720
431.0    86.26927
432.0    95.87846
433.0   111.24170
436.0    78.96167
438.0    84.43440
439.0    92.16558
442.0    97.29750
446.0    67.28538
447.0    95.31081
448.0    94.87670
450.0    67.87926
451.0    98.55877
455.0    96.44240
456.0    96.52842
459.0    82.26041
461.0    82.64398
463.0    91.66355
467.0    87.76932
468.0    96.25267
469.0    76.70156
470.0    94.73727
471.0    99.14383
472.0    91.45239
473.0    90.30835
474.0    90.84827
475.0    84.83506
477.0    94.94641
480.0    92.68664
482.0   102.99746
484.0    98.38283
485.0   103.04161
489.0    97.62603
491.0    93.71381
492.0   100.89944
493.0    88.45589
500.0    96.79779
