  2.0   273.25000
  4.0   164.50000
  5.0   423.00000
  8.0   166.00000
 10.0   179.75000
 11.0   235.75000
 13.0   257.00000
 14.0   266.25000
 15.0   295.75000
 18.0   313.50000
 20.0   234.50000
 22.0   252.50000
 24.0   510.25000
 29.0   166.25000
 31.0   172.00000
 34.0   319.75000
 35.0   175.00000
 36.0   254.50000
 37.0   268.75000
 41.0   275.50000
 42.0   272.75000
 48.0   212.00000
 50.0   477.25000
 51.0   222.75000
 54.0   210.50000
 55.0   267.25000
 57.0   259.50000
 60.0   264.75000
 63.0   220.25000
 64.0   219.75000
 65.0   253.00000
 68.0   237.00000
 70.0   256.50000
 71.0   304.50000
 73.0   259.75000
 74.0   469.75000
 75.0   418.25000
 77.0   260.25000
 80.0   161.75000
 81.0   190.75000
 83.0   218.00000
 87.0   223.50000
 88.0   260.50000
 90.0   388.25000
 92.0   351.25000
 93.0   479.50000
 97.0   269.25000
101.0   262.50000
104.0   275.50000
106.0   238.25000
107.0   261.75000
109.0   157.25000
110.0   279.00000
111.0   154.75000
114.0   264.75000
115.0   162.75000
119.0   299.00000
120.0   453.00000
121.0   259.75000
122.0   225.25000
123.0   265.25000
126.0   212.00000
127.0   240.75000
129.0   272.75000
132.0   375.75000
133.0   335.00000
134.0   315.00000
135.0   163.50000
136.0   160.75000
138.0   264.25000
139.0   303.50000
141.0   255.25000
144.0   371.75000
145.0   284.00000
146.0   269.50000
148.0   212.50000
150.0   264.75000
151.0   403.50000
152.0   261.25000
154.0   280.75000
156.0   270.00000
157.0   371.00000
158.0   263.50000
159.0   262.50000
160.0   163.25000
162.0   210.00000
166.0   271.75000
168.0   222.25000
169.0   637.50000
170.0   373.00000
171.0   174.00000
172.0   406.50000
174.0   215.75000
176.0   349.00000
177.0   283.00000
179.0   156.75000
180.0   269.00000
181.0   214.00000
182.0   276.50000
183.0   266.50000
184.0   510.00000
189.0   235.00000
190.0   227.00000
191.0   156.50000
195.0   218.75000
198.0   261.75000
199.0   163.50000
200.0   397.50000
202.0   294.00000
203.0   352.75000
207.0   291.00000
208.0   284.75000
209.0   220.50000
212.0   218.25000
217.0   232.75000
220.0   306.50000
221.0   260.00000
223.0   401.75000
224.0   213.25000
225.0   520.00000
226.0   167.75000
228.0   154.50000
231.0   318.75000
232.0   252.00000
234.0   164.00000
236.0   208.25000
237.0   459.50000
238.0   216.50000
244.0   372.75000
248.0   264.00000
249.0   230.75000
251.0   265.75000
252.0   315.00000
254.0   161.25000
255.0   258.00000
258.0   280.25000
262.0   296.75000
265.0   477.50000
267.0   328.50000
269.0   392.25000
271.0   190.75000
275.0   165.50000
276.0   275.00000
283.0   169.50000
284.0   226.50000
286.0   258.25000
287.0   260.50000
288.0   287.25000
289.0   269.50000
293.0   165.25000
295.0   177.75000
296.0   396.00000
299.0   349.00000
300.0   489.50000
301.0   154.00000
302.0   161.75000
303.0   365.75000
305.0   309.25000
306.0   219.75000
308.0   264.75000
309.0   585.25000
311.0   256.00000
313.0   438.00000
314.0   214.75000
317.0   398.00000
318.0   212.75000
320.0   400.50000
325.0   482.25000
326.0   298.25000
327.0   230.25000
328.0   159.00000
329.0   304.50000
330.0   265.25000
332.0   320.50000
334.0   260.25000
336.0   249.75000
339.0   217.50000
341.0   355.25000
342.0   172.25000
344.0   549.50000
345.0   258.75000
346.0   161.50000
349.0   362.00000
351.0   249.75000
353.0   265.75000
354.0   188.50000
356.0   182.75000
357.0   259.25000
359.0   281.50000
360.0   696.75000
363.0   298.75000
364.0   271.00000
365.0   261.25000
366.0   181.50000
367.0   177.75000
368.0   161.75000
369.0   225.25000
370.0   269.75000
371.0   359.25000
374.0   393.50000
377.0   223.50000
378.0   403.75000
382.0   309.50000
383.0   295.00000
385.0   265.50000
386.0   216.00000
387.0   703.75000
388.0   258.75000
390.0   162.00000
391.0   212.75000
393.0   276.75000
394.0   154.00000
400.0   502.25000
401.0   268.25000
402.0   178.75000
403.0   330.25000
405.0   418.75000
406.0   264.50000
408.0   222.75000
410.0   170.75000
412.0   157.75000
413.0   297.75000
416.0   260.00000
418.0   256.25000
419.0   218.75000
420.0   176.75000
421.0   214.75000
422.0   152.00000
423.0   284.75000
426.0   250.50000
427.0   259.00000
428.0   175.00000
429.0   303.50000
430.0   226.50000
431.0   307.25000
432.0   385.25000
433.0   176.25000
436.0   277.75000
438.0   336.00000
439.0   321.50000
442.0   160.25000
446.0   271.00000
447.0   215.25000
448.0   372.50000
450.0   229.75000
451.0   262.25000
455.0   159.00000
456.0   324.00000
459.0   413.75000
461.0   376.00000
463.0   221.25000
467.0   256.75000
468.0   465.25000
469.0   492.75000
470.0   260.25000
471.0   271.25000
472.0   333.00000
473.0   254.00000
474.0   261.50000
475.0   311.50000
477.0   222.50000
480.0   257.75000
482.0   165.00000
484.0   157.75000
485.0   172.75000
489.0   163.25000
491.0   304.00000
492.0   168.00000
493.0   309.50000
500.0   396.75000
