  1.0    87.43880
  3.0   112.00729
  6.0   100.10261
  7.0   112.82253
  9.0    98.10289
 12.0   106.14240
 16.0   101.63663
 17.0   121.26728
 19.0   141.22061
 21.0   130.61114
 23.0   112.20174
 25.0   113.92889
 26.0   103.95398
 27.0    97.64372
 28.0   119.58802
 30.0    99.16749
 32.0    91.54186
 33.0   107.35006
 38.0    93.95350
 39.0    90.19132
 40.0   128.46263
 43.0    94.19370
 44.0   107.36202
 45.0   111.73051
 46.0   112.92837
 47.0    95.88821
 49.0    87.82036
 52.0    98.69350
 53.0    99.07304
 56.0   104.20478
 58.0   106.82775
 59.0    94.01178
 61.0   100.52354
 62.0   100.78150
 66.0   110.65989
 67.0    90.71290
 69.0   102.21932
 72.0   112.75311
 76.0    96.22588
 78.0   118.37081
 79.0   107.85142
 82.0    90.95299
 84.0    91.75244
 85.0   116.92282
 86.0   109.76098
 89.0   104.61447
 91.0   100.66668
 94.0   101.18540
 95.0   117.71844
 96.0    96.37239
 98.0   102.19103
 99.0   100.06129
100.0   102.53924
102.0    94.04564
103.0    90.85511
105.0    96.00479
108.0    85.29169
112.0   100.32038
113.0   113.88323
116.0    96.20944
117.0    77.15981
118.0    91.94010
124.0   103.41679
125.0    98.13733
128.0    98.79871
130.0   103.82516
131.0    95.54328
137.0   123.91261
140.0    94.63294
142.0   103.12365
143.0   100.97040
147.0   101.88596
149.0   111.51318
153.0   133.11384
155.0   107.61937
161.0   129.24243
163.0    95.78999
164.0   122.00248
165.0    98.66163
167.0    95.91781
173.0   129.84369
175.0    93.96928
178.0   112.70605
185.0   105.40077
186.0   110.69160
187.0    89.17686
188.0   102.48370
192.0   104.97044
193.0   100.21596
194.0   111.19655
196.0   109.36913
197.0   113.66172
201.0    91.99120
204.0   104.26833
205.0   108.85733
206.0   100.32784
210.0    95.36945
211.0   101.86499
213.0   123.68321
214.0   118.20775
215.0   106.44406
216.0    97.96532
218.0    95.24205
219.0    92.10808
222.0    95.96606
227.0   107.40845
229.0    94.73797
230.0   126.02365
233.0   100.00012
235.0   108.46090
239.0   103.02243
240.0    95.78208
241.0   103.10692
242.0    93.81408
243.0   124.87060
245.0    99.85524
246.0    93.48208
247.0   102.00800
250.0   100.54289
253.0    93.03837
256.0   101.31739
257.0    96.93601
259.0   167.64348
260.0   114.31038
261.0   104.00640
263.0   103.25516
264.0   104.88649
266.0    96.50053
268.0    98.20522
270.0    97.16138
272.0    92.05842
273.0   107.59837
274.0   100.48099
277.0   110.98554
278.0   113.23293
279.0    94.77926
280.0   103.37065
281.0    91.10482
282.0   102.53005
285.0   118.23524
290.0    98.15831
291.0   122.18893
292.0   103.17915
294.0    98.97513
297.0   126.10264
298.0    97.02112
304.0    98.84975
307.0   106.64662
310.0   114.54911
312.0   100.29921
315.0    97.87739
316.0   104.69435
319.0   122.20250
321.0    92.08577
322.0   153.53470
323.0   125.87321
324.0    96.12086
331.0   128.19902
333.0   104.34950
335.0   100.60317
337.0   108.39855
338.0   101.54054
340.0   107.36411
343.0   104.78076
347.0    94.60768
348.0   146.30425
350.0   110.53758
352.0   109.53355
355.0   105.27099
358.0   105.47316
361.0   101.97662
362.0    96.40955
372.0    99.93058
373.0   105.60424
375.0   109.45533
376.0   127.47552
379.0   112.84744
380.0   116.46707
381.0   113.91191
384.0   104.50544
389.0    95.02977
392.0    95.21592
395.0   109.76778
396.0   100.06856
397.0   161.85845
398.0    88.50131
399.0    95.26137
404.0    98.42228
407.0    92.88991
409.0   117.52089
411.0    84.28121
414.0   116.20030
415.0    92.92181
417.0    97.81898
424.0    95.07002
425.0   106.25556
434.0   101.06614
435.0    99.01189
437.0   100.85714
440.0    99.66518
441.0    98.78611
443.0   116.49612
444.0   120.77782
445.0    99.49684
449.0    95.80906
452.0   104.32591
453.0   179.30290
454.0    95.13332
457.0   102.25288
458.0    97.70696
460.0    95.45204
462.0   100.34619
464.0    97.89380
465.0    94.38042
466.0   106.04039
476.0   106.11891
478.0    94.99254
479.0   112.16024
481.0   111.31664
483.0    91.66700
486.0    98.48548
487.0   101.80937
488.0   102.03821
490.0    99.18844
494.0   101.36967
495.0   100.86069
496.0   103.45140
497.0    99.16843
498.0   110.76657
499.0   107.68701
