  1.0   173.50000
  3.0   226.00000
  6.0   319.00000
  7.0   185.00000
  9.0   184.25000
 12.0   366.50000
 16.0   217.25000
 17.0   215.75000
 19.0   196.25000
 21.0    18.75000
 23.0   192.50000
 25.0   185.50000
 26.0   167.50000
 27.0   233.00000
 28.0   203.50000
 30.0   331.50000
 32.0   188.25000
 33.0   178.25000
 38.0   287.50000
 39.0   288.25000
 40.0   209.50000
 43.0   224.50000
 44.0   311.25000
 45.0   196.25000
 46.0   165.25000
 47.0   311.50000
 49.0   364.00000
 52.0   169.00000
 53.0   164.75000
 56.0   237.75000
 58.0   279.50000
 59.0   245.25000
 61.0   182.00000
 62.0   147.25000
 66.0   171.50000
 67.0   288.00000
 69.0   287.00000
 72.0   234.75000
 76.0   267.50000
 78.0   174.50000
 79.0   159.25000
 82.0   234.00000
 84.0   369.25000
 85.0   179.00000
 86.0   179.75000
 89.0   166.25000
 91.0   170.00000
 94.0   167.00000
 95.0   338.25000
 96.0   181.75000
 98.0   238.75000
 99.0   152.50000
100.0   165.75000
102.0   316.75000
103.0   305.25000
105.0   188.50000
108.0   304.25000
112.0   170.25000
113.0   213.00000
116.0   169.00000
117.0   274.00000
118.0   299.00000
124.0   334.25000
125.0   327.00000
128.0   244.75000
130.0   264.50000
131.0   431.00000
137.0   214.00000
140.0   188.50000
142.0   166.00000
143.0   284.25000
147.0   241.00000
149.0   213.00000
153.0   111.00000
155.0   280.50000
161.0   190.25000
163.0   222.25000
164.0   185.00000
165.0   238.75000
167.0   440.25000
173.0   208.50000
175.0   287.50000
178.0   382.00000
185.0   148.00000
186.0   155.75000
187.0   274.50000
188.0   323.75000
192.0   173.50000
193.0   252.00000
194.0   230.00000
196.0   179.00000
197.0   302.00000
201.0   415.50000
204.0   229.25000
205.0   206.75000
206.0   320.75000
210.0   263.50000
211.0   168.50000
213.0   195.25000
214.0   249.50000
215.0   166.00000
216.0   139.75000
218.0   284.50000
219.0   325.50000
222.0   268.50000
227.0   275.50000
229.0   209.75000
230.0   343.00000
233.0   289.00000
235.0   179.50000
239.0   311.00000
240.0   188.50000
241.0   176.25000
242.0   235.25000
243.0   235.50000
245.0   173.50000
246.0   285.00000
247.0   148.00000
250.0   326.00000
253.0   387.25000
256.0   156.25000
257.0   239.25000
259.0   185.75000
260.0   172.75000
261.0   166.25000
263.0   249.00000
264.0   215.25000
266.0   379.25000
268.0   187.75000
270.0   417.00000
272.0   281.00000
273.0   152.50000
274.0   289.75000
277.0   209.50000
278.0   341.25000
279.0   304.50000
280.0   179.50000
281.0   292.75000
282.0   181.00000
285.0   244.75000
290.0   191.25000
291.0   189.00000
292.0   164.00000
294.0   497.50000
297.0   209.25000
298.0   351.25000
304.0   184.50000
307.0   173.00000
310.0   252.25000
312.0   150.00000
315.0   301.50000
316.0   186.00000
319.0   207.00000
321.0   271.75000
322.0   243.00000
323.0   191.00000
324.0   377.50000
331.0    68.25000
333.0   459.00000
335.0   236.25000
337.0   200.00000
338.0   222.00000
340.0   185.00000
343.0   183.25000
347.0   219.50000
348.0    88.00000
350.0   171.75000
352.0   198.75000
355.0   159.25000
358.0   308.00000
361.0   209.75000
362.0   374.50000
372.0   342.75000
373.0   158.75000
375.0   323.50000
376.0   212.25000
379.0   262.25000
380.0   223.00000
381.0   205.00000
384.0   345.00000
389.0   504.25000
392.0   281.00000
395.0   210.75000
396.0   366.25000
397.0   115.50000
398.0   298.50000
399.0   183.50000
404.0   295.00000
407.0   283.50000
409.0   218.00000
411.0   304.75000
414.0   180.50000
415.0   311.00000
417.0   266.50000
424.0   239.75000
425.0   263.75000
434.0   163.25000
435.0   217.00000
437.0   275.50000
440.0   287.75000
441.0   381.25000
443.0   359.50000
444.0   178.25000
445.0   343.50000
449.0   251.00000
452.0   285.25000
453.0    36.50000
454.0   239.00000
457.0   257.75000
458.0   223.00000
460.0   316.75000
462.0   191.75000
464.0   226.50000
465.0   176.75000
466.0   272.50000
476.0   221.75000
478.0   411.00000
479.0   375.00000
481.0   159.50000
483.0   290.75000
486.0   175.50000
487.0   168.00000
488.0   182.75000
490.0   284.50000
494.0   172.25000
495.0   267.50000
496.0   195.75000
497.0   188.50000
498.0   184.00000
499.0   237.50000
