  7.0   955.25000
 25.0   417.25000
 29.0   740.50000
 30.0   993.00000
 42.0  1467.50000
 45.0  1296.00000
 46.0   280.25000
 49.0   447.50000
 59.0   780.25000
 68.0  1174.00000
 73.0   519.50000
 83.0   314.50000
 84.0   505.75000
 92.0   638.75000
103.0  1468.00000
109.0  1502.75000
110.0  1250.50000
118.0   936.25000
126.0  1368.00000
128.0   570.75000
129.0  1028.00000
140.0   503.25000
150.0   434.75000
153.0  1329.50000
154.0  1183.25000
164.0  1061.75000
187.0   469.50000
199.0  1125.75000
200.0  1155.25000
210.0     0.00000
221.0   377.75000
230.0  1134.50000
243.0   543.25000
244.0  1316.50000
265.0   465.50000
271.0  1183.75000
281.0  1358.75000
283.0   824.00000
286.0  1233.00000
312.0   474.25000
332.0   798.50000
338.0   465.75000
346.0   965.50000
350.0  1297.00000
352.0  1495.25000
366.0   932.25000
383.0  1114.25000
391.0  1409.25000
401.0  1073.50000
406.0   978.00000
407.0   969.75000
412.0  1217.25000
422.0  1255.50000
426.0  1337.75000
427.0   514.00000
429.0   690.75000
454.0   489.25000
476.0   863.75000
484.0   594.25000
487.0   813.25000
495.0   475.50000
499.0   844.25000
