  7.0    96.59221
 25.0   112.07092
 29.0   104.50054
 30.0    92.64609
 42.0   107.53579
 45.0    66.21824
 46.0    74.77718
 49.0   101.82434
 59.0    98.44252
 68.0    97.71507
 73.0    95.09090
 83.0    89.70934
 84.0    96.90318
 92.0    95.51811
103.0    94.53079
109.0    97.53038
110.0    93.34202
118.0    95.59782
126.0    94.22941
128.0    87.85408
129.0    95.04959
140.0    97.13141
150.0    96.58557
153.0    97.09891
154.0    99.38019
164.0    98.46605
187.0    96.32269
199.0    98.62557
200.0    91.30695
210.0     0.00000
221.0     0.00000
230.0    95.40364
243.0    95.41895
244.0    31.38569
265.0    95.25519
271.0    91.74812
281.0    94.27890
283.0   102.34954
286.0    91.38049
312.0    96.37634
332.0    97.05544
338.0    87.91730
346.0    94.32473
350.0    75.35954
352.0   102.90912
366.0    94.90639
383.0    92.87998
391.0    92.31242
401.0   100.20385
406.0    90.46025
407.0    96.45198
412.0    71.68804
422.0    93.25016
426.0    90.36628
427.0    91.67453
429.0    95.64192
454.0    90.84379
476.0   102.73303
484.0    95.26689
487.0    99.21640
495.0   101.88816
499.0    95.87482
