  1.0   466.00000
  2.0  1274.25000
  3.0  1428.75000
  4.0  1456.00000
  5.0   901.00000
  6.0   411.50000
  8.0  1038.25000
  9.0   677.25000
 10.0  1098.50000
 11.0   631.75000
 12.0  1376.75000
 13.0   668.50000
 14.0   381.50000
 15.0   718.75000
 16.0   745.00000
 17.0  1907.25000
 18.0   365.25000
 19.0   674.25000
 20.0  1115.75000
 21.0  1284.00000
 22.0  1255.75000
 23.0   887.75000
 24.0   402.50000
 26.0   402.25000
 27.0   503.50000
 28.0  1163.00000
 31.0   940.75000
 32.0   853.25000
 33.0  1054.00000
 34.0   911.00000
 35.0   438.75000
 36.0  1529.00000
 37.0  1666.75000
 38.0   892.00000
 39.0   850.25000
 40.0  1049.75000
 41.0   402.25000
 43.0   548.50000
 44.0  1162.50000
 47.0   707.50000
 48.0   769.00000
 50.0   502.25000
 51.0   509.25000
 52.0  1453.50000
 53.0   893.00000
 54.0  1073.00000
 55.0   439.50000
 56.0   403.00000
 57.0   923.50000
 58.0   932.25000
 60.0  1330.00000
 61.0     0.00000
 62.0   724.00000
 63.0   990.00000
 64.0   530.00000
 65.0   411.00000
 66.0   938.00000
 67.0   516.00000
 69.0  1140.25000
 70.0   881.75000
 71.0   393.50000
 72.0   210.50000
 74.0  1347.00000
 75.0   549.50000
 76.0  1113.25000
 77.0  1480.50000
 78.0   539.00000
 79.0  1588.50000
 80.0  1197.00000
 81.0   204.25000
 82.0  1191.00000
 85.0   511.25000
 86.0   424.50000
 87.0   557.50000
 88.0   829.75000
 89.0   961.75000
 90.0   559.75000
 91.0  1100.25000
 93.0  1401.50000
 94.0   462.00000
 95.0   825.75000
 96.0   486.00000
 97.0   605.50000
 98.0   843.75000
 99.0  1049.75000
100.0   847.50000
101.0   877.00000
102.0   864.25000
104.0   556.25000
105.0   675.50000
106.0  1255.50000
107.0   398.50000
108.0   925.75000
111.0  1531.00000
112.0   815.00000
113.0   297.25000
114.0   928.00000
115.0  1630.50000
116.0   895.00000
117.0   995.50000
119.0  1575.50000
120.0   718.75000
121.0   836.75000
122.0  1128.75000
123.0   884.25000
124.0  1353.75000
125.0  1091.75000
127.0   226.75000
130.0   352.75000
131.0  1498.25000
132.0  1078.75000
133.0  1028.25000
134.0   436.50000
135.0   431.50000
136.0  1298.75000
137.0  1499.75000
138.0   832.00000
139.0  1064.00000
141.0   553.25000
142.0   581.75000
143.0  1295.75000
144.0   899.00000
145.0   434.75000
146.0   640.25000
147.0  1469.00000
148.0   728.00000
149.0   998.75000
151.0   873.25000
152.0   899.25000
155.0   426.50000
156.0   230.50000
157.0  1301.00000
158.0   571.25000
159.0   757.75000
160.0   349.00000
161.0   929.75000
162.0   558.00000
163.0   371.75000
165.0  1679.25000
167.0  1234.00000
168.0  1370.00000
169.0  1138.50000
170.0   799.25000
171.0   346.25000
172.0   974.75000
173.0  1297.25000
174.0   751.50000
175.0   791.00000
176.0  1055.25000
177.0  1261.75000
178.0  1234.75000
179.0   721.50000
180.0   478.25000
181.0   718.75000
182.0  1475.50000
183.0   953.75000
184.0   918.25000
185.0   512.00000
186.0   437.00000
188.0   349.50000
189.0  1062.25000
190.0   436.75000
191.0   992.50000
192.0  1006.50000
193.0   804.00000
194.0   934.50000
195.0  1222.25000
196.0   489.75000
197.0   430.25000
198.0   507.75000
201.0  1243.50000
202.0  1052.75000
203.0   890.00000
204.0  1564.25000
205.0  1191.50000
206.0   488.25000
207.0   607.50000
208.0  1070.75000
209.0   326.25000
211.0  1477.25000
212.0   771.75000
213.0   633.50000
214.0   324.50000
215.0  1146.25000
216.0  1411.00000
217.0   624.75000
218.0   983.25000
219.0   653.50000
220.0  1092.00000
222.0  1121.75000
223.0   944.25000
224.0  1422.75000
225.0  1573.25000
226.0   296.25000
227.0   548.50000
228.0   324.50000
229.0   506.25000
231.0   483.75000
232.0   826.75000
233.0   540.75000
234.0   589.00000
235.0   697.75000
236.0   136.50000
237.0   845.00000
238.0   622.25000
239.0  1394.25000
240.0  1394.50000
241.0   653.00000
242.0   507.25000
245.0   649.50000
246.0   414.00000
247.0   789.75000
248.0   937.25000
249.0   561.50000
250.0   600.25000
251.0   323.50000
252.0     0.00000
253.0  1079.25000
254.0   493.00000
255.0   543.75000
256.0  1170.25000
257.0   657.00000
258.0     0.00000
259.0   701.50000
260.0  1460.00000
261.0   669.75000
262.0  1574.75000
263.0   850.50000
264.0   652.75000
266.0   675.50000
267.0   648.25000
268.0  1093.50000
269.0  1322.75000
270.0  1474.75000
272.0  1009.50000
273.0   535.75000
274.0   998.75000
275.0   115.75000
276.0   632.00000
277.0  1563.25000
278.0  1427.50000
279.0  1025.00000
280.0  1121.25000
282.0  1062.75000
284.0  1067.00000
285.0  1317.50000
287.0   711.00000
288.0   558.25000
289.0  1467.75000
290.0   519.50000
291.0  1376.25000
292.0   811.00000
293.0   947.50000
294.0   558.75000
295.0   467.25000
296.0   967.25000
297.0   848.25000
298.0   849.25000
299.0  1202.00000
300.0  1218.50000
301.0   458.00000
302.0   448.25000
303.0   556.25000
304.0   498.50000
305.0   293.75000
306.0  1438.25000
307.0   339.75000
308.0   801.00000
309.0   970.75000
310.0   894.00000
311.0   377.25000
313.0  1188.75000
314.0   475.25000
315.0   435.75000
316.0   525.00000
317.0   637.50000
318.0   767.00000
319.0   485.00000
320.0  1168.25000
321.0  1322.00000
322.0   982.25000
323.0  1152.00000
324.0  1159.25000
325.0   974.50000
326.0   904.00000
327.0  1010.75000
328.0  1281.50000
329.0  1119.75000
330.0  1047.75000
331.0   475.75000
333.0  1769.00000
334.0  1305.00000
335.0  1070.50000
336.0   629.50000
337.0  1096.00000
339.0  1360.50000
340.0   188.25000
341.0  1022.25000
342.0   789.25000
343.0  1138.25000
344.0   716.25000
345.0   500.25000
347.0   956.50000
348.0   377.75000
349.0  1410.75000
351.0  1479.00000
353.0  1146.75000
354.0   804.50000
355.0   299.75000
356.0   735.25000
357.0   867.25000
358.0   971.00000
359.0   698.00000
360.0  1048.75000
361.0  1022.50000
362.0   507.75000
363.0  1002.50000
364.0   496.75000
365.0  1158.25000
367.0   539.25000
368.0  1792.00000
369.0  1352.00000
370.0   603.25000
371.0  1465.75000
372.0  1132.50000
373.0  1286.50000
374.0   287.00000
375.0   444.75000
376.0  1060.50000
377.0   597.75000
378.0  1012.75000
379.0  1164.00000
380.0   883.00000
381.0   373.50000
382.0   812.50000
384.0   979.00000
385.0  1182.00000
386.0   896.25000
387.0   997.00000
388.0  1882.50000
389.0  1724.25000
390.0  1047.50000
392.0  1188.25000
393.0   473.75000
394.0  1350.75000
395.0   396.00000
396.0   913.50000
397.0  1322.50000
398.0  1068.75000
399.0  1497.50000
400.0  1242.50000
402.0  1289.75000
403.0  1089.75000
404.0   967.50000
405.0   613.25000
408.0   449.75000
409.0   833.50000
410.0  1557.25000
411.0   916.00000
413.0   476.50000
414.0   361.25000
415.0  1213.75000
416.0  1220.00000
417.0   937.00000
418.0  1571.25000
419.0   991.50000
420.0   417.75000
421.0   726.00000
423.0  1233.25000
424.0   600.25000
425.0   794.75000
428.0   519.00000
430.0  1033.25000
431.0   958.00000
432.0   308.50000
433.0   697.25000
434.0  1234.25000
435.0  1129.00000
436.0  1916.00000
437.0  1615.00000
438.0   574.25000
439.0  1111.75000
440.0   817.50000
441.0   440.75000
442.0  1218.75000
443.0   296.50000
444.0   486.25000
445.0   447.75000
446.0   833.25000
447.0   799.75000
448.0  1073.75000
449.0   732.50000
450.0   298.25000
451.0  1390.25000
452.0   767.75000
453.0   578.75000
455.0   247.25000
456.0   789.75000
457.0   623.50000
458.0  1005.50000
459.0   967.50000
460.0   884.00000
461.0  1077.25000
462.0  1266.25000
463.0   876.75000
464.0     0.00000
465.0   693.00000
466.0  1582.50000
467.0  1499.25000
468.0  1111.25000
469.0   456.75000
470.0   964.25000
471.0   525.50000
472.0   545.75000
473.0  1007.00000
474.0   466.50000
475.0  1112.00000
477.0   930.75000
478.0  1018.00000
479.0  1769.00000
480.0  1473.00000
481.0  1227.50000
482.0    97.75000
483.0   301.25000
485.0   430.25000
486.0  1587.00000
488.0   527.50000
489.0   969.00000
490.0   457.25000
491.0   933.00000
492.0  1143.50000
493.0  1027.75000
494.0   918.50000
496.0   797.00000
497.0  1061.50000
498.0   365.00000
