  1.0   120.66446
  2.0   125.36591
  3.0   141.10234
  4.0   123.49255
  5.0   101.28511
  6.0   130.46988
  8.0   133.71565
  9.0   118.10316
 10.0   103.58251
 11.0   110.02329
 12.0   121.26267
 13.0   107.25529
 14.0   128.15017
 15.0   148.70607
 16.0   108.54483
 17.0   121.03990
 18.0   102.92644
 19.0   125.44970
 20.0    97.47124
 21.0   121.88398
 22.0   113.44516
 23.0   115.07085
 24.0   119.85804
 26.0   137.32845
 27.0   131.41354
 28.0   123.22026
 31.0   103.95796
 32.0   104.91257
 33.0   109.16034
 34.0   125.35055
 35.0   119.46121
 36.0   101.69559
 37.0   109.80493
 38.0   130.43923
 39.0   132.84213
 40.0   102.70065
 41.0   138.94822
 43.0   109.06864
 44.0   133.53811
 47.0   102.10931
 48.0   127.44783
 50.0   102.55387
 51.0   150.18098
 52.0   101.61131
 53.0   106.01048
 54.0   128.65112
 55.0   105.76979
 56.0   109.19480
 57.0   108.09633
 58.0   104.25086
 60.0   105.61720
 61.0   178.60882
 62.0   133.41020
 63.0   151.02484
 64.0   135.56726
 65.0   136.25533
 66.0   105.17193
 67.0   116.87519
 69.0   108.96341
 70.0   129.37934
 71.0   107.95104
 72.0   122.67053
 74.0   117.32141
 75.0   112.22047
 76.0   110.14313
 77.0   135.43890
 78.0   105.26625
 79.0   106.55533
 80.0   127.28656
 81.0   125.30109
 82.0   107.07136
 85.0   105.89316
 86.0    99.94013
 87.0   100.33306
 88.0   103.80131
 89.0   144.77221
 90.0    97.46698
 91.0   101.47315
 93.0   111.00428
 94.0   124.12961
 95.0   111.51119
 96.0   104.44054
 97.0   135.62044
 98.0   119.36554
 99.0   103.09141
100.0   105.19483
101.0    97.67151
102.0   100.38526
104.0    97.38210
105.0   131.51502
106.0   147.14057
107.0   149.24721
108.0   112.85887
111.0    97.23276
112.0   113.49025
113.0   109.62846
114.0   107.28451
115.0   108.55436
116.0   101.98786
117.0   100.22348
119.0   113.12961
120.0   145.52913
121.0   123.85361
122.0   119.09014
123.0   121.68019
124.0   120.51896
125.0   113.09763
127.0   135.00604
130.0   125.24837
131.0   131.72749
132.0   148.59880
133.0   104.11817
134.0   105.95042
135.0   116.08381
136.0   109.21954
137.0   121.93370
138.0   112.50320
139.0   164.26878
141.0   103.70924
142.0   107.27488
143.0   105.54328
144.0   144.78039
145.0   112.28070
146.0   108.28306
147.0   101.98958
148.0   159.31880
149.0    99.49203
151.0   121.87768
152.0   107.45368
155.0   127.48657
156.0   107.36438
157.0   103.46178
158.0   125.40052
159.0   115.23211
160.0   128.34739
161.0   110.29823
162.0   110.56875
163.0   129.74887
165.0   116.78386
167.0   109.95519
168.0   112.25321
169.0   112.45701
170.0   106.45546
171.0   102.95402
172.0   110.80327
173.0   104.39987
174.0   109.54991
175.0   103.96247
176.0   123.27050
177.0   133.40561
178.0   115.82613
179.0   136.29677
180.0   125.37991
181.0   129.15201
182.0   122.82682
183.0   166.67974
184.0    98.74810
185.0   100.04969
186.0   132.48447
188.0   133.61950
189.0   102.71636
190.0   113.65155
191.0   138.57252
192.0   129.19701
193.0   123.75141
194.0   108.03162
195.0   115.10490
196.0   126.69334
197.0   112.79657
198.0   110.37871
201.0   113.21227
202.0   153.27796
203.0   109.76051
204.0   114.94829
205.0   132.51261
206.0   104.50093
207.0   147.68325
208.0   103.22291
209.0   101.24066
211.0   106.49041
212.0    99.78937
213.0   105.49361
214.0   127.76351
215.0   100.95639
216.0   132.88731
217.0   103.19914
218.0   126.94781
219.0   136.22869
220.0   105.39275
222.0   106.44710
223.0    96.45048
224.0   133.98467
225.0   163.01534
226.0   116.23048
227.0   130.42497
228.0   128.71345
229.0   106.24624
231.0   126.61449
232.0   100.02499
233.0   120.53530
234.0   130.10866
235.0   102.84729
236.0   175.59657
237.0   124.80386
238.0   105.24992
239.0   102.82192
240.0   112.72865
241.0   105.74265
242.0   119.10414
245.0   100.28756
246.0   121.12965
247.0   134.79870
248.0    96.24066
249.0   117.19188
250.0   132.91525
251.0   101.80428
252.0   142.74233
253.0   115.96978
254.0   125.74212
255.0   110.81657
256.0   103.20423
257.0   132.29821
258.0   117.21058
259.0   125.94398
260.0   119.00845
261.0   111.18741
262.0   109.71724
263.0   126.83065
264.0   105.25776
266.0   140.02678
267.0   107.03689
268.0   111.01206
269.0   129.60203
270.0   122.59205
272.0   104.60798
273.0   115.36724
274.0   113.51585
275.0   161.22925
276.0   138.49354
277.0   153.70717
278.0    95.29995
279.0   115.00447
280.0   133.79078
282.0   112.32275
284.0   144.18369
285.0   124.77270
287.0   112.70050
288.0   114.81854
289.0   119.21449
290.0   101.80291
291.0   116.95073
292.0   109.25149
293.0   154.10170
294.0   122.46689
295.0   101.88372
296.0   113.22837
297.0   137.67734
298.0   121.35727
299.0   121.25938
300.0   110.13094
301.0   120.49884
302.0   102.45346
303.0   106.62588
304.0   104.96235
305.0   126.36126
306.0   128.95103
307.0   164.86836
308.0   145.14017
309.0   104.39649
310.0   104.05142
311.0   108.30687
313.0   136.41689
314.0   100.74810
315.0   106.04609
316.0   114.21957
317.0   140.88426
318.0   118.77061
319.0   133.43768
320.0   111.30686
321.0   156.44724
322.0    95.42804
323.0   108.84474
324.0   102.93962
325.0   122.26255
326.0   159.60607
327.0   109.96519
328.0   104.79309
329.0   105.14086
330.0   129.27359
331.0   108.38902
333.0   127.52025
334.0   167.16480
335.0   127.87588
336.0   105.76694
337.0    99.17308
339.0   112.29592
340.0   118.72802
341.0   126.10443
342.0   148.09885
343.0   101.34770
344.0   107.30428
345.0   129.41525
347.0   102.68980
348.0   130.37943
349.0   115.63690
351.0   122.57462
353.0   111.81986
354.0   139.94112
355.0   114.74231
356.0    99.09422
357.0   122.21523
358.0    99.39782
359.0   122.50398
360.0   107.43979
361.0   123.59990
362.0   102.72117
363.0   121.59613
364.0   137.63989
365.0   112.32889
367.0   146.86758
368.0   127.35632
369.0   123.95167
370.0   115.83946
371.0   125.99362
372.0    98.30804
373.0   121.98216
374.0   115.07377
375.0   103.25423
376.0   155.85912
377.0   135.41507
378.0    98.68775
379.0   112.99639
380.0   113.66709
381.0   124.38340
382.0   103.05760
384.0   113.85851
385.0    99.00713
386.0    94.35632
387.0   116.50571
388.0   179.39448
389.0   117.33995
390.0   113.19630
392.0   111.02399
393.0   151.62686
394.0   128.63276
395.0   106.57679
396.0   105.11627
397.0   115.27389
398.0   120.97611
399.0   109.40993
400.0   103.14617
402.0   107.93862
403.0   159.62564
404.0   100.86113
405.0   101.17907
408.0   111.77397
409.0   129.72347
410.0    97.90888
411.0   131.71253
413.0   131.15762
414.0   118.47917
415.0   127.38736
416.0   110.85970
417.0   101.34845
418.0   117.21078
419.0   109.95676
420.0   114.40646
421.0   139.41677
423.0   108.11031
424.0   111.00991
425.0   109.66362
428.0   122.20393
430.0   134.55797
431.0   108.41120
432.0   120.15240
433.0   131.95723
434.0   108.32111
435.0   155.28610
436.0   149.44478
437.0   127.94456
438.0   104.24299
439.0   121.90760
440.0   115.89616
441.0   121.79051
442.0   100.29473
443.0   113.31051
444.0   108.22013
445.0   124.05881
446.0    99.96682
447.0   117.88527
448.0   108.09586
449.0   139.43147
450.0   106.33686
451.0   120.97381
452.0   161.97097
453.0   108.10067
455.0   141.62094
456.0   102.57012
457.0   104.64709
458.0   104.96004
459.0   132.74042
460.0   100.94431
461.0   109.56550
462.0   100.83173
463.0   103.42427
464.0   164.02305
465.0   103.17190
466.0   140.23504
467.0   102.17732
468.0   118.70940
469.0   100.28916
470.0   123.92299
471.0   105.78769
472.0   129.28458
473.0   106.17867
474.0   116.92391
475.0   128.00774
477.0   109.04812
478.0   127.66284
479.0   124.96508
480.0   119.94412
481.0   112.39251
482.0   158.41407
483.0   126.15730
485.0   132.76336
486.0   126.50483
488.0   119.83986
489.0   109.14686
490.0   105.71715
491.0   102.08390
492.0    96.22025
493.0   107.26917
494.0   102.67454
496.0   146.32072
497.0    99.59083
498.0   109.35062
