  3.0    84.99275
 14.0    93.80678
 15.0    87.91758
 17.0    78.62482
 18.0    82.21940
 19.0    92.17739
 30.0    95.35916
 34.0    95.60642
 35.0    97.97025
 36.0    94.47822
 43.0    92.34740
 49.0    69.79267
 54.0    95.83928
 63.0   101.60677
 64.0   106.36664
 66.0    93.83395
 67.0   102.81224
 69.0    98.37576
 76.0   100.66964
 77.0    96.28257
 79.0   129.28493
 80.0   103.20674
 81.0    94.55172
 83.0    97.24512
 84.0    93.12695
 86.0    94.40045
 88.0    99.16545
 89.0    98.18432
 90.0   102.17330
 91.0    97.15215
 99.0    79.86888
100.0    83.37054
102.0    92.43843
110.0    86.18146
112.0    88.44659
113.0    99.14132
114.0   100.26801
118.0    95.86460
125.0   104.41574
127.0    99.27897
130.0    94.81555
133.0    87.72504
140.0    96.03943
145.0    83.91586
147.0    91.43640
148.0    96.87731
156.0    91.72088
159.0   102.41901
160.0    63.37072
163.0    88.97561
168.0    81.50030
169.0    92.76239
173.0    69.92115
178.0    90.26812
179.0    62.32917
188.0    93.71474
190.0    94.33691
191.0    98.52909
193.0    94.86675
194.0    93.53288
198.0    91.02097
200.0    99.09250
207.0    80.81866
210.0    92.19546
216.0    78.58170
220.0   102.76608
221.0    83.89853
225.0    97.18799
226.0    97.78145
227.0   102.45354
229.0    94.65759
234.0   110.05987
236.0    65.39240
237.0    78.49189
239.0    92.57761
243.0    87.35458
245.0   104.72068
247.0    96.38384
251.0   100.99311
255.0    87.81625
256.0   100.04832
257.0    94.10038
262.0    86.65252
265.0   103.19255
268.0    89.67136
270.0    93.65031
273.0    98.55821
277.0    87.02823
282.0    85.39163
283.0   100.39636
284.0    81.24722
285.0    91.80817
286.0    91.43864
288.0    91.45687
290.0    93.14022
293.0    80.26622
295.0    95.00241
299.0    89.84885
305.0    90.16976
314.0    80.16779
322.0    70.30436
330.0   105.44183
333.0    94.33968
338.0    79.28585
341.0    94.65702
350.0    96.73674
351.0    91.06069
354.0    99.21689
355.0    86.51911
358.0    97.78598
364.0    92.39461
371.0    68.91804
372.0    91.47066
378.0    98.85295
381.0   113.72466
385.0    92.27808
391.0   100.88922
392.0    68.38224
395.0    89.51524
403.0    94.67027
405.0    83.53263
409.0    71.83088
413.0    79.24051
414.0    88.59436
433.0    96.34300
434.0    78.50705
441.0    89.77684
443.0    95.01350
445.0    92.63247
449.0    78.77951
452.0    85.56030
453.0    80.65244
454.0    92.67214
461.0    80.96431
462.0    96.18287
464.0    93.05291
466.0    92.08019
468.0    98.25575
471.0    91.55829
474.0    98.68697
475.0    89.91996
480.0   105.95896
482.0    93.90762
486.0    93.87810
487.0    97.66634
488.0   102.17528
500.0    92.77378
