  3.0   435.50000
 14.0   645.00000
 15.0   452.75000
 17.0   424.00000
 18.0   413.75000
 19.0   385.75000
 30.0   278.25000
 34.0   271.75000
 35.0   311.75000
 36.0   373.50000
 43.0   264.50000
 49.0   505.25000
 54.0   403.50000
 63.0   380.50000
 64.0   174.50000
 66.0   265.75000
 67.0   526.25000
 69.0   264.00000
 76.0   582.25000
 77.0   363.75000
 79.0   731.25000
 80.0   311.75000
 81.0   357.00000
 83.0   316.75000
 84.0   391.25000
 86.0   354.25000
 88.0   308.25000
 89.0   255.50000
 90.0   546.25000
 91.0   343.75000
 99.0   382.25000
100.0   407.25000
102.0   376.00000
110.0   501.00000
112.0   913.25000
113.0   346.50000
114.0   367.00000
118.0   828.50000
125.0   354.25000
127.0   274.50000
130.0   353.75000
133.0   423.25000
140.0   350.00000
145.0   396.75000
147.0   408.75000
148.0   421.00000
156.0   409.25000
159.0   269.00000
160.0   411.75000
163.0   551.50000
168.0   714.50000
169.0   333.50000
173.0   466.00000
178.0   392.25000
179.0   559.25000
188.0   504.25000
190.0   412.75000
191.0   338.25000
193.0   304.50000
194.0   383.75000
198.0   260.00000
200.0   505.50000
207.0   404.75000
210.0   342.00000
216.0   377.75000
220.0   277.75000
221.0   511.75000
225.0   158.00000
226.0   156.50000
227.0   404.75000
229.0   358.50000
234.0   340.75000
236.0   365.75000
237.0   262.50000
239.0   294.25000
243.0   291.00000
245.0   214.25000
247.0   274.00000
251.0   498.00000
255.0   330.00000
256.0   703.75000
257.0   450.00000
262.0   506.50000
265.0   411.00000
268.0   321.25000
270.0   614.50000
273.0   512.75000
277.0   346.50000
282.0   365.75000
283.0   214.00000
284.0   364.50000
285.0   363.75000
286.0   404.75000
288.0   528.75000
290.0   414.75000
293.0   289.25000
295.0   331.75000
299.0   495.25000
305.0   429.50000
314.0     0.00000
322.0   369.75000
330.0   357.50000
333.0   344.00000
338.0   598.50000
341.0   287.25000
350.0   408.50000
351.0   367.75000
354.0   464.00000
355.0   390.25000
358.0   341.00000
364.0   348.75000
371.0   872.50000
372.0   335.75000
378.0   531.50000
381.0   416.75000
385.0   580.75000
391.0   505.50000
392.0   420.50000
395.0   448.00000
403.0   839.50000
405.0   381.25000
409.0   294.25000
413.0   380.25000
414.0   372.75000
433.0   321.00000
434.0   519.00000
441.0   486.00000
443.0   369.25000
445.0   301.50000
449.0   514.00000
452.0   415.25000
453.0   302.50000
454.0   360.00000
461.0   359.50000
462.0   250.50000
464.0   375.25000
466.0   404.50000
468.0   489.00000
471.0   534.75000
474.0   639.50000
475.0   409.25000
480.0   354.50000
482.0   676.75000
486.0   308.25000
487.0     0.00000
488.0   183.75000
500.0   429.50000
