  1.0   344.25000
  2.0   499.00000
  4.0   353.25000
  5.0   306.50000
  6.0   183.75000
  7.0   175.50000
  8.0   676.00000
  9.0   539.75000
 10.0   183.00000
 11.0   328.00000
 12.0   303.50000
 13.0   300.50000
 16.0   238.50000
 20.0   276.50000
 21.0   405.25000
 22.0   605.00000
 23.0   356.00000
 24.0   476.00000
 25.0   312.00000
 26.0   185.75000
 27.0   211.50000
 28.0   396.25000
 29.0   678.00000
 31.0   292.00000
 32.0   178.50000
 33.0   262.25000
 37.0   811.25000
 38.0   306.00000
 39.0   528.00000
 40.0   295.25000
 41.0   501.00000
 42.0   215.00000
 44.0   325.00000
 45.0   310.50000
 46.0   346.25000
 47.0   374.50000
 48.0   631.00000
 50.0   204.25000
 51.0   490.50000
 52.0   683.25000
 53.0   315.00000
 55.0   292.00000
 56.0   313.25000
 57.0   228.25000
 58.0   221.25000
 59.0   170.75000
 60.0   217.50000
 61.0   301.25000
 62.0     7.50000
 65.0   173.25000
 68.0   414.25000
 70.0   336.75000
 71.0   320.50000
 72.0    70.25000
 73.0   334.00000
 74.0   361.00000
 75.0   401.25000
 78.0   362.75000
 82.0   441.25000
 85.0   337.50000
 87.0   353.50000
 92.0   168.75000
 93.0   473.25000
 94.0   631.50000
 95.0   275.00000
 96.0   233.50000
 97.0   372.75000
 98.0   418.25000
101.0   310.50000
103.0   409.00000
104.0   731.50000
105.0   664.25000
106.0   261.00000
107.0   504.00000
108.0   280.25000
109.0   327.75000
111.0   144.25000
115.0   799.75000
116.0   309.50000
117.0   435.25000
119.0   257.00000
120.0   413.75000
121.0   420.00000
122.0   275.00000
123.0   489.75000
124.0   477.75000
126.0   546.75000
128.0   734.50000
129.0   421.50000
131.0   614.00000
132.0   431.00000
134.0   351.75000
135.0   212.00000
136.0   276.75000
137.0   312.25000
138.0   164.75000
139.0   297.75000
141.0   308.50000
142.0   259.75000
143.0   668.50000
144.0   275.00000
146.0   269.75000
149.0   278.25000
150.0   208.75000
151.0   379.00000
152.0   677.75000
153.0   415.50000
154.0   192.50000
155.0   461.00000
157.0   463.75000
158.0   603.50000
161.0   251.25000
162.0   288.50000
164.0   444.25000
165.0   696.00000
166.0   317.75000
167.0   334.25000
170.0   430.75000
171.0   368.50000
172.0   184.00000
174.0   328.50000
175.0   465.00000
176.0   394.25000
177.0   629.50000
180.0   298.75000
181.0   441.50000
182.0   326.00000
183.0   256.75000
184.0   397.00000
185.0   400.75000
186.0   286.75000
187.0   400.00000
189.0   480.50000
192.0   629.75000
195.0   275.25000
196.0   439.25000
197.0   238.50000
199.0   273.75000
201.0   187.25000
202.0   398.50000
203.0   166.25000
204.0   168.00000
205.0   347.00000
206.0   302.50000
208.0   175.00000
209.0   353.25000
211.0   438.75000
212.0   231.50000
213.0   216.75000
214.0   389.75000
215.0   290.25000
217.0   322.75000
218.0   428.50000
219.0   601.50000
222.0   378.00000
223.0   463.25000
224.0   344.25000
228.0   741.50000
230.0   329.50000
231.0   276.25000
232.0   216.00000
233.0   399.00000
235.0   258.75000
238.0   394.25000
240.0   374.50000
241.0   299.50000
242.0   329.00000
244.0   272.25000
246.0   355.75000
248.0   342.75000
249.0   393.50000
250.0   449.50000
252.0   456.00000
253.0   256.25000
254.0   373.75000
258.0   334.00000
259.0   171.25000
260.0   431.25000
261.0   385.75000
263.0   175.25000
264.0   312.25000
266.0   358.25000
267.0   657.00000
269.0   473.25000
271.0   588.75000
272.0   273.50000
274.0   546.75000
275.0   319.00000
276.0   352.75000
278.0   388.75000
279.0   532.25000
280.0   160.25000
281.0   706.25000
287.0   539.50000
289.0   267.25000
291.0   489.25000
292.0   515.00000
294.0   395.50000
296.0   409.25000
297.0   416.50000
298.0   363.00000
300.0   176.75000
301.0   375.25000
302.0   354.50000
303.0   486.25000
304.0   451.50000
306.0   221.00000
307.0   491.50000
308.0   504.75000
309.0   327.00000
310.0   337.00000
311.0   231.00000
312.0   181.75000
313.0   302.00000
315.0   142.00000
316.0   275.25000
317.0   285.50000
318.0   703.50000
319.0   328.50000
320.0   531.50000
321.0   534.25000
323.0   294.50000
324.0   432.25000
325.0   335.75000
326.0   228.50000
327.0   527.00000
328.0   415.00000
329.0   340.00000
331.0   289.25000
332.0   219.75000
334.0   430.50000
335.0   369.50000
336.0   396.75000
337.0   411.75000
339.0   341.00000
340.0     0.00000
342.0   445.25000
343.0   265.50000
344.0   311.25000
345.0   381.00000
346.0   252.00000
347.0   263.75000
348.0   437.00000
349.0   410.50000
352.0   356.50000
353.0   382.50000
356.0   311.00000
357.0   281.25000
359.0   311.50000
360.0   294.50000
361.0   339.25000
362.0   321.50000
363.0   508.25000
365.0   356.50000
366.0   337.75000
367.0   457.50000
368.0   445.50000
369.0   303.25000
370.0   882.75000
373.0   380.00000
374.0    70.00000
375.0   316.50000
376.0   364.25000
377.0   163.50000
379.0   351.25000
380.0   516.25000
382.0   461.50000
383.0   209.50000
384.0   358.50000
386.0   354.25000
387.0   669.75000
388.0   558.25000
389.0   267.50000
390.0   286.25000
393.0   311.25000
394.0   320.75000
396.0   221.50000
397.0   235.75000
398.0   691.50000
399.0   428.75000
400.0   203.75000
401.0   586.25000
402.0   332.00000
404.0   294.25000
406.0   342.00000
407.0   334.50000
408.0   552.50000
410.0   209.50000
411.0   517.50000
412.0   600.25000
415.0   597.25000
416.0   386.00000
417.0   242.00000
418.0   325.25000
419.0   496.25000
420.0   348.75000
421.0   412.50000
422.0   294.00000
423.0   266.25000
424.0   773.25000
425.0   250.50000
426.0   427.50000
427.0   328.75000
428.0   451.75000
429.0   214.50000
430.0   612.25000
431.0   331.50000
432.0   228.00000
435.0   172.50000
436.0   460.25000
437.0   908.25000
438.0   306.50000
439.0   348.00000
440.0   200.75000
442.0   458.25000
444.0   403.75000
446.0   388.50000
447.0   341.50000
448.0   326.50000
450.0   312.50000
451.0   412.00000
455.0   311.25000
456.0   284.00000
457.0   395.50000
458.0   324.75000
459.0   553.75000
460.0   131.00000
463.0   179.75000
465.0   313.50000
467.0   319.50000
469.0   377.50000
470.0   516.50000
472.0   435.50000
473.0   513.00000
476.0   756.75000
477.0   309.25000
478.0   287.50000
479.0   461.75000
481.0   232.25000
483.0   385.50000
484.0   298.50000
485.0   590.50000
489.0   273.00000
490.0   348.75000
491.0   375.00000
492.0   549.50000
493.0   561.50000
494.0   345.00000
495.0   186.75000
496.0   166.50000
497.0   878.25000
498.0   152.75000
499.0   559.75000
