  1.0    95.47729
  2.0   121.37326
  4.0    88.28554
  5.0   110.39362
  6.0   126.70208
  7.0    99.22769
  8.0   109.49996
  9.0   104.27512
 10.0    93.13369
 11.0   104.10440
 12.0   102.05695
 13.0   126.80142
 16.0   106.50336
 20.0   102.40250
 21.0   101.31923
 22.0   110.52049
 23.0   113.18749
 24.0    95.41549
 25.0   105.33457
 26.0   122.86696
 27.0   125.07937
 28.0    96.43216
 29.0   115.07592
 31.0   114.90333
 32.0   110.69237
 33.0    98.37866
 37.0   111.50305
 38.0   100.20919
 39.0   115.45103
 40.0   100.86932
 41.0    99.03350
 42.0   101.80562
 44.0   111.66962
 45.0   114.52066
 46.0   104.55971
 47.0   104.26297
 48.0   117.16561
 50.0   131.06256
 51.0   111.69170
 52.0    99.11270
 53.0   109.64460
 55.0    96.95042
 56.0   102.45251
 57.0   106.40169
 58.0   103.84966
 59.0   122.74046
 60.0   111.13651
 61.0   102.46446
 62.0   171.42958
 65.0   102.73090
 68.0   126.63451
 70.0   112.64489
 71.0   123.22914
 72.0   115.98364
 73.0    97.48555
 74.0    97.62903
 75.0   107.62460
 78.0   114.05457
 82.0   101.10774
 85.0   107.86509
 87.0    98.91018
 92.0   139.26262
 93.0   106.28743
 94.0   121.49423
 95.0   130.14737
 96.0   117.98277
 97.0    94.72766
 98.0   118.20427
101.0   100.60057
103.0   103.60832
104.0   149.97160
105.0   119.32658
106.0   110.41283
107.0   123.19314
108.0   112.73647
109.0    89.58385
111.0   118.41995
115.0   102.57355
116.0   105.49624
117.0   105.19583
119.0   122.46904
120.0    97.58983
121.0   111.77699
122.0   100.13569
123.0   118.79547
124.0   106.15030
126.0   126.65002
128.0    99.52641
129.0    96.99194
131.0   115.09083
132.0   107.00460
134.0    96.75211
135.0   112.53476
136.0   104.50578
137.0   102.92270
138.0   120.27937
139.0   105.52118
141.0   114.45567
142.0   105.88871
143.0   111.38491
144.0    98.92579
146.0   108.06538
149.0   116.84605
150.0    97.76796
151.0   106.50725
152.0   104.19473
153.0   104.49229
154.0   134.37433
155.0   130.36474
157.0   110.59596
158.0   125.71046
161.0   103.62800
162.0   122.67912
164.0   109.33346
165.0   138.33351
166.0   107.16066
167.0   114.06209
170.0   103.77386
171.0   104.61341
172.0   110.61687
174.0   100.31364
175.0   103.98555
176.0   101.33126
177.0   109.02273
180.0   117.59107
181.0   139.79554
182.0   105.13569
183.0   103.22005
184.0   102.13737
185.0   101.91797
186.0   113.18249
187.0   100.19886
189.0    96.75590
192.0    93.63513
195.0    92.24787
196.0    99.79265
197.0   116.41372
199.0    91.74276
201.0   130.02456
202.0    95.29062
203.0   109.45914
204.0   112.95270
205.0   101.32653
206.0    98.42800
208.0   115.18278
209.0   100.52013
211.0   121.43836
212.0    95.44995
213.0   123.84598
214.0   105.96452
215.0   109.80197
217.0   100.89404
218.0   110.68077
219.0   121.35774
222.0    91.92916
223.0   104.61622
224.0   103.36463
228.0   101.04792
230.0   128.46544
231.0   100.88947
232.0   129.25131
233.0   103.90217
235.0   100.99437
238.0   113.97835
240.0    98.18190
241.0    85.51548
242.0   106.97598
244.0   103.55958
246.0    80.07522
248.0   103.26706
249.0   101.90368
250.0   102.94528
252.0   114.70070
253.0   102.85816
254.0   105.27810
258.0    99.83629
259.0   110.98904
260.0    99.19990
261.0   103.51249
263.0    99.49139
264.0   100.51693
266.0    98.11867
267.0   102.73449
269.0   102.39406
271.0   104.76695
272.0   104.20295
274.0   101.43538
275.0    98.15283
276.0   104.84013
278.0   116.95460
279.0    97.51466
280.0   135.45475
281.0   100.86554
287.0   106.71232
289.0   100.58803
291.0   125.81494
292.0   124.98473
294.0   110.24546
296.0    96.41391
297.0   105.26077
298.0   105.79483
300.0   105.24783
301.0   116.59865
302.0   105.87577
303.0   109.21080
304.0   102.61411
306.0   116.49193
307.0   113.71563
308.0   116.05224
309.0   102.61597
310.0    99.10203
311.0   133.23567
312.0   128.93658
313.0   118.83469
315.0   118.93544
316.0   126.64771
317.0   110.37314
318.0   115.78177
319.0   125.86494
320.0   106.45060
321.0    99.91377
323.0   106.66110
324.0   103.96514
325.0   102.06510
326.0   109.30536
327.0   125.73521
328.0   117.89529
329.0    97.74713
331.0   124.96042
332.0   104.27172
334.0    96.03798
335.0   104.95253
336.0   102.15831
337.0   103.76749
339.0   110.28592
340.0   132.25374
342.0   116.55330
343.0   105.21928
344.0   101.20711
345.0   107.11477
346.0   108.21479
347.0   114.67581
348.0   108.20495
349.0   101.29798
352.0   100.80360
353.0    96.74221
356.0   102.27133
357.0   113.07717
359.0    94.07014
360.0   104.80534
361.0    94.31103
362.0   106.92735
363.0   116.23388
365.0    99.80670
366.0    98.60281
367.0   109.54870
368.0   138.80151
369.0   103.17663
370.0   146.33675
373.0   103.19137
374.0   123.83392
375.0   104.96115
376.0   104.37722
377.0   127.92891
379.0    96.24849
380.0   124.80912
382.0    97.61875
383.0   127.50931
384.0   116.05326
386.0    99.55641
387.0   118.96630
388.0    98.94584
389.0   115.71680
390.0   127.58728
393.0   108.10664
394.0    98.87933
396.0   119.67645
397.0   120.16870
398.0    95.28704
399.0   109.41447
400.0   119.14224
401.0   103.25141
402.0    96.05398
404.0   124.57262
406.0    96.34901
407.0   104.04340
408.0   116.53889
410.0   125.03080
411.0   106.42392
412.0   107.63067
415.0   125.70161
416.0   127.76964
417.0   140.16003
418.0   105.93244
419.0    97.18517
420.0    95.78513
421.0    93.49028
422.0    98.57470
423.0   102.67429
424.0    96.67585
425.0   109.17164
426.0   106.38558
427.0   103.25567
428.0   102.09236
429.0    98.70867
430.0   127.60923
431.0   105.06332
432.0   105.66707
435.0   125.15189
436.0   113.44962
437.0    98.33606
438.0   102.21602
439.0   112.95502
440.0   110.87874
442.0    97.10029
444.0   122.09310
446.0   116.00115
447.0   100.20169
448.0   111.19421
450.0   100.36205
451.0   109.69991
455.0   115.76005
456.0   107.64796
457.0    97.77304
458.0    96.86469
459.0   104.92925
460.0   159.48447
463.0   128.42882
465.0    99.94172
467.0   104.80096
469.0    97.09516
470.0   113.93860
472.0    93.32549
473.0   100.67034
476.0   103.47416
477.0   104.67805
478.0   101.01760
479.0   114.23616
481.0    91.36796
483.0   117.22365
484.0   104.47248
485.0   119.29651
489.0   126.68740
490.0   107.51359
491.0   106.48819
492.0   104.94644
493.0    99.07305
494.0   120.77371
495.0   122.33778
496.0   116.63267
497.0   108.75711
498.0   131.11121
499.0   117.18333
