0.25     0.0
0.5     0.0
0.75     0.0
1.0     0.0
1.25     0.0
1.5     0.0
1.75     0.0
2.0     0.0
2.25     0.0
2.5     0.0
2.75     0.0
3.0     0.0
3.25     0.0
3.5     0.0
3.75     0.0
4.0     0.0
4.25     0.0
4.5     0.0
4.75     0.0
5.0     0.0
5.25     0.0
5.5     0.0
5.75     0.0
6.0     0.0
6.25     0.0
6.5     0.0
6.75     0.0
7.0     0.0
7.25     0.0
7.5     0.0
7.75     0.0
8.0     0.0
8.25     0.0
8.5     0.0
8.75     0.0
9.0     0.0
9.25     0.0
9.5     0.0
9.75     0.0
10.0     0.0
10.25     0.0
10.5     0.0
10.75     0.0
11.0     0.0
11.25     0.0
11.5     0.0
11.75     0.0
12.0     0.0
12.25     0.0
12.5     0.0
12.75     0.0
13.0     0.0
13.25     0.0
13.5     0.0
13.75     0.0
14.0     0.0
14.25     0.0
14.5     0.0
14.75     0.0
15.0     0.0
15.25     0.0
15.5     0.0
15.75     0.0
16.0     0.0
16.25     0.0
16.5     0.0
16.75     0.0
17.0     0.0
17.25     0.0
17.5     0.0
17.75     0.0
18.0     0.0
18.25     0.0
18.5     0.0
18.75     0.0
19.0     0.0
19.25     0.0
19.5     0.0
19.75     0.0
20.0     0.0
20.25     0.0
20.5     0.0
20.75     0.0
21.0     0.0
21.25     0.0
21.5     0.0
21.75     0.0
22.0     0.0
22.25     0.0
22.5     0.0
22.75     0.0
23.0     0.0
23.25     0.0
23.5     0.0
23.75     0.0
24.0     0.0
24.25     0.0
24.5     0.0
24.75     0.0
25.0     0.0
25.25     0.0
25.5     0.0
25.75     0.0
26.0     0.0
26.25     0.0
26.5     0.0
26.75     0.0
27.0     0.0
27.25     0.0
27.5     0.0
27.75     0.0
28.0     0.0
28.25     0.0
28.5     0.0
28.75     0.0
29.0     0.0
29.25     0.0
29.5     0.0
29.75     0.0
30.0     0.0
30.25     0.0
30.5     0.0
30.75     0.0
31.0     0.0
31.25     0.0
31.5     0.0
31.75     0.0
32.0     0.0
32.25     0.0
32.5     0.0
32.75     0.0
33.0     0.0
33.25     0.0
33.5     0.0
33.75     0.0
34.0     0.0
34.25     0.0
34.5     0.0
34.75     0.0
35.0     0.0
35.25     0.0
35.5     0.0
35.75     0.0
36.0     0.0
36.25     0.0
36.5     0.0
36.75     0.0
37.0     0.0
37.25     0.0
37.5     0.0
37.75     0.0
38.0     0.0
38.25     0.0
38.5     0.0
38.75     0.0
39.0     0.0
39.25     0.0
39.5     0.0
39.75     0.0
40.0     0.0
40.25     0.0
40.5     0.0
40.75     0.0
41.0     0.0
41.25     0.0
41.5     0.0
41.75     0.0
42.0     0.0
42.25     0.0
42.5     0.0
42.75     0.0
43.0     0.0
43.25     0.0
43.5     0.0
43.75     0.0
44.0     0.0
44.25     0.0
44.5     0.0
44.75     0.0
45.0     0.0
45.25     0.0
45.5     0.0
45.75     0.0
46.0     0.0
46.25     0.0
46.5     0.0
46.75     0.0
47.0     0.0
47.25     0.0
47.5     0.0
47.75     0.0
48.0     0.0
48.25     0.0
48.5     0.0
48.75     0.0
49.0     0.0
49.25     0.0
49.5     0.0
49.75     0.0
50.0     0.0
50.25     0.0
50.5     0.0
50.75     0.0
51.0     0.0
51.25     0.0
51.5     0.0
51.75     0.0
52.0     0.0
52.25     0.0
52.5     0.0
52.75     0.0
53.0     0.0
53.25     0.0
53.5     0.0
53.75     0.0
54.0     0.0
54.25     0.0
54.5     0.0
54.75     0.0
55.0     0.0
55.25     0.0
55.5     0.0
55.75     0.0
56.0     0.0
56.25     0.0
56.5     0.0
56.75     0.0
57.0     0.0
57.25     0.0
57.5     0.0
57.75     0.0
58.0     0.0
58.25     0.0
58.5     0.0
58.75     0.0
59.0     0.0
59.25     0.0
59.5     0.0
59.75     0.002
60.0     0.002
60.25     0.002
60.5     0.002
60.75     0.002
61.0     0.002
61.25     0.002
61.5     0.002
61.75     0.002
62.0     0.002
62.25     0.002
62.5     0.002
62.75     0.002
63.0     0.002
63.25     0.002
63.5     0.002
63.75     0.002
64.0     0.002
64.25     0.002
64.5     0.002
64.75     0.002
65.0     0.002
65.25     0.002
65.5     0.002
65.75     0.002
66.0     0.002
66.25     0.002
66.5     0.002
66.75     0.002
67.0     0.002
67.25     0.002
67.5     0.002
67.75     0.002
68.0     0.002
68.25     0.002
68.5     0.002
68.75     0.002
69.0     0.002
69.25     0.002
69.5     0.002
69.75     0.002
70.0     0.004
70.25     0.004
70.5     0.006
70.75     0.004
71.0     0.004
71.25     0.004
71.5     0.004
71.75     0.004
72.0     0.004
72.25     0.004
72.5     0.004
72.75     0.004
73.0     0.004
73.25     0.004
73.5     0.004
73.75     0.004
74.0     0.004
74.25     0.004
74.5     0.004
74.75     0.004
75.0     0.004
75.25     0.004
75.5     0.004
75.75     0.004
76.0     0.004
76.25     0.004
76.5     0.004
76.75     0.004
77.0     0.004
77.25     0.004
77.5     0.004
77.75     0.004
78.0     0.004
78.25     0.004
78.5     0.004
78.75     0.004
79.0     0.004
79.25     0.004
79.5     0.004
79.75     0.004
80.0     0.004
80.25     0.004
80.5     0.004
80.75     0.004
81.0     0.004
81.25     0.004
81.5     0.004
81.75     0.004
82.0     0.004
82.25     0.004
82.5     0.004
82.75     0.004
83.0     0.004
83.25     0.004
83.5     0.004
83.75     0.004
84.0     0.004
84.25     0.004
84.5     0.004
84.75     0.004
85.0     0.004
85.25     0.004
85.5     0.004
85.75     0.004
86.0     0.004
86.25     0.004
86.5     0.004
86.75     0.004
87.0     0.004
87.25     0.004
87.5     0.004
87.75     0.004
88.0     0.004
88.25     0.004
88.5     0.004
88.75     0.004
89.0     0.004
89.25     0.004
89.5     0.004
89.75     0.004
90.0     0.004
90.25     0.004
90.5     0.004
90.75     0.004
91.0     0.004
91.25     0.004
91.5     0.004
91.75     0.004
92.0     0.004
92.25     0.004
92.5     0.004
92.75     0.004
93.0     0.004
93.25     0.004
93.5     0.004
93.75     0.004
94.0     0.004
94.25     0.004
94.5     0.004
94.75     0.004
95.0     0.004
95.25     0.004
95.5     0.004
95.75     0.004
96.0     0.004
96.25     0.004
96.5     0.004
96.75     0.004
97.0     0.004
97.25     0.004
97.5     0.004
97.75     0.004
98.0     0.004
98.25     0.004
98.5     0.004
98.75     0.004
99.0     0.004
99.25     0.004
99.5     0.004
99.75     0.004
100.0     0.004
100.25     0.004
100.5     0.004
100.75     0.004
101.0     0.004
101.25     0.004
101.5     0.004
101.75     0.004
102.0     0.004
102.25     0.004
102.5     0.004
102.75     0.004
103.0     0.004
103.25     0.004
103.5     0.004
103.75     0.004
104.0     0.004
104.25     0.004
104.5     0.004
104.75     0.004
105.0     0.004
105.25     0.004
105.5     0.004
105.75     0.004
106.0     0.004
106.25     0.004
106.5     0.004
106.75     0.004
107.0     0.004
107.25     0.004
107.5     0.004
107.75     0.004
108.0     0.004
108.25     0.004
108.5     0.004
108.75     0.004
109.0     0.004
109.25     0.004
109.5     0.004
109.75     0.004
110.0     0.004
110.25     0.004
110.5     0.004
110.75     0.004
111.0     0.004
111.25     0.004
111.5     0.004
111.75     0.004
112.0     0.004
112.25     0.004
112.5     0.004
112.75     0.004
113.0     0.004
113.25     0.004
113.5     0.004
113.75     0.004
114.0     0.004
114.25     0.004
114.5     0.004
114.75     0.004
115.0     0.004
115.25     0.004
115.5     0.004
115.75     0.004
116.0     0.004
116.25     0.004
116.5     0.004
116.75     0.004
117.0     0.004
117.25     0.004
117.5     0.004
117.75     0.004
118.0     0.004
118.25     0.004
118.5     0.004
118.75     0.004
119.0     0.004
119.25     0.004
119.5     0.004
119.75     0.004
120.0     0.004
120.25     0.004
120.5     0.004
120.75     0.004
121.0     0.004
121.25     0.004
121.5     0.004
121.75     0.004
122.0     0.004
122.25     0.004
122.5     0.004
122.75     0.004
123.0     0.004
123.25     0.004
123.5     0.004
123.75     0.004
124.0     0.004
124.25     0.004
124.5     0.004
124.75     0.004
125.0     0.004
125.25     0.004
125.5     0.004
125.75     0.004
126.0     0.004
126.25     0.004
126.5     0.004
126.75     0.004
127.0     0.004
127.25     0.004
127.5     0.004
127.75     0.004
128.0     0.004
128.25     0.004
128.5     0.004
128.75     0.004
129.0     0.004
129.25     0.004
129.5     0.004
129.75     0.004
130.0     0.004
130.25     0.004
130.5     0.004
130.75     0.004
131.0     0.004
131.25     0.004
131.5     0.004
131.75     0.004
132.0     0.004
132.25     0.004
132.5     0.004
132.75     0.004
133.0     0.004
133.25     0.004
133.5     0.004
133.75     0.004
134.0     0.004
134.25     0.004
134.5     0.004
134.75     0.004
135.0     0.004
135.25     0.004
135.5     0.004
135.75     0.004
136.0     0.004
136.25     0.004
136.5     0.004
136.75     0.004
137.0     0.004
137.25     0.004
137.5     0.004
137.75     0.004
138.0     0.004
138.25     0.004
138.5     0.004
138.75     0.004
139.0     0.004
139.25     0.004
139.5     0.004
139.75     0.004
140.0     0.004
140.25     0.004
140.5     0.004
140.75     0.004
141.0     0.004
141.25     0.004
141.5     0.004
141.75     0.004
142.0     0.004
142.25     0.004
142.5     0.004
142.75     0.004
143.0     0.004
143.25     0.004
143.5     0.004
143.75     0.004
144.0     0.004
144.25     0.004
144.5     0.004
144.75     0.004
145.0     0.004
145.25     0.004
145.5     0.004
145.75     0.004
146.0     0.004
146.25     0.004
146.5     0.004
146.75     0.004
147.0     0.004
147.25     0.004
147.5     0.004
147.75     0.004
148.0     0.004
148.25     0.004
148.5     0.004
148.75     0.004
149.0     0.004
149.25     0.004
149.5     0.004
149.75     0.004
150.0     0.004
150.25     0.004
150.5     0.004
150.75     0.004
151.0     0.004
151.25     0.004
151.5     0.004
151.75     0.004
152.0     0.004
152.25     0.004
152.5     0.004
152.75     0.004
153.0     0.004
153.25     0.004
153.5     0.004
153.75     0.004
154.0     0.004
154.25     0.004
154.5     0.004
154.75     0.004
155.0     0.004
155.25     0.004
155.5     0.004
155.75     0.004
156.0     0.004
156.25     0.004
156.5     0.004
156.75     0.004
157.0     0.004
157.25     0.004
157.5     0.004
157.75     0.004
158.0     0.004
158.25     0.004
158.5     0.004
158.75     0.004
159.0     0.004
159.25     0.004
159.5     0.004
159.75     0.004
160.0     0.004
160.25     0.004
160.5     0.004
160.75     0.004
161.0     0.004
161.25     0.004
161.5     0.004
161.75     0.004
162.0     0.004
162.25     0.004
162.5     0.004
162.75     0.004
163.0     0.004
163.25     0.004
163.5     0.004
163.75     0.004
164.0     0.004
164.25     0.004
164.5     0.004
164.75     0.004
165.0     0.004
165.25     0.004
165.5     0.004
165.75     0.004
166.0     0.004
166.25     0.004
166.5     0.004
166.75     0.004
167.0     0.004
167.25     0.004
167.5     0.004
167.75     0.004
168.0     0.004
168.25     0.004
168.5     0.004
168.75     0.004
169.0     0.004
169.25     0.004
169.5     0.004
169.75     0.006
170.0     0.006
170.25     0.006
170.5     0.006
170.75     0.006
171.0     0.006
171.25     0.006
171.5     0.006
171.75     0.006
172.0     0.006
172.25     0.006
172.5     0.006
172.75     0.006
173.0     0.008
173.25     0.006
173.5     0.006
173.75     0.006
174.0     0.006
174.25     0.006
174.5     0.006
174.75     0.006
175.0     0.006
175.25     0.006
175.5     0.006
175.75     0.006
176.0     0.006
176.25     0.008
176.5     0.008
176.75     0.008
177.0     0.01
177.25     0.01
177.5     0.01
177.75     0.01
178.0     0.01
178.25     0.01
178.5     0.01
178.75     0.01
179.0     0.01
179.25     0.01
179.5     0.01
179.75     0.01
180.0     0.01
180.25     0.01
180.5     0.01
180.75     0.01
181.0     0.01
181.25     0.01
181.5     0.01
181.75     0.01
182.0     0.01
182.25     0.01
182.5     0.01
182.75     0.01
183.0     0.01
183.25     0.01
183.5     0.01
183.75     0.012
184.0     0.012
184.25     0.012
184.5     0.012
184.75     0.012
185.0     0.012
185.25     0.012
185.5     0.012
185.75     0.012
186.0     0.012
186.25     0.012
186.5     0.012
186.75     0.012
187.0     0.012
187.25     0.012
187.5     0.012
187.75     0.012
188.0     0.012
188.25     0.012
188.5     0.012
188.75     0.012
189.0     0.012
189.25     0.012
189.5     0.012
189.75     0.012
190.0     0.012
190.25     0.012
190.5     0.012
190.75     0.012
191.0     0.012
191.25     0.012
191.5     0.014
191.75     0.016
192.0     0.016
192.25     0.016
192.5     0.016
192.75     0.018
193.0     0.02
193.25     0.02
193.5     0.02
193.75     0.02
194.0     0.02
194.25     0.02
194.5     0.02
194.75     0.02
195.0     0.02
195.25     0.02
195.5     0.02
195.75     0.02
196.0     0.02
196.25     0.02
196.5     0.02
196.75     0.02
197.0     0.02
197.25     0.02
197.5     0.02
197.75     0.024
198.0     0.024
198.25     0.024
198.5     0.024
198.75     0.024
199.0     0.024
199.25     0.024
199.5     0.024
199.75     0.024
200.0     0.024
200.25     0.024
200.5     0.024
200.75     0.024
201.0     0.024
201.25     0.024
201.5     0.024
201.75     0.024
202.0     0.024
202.25     0.024
202.5     0.024
202.75     0.024
203.0     0.024
203.25     0.024
203.5     0.024
203.75     0.024
204.0     0.024
204.25     0.024
204.5     0.024
204.75     0.024
205.0     0.024
205.25     0.024
205.5     0.026
205.75     0.026
206.0     0.026
206.25     0.026
206.5     0.026
206.75     0.026
207.0     0.026
207.25     0.026
207.5     0.026
207.75     0.026
208.0     0.026
208.25     0.026
208.5     0.026
208.75     0.026
209.0     0.026
209.25     0.026
209.5     0.026
209.75     0.026
210.0     0.028
210.25     0.028
210.5     0.028
210.75     0.028
211.0     0.028
211.25     0.03
211.5     0.03
211.75     0.03
212.0     0.028
212.25     0.028
212.5     0.03
212.75     0.03
213.0     0.03
213.25     0.032
213.5     0.032
213.75     0.032
214.0     0.032
214.25     0.032
214.5     0.034
214.75     0.034
215.0     0.034
215.25     0.034
215.5     0.034
215.75     0.034
216.0     0.034
216.25     0.034
216.5     0.036
216.75     0.036
217.0     0.036
217.25     0.036
217.5     0.038
217.75     0.038
218.0     0.038
218.25     0.038
218.5     0.04
218.75     0.04
219.0     0.04
219.25     0.04
219.5     0.04
219.75     0.04
220.0     0.04
220.25     0.038
220.5     0.04
220.75     0.04
221.0     0.04
221.25     0.04
221.5     0.04
221.75     0.04
222.0     0.04
222.25     0.04
222.5     0.04
222.75     0.04
223.0     0.04
223.25     0.04
223.5     0.04
223.75     0.04
224.0     0.04
224.25     0.04
224.5     0.04
224.75     0.04
225.0     0.04
225.25     0.04
225.5     0.04
225.75     0.044
226.0     0.044
226.25     0.046
226.5     0.046
226.75     0.046
227.0     0.046
227.25     0.046
227.5     0.046
227.75     0.046
228.0     0.046
228.25     0.046
228.5     0.046
228.75     0.046
229.0     0.046
229.25     0.046
229.5     0.046
229.75     0.046
230.0     0.046
230.25     0.046
230.5     0.046
230.75     0.046
231.0     0.048
231.25     0.048
231.5     0.048
231.75     0.05
232.0     0.05
232.25     0.05
232.5     0.05
232.75     0.05
233.0     0.05
233.25     0.05
233.5     0.05
233.75     0.05
234.0     0.05
234.25     0.05
234.5     0.052
234.75     0.052
235.0     0.052
235.25     0.052
235.5     0.054
235.75     0.054
236.0     0.054
236.25     0.054
236.5     0.054
236.75     0.054
237.0     0.054
237.25     0.054
237.5     0.054
237.75     0.054
238.0     0.054
238.25     0.054
238.5     0.054
238.75     0.056
239.0     0.056
239.25     0.056
239.5     0.056
239.75     0.056
240.0     0.056
240.25     0.056
240.5     0.056
240.75     0.056
241.0     0.056
241.25     0.056
241.5     0.056
241.75     0.056
242.0     0.056
242.25     0.056
242.5     0.056
242.75     0.058
243.0     0.058
243.25     0.058
243.5     0.058
243.75     0.058
244.0     0.058
244.25     0.058
244.5     0.058
244.75     0.058
245.0     0.058
245.25     0.058
245.5     0.058
245.75     0.058
246.0     0.058
246.25     0.058
246.5     0.058
246.75     0.058
247.0     0.06
247.25     0.06
247.5     0.06
247.75     0.06
248.0     0.06
248.25     0.06
248.5     0.06
248.75     0.06
249.0     0.06
249.25     0.06
249.5     0.06
249.75     0.06
250.0     0.06
250.25     0.06
250.5     0.06
250.75     0.062
251.0     0.062
251.25     0.062
251.5     0.062
251.75     0.062
252.0     0.062
252.25     0.062
252.5     0.064
252.75     0.064
253.0     0.064
253.25     0.066
253.5     0.066
253.75     0.066
254.0     0.066
254.25     0.066
254.5     0.066
254.75     0.066
255.0     0.066
255.25     0.066
255.5     0.066
255.75     0.066
256.0     0.066
256.25     0.066
256.5     0.066
256.75     0.066
257.0     0.066
257.25     0.066
257.5     0.066
257.75     0.066
258.0     0.066
258.25     0.066
258.5     0.066
258.75     0.066
259.0     0.066
259.25     0.066
259.5     0.066
259.75     0.066
260.0     0.066
260.25     0.066
260.5     0.068
260.75     0.068
261.0     0.068
261.25     0.068
261.5     0.068
261.75     0.068
262.0     0.068
262.25     0.068
262.5     0.068
262.75     0.068
263.0     0.07
263.25     0.07
263.5     0.07
263.75     0.074
264.0     0.074
264.25     0.074
264.5     0.072
264.75     0.07
265.0     0.07
265.25     0.07
265.5     0.072
265.75     0.074
266.0     0.074
266.25     0.076
266.5     0.076
266.75     0.076
267.0     0.076
267.25     0.076
267.5     0.076
267.75     0.076
268.0     0.08
268.25     0.082
268.5     0.08
268.75     0.084
269.0     0.084
269.25     0.084
269.5     0.084
269.75     0.086
270.0     0.086
270.25     0.086
270.5     0.088
270.75     0.088
271.0     0.088
271.25     0.088
271.5     0.088
271.75     0.088
272.0     0.088
272.25     0.088
272.5     0.088
272.75     0.088
273.0     0.088
273.25     0.09
273.5     0.09
273.75     0.09
274.0     0.092
274.25     0.092
274.5     0.094
274.75     0.094
275.0     0.094
275.25     0.094
275.5     0.094
275.75     0.094
276.0     0.096
276.25     0.096
276.5     0.098
276.75     0.1
277.0     0.1
277.25     0.1
277.5     0.1
277.75     0.1
278.0     0.1
278.25     0.1
278.5     0.1
278.75     0.1
279.0     0.1
279.25     0.1
279.5     0.1
279.75     0.1
280.0     0.1
280.25     0.1
280.5     0.098
280.75     0.098
281.0     0.1
281.25     0.104
281.5     0.104
281.75     0.104
282.0     0.104
282.25     0.106
282.5     0.106
282.75     0.106
283.0     0.108
283.25     0.108
283.5     0.108
283.75     0.108
284.0     0.108
284.25     0.108
284.5     0.108
284.75     0.108
285.0     0.108
285.25     0.108
285.5     0.108
285.75     0.11
286.0     0.11
286.25     0.11
286.5     0.112
286.75     0.112
287.0     0.112
287.25     0.11
287.5     0.11
287.75     0.11
288.0     0.11
288.25     0.11
288.5     0.11
288.75     0.112
289.0     0.112
289.25     0.112
289.5     0.112
289.75     0.112
290.0     0.112
290.25     0.112
290.5     0.112
290.75     0.112
291.0     0.112
291.25     0.114
291.5     0.114
291.75     0.116
292.0     0.116
292.25     0.116
292.5     0.116
292.75     0.116
293.0     0.116
293.25     0.116
293.5     0.116
293.75     0.116
294.0     0.116
294.25     0.116
294.5     0.116
294.75     0.118
295.0     0.118
295.25     0.118
295.5     0.118
295.75     0.118
296.0     0.118
296.25     0.118
296.5     0.118
296.75     0.118
297.0     0.118
297.25     0.118
297.5     0.12
297.75     0.12
298.0     0.12
298.25     0.122
298.5     0.122
298.75     0.122
299.0     0.122
299.25     0.122
299.5     0.12
299.75     0.12
300.0     0.122
300.25     0.122
300.5     0.122
300.75     0.122
301.0     0.124
301.25     0.124
301.5     0.128
301.75     0.128
302.0     0.128
302.25     0.128
302.5     0.13
302.75     0.132
303.0     0.132
303.25     0.134
303.5     0.134
303.75     0.134
304.0     0.134
304.25     0.136
304.5     0.138
304.75     0.14
305.0     0.142
305.25     0.144
305.5     0.144
305.75     0.144
306.0     0.146
306.25     0.144
306.5     0.146
306.75     0.146
307.0     0.146
307.25     0.144
307.5     0.144
307.75     0.144
308.0     0.144
308.25     0.144
308.5     0.144
308.75     0.146
309.0     0.146
309.25     0.146
309.5     0.148
309.75     0.15
310.0     0.152
310.25     0.152
310.5     0.152
310.75     0.152
311.0     0.152
311.25     0.154
311.5     0.154
311.75     0.156
312.0     0.156
312.25     0.158
312.5     0.16
312.75     0.16
313.0     0.16
313.25     0.162
313.5     0.162
313.75     0.164
314.0     0.16
314.25     0.16
314.5     0.16
314.75     0.16
315.0     0.16
315.25     0.16
315.5     0.16
315.75     0.16
316.0     0.16
316.25     0.16
316.5     0.16
316.75     0.16
317.0     0.16
317.25     0.166
317.5     0.168
317.75     0.17
318.0     0.172
318.25     0.17
318.5     0.17
318.75     0.172
319.0     0.17
319.25     0.17
319.5     0.17
319.75     0.17
320.0     0.17
320.25     0.17
320.5     0.172
320.75     0.172
321.0     0.176
321.25     0.176
321.5     0.176
321.75     0.176
322.0     0.178
322.25     0.178
322.5     0.182
322.75     0.182
323.0     0.182
323.25     0.184
323.5     0.184
323.75     0.182
324.0     0.182
324.25     0.182
324.5     0.186
324.75     0.186
325.0     0.186
325.25     0.186
325.5     0.188
325.75     0.188
326.0     0.19
326.25     0.19
326.5     0.19
326.75     0.19
327.0     0.19
327.25     0.19
327.5     0.192
327.75     0.196
328.0     0.196
328.25     0.196
328.5     0.198
328.75     0.2
329.0     0.202
329.25     0.202
329.5     0.202
329.75     0.202
330.0     0.202
330.25     0.202
330.5     0.202
330.75     0.202
331.0     0.202
331.25     0.202
331.5     0.202
331.75     0.204
332.0     0.204
332.25     0.204
332.5     0.204
332.75     0.204
333.0     0.206
333.25     0.206
333.5     0.206
333.75     0.208
334.0     0.208
334.25     0.21
334.5     0.214
334.75     0.214
335.0     0.214
335.25     0.214
335.5     0.214
335.75     0.214
336.0     0.216
336.25     0.218
336.5     0.22
336.75     0.22
337.0     0.222
337.25     0.222
337.5     0.222
337.75     0.222
338.0     0.222
338.25     0.222
338.5     0.222
338.75     0.222
339.0     0.222
339.25     0.222
339.5     0.222
339.75     0.222
340.0     0.222
340.25     0.222
340.5     0.222
340.75     0.222
341.0     0.222
341.25     0.222
341.5     0.222
341.75     0.222
342.0     0.222
342.25     0.222
342.5     0.222
342.75     0.222
343.0     0.222
343.25     0.222
343.5     0.222
343.75     0.222
344.0     0.224
344.25     0.228
344.5     0.23
344.75     0.228
345.0     0.23
345.25     0.23
345.5     0.23
345.75     0.23
346.0     0.23
346.25     0.23
346.5     0.23
346.75     0.23
347.0     0.23
347.25     0.234
347.5     0.234
347.75     0.234
348.0     0.234
348.25     0.236
348.5     0.236
348.75     0.236
349.0     0.236
349.25     0.236
349.5     0.236
349.75     0.236
350.0     0.236
350.25     0.236
350.5     0.236
350.75     0.238
351.0     0.238
351.25     0.24
351.5     0.24
351.75     0.242
352.0     0.242
352.25     0.242
352.5     0.244
352.75     0.244
353.0     0.244
353.25     0.244
353.5     0.244
353.75     0.244
354.0     0.244
354.25     0.246
354.5     0.246
354.75     0.246
355.0     0.246
355.25     0.246
355.5     0.246
355.75     0.248
356.0     0.248
356.25     0.25
356.5     0.25
356.75     0.25
357.0     0.252
357.25     0.252
357.5     0.254
357.75     0.254
358.0     0.254
358.25     0.256
358.5     0.256
358.75     0.258
359.0     0.258
359.25     0.26
359.5     0.26
359.75     0.26
360.0     0.262
360.25     0.264
360.5     0.262
360.75     0.264
361.0     0.266
361.25     0.266
361.5     0.266
361.75     0.266
362.0     0.266
362.25     0.268
362.5     0.268
362.75     0.266
363.0     0.268
363.25     0.268
363.5     0.268
363.75     0.268
364.0     0.27
364.25     0.272
364.5     0.272
364.75     0.272
365.0     0.272
365.25     0.274
365.5     0.274
365.75     0.276
366.0     0.276
366.25     0.274
366.5     0.274
366.75     0.274
367.0     0.274
367.25     0.274
367.5     0.274
367.75     0.274
368.0     0.274
368.25     0.274
368.5     0.274
368.75     0.274
369.0     0.274
369.25     0.274
369.5     0.276
369.75     0.278
370.0     0.278
370.25     0.278
370.5     0.278
370.75     0.28
371.0     0.28
371.25     0.286
371.5     0.286
371.75     0.286
372.0     0.288
372.25     0.288
372.5     0.29
372.75     0.292
373.0     0.294
373.25     0.294
373.5     0.294
373.75     0.294
374.0     0.296
374.25     0.298
374.5     0.298
374.75     0.296
375.0     0.296
375.25     0.296
375.5     0.296
375.75     0.298
376.0     0.3
376.25     0.3
376.5     0.3
376.75     0.3
377.0     0.302
377.25     0.304
377.5     0.304
377.75     0.302
378.0     0.304
378.25     0.306
378.5     0.31
378.75     0.308
379.0     0.308
379.25     0.308
379.5     0.308
379.75     0.308
380.0     0.308
380.25     0.308
380.5     0.308
380.75     0.31
381.0     0.31
381.25     0.31
381.5     0.312
381.75     0.312
382.0     0.312
382.25     0.314
382.5     0.314
382.75     0.314
383.0     0.316
383.25     0.316
383.5     0.316
383.75     0.316
384.0     0.318
384.25     0.318
384.5     0.318
384.75     0.318
385.0     0.318
385.25     0.318
385.5     0.322
385.75     0.322
386.0     0.322
386.25     0.324
386.5     0.324
386.75     0.326
387.0     0.328
387.25     0.328
387.5     0.328
387.75     0.328
388.0     0.33
388.25     0.33
388.5     0.33
388.75     0.33
389.0     0.332
389.25     0.332
389.5     0.336
389.75     0.338
390.0     0.338
390.25     0.338
390.5     0.338
390.75     0.34
391.0     0.34
391.25     0.342
391.5     0.342
391.75     0.342
392.0     0.342
392.25     0.342
392.5     0.344
392.75     0.344
393.0     0.342
393.25     0.342
393.5     0.342
393.75     0.342
394.0     0.344
394.25     0.344
394.5     0.344
394.75     0.344
395.0     0.346
395.25     0.346
395.5     0.348
395.75     0.35
396.0     0.352
396.25     0.352
396.5     0.352
396.75     0.352
397.0     0.352
397.25     0.352
397.5     0.356
397.75     0.356
398.0     0.356
398.25     0.356
398.5     0.356
398.75     0.356
399.0     0.356
399.25     0.356
399.5     0.356
399.75     0.356
400.0     0.356
400.25     0.356
400.5     0.356
400.75     0.356
401.0     0.358
401.25     0.358
401.5     0.358
401.75     0.36
402.0     0.36
402.25     0.36
402.5     0.36
402.75     0.36
403.0     0.36
403.25     0.36
403.5     0.36
403.75     0.36
404.0     0.36
404.25     0.36
404.5     0.362
404.75     0.362
405.0     0.362
405.25     0.362
405.5     0.362
405.75     0.362
406.0     0.364
406.25     0.364
406.5     0.366
406.75     0.368
407.0     0.368
407.25     0.368
407.5     0.37
407.75     0.37
408.0     0.368
408.25     0.368
408.5     0.368
408.75     0.368
409.0     0.368
409.25     0.368
409.5     0.368
409.75     0.368
410.0     0.368
410.25     0.368
410.5     0.368
410.75     0.372
411.0     0.372
411.25     0.372
411.5     0.374
411.75     0.376
412.0     0.376
412.25     0.376
412.5     0.378
412.75     0.378
413.0     0.38
413.25     0.378
413.5     0.378
413.75     0.378
414.0     0.38
414.25     0.378
414.5     0.376
414.75     0.374
415.0     0.376
415.25     0.376
415.5     0.376
415.75     0.376
416.0     0.376
416.25     0.376
416.5     0.376
416.75     0.376
417.0     0.378
417.25     0.378
417.5     0.378
417.75     0.378
418.0     0.38
418.25     0.38
418.5     0.38
418.75     0.38
419.0     0.38
419.25     0.38
419.5     0.38
419.75     0.38
420.0     0.38
420.25     0.38
420.5     0.38
420.75     0.382
421.0     0.384
421.25     0.384
421.5     0.386
421.75     0.386
422.0     0.386
422.25     0.39
422.5     0.39
422.75     0.39
423.0     0.39
423.25     0.39
423.5     0.39
423.75     0.39
424.0     0.392
424.25     0.392
424.5     0.392
424.75     0.392
425.0     0.392
425.25     0.392
425.5     0.394
425.75     0.394
426.0     0.396
426.25     0.396
426.5     0.396
426.75     0.4
427.0     0.4
427.25     0.402
427.5     0.402
427.75     0.402
428.0     0.402
428.25     0.404
428.5     0.404
428.75     0.404
429.0     0.406
429.25     0.408
429.5     0.408
429.75     0.41
430.0     0.408
430.25     0.408
430.5     0.408
430.75     0.408
431.0     0.408
431.25     0.41
431.5     0.41
431.75     0.41
432.0     0.41
432.25     0.41
432.5     0.41
432.75     0.41
433.0     0.412
433.25     0.416
433.5     0.42
433.75     0.426
434.0     0.428
434.25     0.426
434.5     0.426
434.75     0.428
435.0     0.43
435.25     0.432
435.5     0.432
435.75     0.434
436.0     0.436
436.25     0.436
436.5     0.436
436.75     0.436
437.0     0.436
437.25     0.436
437.5     0.44
437.75     0.44
438.0     0.438
438.25     0.438
438.5     0.44
438.75     0.44
439.0     0.44
439.25     0.44
439.5     0.44
439.75     0.442
440.0     0.448
440.25     0.448
440.5     0.448
440.75     0.448
441.0     0.448
441.25     0.448
441.5     0.448
441.75     0.448
442.0     0.448
442.25     0.448
442.5     0.45
442.75     0.45
443.0     0.45
443.25     0.452
443.5     0.454
443.75     0.454
444.0     0.454
444.25     0.454
444.5     0.454
444.75     0.454
445.0     0.454
445.25     0.454
445.5     0.456
445.75     0.456
446.0     0.456
446.25     0.456
446.5     0.458
446.75     0.458
447.0     0.458
447.25     0.46
447.5     0.46
447.75     0.458
448.0     0.46
448.25     0.464
448.5     0.464
448.75     0.464
449.0     0.464
449.25     0.466
449.5     0.466
449.75     0.468
450.0     0.47
450.25     0.47
450.5     0.472
450.75     0.472
451.0     0.472
451.25     0.472
451.5     0.472
451.75     0.472
452.0     0.47
452.25     0.47
452.5     0.472
452.75     0.474
453.0     0.474
453.25     0.474
453.5     0.474
453.75     0.474
454.0     0.474
454.25     0.474
454.5     0.476
454.75     0.476
455.0     0.48
455.25     0.48
455.5     0.48
455.75     0.484
456.0     0.484
456.25     0.484
456.5     0.484
456.75     0.484
457.0     0.484
457.25     0.484
457.5     0.486
457.75     0.486
458.0     0.488
458.25     0.49
458.5     0.492
458.75     0.492
459.0     0.492
459.25     0.492
459.5     0.492
459.75     0.492
460.0     0.496
460.25     0.496
460.5     0.496
460.75     0.496
461.0     0.496
461.25     0.498
461.5     0.498
461.75     0.502
462.0     0.502
462.25     0.502
462.5     0.502
462.75     0.502
463.0     0.502
463.25     0.502
463.5     0.502
463.75     0.504
464.0     0.504
464.25     0.506
464.5     0.506
464.75     0.506
465.0     0.508
465.25     0.508
465.5     0.508
465.75     0.508
466.0     0.51
466.25     0.51
466.5     0.51
466.75     0.51
467.0     0.51
467.25     0.512
467.5     0.512
467.75     0.512
468.0     0.514
468.25     0.514
468.5     0.516
468.75     0.516
469.0     0.516
469.25     0.516
469.5     0.516
469.75     0.516
470.0     0.516
470.25     0.516
470.5     0.52
470.75     0.52
471.0     0.52
471.25     0.522
471.5     0.52
471.75     0.522
472.0     0.522
472.25     0.522
472.5     0.522
472.75     0.522
473.0     0.522
473.25     0.522
473.5     0.522
473.75     0.522
474.0     0.522
474.25     0.524
474.5     0.526
474.75     0.528
475.0     0.528
475.25     0.53
475.5     0.53
475.75     0.53
476.0     0.53
476.25     0.53
476.5     0.53
476.75     0.53
477.0     0.53
477.25     0.53
477.5     0.53
477.75     0.53
478.0     0.532
478.25     0.532
478.5     0.532
478.75     0.532
479.0     0.532
479.25     0.532
479.5     0.532
479.75     0.532
480.0     0.532
480.25     0.532
480.5     0.532
480.75     0.534
481.0     0.534
481.25     0.534
481.5     0.534
481.75     0.534
482.0     0.534
482.25     0.534
482.5     0.536
482.75     0.536
483.0     0.536
483.25     0.536
483.5     0.536
483.75     0.538
484.0     0.538
484.25     0.538
484.5     0.538
484.75     0.54
485.0     0.54
485.25     0.54
485.5     0.54
485.75     0.542
486.0     0.544
486.25     0.544
486.5     0.544
486.75     0.544
487.0     0.544
487.25     0.544
487.5     0.546
487.75     0.546
488.0     0.548
488.25     0.548
488.5     0.548
488.75     0.548
489.0     0.55
489.25     0.552
489.5     0.552
489.75     0.552
490.0     0.552
490.25     0.554
490.5     0.554
490.75     0.554
491.0     0.556
491.25     0.558
491.5     0.558
491.75     0.558
492.0     0.562
492.25     0.562
492.5     0.562
492.75     0.562
493.0     0.562
493.25     0.562
493.5     0.562
493.75     0.564
494.0     0.564
494.25     0.564
494.5     0.564
494.75     0.564
495.0     0.564
495.25     0.564
495.5     0.562
495.75     0.564
496.0     0.564
496.25     0.564
496.5     0.564
496.75     0.564
497.0     0.564
497.25     0.564
497.5     0.564
497.75     0.564
498.0     0.564
498.25     0.564
498.5     0.566
498.75     0.568
499.0     0.568
499.25     0.568
499.5     0.568
499.75     0.568
500.0     0.568
500.25     0.568
500.5     0.568
500.75     0.57
501.0     0.57
501.25     0.57
501.5     0.57
501.75     0.57
502.0     0.57
502.25     0.57
502.5     0.57
502.75     0.57
503.0     0.574
503.25     0.576
503.5     0.58
503.75     0.582
504.0     0.582
504.25     0.582
504.5     0.582
504.75     0.582
505.0     0.584
505.25     0.584
505.5     0.586
505.75     0.586
506.0     0.588
506.25     0.586
506.5     0.586
506.75     0.588
507.0     0.59
507.25     0.59
507.5     0.59
507.75     0.592
508.0     0.592
508.25     0.592
508.5     0.592
508.75     0.592
509.0     0.592
509.25     0.594
509.5     0.594
509.75     0.594
510.0     0.594
510.25     0.594
510.5     0.594
510.75     0.594
511.0     0.594
511.25     0.594
511.5     0.594
511.75     0.596
512.0     0.598
512.25     0.598
512.5     0.598
512.75     0.598
513.0     0.598
513.25     0.598
513.5     0.598
513.75     0.598
514.0     0.598
514.25     0.598
514.5     0.598
514.75     0.598
515.0     0.598
515.25     0.598
515.5     0.598
515.75     0.598
516.0     0.598
516.25     0.598
516.5     0.598
516.75     0.6
517.0     0.6
517.25     0.6
517.5     0.6
517.75     0.602
518.0     0.602
518.25     0.602
518.5     0.602
518.75     0.602
519.0     0.602
519.25     0.602
519.5     0.602
519.75     0.602
520.0     0.604
520.25     0.604
520.5     0.604
520.75     0.604
521.0     0.604
521.25     0.604
521.5     0.604
521.75     0.604
522.0     0.604
522.25     0.606
522.5     0.606
522.75     0.606
523.0     0.606
523.25     0.606
523.5     0.606
523.75     0.606
524.0     0.606
524.25     0.606
524.5     0.606
524.75     0.606
525.0     0.608
525.25     0.61
525.5     0.61
525.75     0.61
526.0     0.61
526.25     0.61
526.5     0.61
526.75     0.61
527.0     0.61
527.25     0.61
527.5     0.61
527.75     0.612
528.0     0.612
528.25     0.612
528.5     0.612
528.75     0.616
529.0     0.616
529.25     0.616
529.5     0.616
529.75     0.616
530.0     0.616
530.25     0.618
530.5     0.618
530.75     0.618
531.0     0.618
531.25     0.618
531.5     0.618
531.75     0.618
532.0     0.618
532.25     0.618
532.5     0.618
532.75     0.618
533.0     0.618
533.25     0.618
533.5     0.618
533.75     0.62
534.0     0.62
534.25     0.62
534.5     0.62
534.75     0.62
535.0     0.62
535.25     0.62
535.5     0.62
535.75     0.62
536.0     0.62
536.25     0.62
536.5     0.62
536.75     0.622
537.0     0.622
537.25     0.622
537.5     0.622
537.75     0.622
538.0     0.622
538.25     0.622
538.5     0.624
538.75     0.624
539.0     0.624
539.25     0.624
539.5     0.624
539.75     0.624
540.0     0.626
540.25     0.626
540.5     0.628
540.75     0.63
541.0     0.63
541.25     0.63
541.5     0.63
541.75     0.628
542.0     0.628
542.25     0.628
542.5     0.628
542.75     0.628
543.0     0.63
543.25     0.63
543.5     0.632
543.75     0.632
544.0     0.632
544.25     0.634
544.5     0.636
544.75     0.636
545.0     0.636
545.25     0.636
545.5     0.636
545.75     0.638
546.0     0.638
546.25     0.638
546.5     0.638
546.75     0.638
547.0     0.64
547.25     0.644
547.5     0.644
547.75     0.644
548.0     0.644
548.25     0.646
548.5     0.646
548.75     0.644
549.0     0.644
549.25     0.644
549.5     0.644
549.75     0.644
550.0     0.644
550.25     0.644
550.5     0.646
550.75     0.648
551.0     0.648
551.25     0.648
551.5     0.648
551.75     0.648
552.0     0.648
552.25     0.646
552.5     0.646
552.75     0.646
553.0     0.646
553.25     0.646
553.5     0.646
553.75     0.646
554.0     0.646
554.25     0.646
554.5     0.646
554.75     0.646
555.0     0.646
555.25     0.646
555.5     0.646
555.75     0.646
556.0     0.646
556.25     0.648
556.5     0.648
556.75     0.65
557.0     0.65
557.25     0.65
557.5     0.65
557.75     0.65
558.0     0.652
558.25     0.652
558.5     0.652
558.75     0.652
559.0     0.652
559.25     0.652
559.5     0.652
559.75     0.652
560.0     0.652
560.25     0.652
560.5     0.652
560.75     0.654
561.0     0.654
561.25     0.654
561.5     0.654
561.75     0.656
562.0     0.656
562.25     0.66
562.5     0.66
562.75     0.66
563.0     0.66
563.25     0.66
563.5     0.66
563.75     0.662
564.0     0.662
564.25     0.664
564.5     0.664
564.75     0.664
565.0     0.664
565.25     0.666
565.5     0.666
565.75     0.666
566.0     0.666
566.25     0.666
566.5     0.666
566.75     0.666
567.0     0.666
567.25     0.666
567.5     0.666
567.75     0.666
568.0     0.666
568.25     0.666
568.5     0.666
568.75     0.666
569.0     0.666
569.25     0.666
569.5     0.666
569.75     0.666
570.0     0.666
570.25     0.666
570.5     0.666
570.75     0.666
571.0     0.668
571.25     0.668
571.5     0.668
571.75     0.67
572.0     0.67
572.25     0.67
572.5     0.67
572.75     0.67
573.0     0.672
573.25     0.672
573.5     0.672
573.75     0.672
574.0     0.672
574.25     0.672
574.5     0.676
574.75     0.676
575.0     0.676
575.25     0.676
575.5     0.676
575.75     0.678
576.0     0.68
576.25     0.68
576.5     0.682
576.75     0.682
577.0     0.682
577.25     0.684
577.5     0.684
577.75     0.684
578.0     0.686
578.25     0.686
578.5     0.686
578.75     0.686
579.0     0.686
579.25     0.686
579.5     0.686
579.75     0.686
580.0     0.686
580.25     0.686
580.5     0.686
580.75     0.686
581.0     0.688
581.25     0.688
581.5     0.688
581.75     0.688
582.0     0.688
582.25     0.688
582.5     0.688
582.75     0.688
583.0     0.688
583.25     0.688
583.5     0.69
583.75     0.69
584.0     0.69
584.25     0.69
584.5     0.69
584.75     0.69
585.0     0.69
585.25     0.69
585.5     0.69
585.75     0.69
586.0     0.69
586.25     0.69
586.5     0.69
586.75     0.69
587.0     0.69
587.25     0.692
587.5     0.692
587.75     0.692
588.0     0.692
588.25     0.692
588.5     0.692
588.75     0.692
589.0     0.694
589.25     0.694
589.5     0.694
589.75     0.694
590.0     0.694
590.25     0.694
590.5     0.694
590.75     0.694
591.0     0.694
591.25     0.694
591.5     0.694
591.75     0.694
592.0     0.694
592.25     0.694
592.5     0.694
592.75     0.696
593.0     0.696
593.25     0.694
593.5     0.694
593.75     0.692
594.0     0.692
594.25     0.692
594.5     0.692
594.75     0.692
595.0     0.692
595.25     0.692
595.5     0.692
595.75     0.692
596.0     0.694
596.25     0.694
596.5     0.694
596.75     0.698
597.0     0.698
597.25     0.698
597.5     0.698
597.75     0.698
598.0     0.698
598.25     0.698
598.5     0.698
598.75     0.698
599.0     0.7
599.25     0.7
599.5     0.7
599.75     0.7
600.0     0.7
600.25     0.7
600.5     0.7
600.75     0.698
601.0     0.698
601.25     0.698
601.5     0.698
601.75     0.7
602.0     0.702
602.25     0.702
602.5     0.702
602.75     0.704
603.0     0.706
603.25     0.706
603.5     0.706
603.75     0.706
604.0     0.706
604.25     0.704
604.5     0.704
604.75     0.706
605.0     0.706
605.25     0.706
605.5     0.706
605.75     0.706
606.0     0.706
606.25     0.706
606.5     0.706
606.75     0.706
607.0     0.708
607.25     0.708
607.5     0.71
607.75     0.71
608.0     0.71
608.25     0.712
608.5     0.712
608.75     0.712
609.0     0.714
609.25     0.714
609.5     0.714
609.75     0.714
610.0     0.714
610.25     0.716
610.5     0.716
610.75     0.716
611.0     0.716
611.25     0.716
611.5     0.716
611.75     0.714
612.0     0.716
612.25     0.716
612.5     0.716
612.75     0.716
613.0     0.716
613.25     0.716
613.5     0.716
613.75     0.716
614.0     0.716
614.25     0.716
614.5     0.716
614.75     0.714
615.0     0.714
615.25     0.714
615.5     0.714
615.75     0.714
616.0     0.714
616.25     0.714
616.5     0.714
616.75     0.714
617.0     0.714
617.25     0.714
617.5     0.714
617.75     0.714
618.0     0.714
618.25     0.714
618.5     0.714
618.75     0.714
619.0     0.714
619.25     0.714
619.5     0.714
619.75     0.714
620.0     0.714
620.25     0.714
620.5     0.714
620.75     0.714
621.0     0.714
621.25     0.714
621.5     0.714
621.75     0.714
622.0     0.714
622.25     0.714
622.5     0.714
622.75     0.714
623.0     0.714
623.25     0.714
623.5     0.714
623.75     0.714
624.0     0.714
624.25     0.714
624.5     0.718
624.75     0.722
625.0     0.722
625.25     0.722
625.5     0.722
625.75     0.722
626.0     0.722
626.25     0.722
626.5     0.722
626.75     0.722
627.0     0.722
627.25     0.724
627.5     0.724
627.75     0.724
628.0     0.724
628.25     0.724
628.5     0.724
628.75     0.724
629.0     0.724
629.25     0.724
629.5     0.724
629.75     0.724
630.0     0.724
630.25     0.724
630.5     0.724
630.75     0.724
631.0     0.724
631.25     0.726
631.5     0.728
631.75     0.728
632.0     0.728
632.25     0.728
632.5     0.728
632.75     0.728
633.0     0.728
633.25     0.728
633.5     0.728
633.75     0.728
634.0     0.728
634.25     0.728
634.5     0.728
634.75     0.728
635.0     0.728
635.25     0.728
635.5     0.728
635.75     0.728
636.0     0.728
636.25     0.73
636.5     0.73
636.75     0.73
637.0     0.73
637.25     0.73
637.5     0.73
637.75     0.73
638.0     0.73
638.25     0.73
638.5     0.73
638.75     0.73
639.0     0.73
639.25     0.73
639.5     0.73
639.75     0.73
640.0     0.73
640.25     0.73
640.5     0.73
640.75     0.73
641.0     0.73
641.25     0.73
641.5     0.73
641.75     0.732
642.0     0.732
642.25     0.732
642.5     0.732
642.75     0.734
643.0     0.736
643.25     0.738
643.5     0.74
643.75     0.74
644.0     0.74
644.25     0.74
644.5     0.74
644.75     0.74
645.0     0.74
645.25     0.742
645.5     0.742
645.75     0.742
646.0     0.742
646.25     0.742
646.5     0.744
646.75     0.744
647.0     0.744
647.25     0.744
647.5     0.744
647.75     0.746
648.0     0.746
648.25     0.746
648.5     0.746
648.75     0.746
649.0     0.748
649.25     0.748
649.5     0.748
649.75     0.748
650.0     0.748
650.25     0.748
650.5     0.748
650.75     0.75
651.0     0.75
651.25     0.75
651.5     0.75
651.75     0.75
652.0     0.75
652.25     0.75
652.5     0.75
652.75     0.75
653.0     0.75
653.25     0.75
653.5     0.75
653.75     0.75
654.0     0.75
654.25     0.75
654.5     0.75
654.75     0.75
655.0     0.75
655.25     0.75
655.5     0.75
655.75     0.75
656.0     0.75
656.25     0.75
656.5     0.75
656.75     0.75
657.0     0.75
657.25     0.752
657.5     0.752
657.75     0.752
658.0     0.752
658.25     0.752
658.5     0.752
658.75     0.752
659.0     0.752
659.25     0.752
659.5     0.752
659.75     0.752
660.0     0.752
660.25     0.752
660.5     0.752
660.75     0.752
661.0     0.752
661.25     0.754
661.5     0.756
661.75     0.756
662.0     0.756
662.25     0.756
662.5     0.756
662.75     0.756
663.0     0.756
663.25     0.756
663.5     0.756
663.75     0.756
664.0     0.76
664.25     0.762
664.5     0.762
664.75     0.762
665.0     0.762
665.25     0.764
665.5     0.764
665.75     0.764
666.0     0.764
666.25     0.764
666.5     0.764
666.75     0.766
667.0     0.766
667.25     0.766
667.5     0.766
667.75     0.766
668.0     0.768
668.25     0.768
668.5     0.768
668.75     0.768
669.0     0.768
669.25     0.768
669.5     0.768
669.75     0.77
670.0     0.77
670.25     0.77
670.5     0.77
670.75     0.77
671.0     0.77
671.25     0.77
671.5     0.77
671.75     0.77
672.0     0.77
672.25     0.77
672.5     0.77
672.75     0.772
673.0     0.772
673.25     0.774
673.5     0.774
673.75     0.776
674.0     0.776
674.25     0.776
674.5     0.778
674.75     0.778
675.0     0.778
675.25     0.78
675.5     0.78
675.75     0.78
676.0     0.78
676.25     0.78
676.5     0.78
676.75     0.78
677.0     0.78
677.25     0.78
677.5     0.78
677.75     0.78
678.0     0.78
678.25     0.78
678.5     0.78
678.75     0.78
679.0     0.78
679.25     0.78
679.5     0.782
679.75     0.782
680.0     0.782
680.25     0.782
680.5     0.782
680.75     0.782
681.0     0.782
681.25     0.782
681.5     0.782
681.75     0.786
682.0     0.786
682.25     0.786
682.5     0.786
682.75     0.786
683.0     0.788
683.25     0.79
683.5     0.79
683.75     0.79
684.0     0.79
684.25     0.79
684.5     0.792
684.75     0.792
685.0     0.792
685.25     0.792
685.5     0.792
685.75     0.792
686.0     0.792
686.25     0.792
686.5     0.792
686.75     0.792
687.0     0.792
687.25     0.792
687.5     0.792
687.75     0.792
688.0     0.792
688.25     0.792
688.5     0.792
688.75     0.792
689.0     0.792
689.25     0.792
689.5     0.792
689.75     0.792
690.0     0.792
690.25     0.792
690.5     0.792
690.75     0.792
691.0     0.792
691.25     0.792
691.5     0.792
691.75     0.792
692.0     0.792
692.25     0.792
692.5     0.792
692.75     0.792
693.0     0.792
693.25     0.792
693.5     0.792
693.75     0.792
694.0     0.792
694.25     0.796
694.5     0.794
694.75     0.794
695.0     0.794
695.25     0.796
695.5     0.798
695.75     0.798
696.0     0.798
696.25     0.798
696.5     0.798
696.75     0.798
697.0     0.798
697.25     0.798
697.5     0.798
697.75     0.798
698.0     0.798
698.25     0.798
698.5     0.798
698.75     0.798
699.0     0.798
699.25     0.798
699.5     0.798
699.75     0.8
700.0     0.8
700.25     0.8
700.5     0.8
700.75     0.8
701.0     0.8
701.25     0.8
701.5     0.8
701.75     0.8
702.0     0.8
702.25     0.8
702.5     0.8
702.75     0.8
703.0     0.8
703.25     0.8
703.5     0.8
703.75     0.8
704.0     0.8
704.25     0.8
704.5     0.8
704.75     0.802
705.0     0.802
705.25     0.8
705.5     0.802
705.75     0.802
706.0     0.802
706.25     0.804
706.5     0.804
706.75     0.804
707.0     0.804
707.25     0.804
707.5     0.806
707.75     0.808
708.0     0.81
708.25     0.81
708.5     0.812
708.75     0.812
709.0     0.812
709.25     0.812
709.5     0.812
709.75     0.812
710.0     0.812
710.25     0.812
710.5     0.812
710.75     0.812
711.0     0.814
711.25     0.814
711.5     0.816
711.75     0.816
712.0     0.816
712.25     0.816
712.5     0.816
712.75     0.816
713.0     0.816
713.25     0.816
713.5     0.816
713.75     0.816
714.0     0.816
714.25     0.816
714.5     0.816
714.75     0.816
715.0     0.816
715.25     0.816
715.5     0.816
715.75     0.816
716.0     0.816
716.25     0.816
716.5     0.816
716.75     0.816
717.0     0.816
717.25     0.816
717.5     0.816
717.75     0.816
718.0     0.816
718.25     0.816
718.5     0.818
718.75     0.818
719.0     0.818
719.25     0.82
719.5     0.82
719.75     0.82
720.0     0.818
720.25     0.822
720.5     0.822
720.75     0.822
721.0     0.822
721.25     0.822
721.5     0.822
721.75     0.822
722.0     0.822
722.25     0.822
722.5     0.822
722.75     0.822
723.0     0.822
723.25     0.822
723.5     0.824
723.75     0.824
724.0     0.824
724.25     0.824
724.5     0.824
724.75     0.824
725.0     0.824
725.25     0.826
725.5     0.826
725.75     0.826
726.0     0.826
726.25     0.826
726.5     0.826
726.75     0.826
727.0     0.826
727.25     0.826
727.5     0.826
727.75     0.828
728.0     0.83
728.25     0.83
728.5     0.83
728.75     0.83
729.0     0.83
729.25     0.832
729.5     0.832
729.75     0.832
730.0     0.832
730.25     0.832
730.5     0.832
730.75     0.832
731.0     0.83
731.25     0.83
731.5     0.83
731.75     0.83
732.0     0.83
732.25     0.83
732.5     0.83
732.75     0.83
733.0     0.83
733.25     0.83
733.5     0.83
733.75     0.83
734.0     0.83
734.25     0.83
734.5     0.83
734.75     0.83
735.0     0.83
735.25     0.83
735.5     0.83
735.75     0.832
736.0     0.832
736.25     0.832
736.5     0.832
736.75     0.832
737.0     0.832
737.25     0.832
737.5     0.832
737.75     0.832
738.0     0.832
738.25     0.832
738.5     0.832
738.75     0.832
739.0     0.834
739.25     0.834
739.5     0.834
739.75     0.834
740.0     0.834
740.25     0.834
740.5     0.834
740.75     0.834
741.0     0.834
741.25     0.834
741.5     0.834
741.75     0.834
742.0     0.834
742.25     0.834
742.5     0.834
742.75     0.834
743.0     0.834
743.25     0.834
743.5     0.834
743.75     0.834
744.0     0.834
744.25     0.834
744.5     0.834
744.75     0.834
745.0     0.834
745.25     0.834
745.5     0.834
745.75     0.834
746.0     0.834
746.25     0.834
746.5     0.834
746.75     0.834
747.0     0.834
747.25     0.834
747.5     0.836
747.75     0.836
748.0     0.836
748.25     0.836
748.5     0.836
748.75     0.836
749.0     0.836
749.25     0.836
749.5     0.836
749.75     0.836
750.0     0.836
750.25     0.838
750.5     0.838
750.75     0.838
751.0     0.838
751.25     0.838
751.5     0.838
751.75     0.838
752.0     0.838
752.25     0.838
752.5     0.84
752.75     0.84
753.0     0.84
753.25     0.84
753.5     0.84
753.75     0.84
754.0     0.84
754.25     0.84
754.5     0.84
754.75     0.84
755.0     0.84
755.25     0.842
755.5     0.842
755.75     0.844
756.0     0.844
756.25     0.844
756.5     0.844
756.75     0.844
757.0     0.844
757.25     0.844
757.5     0.844
757.75     0.844
758.0     0.844
758.25     0.844
758.5     0.844
758.75     0.844
759.0     0.844
759.25     0.844
759.5     0.844
759.75     0.844
760.0     0.844
760.25     0.844
760.5     0.844
760.75     0.844
761.0     0.844
761.25     0.844
761.5     0.844
761.75     0.844
762.0     0.844
762.25     0.844
762.5     0.844
762.75     0.846
763.0     0.846
763.25     0.846
763.5     0.848
763.75     0.848
764.0     0.848
764.25     0.848
764.5     0.85
764.75     0.85
765.0     0.85
765.25     0.85
765.5     0.85
765.75     0.85
766.0     0.85
766.25     0.85
766.5     0.85
766.75     0.85
767.0     0.85
767.25     0.85
767.5     0.85
767.75     0.85
768.0     0.848
768.25     0.848
768.5     0.848
768.75     0.848
769.0     0.848
769.25     0.848
769.5     0.848
769.75     0.848
770.0     0.848
770.25     0.848
770.5     0.848
770.75     0.848
771.0     0.848
771.25     0.848
771.5     0.848
771.75     0.848
772.0     0.848
772.25     0.848
772.5     0.848
772.75     0.848
773.0     0.848
773.25     0.848
773.5     0.85
773.75     0.85
774.0     0.85
774.25     0.85
774.5     0.85
774.75     0.85
775.0     0.85
775.25     0.85
775.5     0.85
775.75     0.85
776.0     0.85
776.25     0.852
776.5     0.852
776.75     0.852
777.0     0.852
777.25     0.852
777.5     0.852
777.75     0.852
778.0     0.852
778.25     0.852
778.5     0.852
778.75     0.854
779.0     0.854
779.25     0.854
779.5     0.854
779.75     0.854
780.0     0.854
780.25     0.854
780.5     0.854
780.75     0.854
781.0     0.854
781.25     0.854
781.5     0.854
781.75     0.854
782.0     0.854
782.25     0.854
782.5     0.854
782.75     0.854
783.0     0.854
783.25     0.856
783.5     0.856
783.75     0.856
784.0     0.856
784.25     0.856
784.5     0.856
784.75     0.856
785.0     0.856
785.25     0.856
785.5     0.856
785.75     0.856
786.0     0.856
786.25     0.856
786.5     0.856
786.75     0.856
787.0     0.856
787.25     0.856
787.5     0.856
787.75     0.856
788.0     0.856
788.25     0.856
788.5     0.856
788.75     0.858
789.0     0.858
789.25     0.858
789.5     0.858
789.75     0.858
790.0     0.858
790.25     0.858
790.5     0.858
790.75     0.858
791.0     0.858
791.25     0.858
791.5     0.86
791.75     0.86
792.0     0.86
792.25     0.86
792.5     0.86
792.75     0.86
793.0     0.86
793.25     0.86
793.5     0.86
793.75     0.86
794.0     0.86
794.25     0.86
794.5     0.86
794.75     0.862
795.0     0.862
795.25     0.862
795.5     0.862
795.75     0.862
796.0     0.86
796.25     0.86
796.5     0.86
796.75     0.86
797.0     0.86
797.25     0.862
797.5     0.862
797.75     0.862
798.0     0.862
798.25     0.862
798.5     0.862
798.75     0.862
799.0     0.862
799.25     0.862
799.5     0.862
799.75     0.862
800.0     0.862
800.25     0.862
800.5     0.862
800.75     0.862
801.0     0.864
801.25     0.864
801.5     0.864
801.75     0.864
802.0     0.864
802.25     0.864
802.5     0.864
802.75     0.864
803.0     0.864
803.25     0.864
803.5     0.866
803.75     0.866
804.0     0.866
804.25     0.866
804.5     0.866
804.75     0.866
805.0     0.866
805.25     0.868
805.5     0.868
805.75     0.868
806.0     0.87
806.25     0.87
806.5     0.87
806.75     0.87
807.0     0.87
807.25     0.87
807.5     0.87
807.75     0.87
808.0     0.87
808.25     0.87
808.5     0.87
808.75     0.87
809.0     0.87
809.25     0.87
809.5     0.87
809.75     0.87
810.0     0.87
810.25     0.87
810.5     0.87
810.75     0.87
811.0     0.87
811.25     0.87
811.5     0.872
811.75     0.872
812.0     0.874
812.25     0.874
812.5     0.876
812.75     0.878
813.0     0.878
813.25     0.878
813.5     0.878
813.75     0.878
814.0     0.878
814.25     0.878
814.5     0.878
814.75     0.878
815.0     0.878
815.25     0.878
815.5     0.88
815.75     0.88
816.0     0.88
816.25     0.88
816.5     0.882
816.75     0.882
817.0     0.882
817.25     0.882
817.5     0.882
817.75     0.882
818.0     0.882
818.25     0.882
818.5     0.882
818.75     0.882
819.0     0.882
819.25     0.884
819.5     0.884
819.75     0.884
820.0     0.884
820.25     0.884
820.5     0.886
820.75     0.886
821.0     0.886
821.25     0.886
821.5     0.886
821.75     0.886
822.0     0.886
822.25     0.886
822.5     0.886
822.75     0.886
823.0     0.886
823.25     0.886
823.5     0.886
823.75     0.886
824.0     0.888
824.25     0.888
824.5     0.888
824.75     0.888
825.0     0.888
825.25     0.888
825.5     0.888
825.75     0.888
826.0     0.888
826.25     0.888
826.5     0.888
826.75     0.888
827.0     0.89
827.25     0.892
827.5     0.892
827.75     0.892
828.0     0.892
828.25     0.892
828.5     0.892
828.75     0.892
829.0     0.892
829.25     0.892
829.5     0.892
829.75     0.892
830.0     0.892
830.25     0.892
830.5     0.892
830.75     0.892
831.0     0.892
831.25     0.892
831.5     0.892
831.75     0.892
832.0     0.892
832.25     0.892
832.5     0.892
832.75     0.892
833.0     0.894
833.25     0.894
833.5     0.894
833.75     0.894
834.0     0.894
834.25     0.896
834.5     0.896
834.75     0.896
835.0     0.896
835.25     0.896
835.5     0.896
835.75     0.896
836.0     0.896
836.25     0.896
836.5     0.896
836.75     0.896
837.0     0.896
837.25     0.896
837.5     0.896
837.75     0.896
838.0     0.896
838.25     0.896
838.5     0.896
838.75     0.896
839.0     0.896
839.25     0.896
839.5     0.896
839.75     0.896
840.0     0.896
840.25     0.896
840.5     0.896
840.75     0.896
841.0     0.896
841.25     0.896
841.5     0.896
841.75     0.896
842.0     0.896
842.25     0.896
842.5     0.896
842.75     0.896
843.0     0.896
843.25     0.896
843.5     0.896
843.75     0.896
844.0     0.896
844.25     0.896
844.5     0.896
844.75     0.896
845.0     0.896
845.25     0.896
845.5     0.896
845.75     0.896
846.0     0.896
846.25     0.896
846.5     0.898
846.75     0.898
847.0     0.898
847.25     0.898
847.5     0.898
847.75     0.898
848.0     0.898
848.25     0.898
848.5     0.898
848.75     0.898
849.0     0.898
849.25     0.898
849.5     0.898
849.75     0.9
850.0     0.9
850.25     0.9
850.5     0.9
850.75     0.9
851.0     0.902
851.25     0.902
851.5     0.902
851.75     0.902
852.0     0.904
852.25     0.904
852.5     0.904
852.75     0.904
853.0     0.904
853.25     0.904
853.5     0.904
853.75     0.904
854.0     0.904
854.25     0.904
854.5     0.904
854.75     0.904
855.0     0.904
855.25     0.904
855.5     0.904
855.75     0.904
856.0     0.904
856.25     0.904
856.5     0.904
856.75     0.904
857.0     0.904
857.25     0.904
857.5     0.904
857.75     0.904
858.0     0.904
858.25     0.904
858.5     0.904
858.75     0.908
859.0     0.908
859.25     0.91
859.5     0.91
859.75     0.91
860.0     0.91
860.25     0.91
860.5     0.91
860.75     0.91
861.0     0.91
861.25     0.91
861.5     0.91
861.75     0.91
862.0     0.91
862.25     0.91
862.5     0.91
862.75     0.912
863.0     0.912
863.25     0.912
863.5     0.912
863.75     0.912
864.0     0.912
864.25     0.912
864.5     0.912
864.75     0.914
865.0     0.914
865.25     0.914
865.5     0.914
865.75     0.914
866.0     0.914
866.25     0.914
866.5     0.914
866.75     0.914
867.0     0.914
867.25     0.914
867.5     0.914
867.75     0.914
868.0     0.914
868.25     0.916
868.5     0.916
868.75     0.916
869.0     0.916
869.25     0.916
869.5     0.916
869.75     0.916
870.0     0.916
870.25     0.916
870.5     0.918
870.75     0.918
871.0     0.918
871.25     0.918
871.5     0.918
871.75     0.918
872.0     0.918
872.25     0.918
872.5     0.918
872.75     0.918
873.0     0.918
873.25     0.918
873.5     0.918
873.75     0.918
874.0     0.918
874.25     0.918
874.5     0.918
874.75     0.918
875.0     0.918
875.25     0.92
875.5     0.92
875.75     0.92
876.0     0.92
876.25     0.92
876.5     0.92
876.75     0.92
877.0     0.922
877.25     0.922
877.5     0.922
877.75     0.922
878.0     0.922
878.25     0.922
878.5     0.922
878.75     0.922
879.0     0.922
879.25     0.922
879.5     0.922
879.75     0.922
880.0     0.922
880.25     0.922
880.5     0.922
880.75     0.922
881.0     0.922
881.25     0.922
881.5     0.922
881.75     0.922
882.0     0.922
882.25     0.922
882.5     0.922
882.75     0.922
883.0     0.922
883.25     0.922
883.5     0.922
883.75     0.922
884.0     0.922
884.25     0.922
884.5     0.922
884.75     0.922
885.0     0.924
885.25     0.924
885.5     0.924
885.75     0.924
886.0     0.924
886.25     0.924
886.5     0.924
886.75     0.924
887.0     0.924
887.25     0.924
887.5     0.926
887.75     0.926
888.0     0.926
888.25     0.926
888.5     0.926
888.75     0.926
889.0     0.926
889.25     0.926
889.5     0.926
889.75     0.926
890.0     0.926
890.25     0.926
890.5     0.926
890.75     0.926
891.0     0.926
891.25     0.926
891.5     0.926
891.75     0.928
892.0     0.928
892.25     0.928
892.5     0.928
892.75     0.928
893.0     0.928
893.25     0.928
893.5     0.928
893.75     0.928
894.0     0.928
894.25     0.928
894.5     0.928
894.75     0.928
895.0     0.928
895.25     0.928
895.5     0.928
895.75     0.928
896.0     0.928
896.25     0.928
896.5     0.928
896.75     0.928
897.0     0.928
897.25     0.928
897.5     0.928
897.75     0.928
898.0     0.928
898.25     0.928
898.5     0.928
898.75     0.928
899.0     0.928
899.25     0.928
899.5     0.928
899.75     0.928
900.0     0.928
900.25     0.928
900.5     0.928
900.75     0.928
901.0     0.928
901.25     0.928
901.5     0.928
901.75     0.928
902.0     0.928
902.25     0.928
902.5     0.928
902.75     0.928
903.0     0.928
903.25     0.928
903.5     0.928
903.75     0.928
904.0     0.928
904.25     0.928
904.5     0.928
904.75     0.928
905.0     0.928
905.25     0.93
905.5     0.93
905.75     0.93
906.0     0.932
906.25     0.932
906.5     0.932
906.75     0.932
907.0     0.934
907.25     0.934
907.5     0.934
907.75     0.934
908.0     0.934
908.25     0.934
908.5     0.934
908.75     0.934
909.0     0.932
909.25     0.932
909.5     0.932
909.75     0.932
910.0     0.932
910.25     0.934
910.5     0.934
910.75     0.936
911.0     0.938
911.25     0.938
911.5     0.938
911.75     0.938
912.0     0.938
912.25     0.938
912.5     0.938
912.75     0.938
913.0     0.938
913.25     0.938
913.5     0.938
913.75     0.94
914.0     0.94
914.25     0.942
914.5     0.942
914.75     0.942
915.0     0.942
915.25     0.942
915.5     0.942
915.75     0.942
916.0     0.942
916.25     0.942
916.5     0.942
916.75     0.942
917.0     0.942
917.25     0.942
917.5     0.942
917.75     0.944
918.0     0.944
918.25     0.944
918.5     0.944
918.75     0.944
919.0     0.944
919.25     0.944
919.5     0.944
919.75     0.944
920.0     0.944
920.25     0.946
920.5     0.946
920.75     0.946
921.0     0.946
921.25     0.946
921.5     0.946
921.75     0.946
922.0     0.946
922.25     0.946
922.5     0.946
922.75     0.946
923.0     0.946
923.25     0.946
923.5     0.946
923.75     0.946
924.0     0.946
924.25     0.946
924.5     0.946
924.75     0.946
925.0     0.946
925.25     0.946
925.5     0.948
925.75     0.948
926.0     0.948
926.25     0.948
926.5     0.948
926.75     0.948
927.0     0.948
927.25     0.948
927.5     0.948
927.75     0.948
928.0     0.948
928.25     0.948
928.5     0.948
928.75     0.948
929.0     0.948
929.25     0.948
929.5     0.948
929.75     0.948
930.0     0.948
930.25     0.948
930.5     0.948
930.75     0.948
931.0     0.948
931.25     0.948
931.5     0.948
931.75     0.948
932.0     0.948
932.25     0.948
932.5     0.948
932.75     0.948
933.0     0.948
933.25     0.948
933.5     0.948
933.75     0.948
934.0     0.948
934.25     0.948
934.5     0.948
934.75     0.948
935.0     0.948
935.25     0.948
935.5     0.948
935.75     0.948
936.0     0.948
936.25     0.948
936.5     0.948
936.75     0.948
937.0     0.948
937.25     0.948
937.5     0.948
937.75     0.948
938.0     0.948
938.25     0.948
938.5     0.948
938.75     0.948
939.0     0.948
939.25     0.948
939.5     0.948
939.75     0.948
940.0     0.948
940.25     0.948
940.5     0.948
940.75     0.948
941.0     0.948
941.25     0.948
941.5     0.948
941.75     0.948
942.0     0.948
942.25     0.948
942.5     0.948
942.75     0.948
943.0     0.948
943.25     0.948
943.5     0.948
943.75     0.948
944.0     0.948
944.25     0.948
944.5     0.948
944.75     0.948
945.0     0.948
945.25     0.948
945.5     0.948
945.75     0.948
946.0     0.948
946.25     0.948
946.5     0.948
946.75     0.948
947.0     0.948
947.25     0.95
947.5     0.95
947.75     0.95
948.0     0.95
948.25     0.95
948.5     0.95
948.75     0.95
949.0     0.95
949.25     0.95
949.5     0.95
949.75     0.95
950.0     0.95
950.25     0.95
950.5     0.95
950.75     0.95
951.0     0.95
951.25     0.95
951.5     0.95
951.75     0.95
952.0     0.95
952.25     0.95
952.5     0.95
952.75     0.95
953.0     0.95
953.25     0.952
953.5     0.952
953.75     0.954
954.0     0.954
954.25     0.954
954.5     0.95
954.75     0.95
955.0     0.95
955.25     0.95
955.5     0.95
955.75     0.95
956.0     0.95
956.25     0.95
956.5     0.95
956.75     0.95
957.0     0.95
957.25     0.95
957.5     0.95
957.75     0.95
958.0     0.952
958.25     0.952
958.5     0.952
958.75     0.952
959.0     0.952
959.25     0.952
959.5     0.952
959.75     0.952
960.0     0.952
960.25     0.952
960.5     0.952
960.75     0.952
961.0     0.952
961.25     0.952
961.5     0.952
961.75     0.952
962.0     0.952
962.25     0.952
962.5     0.952
962.75     0.952
963.0     0.952
963.25     0.952
963.5     0.952
963.75     0.952
964.0     0.952
964.25     0.952
964.5     0.952
964.75     0.954
965.0     0.954
965.25     0.954
965.5     0.954
965.75     0.954
966.0     0.954
966.25     0.954
966.5     0.954
966.75     0.954
967.0     0.954
967.25     0.954
967.5     0.954
967.75     0.954
968.0     0.954
968.25     0.954
968.5     0.954
968.75     0.954
969.0     0.954
969.25     0.954
969.5     0.954
969.75     0.954
970.0     0.954
970.25     0.954
970.5     0.954
970.75     0.954
971.0     0.956
971.25     0.956
971.5     0.956
971.75     0.956
972.0     0.958
972.25     0.958
972.5     0.958
972.75     0.958
973.0     0.958
973.25     0.958
973.5     0.958
973.75     0.958
974.0     0.958
974.25     0.958
974.5     0.958
974.75     0.958
975.0     0.958
975.25     0.958
975.5     0.958
975.75     0.958
976.0     0.958
976.25     0.958
976.5     0.96
976.75     0.96
977.0     0.96
977.25     0.96
977.5     0.96
977.75     0.96
978.0     0.96
978.25     0.96
978.5     0.96
978.75     0.96
979.0     0.96
979.25     0.96
979.5     0.96
979.75     0.96
980.0     0.96
980.25     0.96
980.5     0.96
980.75     0.96
981.0     0.96
981.25     0.962
981.5     0.962
981.75     0.962
982.0     0.962
982.25     0.962
982.5     0.962
982.75     0.962
983.0     0.962
983.25     0.962
983.5     0.962
983.75     0.962
984.0     0.964
984.25     0.964
984.5     0.964
984.75     0.964
985.0     0.966
985.25     0.966
985.5     0.966
985.75     0.966
986.0     0.968
986.25     0.968
986.5     0.968
986.75     0.968
987.0     0.97
987.25     0.97
987.5     0.97
987.75     0.97
988.0     0.97
988.25     0.97
988.5     0.968
988.75     0.968
989.0     0.968
989.25     0.968
989.5     0.968
989.75     0.968
990.0     0.968
990.25     0.968
990.5     0.968
990.75     0.968
991.0     0.968
991.25     0.968
991.5     0.968
991.75     0.968
992.0     0.968
992.25     0.968
992.5     0.968
992.75     0.968
993.0     0.968
993.25     0.968
993.5     0.968
993.75     0.968
994.0     0.97
994.25     0.97
994.5     0.97
994.75     0.97
995.0     0.97
995.25     0.97
995.5     0.97
995.75     0.97
996.0     0.97
996.25     0.97
996.5     0.97
996.75     0.97
997.0     0.97
997.25     0.97
997.5     0.97
997.75     0.97
998.0     0.97
998.25     0.97
998.5     0.97
998.75     0.97
999.0     0.97
999.25     0.97
999.5     0.97
999.75     0.97
1000.0     0.97
