0.25     1.0
0.5     1.0
0.75     1.0
1.0     1.0
1.25     1.0
1.5     1.0
1.75     1.0
2.0     1.0
2.25     1.0
2.5     1.0
2.75     1.0
3.0     1.0
3.25     1.0
3.5     1.0
3.75     1.0
4.0     1.0
4.25     1.0
4.5     1.0
4.75     1.0
5.0     1.0
5.25     1.0
5.5     1.0
5.75     1.0
6.0     1.0
6.25     1.0
6.5     1.0
6.75     1.0
7.0     1.0
7.25     1.0
7.5     1.0
7.75     1.0
8.0     1.0
8.25     1.0
8.5     1.0
8.75     1.0
9.0     1.0
9.25     1.0
9.5     1.0
9.75     1.0
10.0     1.0
10.25     1.0
10.5     1.0
10.75     1.0
11.0     1.0
11.25     1.0
11.5     1.0
11.75     1.0
12.0     1.0
12.25     1.0
12.5     1.0
12.75     1.0
13.0     1.0
13.25     1.0
13.5     1.0
13.75     1.0
14.0     1.0
14.25     1.0
14.5     1.0
14.75     1.0
15.0     1.0
15.25     1.0
15.5     1.0
15.75     1.0
16.0     1.0
16.25     1.0
16.5     1.0
16.75     1.0
17.0     1.0
17.25     1.0
17.5     1.0
17.75     1.0
18.0     1.0
18.25     1.0
18.5     1.0
18.75     1.0
19.0     1.0
19.25     1.0
19.5     1.0
19.75     1.0
20.0     1.0
20.25     1.0
20.5     1.0
20.75     1.0
21.0     1.0
21.25     1.0
21.5     1.0
21.75     1.0
22.0     1.0
22.25     1.0
22.5     1.0
22.75     1.0
23.0     1.0
23.25     1.0
23.5     1.0
23.75     1.0
24.0     1.0
24.25     1.0
24.5     1.0
24.75     1.0
25.0     1.0
25.25     1.0
25.5     1.0
25.75     1.0
26.0     1.0
26.25     1.0
26.5     1.0
26.75     1.0
27.0     1.0
27.25     1.0
27.5     1.0
27.75     1.0
28.0     1.0
28.25     1.0
28.5     1.0
28.75     1.0
29.0     1.0
29.25     1.0
29.5     1.0
29.75     1.0
30.0     1.0
30.25     1.0
30.5     1.0
30.75     1.0
31.0     1.0
31.25     1.0
31.5     1.0
31.75     1.0
32.0     1.0
32.25     1.0
32.5     1.0
32.75     1.0
33.0     1.0
33.25     1.0
33.5     1.0
33.75     1.0
34.0     1.0
34.25     1.0
34.5     1.0
34.75     1.0
35.0     1.0
35.25     1.0
35.5     1.0
35.75     1.0
36.0     1.0
36.25     1.0
36.5     1.0
36.75     1.0
37.0     1.0
37.25     1.0
37.5     1.0
37.75     1.0
38.0     1.0
38.25     1.0
38.5     1.0
38.75     1.0
39.0     1.0
39.25     1.0
39.5     1.0
39.75     1.0
40.0     1.0
40.25     1.0
40.5     1.0
40.75     1.0
41.0     1.0
41.25     1.0
41.5     1.0
41.75     1.0
42.0     1.0
42.25     1.0
42.5     1.0
42.75     1.0
43.0     1.0
43.25     1.0
43.5     1.0
43.75     1.0
44.0     1.0
44.25     1.0
44.5     1.0
44.75     1.0
45.0     1.0
45.25     1.0
45.5     1.0
45.75     1.0
46.0     1.0
46.25     1.0
46.5     1.0
46.75     1.0
47.0     1.0
47.25     1.0
47.5     1.0
47.75     1.0
48.0     1.0
48.25     1.0
48.5     1.0
48.75     1.0
49.0     1.0
49.25     1.0
49.5     1.0
49.75     1.0
50.0     1.0
50.25     1.0
50.5     1.0
50.75     1.0
51.0     1.0
51.25     1.0
51.5     1.0
51.75     1.0
52.0     1.0
52.25     1.0
52.5     1.0
52.75     1.0
53.0     1.0
53.25     1.0
53.5     1.0
53.75     1.0
54.0     1.0
54.25     1.0
54.5     1.0
54.75     1.0
55.0     1.0
55.25     1.0
55.5     1.0
55.75     1.0
56.0     1.0
56.25     1.0
56.5     1.0
56.75     1.0
57.0     1.0
57.25     1.0
57.5     1.0
57.75     1.0
58.0     1.0
58.25     1.0
58.5     1.0
58.75     1.0
59.0     1.0
59.25     1.0
59.5     1.0
59.75     0.998
60.0     0.998
60.25     0.998
60.5     0.998
60.75     0.998
61.0     0.998
61.25     0.998
61.5     0.998
61.75     0.998
62.0     0.998
62.25     0.998
62.5     0.998
62.75     0.998
63.0     0.998
63.25     0.998
63.5     0.998
63.75     0.998
64.0     0.998
64.25     0.998
64.5     0.998
64.75     0.998
65.0     0.998
65.25     0.998
65.5     0.998
65.75     0.998
66.0     0.998
66.25     0.998
66.5     0.998
66.75     0.998
67.0     0.998
67.25     0.998
67.5     0.998
67.75     0.998
68.0     0.998
68.25     0.998
68.5     0.998
68.75     0.998
69.0     0.998
69.25     0.998
69.5     0.998
69.75     0.998
70.0     0.996
70.25     0.996
70.5     0.994
70.75     0.996
71.0     0.996
71.25     0.996
71.5     0.996
71.75     0.996
72.0     0.996
72.25     0.996
72.5     0.996
72.75     0.996
73.0     0.996
73.25     0.996
73.5     0.996
73.75     0.996
74.0     0.996
74.25     0.996
74.5     0.996
74.75     0.996
75.0     0.996
75.25     0.996
75.5     0.996
75.75     0.996
76.0     0.996
76.25     0.996
76.5     0.996
76.75     0.996
77.0     0.996
77.25     0.996
77.5     0.996
77.75     0.996
78.0     0.996
78.25     0.996
78.5     0.996
78.75     0.996
79.0     0.996
79.25     0.996
79.5     0.996
79.75     0.996
80.0     0.996
80.25     0.996
80.5     0.996
80.75     0.996
81.0     0.996
81.25     0.996
81.5     0.996
81.75     0.996
82.0     0.996
82.25     0.996
82.5     0.996
82.75     0.996
83.0     0.996
83.25     0.996
83.5     0.996
83.75     0.996
84.0     0.996
84.25     0.996
84.5     0.996
84.75     0.996
85.0     0.996
85.25     0.996
85.5     0.996
85.75     0.996
86.0     0.996
86.25     0.996
86.5     0.996
86.75     0.996
87.0     0.996
87.25     0.996
87.5     0.996
87.75     0.996
88.0     0.996
88.25     0.996
88.5     0.996
88.75     0.996
89.0     0.996
89.25     0.996
89.5     0.996
89.75     0.996
90.0     0.996
90.25     0.996
90.5     0.996
90.75     0.996
91.0     0.996
91.25     0.996
91.5     0.996
91.75     0.996
92.0     0.996
92.25     0.996
92.5     0.996
92.75     0.996
93.0     0.996
93.25     0.996
93.5     0.996
93.75     0.996
94.0     0.996
94.25     0.996
94.5     0.996
94.75     0.996
95.0     0.996
95.25     0.996
95.5     0.996
95.75     0.996
96.0     0.996
96.25     0.996
96.5     0.996
96.75     0.996
97.0     0.996
97.25     0.996
97.5     0.996
97.75     0.996
98.0     0.996
98.25     0.996
98.5     0.996
98.75     0.996
99.0     0.996
99.25     0.996
99.5     0.996
99.75     0.996
100.0     0.996
100.25     0.996
100.5     0.996
100.75     0.996
101.0     0.996
101.25     0.996
101.5     0.996
101.75     0.996
102.0     0.996
102.25     0.996
102.5     0.996
102.75     0.996
103.0     0.996
103.25     0.996
103.5     0.996
103.75     0.996
104.0     0.996
104.25     0.996
104.5     0.996
104.75     0.996
105.0     0.996
105.25     0.996
105.5     0.996
105.75     0.996
106.0     0.996
106.25     0.996
106.5     0.996
106.75     0.996
107.0     0.996
107.25     0.996
107.5     0.996
107.75     0.996
108.0     0.996
108.25     0.996
108.5     0.996
108.75     0.996
109.0     0.996
109.25     0.996
109.5     0.996
109.75     0.996
110.0     0.996
110.25     0.996
110.5     0.996
110.75     0.996
111.0     0.996
111.25     0.996
111.5     0.996
111.75     0.996
112.0     0.996
112.25     0.996
112.5     0.996
112.75     0.996
113.0     0.996
113.25     0.996
113.5     0.996
113.75     0.996
114.0     0.996
114.25     0.996
114.5     0.996
114.75     0.996
115.0     0.996
115.25     0.996
115.5     0.996
115.75     0.996
116.0     0.996
116.25     0.996
116.5     0.996
116.75     0.996
117.0     0.996
117.25     0.996
117.5     0.996
117.75     0.996
118.0     0.996
118.25     0.996
118.5     0.996
118.75     0.996
119.0     0.996
119.25     0.996
119.5     0.996
119.75     0.996
120.0     0.996
120.25     0.996
120.5     0.996
120.75     0.996
121.0     0.996
121.25     0.996
121.5     0.996
121.75     0.996
122.0     0.996
122.25     0.996
122.5     0.996
122.75     0.996
123.0     0.996
123.25     0.996
123.5     0.996
123.75     0.996
124.0     0.996
124.25     0.996
124.5     0.996
124.75     0.996
125.0     0.996
125.25     0.996
125.5     0.996
125.75     0.996
126.0     0.996
126.25     0.996
126.5     0.996
126.75     0.996
127.0     0.996
127.25     0.996
127.5     0.996
127.75     0.996
128.0     0.996
128.25     0.996
128.5     0.996
128.75     0.996
129.0     0.996
129.25     0.996
129.5     0.996
129.75     0.996
130.0     0.996
130.25     0.996
130.5     0.996
130.75     0.996
131.0     0.996
131.25     0.996
131.5     0.996
131.75     0.996
132.0     0.996
132.25     0.996
132.5     0.996
132.75     0.996
133.0     0.996
133.25     0.996
133.5     0.996
133.75     0.996
134.0     0.996
134.25     0.996
134.5     0.996
134.75     0.996
135.0     0.996
135.25     0.996
135.5     0.996
135.75     0.996
136.0     0.996
136.25     0.996
136.5     0.996
136.75     0.996
137.0     0.996
137.25     0.996
137.5     0.996
137.75     0.996
138.0     0.996
138.25     0.996
138.5     0.996
138.75     0.996
139.0     0.996
139.25     0.996
139.5     0.996
139.75     0.996
140.0     0.996
140.25     0.996
140.5     0.996
140.75     0.996
141.0     0.996
141.25     0.996
141.5     0.996
141.75     0.996
142.0     0.996
142.25     0.996
142.5     0.996
142.75     0.996
143.0     0.996
143.25     0.996
143.5     0.996
143.75     0.996
144.0     0.996
144.25     0.996
144.5     0.996
144.75     0.996
145.0     0.996
145.25     0.996
145.5     0.996
145.75     0.996
146.0     0.996
146.25     0.996
146.5     0.996
146.75     0.996
147.0     0.996
147.25     0.996
147.5     0.996
147.75     0.996
148.0     0.996
148.25     0.996
148.5     0.996
148.75     0.996
149.0     0.996
149.25     0.996
149.5     0.996
149.75     0.996
150.0     0.996
150.25     0.996
150.5     0.996
150.75     0.996
151.0     0.996
151.25     0.996
151.5     0.996
151.75     0.996
152.0     0.996
152.25     0.996
152.5     0.996
152.75     0.996
153.0     0.996
153.25     0.996
153.5     0.996
153.75     0.996
154.0     0.996
154.25     0.996
154.5     0.996
154.75     0.996
155.0     0.996
155.25     0.996
155.5     0.996
155.75     0.996
156.0     0.996
156.25     0.996
156.5     0.996
156.75     0.996
157.0     0.996
157.25     0.996
157.5     0.996
157.75     0.996
158.0     0.996
158.25     0.996
158.5     0.996
158.75     0.996
159.0     0.996
159.25     0.996
159.5     0.996
159.75     0.996
160.0     0.996
160.25     0.996
160.5     0.996
160.75     0.996
161.0     0.996
161.25     0.996
161.5     0.996
161.75     0.996
162.0     0.996
162.25     0.996
162.5     0.996
162.75     0.996
163.0     0.996
163.25     0.996
163.5     0.996
163.75     0.996
164.0     0.996
164.25     0.996
164.5     0.996
164.75     0.996
165.0     0.996
165.25     0.996
165.5     0.996
165.75     0.996
166.0     0.996
166.25     0.996
166.5     0.996
166.75     0.996
167.0     0.996
167.25     0.996
167.5     0.996
167.75     0.996
168.0     0.996
168.25     0.996
168.5     0.996
168.75     0.996
169.0     0.996
169.25     0.996
169.5     0.996
169.75     0.994
170.0     0.994
170.25     0.994
170.5     0.994
170.75     0.994
171.0     0.994
171.25     0.994
171.5     0.994
171.75     0.994
172.0     0.994
172.25     0.994
172.5     0.994
172.75     0.994
173.0     0.992
173.25     0.994
173.5     0.994
173.75     0.994
174.0     0.994
174.25     0.994
174.5     0.994
174.75     0.994
175.0     0.994
175.25     0.994
175.5     0.994
175.75     0.994
176.0     0.994
176.25     0.992
176.5     0.992
176.75     0.992
177.0     0.99
177.25     0.99
177.5     0.99
177.75     0.99
178.0     0.99
178.25     0.99
178.5     0.99
178.75     0.99
179.0     0.99
179.25     0.99
179.5     0.99
179.75     0.99
180.0     0.99
180.25     0.99
180.5     0.99
180.75     0.99
181.0     0.99
181.25     0.99
181.5     0.99
181.75     0.99
182.0     0.99
182.25     0.99
182.5     0.99
182.75     0.99
183.0     0.99
183.25     0.99
183.5     0.99
183.75     0.988
184.0     0.988
184.25     0.988
184.5     0.988
184.75     0.988
185.0     0.988
185.25     0.988
185.5     0.988
185.75     0.988
186.0     0.988
186.25     0.988
186.5     0.988
186.75     0.988
187.0     0.988
187.25     0.988
187.5     0.988
187.75     0.988
188.0     0.988
188.25     0.988
188.5     0.988
188.75     0.988
189.0     0.988
189.25     0.988
189.5     0.988
189.75     0.988
190.0     0.988
190.25     0.988
190.5     0.988
190.75     0.988
191.0     0.988
191.25     0.988
191.5     0.986
191.75     0.984
192.0     0.984
192.25     0.984
192.5     0.984
192.75     0.982
193.0     0.98
193.25     0.98
193.5     0.98
193.75     0.98
194.0     0.98
194.25     0.98
194.5     0.98
194.75     0.98
195.0     0.98
195.25     0.98
195.5     0.98
195.75     0.98
196.0     0.98
196.25     0.98
196.5     0.98
196.75     0.98
197.0     0.98
197.25     0.98
197.5     0.98
197.75     0.976
198.0     0.976
198.25     0.976
198.5     0.976
198.75     0.976
199.0     0.976
199.25     0.976
199.5     0.976
199.75     0.976
200.0     0.976
200.25     0.976
200.5     0.976
200.75     0.976
201.0     0.976
201.25     0.976
201.5     0.976
201.75     0.976
202.0     0.976
202.25     0.976
202.5     0.976
202.75     0.976
203.0     0.976
203.25     0.976
203.5     0.976
203.75     0.976
204.0     0.976
204.25     0.976
204.5     0.976
204.75     0.976
205.0     0.976
205.25     0.976
205.5     0.974
205.75     0.974
206.0     0.974
206.25     0.974
206.5     0.974
206.75     0.974
207.0     0.974
207.25     0.974
207.5     0.974
207.75     0.974
208.0     0.974
208.25     0.974
208.5     0.974
208.75     0.974
209.0     0.974
209.25     0.974
209.5     0.974
209.75     0.974
210.0     0.972
210.25     0.972
210.5     0.972
210.75     0.972
211.0     0.972
211.25     0.97
211.5     0.97
211.75     0.97
212.0     0.972
212.25     0.972
212.5     0.97
212.75     0.97
213.0     0.97
213.25     0.968
213.5     0.968
213.75     0.968
214.0     0.968
214.25     0.968
214.5     0.966
214.75     0.966
215.0     0.966
215.25     0.966
215.5     0.966
215.75     0.966
216.0     0.966
216.25     0.966
216.5     0.964
216.75     0.964
217.0     0.964
217.25     0.964
217.5     0.962
217.75     0.962
218.0     0.962
218.25     0.962
218.5     0.96
218.75     0.96
219.0     0.96
219.25     0.96
219.5     0.96
219.75     0.96
220.0     0.96
220.25     0.962
220.5     0.96
220.75     0.96
221.0     0.96
221.25     0.96
221.5     0.96
221.75     0.96
222.0     0.96
222.25     0.96
222.5     0.96
222.75     0.96
223.0     0.96
223.25     0.96
223.5     0.96
223.75     0.96
224.0     0.96
224.25     0.96
224.5     0.96
224.75     0.96
225.0     0.96
225.25     0.96
225.5     0.96
225.75     0.956
226.0     0.956
226.25     0.954
226.5     0.954
226.75     0.954
227.0     0.954
227.25     0.954
227.5     0.954
227.75     0.954
228.0     0.954
228.25     0.954
228.5     0.954
228.75     0.954
229.0     0.954
229.25     0.954
229.5     0.954
229.75     0.954
230.0     0.954
230.25     0.954
230.5     0.954
230.75     0.954
231.0     0.952
231.25     0.952
231.5     0.952
231.75     0.95
232.0     0.95
232.25     0.95
232.5     0.95
232.75     0.95
233.0     0.95
233.25     0.95
233.5     0.95
233.75     0.95
234.0     0.95
234.25     0.95
234.5     0.948
234.75     0.948
235.0     0.948
235.25     0.948
235.5     0.946
235.75     0.946
236.0     0.946
236.25     0.946
236.5     0.946
236.75     0.946
237.0     0.946
237.25     0.946
237.5     0.946
237.75     0.946
238.0     0.946
238.25     0.946
238.5     0.946
238.75     0.944
239.0     0.944
239.25     0.944
239.5     0.944
239.75     0.944
240.0     0.944
240.25     0.944
240.5     0.944
240.75     0.944
241.0     0.944
241.25     0.944
241.5     0.944
241.75     0.944
242.0     0.944
242.25     0.944
242.5     0.944
242.75     0.942
243.0     0.942
243.25     0.942
243.5     0.942
243.75     0.942
244.0     0.942
244.25     0.942
244.5     0.942
244.75     0.942
245.0     0.942
245.25     0.942
245.5     0.942
245.75     0.942
246.0     0.942
246.25     0.942
246.5     0.942
246.75     0.942
247.0     0.94
247.25     0.94
247.5     0.94
247.75     0.94
248.0     0.94
248.25     0.94
248.5     0.94
248.75     0.94
249.0     0.94
249.25     0.94
249.5     0.94
249.75     0.94
250.0     0.94
250.25     0.94
250.5     0.94
250.75     0.938
251.0     0.938
251.25     0.938
251.5     0.938
251.75     0.938
252.0     0.938
252.25     0.938
252.5     0.936
252.75     0.936
253.0     0.936
253.25     0.934
253.5     0.934
253.75     0.934
254.0     0.934
254.25     0.934
254.5     0.934
254.75     0.934
255.0     0.934
255.25     0.934
255.5     0.934
255.75     0.934
256.0     0.934
256.25     0.934
256.5     0.934
256.75     0.934
257.0     0.934
257.25     0.934
257.5     0.934
257.75     0.934
258.0     0.934
258.25     0.934
258.5     0.934
258.75     0.934
259.0     0.934
259.25     0.934
259.5     0.934
259.75     0.934
260.0     0.934
260.25     0.934
260.5     0.932
260.75     0.932
261.0     0.932
261.25     0.932
261.5     0.932
261.75     0.932
262.0     0.932
262.25     0.932
262.5     0.932
262.75     0.932
263.0     0.93
263.25     0.93
263.5     0.93
263.75     0.926
264.0     0.926
264.25     0.926
264.5     0.928
264.75     0.93
265.0     0.93
265.25     0.93
265.5     0.928
265.75     0.926
266.0     0.926
266.25     0.924
266.5     0.924
266.75     0.924
267.0     0.924
267.25     0.924
267.5     0.924
267.75     0.924
268.0     0.92
268.25     0.918
268.5     0.92
268.75     0.916
269.0     0.916
269.25     0.916
269.5     0.916
269.75     0.914
270.0     0.914
270.25     0.914
270.5     0.912
270.75     0.912
271.0     0.912
271.25     0.912
271.5     0.912
271.75     0.912
272.0     0.912
272.25     0.912
272.5     0.912
272.75     0.912
273.0     0.912
273.25     0.91
273.5     0.91
273.75     0.91
274.0     0.908
274.25     0.908
274.5     0.906
274.75     0.906
275.0     0.906
275.25     0.906
275.5     0.906
275.75     0.906
276.0     0.904
276.25     0.904
276.5     0.902
276.75     0.9
277.0     0.9
277.25     0.9
277.5     0.9
277.75     0.9
278.0     0.9
278.25     0.9
278.5     0.9
278.75     0.9
279.0     0.9
279.25     0.9
279.5     0.9
279.75     0.9
280.0     0.9
280.25     0.9
280.5     0.902
280.75     0.902
281.0     0.9
281.25     0.896
281.5     0.896
281.75     0.896
282.0     0.896
282.25     0.894
282.5     0.894
282.75     0.894
283.0     0.892
283.25     0.892
283.5     0.892
283.75     0.892
284.0     0.892
284.25     0.892
284.5     0.892
284.75     0.892
285.0     0.892
285.25     0.892
285.5     0.892
285.75     0.89
286.0     0.89
286.25     0.89
286.5     0.888
286.75     0.888
287.0     0.888
287.25     0.89
287.5     0.89
287.75     0.89
288.0     0.89
288.25     0.89
288.5     0.89
288.75     0.888
289.0     0.888
289.25     0.888
289.5     0.888
289.75     0.888
290.0     0.888
290.25     0.888
290.5     0.888
290.75     0.888
291.0     0.888
291.25     0.886
291.5     0.886
291.75     0.884
292.0     0.884
292.25     0.884
292.5     0.884
292.75     0.884
293.0     0.884
293.25     0.884
293.5     0.884
293.75     0.884
294.0     0.884
294.25     0.884
294.5     0.884
294.75     0.882
295.0     0.882
295.25     0.882
295.5     0.882
295.75     0.882
296.0     0.882
296.25     0.882
296.5     0.882
296.75     0.882
297.0     0.882
297.25     0.882
297.5     0.88
297.75     0.88
298.0     0.88
298.25     0.878
298.5     0.878
298.75     0.878
299.0     0.878
299.25     0.878
299.5     0.88
299.75     0.88
300.0     0.878
300.25     0.878
300.5     0.878
300.75     0.878
301.0     0.876
301.25     0.876
301.5     0.872
301.75     0.872
302.0     0.872
302.25     0.872
302.5     0.87
302.75     0.868
303.0     0.868
303.25     0.866
303.5     0.866
303.75     0.866
304.0     0.866
304.25     0.864
304.5     0.862
304.75     0.86
305.0     0.858
305.25     0.856
305.5     0.856
305.75     0.856
306.0     0.854
306.25     0.856
306.5     0.854
306.75     0.854
307.0     0.854
307.25     0.856
307.5     0.856
307.75     0.856
308.0     0.856
308.25     0.856
308.5     0.856
308.75     0.854
309.0     0.854
309.25     0.854
309.5     0.852
309.75     0.85
310.0     0.848
310.25     0.848
310.5     0.848
310.75     0.848
311.0     0.848
311.25     0.846
311.5     0.846
311.75     0.844
312.0     0.844
312.25     0.842
312.5     0.84
312.75     0.84
313.0     0.84
313.25     0.838
313.5     0.838
313.75     0.836
314.0     0.84
314.25     0.84
314.5     0.84
314.75     0.84
315.0     0.84
315.25     0.84
315.5     0.84
315.75     0.84
316.0     0.84
316.25     0.84
316.5     0.84
316.75     0.84
317.0     0.84
317.25     0.834
317.5     0.832
317.75     0.83
318.0     0.828
318.25     0.83
318.5     0.83
318.75     0.828
319.0     0.83
319.25     0.83
319.5     0.83
319.75     0.83
320.0     0.83
320.25     0.83
320.5     0.828
320.75     0.828
321.0     0.824
321.25     0.824
321.5     0.824
321.75     0.824
322.0     0.822
322.25     0.822
322.5     0.818
322.75     0.818
323.0     0.818
323.25     0.816
323.5     0.816
323.75     0.818
324.0     0.818
324.25     0.818
324.5     0.814
324.75     0.814
325.0     0.814
325.25     0.814
325.5     0.812
325.75     0.812
326.0     0.81
326.25     0.81
326.5     0.81
326.75     0.81
327.0     0.81
327.25     0.81
327.5     0.808
327.75     0.804
328.0     0.804
328.25     0.804
328.5     0.802
328.75     0.8
329.0     0.798
329.25     0.798
329.5     0.798
329.75     0.798
330.0     0.798
330.25     0.798
330.5     0.798
330.75     0.798
331.0     0.798
331.25     0.798
331.5     0.798
331.75     0.796
332.0     0.796
332.25     0.796
332.5     0.796
332.75     0.796
333.0     0.794
333.25     0.794
333.5     0.794
333.75     0.792
334.0     0.792
334.25     0.79
334.5     0.786
334.75     0.786
335.0     0.786
335.25     0.786
335.5     0.786
335.75     0.786
336.0     0.784
336.25     0.782
336.5     0.78
336.75     0.78
337.0     0.778
337.25     0.778
337.5     0.778
337.75     0.778
338.0     0.778
338.25     0.778
338.5     0.778
338.75     0.778
339.0     0.778
339.25     0.778
339.5     0.778
339.75     0.778
340.0     0.778
340.25     0.778
340.5     0.778
340.75     0.778
341.0     0.778
341.25     0.778
341.5     0.778
341.75     0.778
342.0     0.778
342.25     0.778
342.5     0.778
342.75     0.778
343.0     0.778
343.25     0.778
343.5     0.778
343.75     0.778
344.0     0.776
344.25     0.772
344.5     0.77
344.75     0.772
345.0     0.77
345.25     0.77
345.5     0.77
345.75     0.77
346.0     0.77
346.25     0.77
346.5     0.77
346.75     0.77
347.0     0.77
347.25     0.766
347.5     0.766
347.75     0.766
348.0     0.766
348.25     0.764
348.5     0.764
348.75     0.764
349.0     0.764
349.25     0.764
349.5     0.764
349.75     0.764
350.0     0.764
350.25     0.764
350.5     0.764
350.75     0.762
351.0     0.762
351.25     0.76
351.5     0.76
351.75     0.758
352.0     0.758
352.25     0.758
352.5     0.756
352.75     0.756
353.0     0.756
353.25     0.756
353.5     0.756
353.75     0.756
354.0     0.756
354.25     0.754
354.5     0.754
354.75     0.754
355.0     0.754
355.25     0.754
355.5     0.754
355.75     0.752
356.0     0.752
356.25     0.75
356.5     0.75
356.75     0.75
357.0     0.748
357.25     0.748
357.5     0.746
357.75     0.746
358.0     0.746
358.25     0.744
358.5     0.744
358.75     0.742
359.0     0.742
359.25     0.74
359.5     0.74
359.75     0.74
360.0     0.738
360.25     0.736
360.5     0.738
360.75     0.736
361.0     0.734
361.25     0.734
361.5     0.734
361.75     0.734
362.0     0.734
362.25     0.732
362.5     0.732
362.75     0.734
363.0     0.732
363.25     0.732
363.5     0.732
363.75     0.732
364.0     0.73
364.25     0.728
364.5     0.728
364.75     0.728
365.0     0.728
365.25     0.726
365.5     0.726
365.75     0.724
366.0     0.724
366.25     0.726
366.5     0.726
366.75     0.726
367.0     0.726
367.25     0.726
367.5     0.726
367.75     0.726
368.0     0.726
368.25     0.726
368.5     0.726
368.75     0.726
369.0     0.726
369.25     0.726
369.5     0.724
369.75     0.722
370.0     0.722
370.25     0.722
370.5     0.722
370.75     0.72
371.0     0.72
371.25     0.714
371.5     0.714
371.75     0.714
372.0     0.712
372.25     0.712
372.5     0.71
372.75     0.708
373.0     0.706
373.25     0.706
373.5     0.706
373.75     0.706
374.0     0.704
374.25     0.702
374.5     0.702
374.75     0.704
375.0     0.704
375.25     0.704
375.5     0.704
375.75     0.702
376.0     0.7
376.25     0.7
376.5     0.7
376.75     0.7
377.0     0.698
377.25     0.696
377.5     0.696
377.75     0.698
378.0     0.696
378.25     0.694
378.5     0.69
378.75     0.692
379.0     0.692
379.25     0.692
379.5     0.692
379.75     0.692
380.0     0.692
380.25     0.692
380.5     0.692
380.75     0.69
381.0     0.69
381.25     0.69
381.5     0.688
381.75     0.688
382.0     0.688
382.25     0.686
382.5     0.686
382.75     0.686
383.0     0.684
383.25     0.684
383.5     0.684
383.75     0.684
384.0     0.682
384.25     0.682
384.5     0.682
384.75     0.682
385.0     0.682
385.25     0.682
385.5     0.678
385.75     0.678
386.0     0.678
386.25     0.676
386.5     0.676
386.75     0.674
387.0     0.672
387.25     0.672
387.5     0.672
387.75     0.672
388.0     0.67
388.25     0.67
388.5     0.67
388.75     0.67
389.0     0.668
389.25     0.668
389.5     0.664
389.75     0.662
390.0     0.662
390.25     0.662
390.5     0.662
390.75     0.66
391.0     0.66
391.25     0.658
391.5     0.658
391.75     0.658
392.0     0.658
392.25     0.658
392.5     0.656
392.75     0.656
393.0     0.658
393.25     0.658
393.5     0.658
393.75     0.658
394.0     0.656
394.25     0.656
394.5     0.656
394.75     0.656
395.0     0.654
395.25     0.654
395.5     0.652
395.75     0.65
396.0     0.648
396.25     0.648
396.5     0.648
396.75     0.648
397.0     0.648
397.25     0.648
397.5     0.644
397.75     0.644
398.0     0.644
398.25     0.644
398.5     0.644
398.75     0.644
399.0     0.644
399.25     0.644
399.5     0.644
399.75     0.644
400.0     0.644
400.25     0.644
400.5     0.644
400.75     0.644
401.0     0.642
401.25     0.642
401.5     0.642
401.75     0.64
402.0     0.64
402.25     0.64
402.5     0.64
402.75     0.64
403.0     0.64
403.25     0.64
403.5     0.64
403.75     0.64
404.0     0.64
404.25     0.64
404.5     0.638
404.75     0.638
405.0     0.638
405.25     0.638
405.5     0.638
405.75     0.638
406.0     0.636
406.25     0.636
406.5     0.634
406.75     0.632
407.0     0.632
407.25     0.632
407.5     0.63
407.75     0.63
408.0     0.632
408.25     0.632
408.5     0.632
408.75     0.632
409.0     0.632
409.25     0.632
409.5     0.632
409.75     0.632
410.0     0.632
410.25     0.632
410.5     0.632
410.75     0.628
411.0     0.628
411.25     0.628
411.5     0.626
411.75     0.624
412.0     0.624
412.25     0.624
412.5     0.622
412.75     0.622
413.0     0.62
413.25     0.622
413.5     0.622
413.75     0.622
414.0     0.62
414.25     0.622
414.5     0.624
414.75     0.626
415.0     0.624
415.25     0.624
415.5     0.624
415.75     0.624
416.0     0.624
416.25     0.624
416.5     0.624
416.75     0.624
417.0     0.622
417.25     0.622
417.5     0.622
417.75     0.622
418.0     0.62
418.25     0.62
418.5     0.62
418.75     0.62
419.0     0.62
419.25     0.62
419.5     0.62
419.75     0.62
420.0     0.62
420.25     0.62
420.5     0.62
420.75     0.618
421.0     0.616
421.25     0.616
421.5     0.614
421.75     0.614
422.0     0.614
422.25     0.61
422.5     0.61
422.75     0.61
423.0     0.61
423.25     0.61
423.5     0.61
423.75     0.61
424.0     0.608
424.25     0.608
424.5     0.608
424.75     0.608
425.0     0.608
425.25     0.608
425.5     0.606
425.75     0.606
426.0     0.604
426.25     0.604
426.5     0.604
426.75     0.6
427.0     0.6
427.25     0.598
427.5     0.598
427.75     0.598
428.0     0.598
428.25     0.596
428.5     0.596
428.75     0.596
429.0     0.594
429.25     0.592
429.5     0.592
429.75     0.59
430.0     0.592
430.25     0.592
430.5     0.592
430.75     0.592
431.0     0.592
431.25     0.59
431.5     0.59
431.75     0.59
432.0     0.59
432.25     0.59
432.5     0.59
432.75     0.59
433.0     0.588
433.25     0.584
433.5     0.58
433.75     0.574
434.0     0.572
434.25     0.574
434.5     0.574
434.75     0.572
435.0     0.57
435.25     0.568
435.5     0.568
435.75     0.566
436.0     0.564
436.25     0.564
436.5     0.564
436.75     0.564
437.0     0.564
437.25     0.564
437.5     0.56
437.75     0.56
438.0     0.562
438.25     0.562
438.5     0.56
438.75     0.56
439.0     0.56
439.25     0.56
439.5     0.56
439.75     0.558
440.0     0.552
440.25     0.552
440.5     0.552
440.75     0.552
441.0     0.552
441.25     0.552
441.5     0.552
441.75     0.552
442.0     0.552
442.25     0.552
442.5     0.55
442.75     0.55
443.0     0.55
443.25     0.548
443.5     0.546
443.75     0.546
444.0     0.546
444.25     0.546
444.5     0.546
444.75     0.546
445.0     0.546
445.25     0.546
445.5     0.544
445.75     0.544
446.0     0.544
446.25     0.544
446.5     0.542
446.75     0.542
447.0     0.542
447.25     0.54
447.5     0.54
447.75     0.542
448.0     0.54
448.25     0.536
448.5     0.536
448.75     0.536
449.0     0.536
449.25     0.534
449.5     0.534
449.75     0.532
450.0     0.53
450.25     0.53
450.5     0.528
450.75     0.528
451.0     0.528
451.25     0.528
451.5     0.528
451.75     0.528
452.0     0.53
452.25     0.53
452.5     0.528
452.75     0.526
453.0     0.526
453.25     0.526
453.5     0.526
453.75     0.526
454.0     0.526
454.25     0.526
454.5     0.524
454.75     0.524
455.0     0.52
455.25     0.52
455.5     0.52
455.75     0.516
456.0     0.516
456.25     0.516
456.5     0.516
456.75     0.516
457.0     0.516
457.25     0.516
457.5     0.514
457.75     0.514
458.0     0.512
458.25     0.51
458.5     0.508
458.75     0.508
459.0     0.508
459.25     0.508
459.5     0.508
459.75     0.508
460.0     0.504
460.25     0.504
460.5     0.504
460.75     0.504
461.0     0.504
461.25     0.502
461.5     0.502
461.75     0.498
462.0     0.498
462.25     0.498
462.5     0.498
462.75     0.498
463.0     0.498
463.25     0.498
463.5     0.498
463.75     0.496
464.0     0.496
464.25     0.494
464.5     0.494
464.75     0.494
465.0     0.492
465.25     0.492
465.5     0.492
465.75     0.492
466.0     0.49
466.25     0.49
466.5     0.49
466.75     0.49
467.0     0.49
467.25     0.488
467.5     0.488
467.75     0.488
468.0     0.486
468.25     0.486
468.5     0.484
468.75     0.484
469.0     0.484
469.25     0.484
469.5     0.484
469.75     0.484
470.0     0.484
470.25     0.484
470.5     0.48
470.75     0.48
471.0     0.48
471.25     0.478
471.5     0.48
471.75     0.478
472.0     0.478
472.25     0.478
472.5     0.478
472.75     0.478
473.0     0.478
473.25     0.478
473.5     0.478
473.75     0.478
474.0     0.478
474.25     0.476
474.5     0.474
474.75     0.472
475.0     0.472
475.25     0.47
475.5     0.47
475.75     0.47
476.0     0.47
476.25     0.47
476.5     0.47
476.75     0.47
477.0     0.47
477.25     0.47
477.5     0.47
477.75     0.47
478.0     0.468
478.25     0.468
478.5     0.468
478.75     0.468
479.0     0.468
479.25     0.468
479.5     0.468
479.75     0.468
480.0     0.468
480.25     0.468
480.5     0.468
480.75     0.466
481.0     0.466
481.25     0.466
481.5     0.466
481.75     0.466
482.0     0.466
482.25     0.466
482.5     0.464
482.75     0.464
483.0     0.464
483.25     0.464
483.5     0.464
483.75     0.462
484.0     0.462
484.25     0.462
484.5     0.462
484.75     0.46
485.0     0.46
485.25     0.46
485.5     0.46
485.75     0.458
486.0     0.456
486.25     0.456
486.5     0.456
486.75     0.456
487.0     0.456
487.25     0.456
487.5     0.454
487.75     0.454
488.0     0.452
488.25     0.452
488.5     0.452
488.75     0.452
489.0     0.45
489.25     0.448
489.5     0.448
489.75     0.448
490.0     0.448
490.25     0.446
490.5     0.446
490.75     0.446
491.0     0.444
491.25     0.442
491.5     0.442
491.75     0.442
492.0     0.438
492.25     0.438
492.5     0.438
492.75     0.438
493.0     0.438
493.25     0.438
493.5     0.438
493.75     0.436
494.0     0.436
494.25     0.436
494.5     0.436
494.75     0.436
495.0     0.436
495.25     0.436
495.5     0.438
495.75     0.436
496.0     0.436
496.25     0.436
496.5     0.436
496.75     0.436
497.0     0.436
497.25     0.436
497.5     0.436
497.75     0.436
498.0     0.436
498.25     0.436
498.5     0.434
498.75     0.432
499.0     0.432
499.25     0.432
499.5     0.432
499.75     0.432
500.0     0.432
500.25     0.432
500.5     0.432
500.75     0.43
501.0     0.43
501.25     0.43
501.5     0.43
501.75     0.43
502.0     0.43
502.25     0.43
502.5     0.43
502.75     0.43
503.0     0.426
503.25     0.424
503.5     0.42
503.75     0.418
504.0     0.418
504.25     0.418
504.5     0.418
504.75     0.418
505.0     0.416
505.25     0.416
505.5     0.414
505.75     0.414
506.0     0.412
506.25     0.414
506.5     0.414
506.75     0.412
507.0     0.41
507.25     0.41
507.5     0.41
507.75     0.408
508.0     0.408
508.25     0.408
508.5     0.408
508.75     0.408
509.0     0.408
509.25     0.406
509.5     0.406
509.75     0.406
510.0     0.406
510.25     0.406
510.5     0.406
510.75     0.406
511.0     0.406
511.25     0.406
511.5     0.406
511.75     0.404
512.0     0.402
512.25     0.402
512.5     0.402
512.75     0.402
513.0     0.402
513.25     0.402
513.5     0.402
513.75     0.402
514.0     0.402
514.25     0.402
514.5     0.402
514.75     0.402
515.0     0.402
515.25     0.402
515.5     0.402
515.75     0.402
516.0     0.402
516.25     0.402
516.5     0.402
516.75     0.4
517.0     0.4
517.25     0.4
517.5     0.4
517.75     0.398
518.0     0.398
518.25     0.398
518.5     0.398
518.75     0.398
519.0     0.398
519.25     0.398
519.5     0.398
519.75     0.398
520.0     0.396
520.25     0.396
520.5     0.396
520.75     0.396
521.0     0.396
521.25     0.396
521.5     0.396
521.75     0.396
522.0     0.396
522.25     0.394
522.5     0.394
522.75     0.394
523.0     0.394
523.25     0.394
523.5     0.394
523.75     0.394
524.0     0.394
524.25     0.394
524.5     0.394
524.75     0.394
525.0     0.392
525.25     0.39
525.5     0.39
525.75     0.39
526.0     0.39
526.25     0.39
526.5     0.39
526.75     0.39
527.0     0.39
527.25     0.39
527.5     0.39
527.75     0.388
528.0     0.388
528.25     0.388
528.5     0.388
528.75     0.384
529.0     0.384
529.25     0.384
529.5     0.384
529.75     0.384
530.0     0.384
530.25     0.382
530.5     0.382
530.75     0.382
531.0     0.382
531.25     0.382
531.5     0.382
531.75     0.382
532.0     0.382
532.25     0.382
532.5     0.382
532.75     0.382
533.0     0.382
533.25     0.382
533.5     0.382
533.75     0.38
534.0     0.38
534.25     0.38
534.5     0.38
534.75     0.38
535.0     0.38
535.25     0.38
535.5     0.38
535.75     0.38
536.0     0.38
536.25     0.38
536.5     0.38
536.75     0.378
537.0     0.378
537.25     0.378
537.5     0.378
537.75     0.378
538.0     0.378
538.25     0.378
538.5     0.376
538.75     0.376
539.0     0.376
539.25     0.376
539.5     0.376
539.75     0.376
540.0     0.374
540.25     0.374
540.5     0.372
540.75     0.37
541.0     0.37
541.25     0.37
541.5     0.37
541.75     0.372
542.0     0.372
542.25     0.372
542.5     0.372
542.75     0.372
543.0     0.37
543.25     0.37
543.5     0.368
543.75     0.368
544.0     0.368
544.25     0.366
544.5     0.364
544.75     0.364
545.0     0.364
545.25     0.364
545.5     0.364
545.75     0.362
546.0     0.362
546.25     0.362
546.5     0.362
546.75     0.362
547.0     0.36
547.25     0.356
547.5     0.356
547.75     0.356
548.0     0.356
548.25     0.354
548.5     0.354
548.75     0.356
549.0     0.356
549.25     0.356
549.5     0.356
549.75     0.356
550.0     0.356
550.25     0.356
550.5     0.354
550.75     0.352
551.0     0.352
551.25     0.352
551.5     0.352
551.75     0.352
552.0     0.352
552.25     0.354
552.5     0.354
552.75     0.354
553.0     0.354
553.25     0.354
553.5     0.354
553.75     0.354
554.0     0.354
554.25     0.354
554.5     0.354
554.75     0.354
555.0     0.354
555.25     0.354
555.5     0.354
555.75     0.354
556.0     0.354
556.25     0.352
556.5     0.352
556.75     0.35
557.0     0.35
557.25     0.35
557.5     0.35
557.75     0.35
558.0     0.348
558.25     0.348
558.5     0.348
558.75     0.348
559.0     0.348
559.25     0.348
559.5     0.348
559.75     0.348
560.0     0.348
560.25     0.348
560.5     0.348
560.75     0.346
561.0     0.346
561.25     0.346
561.5     0.346
561.75     0.344
562.0     0.344
562.25     0.34
562.5     0.34
562.75     0.34
563.0     0.34
563.25     0.34
563.5     0.34
563.75     0.338
564.0     0.338
564.25     0.336
564.5     0.336
564.75     0.336
565.0     0.336
565.25     0.334
565.5     0.334
565.75     0.334
566.0     0.334
566.25     0.334
566.5     0.334
566.75     0.334
567.0     0.334
567.25     0.334
567.5     0.334
567.75     0.334
568.0     0.334
568.25     0.334
568.5     0.334
568.75     0.334
569.0     0.334
569.25     0.334
569.5     0.334
569.75     0.334
570.0     0.334
570.25     0.334
570.5     0.334
570.75     0.334
571.0     0.332
571.25     0.332
571.5     0.332
571.75     0.33
572.0     0.33
572.25     0.33
572.5     0.33
572.75     0.33
573.0     0.328
573.25     0.328
573.5     0.328
573.75     0.328
574.0     0.328
574.25     0.328
574.5     0.324
574.75     0.324
575.0     0.324
575.25     0.324
575.5     0.324
575.75     0.322
576.0     0.32
576.25     0.32
576.5     0.318
576.75     0.318
577.0     0.318
577.25     0.316
577.5     0.316
577.75     0.316
578.0     0.314
578.25     0.314
578.5     0.314
578.75     0.314
579.0     0.314
579.25     0.314
579.5     0.314
579.75     0.314
580.0     0.314
580.25     0.314
580.5     0.314
580.75     0.314
581.0     0.312
581.25     0.312
581.5     0.312
581.75     0.312
582.0     0.312
582.25     0.312
582.5     0.312
582.75     0.312
583.0     0.312
583.25     0.312
583.5     0.31
583.75     0.31
584.0     0.31
584.25     0.31
584.5     0.31
584.75     0.31
585.0     0.31
585.25     0.31
585.5     0.31
585.75     0.31
586.0     0.31
586.25     0.31
586.5     0.31
586.75     0.31
587.0     0.31
587.25     0.308
587.5     0.308
587.75     0.308
588.0     0.308
588.25     0.308
588.5     0.308
588.75     0.308
589.0     0.306
589.25     0.306
589.5     0.306
589.75     0.306
590.0     0.306
590.25     0.306
590.5     0.306
590.75     0.306
591.0     0.306
591.25     0.306
591.5     0.306
591.75     0.306
592.0     0.306
592.25     0.306
592.5     0.306
592.75     0.304
593.0     0.304
593.25     0.306
593.5     0.306
593.75     0.308
594.0     0.308
594.25     0.308
594.5     0.308
594.75     0.308
595.0     0.308
595.25     0.308
595.5     0.308
595.75     0.308
596.0     0.306
596.25     0.306
596.5     0.306
596.75     0.302
597.0     0.302
597.25     0.302
597.5     0.302
597.75     0.302
598.0     0.302
598.25     0.302
598.5     0.302
598.75     0.302
599.0     0.3
599.25     0.3
599.5     0.3
599.75     0.3
600.0     0.3
600.25     0.3
600.5     0.3
600.75     0.302
601.0     0.302
601.25     0.302
601.5     0.302
601.75     0.3
602.0     0.298
602.25     0.298
602.5     0.298
602.75     0.296
603.0     0.294
603.25     0.294
603.5     0.294
603.75     0.294
604.0     0.294
604.25     0.296
604.5     0.296
604.75     0.294
605.0     0.294
605.25     0.294
605.5     0.294
605.75     0.294
606.0     0.294
606.25     0.294
606.5     0.294
606.75     0.294
607.0     0.292
607.25     0.292
607.5     0.29
607.75     0.29
608.0     0.29
608.25     0.288
608.5     0.288
608.75     0.288
609.0     0.286
609.25     0.286
609.5     0.286
609.75     0.286
610.0     0.286
610.25     0.284
610.5     0.284
610.75     0.284
611.0     0.284
611.25     0.284
611.5     0.284
611.75     0.286
612.0     0.284
612.25     0.284
612.5     0.284
612.75     0.284
613.0     0.284
613.25     0.284
613.5     0.284
613.75     0.284
614.0     0.284
614.25     0.284
614.5     0.284
614.75     0.286
615.0     0.286
615.25     0.286
615.5     0.286
615.75     0.286
616.0     0.286
616.25     0.286
616.5     0.286
616.75     0.286
617.0     0.286
617.25     0.286
617.5     0.286
617.75     0.286
618.0     0.286
618.25     0.286
618.5     0.286
618.75     0.286
619.0     0.286
619.25     0.286
619.5     0.286
619.75     0.286
620.0     0.286
620.25     0.286
620.5     0.286
620.75     0.286
621.0     0.286
621.25     0.286
621.5     0.286
621.75     0.286
622.0     0.286
622.25     0.286
622.5     0.286
622.75     0.286
623.0     0.286
623.25     0.286
623.5     0.286
623.75     0.286
624.0     0.286
624.25     0.286
624.5     0.282
624.75     0.278
625.0     0.278
625.25     0.278
625.5     0.278
625.75     0.278
626.0     0.278
626.25     0.278
626.5     0.278
626.75     0.278
627.0     0.278
627.25     0.276
627.5     0.276
627.75     0.276
628.0     0.276
628.25     0.276
628.5     0.276
628.75     0.276
629.0     0.276
629.25     0.276
629.5     0.276
629.75     0.276
630.0     0.276
630.25     0.276
630.5     0.276
630.75     0.276
631.0     0.276
631.25     0.274
631.5     0.272
631.75     0.272
632.0     0.272
632.25     0.272
632.5     0.272
632.75     0.272
633.0     0.272
633.25     0.272
633.5     0.272
633.75     0.272
634.0     0.272
634.25     0.272
634.5     0.272
634.75     0.272
635.0     0.272
635.25     0.272
635.5     0.272
635.75     0.272
636.0     0.272
636.25     0.27
636.5     0.27
636.75     0.27
637.0     0.27
637.25     0.27
637.5     0.27
637.75     0.27
638.0     0.27
638.25     0.27
638.5     0.27
638.75     0.27
639.0     0.27
639.25     0.27
639.5     0.27
639.75     0.27
640.0     0.27
640.25     0.27
640.5     0.27
640.75     0.27
641.0     0.27
641.25     0.27
641.5     0.27
641.75     0.268
642.0     0.268
642.25     0.268
642.5     0.268
642.75     0.266
643.0     0.264
643.25     0.262
643.5     0.26
643.75     0.26
644.0     0.26
644.25     0.26
644.5     0.26
644.75     0.26
645.0     0.26
645.25     0.258
645.5     0.258
645.75     0.258
646.0     0.258
646.25     0.258
646.5     0.256
646.75     0.256
647.0     0.256
647.25     0.256
647.5     0.256
647.75     0.254
648.0     0.254
648.25     0.254
648.5     0.254
648.75     0.254
649.0     0.252
649.25     0.252
649.5     0.252
649.75     0.252
650.0     0.252
650.25     0.252
650.5     0.252
650.75     0.25
651.0     0.25
651.25     0.25
651.5     0.25
651.75     0.25
652.0     0.25
652.25     0.25
652.5     0.25
652.75     0.25
653.0     0.25
653.25     0.25
653.5     0.25
653.75     0.25
654.0     0.25
654.25     0.25
654.5     0.25
654.75     0.25
655.0     0.25
655.25     0.25
655.5     0.25
655.75     0.25
656.0     0.25
656.25     0.25
656.5     0.25
656.75     0.25
657.0     0.25
657.25     0.248
657.5     0.248
657.75     0.248
658.0     0.248
658.25     0.248
658.5     0.248
658.75     0.248
659.0     0.248
659.25     0.248
659.5     0.248
659.75     0.248
660.0     0.248
660.25     0.248
660.5     0.248
660.75     0.248
661.0     0.248
661.25     0.246
661.5     0.244
661.75     0.244
662.0     0.244
662.25     0.244
662.5     0.244
662.75     0.244
663.0     0.244
663.25     0.244
663.5     0.244
663.75     0.244
664.0     0.24
664.25     0.238
664.5     0.238
664.75     0.238
665.0     0.238
665.25     0.236
665.5     0.236
665.75     0.236
666.0     0.236
666.25     0.236
666.5     0.236
666.75     0.234
667.0     0.234
667.25     0.234
667.5     0.234
667.75     0.234
668.0     0.232
668.25     0.232
668.5     0.232
668.75     0.232
669.0     0.232
669.25     0.232
669.5     0.232
669.75     0.23
670.0     0.23
670.25     0.23
670.5     0.23
670.75     0.23
671.0     0.23
671.25     0.23
671.5     0.23
671.75     0.23
672.0     0.23
672.25     0.23
672.5     0.23
672.75     0.228
673.0     0.228
673.25     0.226
673.5     0.226
673.75     0.224
674.0     0.224
674.25     0.224
674.5     0.222
674.75     0.222
675.0     0.222
675.25     0.22
675.5     0.22
675.75     0.22
676.0     0.22
676.25     0.22
676.5     0.22
676.75     0.22
677.0     0.22
677.25     0.22
677.5     0.22
677.75     0.22
678.0     0.22
678.25     0.22
678.5     0.22
678.75     0.22
679.0     0.22
679.25     0.22
679.5     0.218
679.75     0.218
680.0     0.218
680.25     0.218
680.5     0.218
680.75     0.218
681.0     0.218
681.25     0.218
681.5     0.218
681.75     0.214
682.0     0.214
682.25     0.214
682.5     0.214
682.75     0.214
683.0     0.212
683.25     0.21
683.5     0.21
683.75     0.21
684.0     0.21
684.25     0.21
684.5     0.208
684.75     0.208
685.0     0.208
685.25     0.208
685.5     0.208
685.75     0.208
686.0     0.208
686.25     0.208
686.5     0.208
686.75     0.208
687.0     0.208
687.25     0.208
687.5     0.208
687.75     0.208
688.0     0.208
688.25     0.208
688.5     0.208
688.75     0.208
689.0     0.208
689.25     0.208
689.5     0.208
689.75     0.208
690.0     0.208
690.25     0.208
690.5     0.208
690.75     0.208
691.0     0.208
691.25     0.208
691.5     0.208
691.75     0.208
692.0     0.208
692.25     0.208
692.5     0.208
692.75     0.208
693.0     0.208
693.25     0.208
693.5     0.208
693.75     0.208
694.0     0.208
694.25     0.204
694.5     0.206
694.75     0.206
695.0     0.206
695.25     0.204
695.5     0.202
695.75     0.202
696.0     0.202
696.25     0.202
696.5     0.202
696.75     0.202
697.0     0.202
697.25     0.202
697.5     0.202
697.75     0.202
698.0     0.202
698.25     0.202
698.5     0.202
698.75     0.202
699.0     0.202
699.25     0.202
699.5     0.202
699.75     0.2
700.0     0.2
700.25     0.2
700.5     0.2
700.75     0.2
701.0     0.2
701.25     0.2
701.5     0.2
701.75     0.2
702.0     0.2
702.25     0.2
702.5     0.2
702.75     0.2
703.0     0.2
703.25     0.2
703.5     0.2
703.75     0.2
704.0     0.2
704.25     0.2
704.5     0.2
704.75     0.198
705.0     0.198
705.25     0.2
705.5     0.198
705.75     0.198
706.0     0.198
706.25     0.196
706.5     0.196
706.75     0.196
707.0     0.196
707.25     0.196
707.5     0.194
707.75     0.192
708.0     0.19
708.25     0.19
708.5     0.188
708.75     0.188
709.0     0.188
709.25     0.188
709.5     0.188
709.75     0.188
710.0     0.188
710.25     0.188
710.5     0.188
710.75     0.188
711.0     0.186
711.25     0.186
711.5     0.184
711.75     0.184
712.0     0.184
712.25     0.184
712.5     0.184
712.75     0.184
713.0     0.184
713.25     0.184
713.5     0.184
713.75     0.184
714.0     0.184
714.25     0.184
714.5     0.184
714.75     0.184
715.0     0.184
715.25     0.184
715.5     0.184
715.75     0.184
716.0     0.184
716.25     0.184
716.5     0.184
716.75     0.184
717.0     0.184
717.25     0.184
717.5     0.184
717.75     0.184
718.0     0.184
718.25     0.184
718.5     0.182
718.75     0.182
719.0     0.182
719.25     0.18
719.5     0.18
719.75     0.18
720.0     0.182
720.25     0.178
720.5     0.178
720.75     0.178
721.0     0.178
721.25     0.178
721.5     0.178
721.75     0.178
722.0     0.178
722.25     0.178
722.5     0.178
722.75     0.178
723.0     0.178
723.25     0.178
723.5     0.176
723.75     0.176
724.0     0.176
724.25     0.176
724.5     0.176
724.75     0.176
725.0     0.176
725.25     0.174
725.5     0.174
725.75     0.174
726.0     0.174
726.25     0.174
726.5     0.174
726.75     0.174
727.0     0.174
727.25     0.174
727.5     0.174
727.75     0.172
728.0     0.17
728.25     0.17
728.5     0.17
728.75     0.17
729.0     0.17
729.25     0.168
729.5     0.168
729.75     0.168
730.0     0.168
730.25     0.168
730.5     0.168
730.75     0.168
731.0     0.17
731.25     0.17
731.5     0.17
731.75     0.17
732.0     0.17
732.25     0.17
732.5     0.17
732.75     0.17
733.0     0.17
733.25     0.17
733.5     0.17
733.75     0.17
734.0     0.17
734.25     0.17
734.5     0.17
734.75     0.17
735.0     0.17
735.25     0.17
735.5     0.17
735.75     0.168
736.0     0.168
736.25     0.168
736.5     0.168
736.75     0.168
737.0     0.168
737.25     0.168
737.5     0.168
737.75     0.168
738.0     0.168
738.25     0.168
738.5     0.168
738.75     0.168
739.0     0.166
739.25     0.166
739.5     0.166
739.75     0.166
740.0     0.166
740.25     0.166
740.5     0.166
740.75     0.166
741.0     0.166
741.25     0.166
741.5     0.166
741.75     0.166
742.0     0.166
742.25     0.166
742.5     0.166
742.75     0.166
743.0     0.166
743.25     0.166
743.5     0.166
743.75     0.166
744.0     0.166
744.25     0.166
744.5     0.166
744.75     0.166
745.0     0.166
745.25     0.166
745.5     0.166
745.75     0.166
746.0     0.166
746.25     0.166
746.5     0.166
746.75     0.166
747.0     0.166
747.25     0.166
747.5     0.164
747.75     0.164
748.0     0.164
748.25     0.164
748.5     0.164
748.75     0.164
749.0     0.164
749.25     0.164
749.5     0.164
749.75     0.164
750.0     0.164
750.25     0.162
750.5     0.162
750.75     0.162
751.0     0.162
751.25     0.162
751.5     0.162
751.75     0.162
752.0     0.162
752.25     0.162
752.5     0.16
752.75     0.16
753.0     0.16
753.25     0.16
753.5     0.16
753.75     0.16
754.0     0.16
754.25     0.16
754.5     0.16
754.75     0.16
755.0     0.16
755.25     0.158
755.5     0.158
755.75     0.156
756.0     0.156
756.25     0.156
756.5     0.156
756.75     0.156
757.0     0.156
757.25     0.156
757.5     0.156
757.75     0.156
758.0     0.156
758.25     0.156
758.5     0.156
758.75     0.156
759.0     0.156
759.25     0.156
759.5     0.156
759.75     0.156
760.0     0.156
760.25     0.156
760.5     0.156
760.75     0.156
761.0     0.156
761.25     0.156
761.5     0.156
761.75     0.156
762.0     0.156
762.25     0.156
762.5     0.156
762.75     0.154
763.0     0.154
763.25     0.154
763.5     0.152
763.75     0.152
764.0     0.152
764.25     0.152
764.5     0.15
764.75     0.15
765.0     0.15
765.25     0.15
765.5     0.15
765.75     0.15
766.0     0.15
766.25     0.15
766.5     0.15
766.75     0.15
767.0     0.15
767.25     0.15
767.5     0.15
767.75     0.15
768.0     0.152
768.25     0.152
768.5     0.152
768.75     0.152
769.0     0.152
769.25     0.152
769.5     0.152
769.75     0.152
770.0     0.152
770.25     0.152
770.5     0.152
770.75     0.152
771.0     0.152
771.25     0.152
771.5     0.152
771.75     0.152
772.0     0.152
772.25     0.152
772.5     0.152
772.75     0.152
773.0     0.152
773.25     0.152
773.5     0.15
773.75     0.15
774.0     0.15
774.25     0.15
774.5     0.15
774.75     0.15
775.0     0.15
775.25     0.15
775.5     0.15
775.75     0.15
776.0     0.15
776.25     0.148
776.5     0.148
776.75     0.148
777.0     0.148
777.25     0.148
777.5     0.148
777.75     0.148
778.0     0.148
778.25     0.148
778.5     0.148
778.75     0.146
779.0     0.146
779.25     0.146
779.5     0.146
779.75     0.146
780.0     0.146
780.25     0.146
780.5     0.146
780.75     0.146
781.0     0.146
781.25     0.146
781.5     0.146
781.75     0.146
782.0     0.146
782.25     0.146
782.5     0.146
782.75     0.146
783.0     0.146
783.25     0.144
783.5     0.144
783.75     0.144
784.0     0.144
784.25     0.144
784.5     0.144
784.75     0.144
785.0     0.144
785.25     0.144
785.5     0.144
785.75     0.144
786.0     0.144
786.25     0.144
786.5     0.144
786.75     0.144
787.0     0.144
787.25     0.144
787.5     0.144
787.75     0.144
788.0     0.144
788.25     0.144
788.5     0.144
788.75     0.142
789.0     0.142
789.25     0.142
789.5     0.142
789.75     0.142
790.0     0.142
790.25     0.142
790.5     0.142
790.75     0.142
791.0     0.142
791.25     0.142
791.5     0.14
791.75     0.14
792.0     0.14
792.25     0.14
792.5     0.14
792.75     0.14
793.0     0.14
793.25     0.14
793.5     0.14
793.75     0.14
794.0     0.14
794.25     0.14
794.5     0.14
794.75     0.138
795.0     0.138
795.25     0.138
795.5     0.138
795.75     0.138
796.0     0.14
796.25     0.14
796.5     0.14
796.75     0.14
797.0     0.14
797.25     0.138
797.5     0.138
797.75     0.138
798.0     0.138
798.25     0.138
798.5     0.138
798.75     0.138
799.0     0.138
799.25     0.138
799.5     0.138
799.75     0.138
800.0     0.138
800.25     0.138
800.5     0.138
800.75     0.138
801.0     0.136
801.25     0.136
801.5     0.136
801.75     0.136
802.0     0.136
802.25     0.136
802.5     0.136
802.75     0.136
803.0     0.136
803.25     0.136
803.5     0.134
803.75     0.134
804.0     0.134
804.25     0.134
804.5     0.134
804.75     0.134
805.0     0.134
805.25     0.132
805.5     0.132
805.75     0.132
806.0     0.13
806.25     0.13
806.5     0.13
806.75     0.13
807.0     0.13
807.25     0.13
807.5     0.13
807.75     0.13
808.0     0.13
808.25     0.13
808.5     0.13
808.75     0.13
809.0     0.13
809.25     0.13
809.5     0.13
809.75     0.13
810.0     0.13
810.25     0.13
810.5     0.13
810.75     0.13
811.0     0.13
811.25     0.13
811.5     0.128
811.75     0.128
812.0     0.126
812.25     0.126
812.5     0.124
812.75     0.122
813.0     0.122
813.25     0.122
813.5     0.122
813.75     0.122
814.0     0.122
814.25     0.122
814.5     0.122
814.75     0.122
815.0     0.122
815.25     0.122
815.5     0.12
815.75     0.12
816.0     0.12
816.25     0.12
816.5     0.118
816.75     0.118
817.0     0.118
817.25     0.118
817.5     0.118
817.75     0.118
818.0     0.118
818.25     0.118
818.5     0.118
818.75     0.118
819.0     0.118
819.25     0.116
819.5     0.116
819.75     0.116
820.0     0.116
820.25     0.116
820.5     0.114
820.75     0.114
821.0     0.114
821.25     0.114
821.5     0.114
821.75     0.114
822.0     0.114
822.25     0.114
822.5     0.114
822.75     0.114
823.0     0.114
823.25     0.114
823.5     0.114
823.75     0.114
824.0     0.112
824.25     0.112
824.5     0.112
824.75     0.112
825.0     0.112
825.25     0.112
825.5     0.112
825.75     0.112
826.0     0.112
826.25     0.112
826.5     0.112
826.75     0.112
827.0     0.11
827.25     0.108
827.5     0.108
827.75     0.108
828.0     0.108
828.25     0.108
828.5     0.108
828.75     0.108
829.0     0.108
829.25     0.108
829.5     0.108
829.75     0.108
830.0     0.108
830.25     0.108
830.5     0.108
830.75     0.108
831.0     0.108
831.25     0.108
831.5     0.108
831.75     0.108
832.0     0.108
832.25     0.108
832.5     0.108
832.75     0.108
833.0     0.106
833.25     0.106
833.5     0.106
833.75     0.106
834.0     0.106
834.25     0.104
834.5     0.104
834.75     0.104
835.0     0.104
835.25     0.104
835.5     0.104
835.75     0.104
836.0     0.104
836.25     0.104
836.5     0.104
836.75     0.104
837.0     0.104
837.25     0.104
837.5     0.104
837.75     0.104
838.0     0.104
838.25     0.104
838.5     0.104
838.75     0.104
839.0     0.104
839.25     0.104
839.5     0.104
839.75     0.104
840.0     0.104
840.25     0.104
840.5     0.104
840.75     0.104
841.0     0.104
841.25     0.104
841.5     0.104
841.75     0.104
842.0     0.104
842.25     0.104
842.5     0.104
842.75     0.104
843.0     0.104
843.25     0.104
843.5     0.104
843.75     0.104
844.0     0.104
844.25     0.104
844.5     0.104
844.75     0.104
845.0     0.104
845.25     0.104
845.5     0.104
845.75     0.104
846.0     0.104
846.25     0.104
846.5     0.102
846.75     0.102
847.0     0.102
847.25     0.102
847.5     0.102
847.75     0.102
848.0     0.102
848.25     0.102
848.5     0.102
848.75     0.102
849.0     0.102
849.25     0.102
849.5     0.102
849.75     0.1
850.0     0.1
850.25     0.1
850.5     0.1
850.75     0.1
851.0     0.098
851.25     0.098
851.5     0.098
851.75     0.098
852.0     0.096
852.25     0.096
852.5     0.096
852.75     0.096
853.0     0.096
853.25     0.096
853.5     0.096
853.75     0.096
854.0     0.096
854.25     0.096
854.5     0.096
854.75     0.096
855.0     0.096
855.25     0.096
855.5     0.096
855.75     0.096
856.0     0.096
856.25     0.096
856.5     0.096
856.75     0.096
857.0     0.096
857.25     0.096
857.5     0.096
857.75     0.096
858.0     0.096
858.25     0.096
858.5     0.096
858.75     0.092
859.0     0.092
859.25     0.09
859.5     0.09
859.75     0.09
860.0     0.09
860.25     0.09
860.5     0.09
860.75     0.09
861.0     0.09
861.25     0.09
861.5     0.09
861.75     0.09
862.0     0.09
862.25     0.09
862.5     0.09
862.75     0.088
863.0     0.088
863.25     0.088
863.5     0.088
863.75     0.088
864.0     0.088
864.25     0.088
864.5     0.088
864.75     0.086
865.0     0.086
865.25     0.086
865.5     0.086
865.75     0.086
866.0     0.086
866.25     0.086
866.5     0.086
866.75     0.086
867.0     0.086
867.25     0.086
867.5     0.086
867.75     0.086
868.0     0.086
868.25     0.084
868.5     0.084
868.75     0.084
869.0     0.084
869.25     0.084
869.5     0.084
869.75     0.084
870.0     0.084
870.25     0.084
870.5     0.082
870.75     0.082
871.0     0.082
871.25     0.082
871.5     0.082
871.75     0.082
872.0     0.082
872.25     0.082
872.5     0.082
872.75     0.082
873.0     0.082
873.25     0.082
873.5     0.082
873.75     0.082
874.0     0.082
874.25     0.082
874.5     0.082
874.75     0.082
875.0     0.082
875.25     0.08
875.5     0.08
875.75     0.08
876.0     0.08
876.25     0.08
876.5     0.08
876.75     0.08
877.0     0.078
877.25     0.078
877.5     0.078
877.75     0.078
878.0     0.078
878.25     0.078
878.5     0.078
878.75     0.078
879.0     0.078
879.25     0.078
879.5     0.078
879.75     0.078
880.0     0.078
880.25     0.078
880.5     0.078
880.75     0.078
881.0     0.078
881.25     0.078
881.5     0.078
881.75     0.078
882.0     0.078
882.25     0.078
882.5     0.078
882.75     0.078
883.0     0.078
883.25     0.078
883.5     0.078
883.75     0.078
884.0     0.078
884.25     0.078
884.5     0.078
884.75     0.078
885.0     0.076
885.25     0.076
885.5     0.076
885.75     0.076
886.0     0.076
886.25     0.076
886.5     0.076
886.75     0.076
887.0     0.076
887.25     0.076
887.5     0.074
887.75     0.074
888.0     0.074
888.25     0.074
888.5     0.074
888.75     0.074
889.0     0.074
889.25     0.074
889.5     0.074
889.75     0.074
890.0     0.074
890.25     0.074
890.5     0.074
890.75     0.074
891.0     0.074
891.25     0.074
891.5     0.074
891.75     0.072
892.0     0.072
892.25     0.072
892.5     0.072
892.75     0.072
893.0     0.072
893.25     0.072
893.5     0.072
893.75     0.072
894.0     0.072
894.25     0.072
894.5     0.072
894.75     0.072
895.0     0.072
895.25     0.072
895.5     0.072
895.75     0.072
896.0     0.072
896.25     0.072
896.5     0.072
896.75     0.072
897.0     0.072
897.25     0.072
897.5     0.072
897.75     0.072
898.0     0.072
898.25     0.072
898.5     0.072
898.75     0.072
899.0     0.072
899.25     0.072
899.5     0.072
899.75     0.072
900.0     0.072
900.25     0.072
900.5     0.072
900.75     0.072
901.0     0.072
901.25     0.072
901.5     0.072
901.75     0.072
902.0     0.072
902.25     0.072
902.5     0.072
902.75     0.072
903.0     0.072
903.25     0.072
903.5     0.072
903.75     0.072
904.0     0.072
904.25     0.072
904.5     0.072
904.75     0.072
905.0     0.072
905.25     0.07
905.5     0.07
905.75     0.07
906.0     0.068
906.25     0.068
906.5     0.068
906.75     0.068
907.0     0.066
907.25     0.066
907.5     0.066
907.75     0.066
908.0     0.066
908.25     0.066
908.5     0.066
908.75     0.066
909.0     0.068
909.25     0.068
909.5     0.068
909.75     0.068
910.0     0.068
910.25     0.066
910.5     0.066
910.75     0.064
911.0     0.062
911.25     0.062
911.5     0.062
911.75     0.062
912.0     0.062
912.25     0.062
912.5     0.062
912.75     0.062
913.0     0.062
913.25     0.062
913.5     0.062
913.75     0.06
914.0     0.06
914.25     0.058
914.5     0.058
914.75     0.058
915.0     0.058
915.25     0.058
915.5     0.058
915.75     0.058
916.0     0.058
916.25     0.058
916.5     0.058
916.75     0.058
917.0     0.058
917.25     0.058
917.5     0.058
917.75     0.056
918.0     0.056
918.25     0.056
918.5     0.056
918.75     0.056
919.0     0.056
919.25     0.056
919.5     0.056
919.75     0.056
920.0     0.056
920.25     0.054
920.5     0.054
920.75     0.054
921.0     0.054
921.25     0.054
921.5     0.054
921.75     0.054
922.0     0.054
922.25     0.054
922.5     0.054
922.75     0.054
923.0     0.054
923.25     0.054
923.5     0.054
923.75     0.054
924.0     0.054
924.25     0.054
924.5     0.054
924.75     0.054
925.0     0.054
925.25     0.054
925.5     0.052
925.75     0.052
926.0     0.052
926.25     0.052
926.5     0.052
926.75     0.052
927.0     0.052
927.25     0.052
927.5     0.052
927.75     0.052
928.0     0.052
928.25     0.052
928.5     0.052
928.75     0.052
929.0     0.052
929.25     0.052
929.5     0.052
929.75     0.052
930.0     0.052
930.25     0.052
930.5     0.052
930.75     0.052
931.0     0.052
931.25     0.052
931.5     0.052
931.75     0.052
932.0     0.052
932.25     0.052
932.5     0.052
932.75     0.052
933.0     0.052
933.25     0.052
933.5     0.052
933.75     0.052
934.0     0.052
934.25     0.052
934.5     0.052
934.75     0.052
935.0     0.052
935.25     0.052
935.5     0.052
935.75     0.052
936.0     0.052
936.25     0.052
936.5     0.052
936.75     0.052
937.0     0.052
937.25     0.052
937.5     0.052
937.75     0.052
938.0     0.052
938.25     0.052
938.5     0.052
938.75     0.052
939.0     0.052
939.25     0.052
939.5     0.052
939.75     0.052
940.0     0.052
940.25     0.052
940.5     0.052
940.75     0.052
941.0     0.052
941.25     0.052
941.5     0.052
941.75     0.052
942.0     0.052
942.25     0.052
942.5     0.052
942.75     0.052
943.0     0.052
943.25     0.052
943.5     0.052
943.75     0.052
944.0     0.052
944.25     0.052
944.5     0.052
944.75     0.052
945.0     0.052
945.25     0.052
945.5     0.052
945.75     0.052
946.0     0.052
946.25     0.052
946.5     0.052
946.75     0.052
947.0     0.052
947.25     0.05
947.5     0.05
947.75     0.05
948.0     0.05
948.25     0.05
948.5     0.05
948.75     0.05
949.0     0.05
949.25     0.05
949.5     0.05
949.75     0.05
950.0     0.05
950.25     0.05
950.5     0.05
950.75     0.05
951.0     0.05
951.25     0.05
951.5     0.05
951.75     0.05
952.0     0.05
952.25     0.05
952.5     0.05
952.75     0.05
953.0     0.05
953.25     0.048
953.5     0.048
953.75     0.046
954.0     0.046
954.25     0.046
954.5     0.05
954.75     0.05
955.0     0.05
955.25     0.05
955.5     0.05
955.75     0.05
956.0     0.05
956.25     0.05
956.5     0.05
956.75     0.05
957.0     0.05
957.25     0.05
957.5     0.05
957.75     0.05
958.0     0.048
958.25     0.048
958.5     0.048
958.75     0.048
959.0     0.048
959.25     0.048
959.5     0.048
959.75     0.048
960.0     0.048
960.25     0.048
960.5     0.048
960.75     0.048
961.0     0.048
961.25     0.048
961.5     0.048
961.75     0.048
962.0     0.048
962.25     0.048
962.5     0.048
962.75     0.048
963.0     0.048
963.25     0.048
963.5     0.048
963.75     0.048
964.0     0.048
964.25     0.048
964.5     0.048
964.75     0.046
965.0     0.046
965.25     0.046
965.5     0.046
965.75     0.046
966.0     0.046
966.25     0.046
966.5     0.046
966.75     0.046
967.0     0.046
967.25     0.046
967.5     0.046
967.75     0.046
968.0     0.046
968.25     0.046
968.5     0.046
968.75     0.046
969.0     0.046
969.25     0.046
969.5     0.046
969.75     0.046
970.0     0.046
970.25     0.046
970.5     0.046
970.75     0.046
971.0     0.044
971.25     0.044
971.5     0.044
971.75     0.044
972.0     0.042
972.25     0.042
972.5     0.042
972.75     0.042
973.0     0.042
973.25     0.042
973.5     0.042
973.75     0.042
974.0     0.042
974.25     0.042
974.5     0.042
974.75     0.042
975.0     0.042
975.25     0.042
975.5     0.042
975.75     0.042
976.0     0.042
976.25     0.042
976.5     0.04
976.75     0.04
977.0     0.04
977.25     0.04
977.5     0.04
977.75     0.04
978.0     0.04
978.25     0.04
978.5     0.04
978.75     0.04
979.0     0.04
979.25     0.04
979.5     0.04
979.75     0.04
980.0     0.04
980.25     0.04
980.5     0.04
980.75     0.04
981.0     0.04
981.25     0.038
981.5     0.038
981.75     0.038
982.0     0.038
982.25     0.038
982.5     0.038
982.75     0.038
983.0     0.038
983.25     0.038
983.5     0.038
983.75     0.038
984.0     0.036
984.25     0.036
984.5     0.036
984.75     0.036
985.0     0.034
985.25     0.034
985.5     0.034
985.75     0.034
986.0     0.032
986.25     0.032
986.5     0.032
986.75     0.032
987.0     0.03
987.25     0.03
987.5     0.03
987.75     0.03
988.0     0.03
988.25     0.03
988.5     0.032
988.75     0.032
989.0     0.032
989.25     0.032
989.5     0.032
989.75     0.032
990.0     0.032
990.25     0.032
990.5     0.032
990.75     0.032
991.0     0.032
991.25     0.032
991.5     0.032
991.75     0.032
992.0     0.032
992.25     0.032
992.5     0.032
992.75     0.032
993.0     0.032
993.25     0.032
993.5     0.032
993.75     0.032
994.0     0.03
994.25     0.03
994.5     0.03
994.75     0.03
995.0     0.03
995.25     0.03
995.5     0.03
995.75     0.03
996.0     0.03
996.25     0.03
996.5     0.03
996.75     0.03
997.0     0.03
997.25     0.03
997.5     0.03
997.75     0.03
998.0     0.03
998.25     0.03
998.5     0.03
998.75     0.03
999.0     0.03
999.25     0.03
999.5     0.03
999.75     0.03
1000.0     0.03
