  1.0    33.25000
  2.0    67.25000
  4.0    31.00000
  6.0    97.25000
  7.0    64.00000
  9.0    85.75000
 11.0    46.25000
 13.0    92.75000
 14.0    78.00000
 15.0   101.75000
 18.0    43.50000
 23.0   206.00000
 25.0    28.50000
 26.0    47.50000
 27.0    83.50000
 30.0    74.75000
 33.0    92.00000
 38.0    98.00000
 39.0    87.25000
 44.0    94.50000
 47.0   133.00000
 48.0    51.00000
 49.0    54.00000
 50.0    58.75000
 51.0    90.25000
 52.0   185.50000
 54.0    67.50000
 64.0    43.00000
 65.0    67.75000
 66.0    55.50000
 67.0    34.75000
 68.0    26.25000
 71.0   124.00000
 72.0    43.00000
 75.0   139.25000
 79.0    31.00000
 81.0    55.25000
 83.0    26.75000
 86.0    54.00000
 88.0    45.25000
 89.0    27.00000
 90.0     7.25000
 93.0    21.50000
 94.0   164.75000
 97.0    65.00000
100.0    71.50000
101.0    99.00000
106.0    55.75000
108.0    32.25000
109.0    70.75000
110.0    66.75000
114.0   178.50000
119.0    40.25000
120.0    98.50000
121.0    58.25000
122.0     0.00000
123.0    55.75000
126.0    92.25000
128.0    91.25000
129.0    48.50000
133.0   102.00000
135.0    55.50000
136.0    71.50000
138.0    49.25000
142.0    57.25000
144.0    52.00000
145.0    54.25000
146.0    48.25000
149.0   171.50000
150.0   130.00000
151.0   131.50000
152.0   127.75000
153.0    45.00000
155.0    52.50000
157.0   101.75000
158.0    26.00000
160.0   159.75000
162.0   127.75000
164.0     0.00000
166.0    41.50000
168.0    87.25000
173.0    74.75000
175.0   149.75000
176.0    30.25000
178.0    36.50000
186.0    62.50000
194.0    41.00000
199.0   115.50000
201.0    54.75000
203.0   105.50000
205.0    93.75000
206.0   176.00000
207.0    41.75000
208.0   110.75000
210.0   143.50000
211.0    25.00000
212.0    58.25000
213.0    63.75000
214.0    54.75000
218.0    34.25000
219.0    95.25000
221.0    56.25000
224.0    84.25000
226.0   233.75000
227.0   147.00000
228.0   110.75000
229.0   114.75000
234.0   167.00000
235.0   167.00000
236.0   136.25000
240.0    34.00000
241.0   129.00000
245.0    41.75000
249.0    31.50000
250.0   126.00000
251.0    42.00000
252.0   240.00000
253.0    70.00000
255.0    24.75000
256.0   148.25000
258.0    92.25000
260.0    41.25000
261.0    71.75000
262.0    49.50000
264.0   103.75000
266.0    39.75000
267.0    30.75000
268.0    83.75000
274.0    54.75000
275.0   149.00000
280.0    86.25000
283.0   147.50000
284.0    62.25000
285.0   167.75000
290.0    60.25000
295.0    35.25000
301.0   190.25000
303.0    98.75000
304.0    24.75000
307.0    22.50000
310.0   133.50000
311.0    53.50000
312.0    89.00000
313.0    71.25000
318.0   110.00000
320.0    89.50000
321.0    78.75000
325.0    86.50000
326.0    26.25000
331.0    23.50000
333.0    61.75000
334.0    30.50000
335.0    92.50000
336.0    86.25000
338.0    23.75000
340.0    35.25000
341.0    53.00000
345.0    66.75000
348.0    70.75000
352.0   201.25000
354.0    52.00000
356.0    89.75000
362.0   103.00000
363.0    90.50000
364.0   101.25000
367.0    40.25000
370.0   144.75000
372.0    35.75000
374.0    33.25000
376.0    47.50000
381.0    87.75000
383.0   108.25000
384.0    64.00000
389.0    43.00000
391.0    60.00000
392.0    48.00000
396.0   206.00000
397.0    59.50000
398.0    39.00000
399.0    39.00000
400.0    33.25000
406.0    83.25000
407.0    45.25000
408.0   179.00000
409.0   157.75000
410.0   100.50000
414.0    51.75000
420.0    75.00000
425.0    48.00000
426.0   147.00000
427.0   132.75000
429.0   151.25000
430.0    45.00000
431.0    49.25000
432.0    34.00000
435.0    96.75000
436.0    20.75000
439.0    25.75000
441.0    42.00000
443.0   152.25000
448.0    98.50000
450.0    53.00000
451.0    26.75000
452.0   178.50000
453.0   101.75000
456.0   113.25000
457.0    84.50000
458.0    70.75000
461.0    93.50000
462.0   169.00000
463.0   149.75000
464.0    61.75000
465.0    79.00000
470.0    36.00000
472.0    33.25000
475.0    49.75000
476.0   171.00000
477.0   127.25000
480.0   225.25000
481.0   125.75000
482.0   121.25000
484.0   174.00000
488.0    93.50000
489.0    60.00000
491.0    46.25000
492.0   100.00000
494.0    22.50000
495.0    62.50000
496.0    24.00000
498.0   120.75000
