  1.0    85.63135
  2.0    86.74082
  4.0    80.02233
  6.0    93.69574
  7.0    88.51895
  9.0    82.93789
 11.0    81.03133
 13.0    68.45520
 14.0    70.26155
 15.0    89.63900
 18.0    88.98590
 23.0    92.13232
 25.0    83.95013
 26.0    84.29172
 27.0    84.82042
 30.0    93.53601
 33.0    89.11086
 38.0    51.00028
 39.0    75.21903
 44.0    74.89640
 47.0    83.62316
 48.0    68.38471
 49.0    79.90300
 50.0    73.03934
 51.0    63.19779
 52.0    86.23177
 54.0    83.32498
 64.0    84.96322
 65.0    86.40534
 66.0    90.74231
 67.0    83.38668
 68.0    79.51121
 71.0    81.55669
 72.0    82.18273
 75.0    89.29691
 79.0    81.19053
 81.0    78.60134
 83.0    84.39437
 86.0    93.39330
 88.0    78.31604
 89.0    83.40481
 90.0    20.65949
 93.0    81.22924
 94.0    77.74926
 97.0    68.31156
100.0    80.19159
101.0    79.02530
106.0    71.08787
108.0    77.81802
109.0    84.79092
110.0    76.65656
114.0    93.74445
119.0    82.40124
120.0    60.68930
121.0    84.75897
122.0    33.76901
123.0    73.58355
126.0    92.80722
128.0    83.03120
129.0    84.65350
133.0    65.06608
135.0    86.27635
136.0    89.54824
138.0    79.62888
142.0    86.52347
144.0    77.40100
145.0    84.43653
146.0    69.11089
149.0    96.67735
150.0    89.72955
151.0    77.12216
152.0    84.54996
153.0    84.73956
155.0    73.32660
157.0    71.79429
158.0    83.25171
160.0    90.56353
162.0    57.01408
164.0    24.42176
166.0    81.88126
168.0    80.13753
173.0    92.20795
175.0    90.81680
176.0    75.32244
178.0    82.08348
186.0    40.64518
194.0    78.62860
199.0    58.32384
201.0    44.49761
203.0    93.51641
205.0    92.92294
206.0    88.08921
207.0    82.19001
208.0    53.38529
210.0    87.94853
211.0    71.28866
212.0    76.21992
213.0    76.14223
214.0    90.23819
218.0    93.67029
219.0    75.17366
221.0    67.68778
224.0    89.57471
226.0    50.94628
227.0    65.78351
228.0    89.66170
229.0    61.87953
234.0    90.16121
235.0    49.35528
236.0    91.78147
240.0    69.38457
241.0    82.94026
245.0    87.54997
249.0    76.75726
250.0    51.37996
251.0    86.24442
252.0    94.60721
253.0    87.53475
255.0    86.37643
256.0    91.57437
258.0    64.89524
260.0    85.86105
261.0    82.70278
262.0    79.12802
264.0    83.10019
266.0    85.74716
267.0    87.56625
268.0    86.65969
274.0    89.49782
275.0    87.68180
280.0    83.46214
283.0    84.50975
284.0    91.63173
285.0    83.92574
290.0    72.01195
295.0    82.98591
301.0    87.70376
303.0    66.34727
304.0    78.93045
307.0    86.29589
310.0    74.11946
311.0    85.94017
312.0    57.57894
313.0    82.16962
318.0    65.47799
320.0    80.72246
321.0    89.32562
325.0    51.23690
326.0    89.73776
331.0    85.40466
333.0    86.91705
334.0    75.09440
335.0    85.74029
336.0    85.74506
338.0    77.62612
340.0    81.67019
341.0    85.11231
345.0    76.76683
348.0    65.43706
352.0    91.29462
354.0    82.04263
356.0    80.30435
362.0    91.13047
363.0    88.09775
364.0    77.32145
367.0    83.39391
370.0    90.85171
372.0    86.73845
374.0    83.32556
376.0    81.52043
381.0    76.96438
383.0    92.72077
384.0    76.79830
389.0    83.72420
391.0    60.70555
392.0    81.79667
396.0    93.20184
397.0    85.32630
398.0    83.00837
399.0    87.56894
400.0    92.14159
406.0    87.59014
407.0    78.75059
408.0    84.03857
409.0    72.85239
410.0    58.64723
414.0    88.92089
420.0    77.65866
425.0    86.26465
426.0    90.19123
427.0    76.25968
429.0    92.95588
430.0    75.54498
431.0    87.27238
432.0    82.56460
435.0    89.24614
436.0    84.19362
439.0    84.32246
441.0    70.34086
443.0    79.90082
448.0    94.84965
450.0    88.26347
451.0    83.56702
452.0    73.17743
453.0    37.08354
456.0    79.87978
457.0    84.24131
458.0    56.84837
461.0    61.30135
462.0    88.73646
463.0    87.82053
464.0    85.86956
465.0    74.10370
470.0    83.90573
472.0    85.49777
475.0    61.04399
476.0    79.97770
477.0    81.77897
480.0    82.01367
481.0    76.94193
482.0    92.08317
484.0    95.52592
488.0    71.22507
489.0    69.12292
491.0    86.49653
492.0    68.86231
494.0    87.65573
495.0    85.17718
496.0    80.47542
498.0    79.60966
