  3.0    89.98427
  5.0    90.34774
  8.0    93.90717
 10.0    91.57757
 12.0    80.26605
 16.0    89.42616
 17.0    82.32081
 19.0    88.99001
 20.0    87.38804
 21.0    87.55631
 22.0    95.43227
 24.0    60.87552
 28.0    82.50669
 29.0    85.79619
 31.0    89.94789
 32.0    89.96223
 34.0    80.52277
 35.0    95.92450
 36.0    87.56562
 37.0    86.01543
 40.0    86.30799
 41.0    87.29957
 42.0    88.43999
 43.0    86.90571
 45.0    88.53540
 46.0   106.51909
 53.0   103.87702
 55.0    87.48124
 56.0    86.96624
 57.0    86.80437
 58.0    83.76919
 59.0    81.16193
 60.0    98.73115
 61.0    88.72418
 62.0    88.51606
 63.0    88.33761
 69.0    89.77138
 70.0    88.99921
 73.0    83.85202
 74.0   139.30235
 76.0    98.44015
 77.0    90.12054
 78.0    94.21781
 80.0   109.38386
 82.0    82.71624
 84.0    93.01695
 85.0    93.36754
 87.0    97.07050
 91.0    97.22204
 92.0   143.96514
 95.0    88.36049
 96.0    87.16133
 98.0    88.70217
 99.0    85.39918
102.0    87.58242
103.0    95.48086
104.0    87.20616
105.0    91.73210
107.0    89.82176
111.0    84.54971
112.0    88.46135
113.0    85.13579
115.0    89.53185
116.0    87.79993
117.0    83.97732
118.0    89.16156
124.0    84.53115
125.0   119.26962
127.0    85.76095
130.0    86.11838
131.0    95.72078
132.0    94.49353
134.0    87.23916
137.0   116.75578
139.0    89.29094
140.0    87.77998
141.0    85.16043
143.0    93.09560
147.0    86.90100
148.0    87.27601
154.0    85.14731
156.0    93.04466
159.0    78.40057
161.0    75.27834
163.0    88.15160
165.0    95.05997
167.0    97.26845
169.0    87.89843
170.0    82.93362
171.0    84.07438
172.0    86.15497
174.0    88.56299
177.0   102.80790
179.0    89.17459
180.0    88.58539
181.0   108.37516
182.0    88.01518
183.0    86.35479
184.0    85.44842
185.0    89.72255
187.0    90.10333
188.0    84.82393
189.0    88.92550
190.0    85.18492
191.0    96.65521
192.0    86.94482
193.0    81.00658
195.0    86.61214
196.0    99.41700
197.0    95.73417
198.0    92.42544
200.0   106.73391
202.0    90.99870
204.0    84.20063
209.0    87.80919
215.0    91.49125
216.0    84.69127
217.0    83.68251
220.0    94.33196
222.0   101.00483
223.0    92.51833
225.0    86.06516
230.0   112.97206
231.0    86.41870
232.0    86.69626
233.0    90.55999
237.0    84.29379
238.0    84.80956
239.0    87.03036
242.0    85.63498
243.0    82.42026
244.0    80.07600
246.0    84.63756
247.0    82.86392
248.0    83.79400
254.0   106.11165
257.0   105.08453
259.0    86.81058
263.0    81.96566
265.0    83.37996
269.0   114.71458
270.0    87.58331
271.0    87.38302
272.0    96.29709
273.0    91.88365
276.0    87.05499
277.0   111.77106
278.0    91.85465
279.0    88.44566
281.0    85.32419
282.0    90.79114
286.0    87.98469
287.0    87.70039
288.0    90.74618
289.0    96.79383
291.0    80.57342
292.0    92.12099
293.0    82.06684
294.0    88.08484
296.0    82.70192
297.0    91.07478
298.0    86.38162
299.0    87.63816
300.0    93.57144
302.0    87.96620
305.0    84.41769
306.0    94.64257
308.0    91.43364
309.0    84.32958
314.0   101.21886
315.0    84.46568
316.0    88.04201
317.0    82.43465
319.0    87.87746
322.0    86.27334
323.0    91.71438
324.0    85.29226
327.0    82.41419
328.0    91.03681
329.0    95.27997
330.0    96.08455
332.0    85.19112
337.0    81.51964
339.0    90.12429
342.0   101.91614
343.0    96.99689
344.0    83.50304
346.0    87.83232
347.0    88.34995
349.0    89.49558
350.0    88.36925
351.0   111.98642
353.0   101.58311
355.0    88.91356
357.0    90.21778
358.0    86.89712
359.0    96.70138
360.0    99.82573
361.0    90.43177
365.0    95.10214
366.0   103.43823
368.0    85.72412
369.0    83.54908
371.0    83.29260
373.0    85.15770
375.0   160.19480
377.0    95.16686
378.0    84.65215
379.0    82.03767
380.0    86.86290
382.0    92.12449
385.0   104.44944
386.0    84.64050
387.0    88.03792
388.0    90.40301
390.0    93.69508
393.0    82.24957
394.0    89.97230
395.0    82.85409
401.0    84.10488
402.0    90.24076
403.0    82.52601
404.0    87.67109
405.0    92.13007
411.0    88.65988
412.0    85.60619
413.0    87.71174
415.0    86.91357
416.0    89.50962
417.0   118.28891
418.0    84.56745
419.0   113.16061
421.0    78.74250
422.0    96.11945
423.0    79.96479
424.0    90.41350
428.0    85.40744
433.0   103.12480
434.0    78.72103
437.0    97.57028
438.0    91.09248
440.0    81.83038
442.0    99.87214
444.0    61.84136
445.0    92.29423
446.0    82.62284
447.0    97.25671
449.0    86.21892
454.0    87.03826
455.0    85.81554
459.0   144.71046
460.0   151.41199
466.0   120.19622
467.0    90.84906
468.0   150.56723
469.0    80.77175
471.0    82.73848
473.0    86.32330
474.0    88.23745
478.0    75.06554
479.0    90.21426
483.0    90.29229
485.0    90.02655
486.0    84.07284
487.0    82.53837
490.0    74.25057
493.0    88.13217
497.0    84.58126
499.0    75.05590
500.0   101.60689
