  3.0   173.50000
  5.0    29.75000
  8.0    53.00000
 10.0   124.75000
 12.0    35.00000
 16.0    27.25000
 17.0    36.00000
 19.0   140.00000
 20.0    56.75000
 21.0    57.75000
 22.0    79.25000
 24.0   353.50000
 28.0    26.75000
 29.0    25.50000
 31.0   122.00000
 32.0    38.50000
 34.0   442.00000
 35.0    37.00000
 36.0    25.00000
 37.0    24.00000
 40.0    28.75000
 41.0    34.00000
 42.0    28.25000
 43.0    32.75000
 45.0    21.75000
 46.0    76.75000
 53.0   230.00000
 55.0    43.75000
 56.0    38.50000
 57.0    31.00000
 58.0    32.25000
 59.0    36.00000
 60.0   303.50000
 61.0    46.25000
 62.0    25.00000
 63.0    60.75000
 69.0   169.50000
 70.0    79.75000
 73.0    24.25000
 74.0   368.75000
 76.0    49.75000
 77.0   188.50000
 78.0   120.50000
 80.0   208.50000
 82.0    23.00000
 84.0    26.50000
 85.0    83.00000
 87.0   165.25000
 91.0   144.50000
 92.0   230.75000
 95.0    90.25000
 96.0    23.25000
 98.0    47.00000
 99.0   117.25000
102.0    43.00000
103.0   162.25000
104.0    65.00000
105.0    30.50000
107.0    24.00000
111.0    28.25000
112.0    29.00000
113.0    31.50000
115.0   138.50000
116.0    33.50000
117.0    37.75000
118.0    19.25000
124.0    28.50000
125.0   167.00000
127.0    24.50000
130.0    31.50000
131.0   202.00000
132.0   142.50000
134.0    57.00000
137.0    50.75000
139.0    69.50000
140.0    64.50000
141.0    27.00000
143.0    68.50000
147.0    25.75000
148.0    24.75000
154.0    27.50000
156.0   186.00000
159.0    21.00000
161.0    24.25000
163.0    26.75000
165.0    68.25000
167.0   166.00000
169.0    23.75000
170.0    33.50000
171.0    29.25000
172.0    35.00000
174.0    23.25000
177.0    96.25000
179.0    48.25000
180.0   152.50000
181.0    44.25000
182.0    25.00000
183.0    27.50000
184.0    40.00000
185.0    27.75000
187.0    40.50000
188.0    43.25000
189.0    45.50000
190.0   137.75000
191.0   139.50000
192.0    23.75000
193.0    43.00000
195.0    28.50000
196.0   167.25000
197.0    77.25000
198.0   143.00000
200.0    51.50000
202.0   132.25000
204.0    41.25000
209.0    23.50000
215.0    67.00000
216.0    22.00000
217.0    29.50000
220.0   178.25000
222.0    36.75000
223.0    47.50000
225.0    32.00000
230.0   211.00000
231.0    22.25000
232.0    25.25000
233.0    82.25000
237.0   120.75000
238.0    25.50000
239.0    27.50000
242.0    23.50000
243.0    26.50000
244.0    21.75000
246.0    30.75000
247.0    33.25000
248.0    22.25000
254.0    41.25000
257.0    51.00000
259.0    24.00000
263.0    29.50000
265.0    27.00000
269.0    62.75000
270.0    18.00000
271.0   129.50000
272.0   122.25000
273.0   182.50000
276.0    21.25000
277.0   195.25000
278.0    95.25000
279.0    43.25000
281.0    32.25000
282.0   141.75000
286.0    40.75000
287.0    23.50000
288.0    42.00000
289.0   168.25000
291.0   138.25000
292.0   221.00000
293.0    34.00000
294.0    36.25000
296.0    26.25000
297.0    63.75000
298.0    30.50000
299.0    69.50000
300.0   152.00000
302.0    20.00000
305.0    28.50000
306.0    48.00000
308.0   102.50000
309.0    80.75000
314.0    61.25000
315.0    26.00000
316.0    87.00000
317.0    21.50000
319.0    25.50000
322.0    27.50000
323.0   120.25000
324.0    24.25000
327.0    31.00000
328.0    26.25000
329.0   191.75000
330.0   297.75000
332.0    38.00000
337.0    27.50000
339.0   133.25000
342.0    74.25000
343.0   129.00000
344.0   135.50000
346.0    25.00000
347.0   148.25000
349.0    28.50000
350.0   143.00000
351.0   264.75000
353.0    73.75000
355.0    28.75000
357.0   186.50000
358.0    35.50000
359.0   142.75000
360.0    77.50000
361.0   172.00000
365.0   147.50000
366.0   124.25000
368.0    29.00000
369.0    43.25000
371.0    20.25000
373.0    22.00000
375.0   296.50000
377.0    50.25000
378.0    32.25000
379.0    22.00000
380.0    23.75000
382.0   141.75000
385.0   134.75000
386.0    30.50000
387.0   137.25000
388.0    23.75000
390.0   187.75000
393.0    28.50000
394.0    81.75000
395.0   183.50000
401.0    27.75000
402.0    45.25000
403.0    25.75000
404.0    43.50000
405.0    88.50000
411.0   309.00000
412.0    37.25000
413.0    28.75000
415.0    26.25000
416.0   156.00000
417.0   184.00000
418.0    37.50000
419.0   189.00000
421.0    36.25000
422.0   138.25000
423.0    22.50000
424.0    28.50000
428.0    26.75000
433.0   137.25000
434.0    26.75000
437.0   240.75000
438.0    49.00000
440.0    25.50000
442.0    40.00000
444.0   208.50000
445.0    29.50000
446.0    33.75000
447.0   181.25000
449.0    28.25000
454.0    29.75000
455.0    36.00000
459.0   259.75000
460.0   307.50000
466.0   195.25000
467.0   138.25000
468.0   301.25000
469.0    20.00000
471.0    35.00000
473.0    19.75000
474.0    33.00000
478.0    24.50000
479.0   182.00000
483.0    36.75000
485.0   141.75000
486.0    23.25000
487.0    41.50000
490.0   131.75000
493.0   185.25000
497.0    25.75000
499.0    22.50000
500.0   551.00000
