0.25     0.0
0.5     0.0
0.75     0.0
1.0     0.0
1.25     0.0
1.5     0.0
1.75     0.0
2.0     0.0
2.25     0.0
2.5     0.0
2.75     0.0
3.0     0.0
3.25     0.0
3.5     0.0
3.75     0.0
4.0     0.0
4.25     0.0
4.5     0.0
4.75     0.0
5.0     0.0
5.25     0.0
5.5     0.0
5.75     0.0
6.0     0.0
6.25     0.0
6.5     0.0
6.75     0.0
7.0     0.0
7.25     0.0
7.5     0.0
7.75     0.0
8.0     0.0
8.25     0.0
8.5     0.0
8.75     0.0
9.0     0.0
9.25     0.0
9.5     0.0
9.75     0.0
10.0     0.0
10.25     0.0
10.5     0.0
10.75     0.0
11.0     0.0
11.25     0.0
11.5     0.0
11.75     0.0
12.0     0.0
12.25     0.0
12.5     0.0
12.75     0.0
13.0     0.0
13.25     0.0
13.5     0.0
13.75     0.0
14.0     0.0
14.25     0.0
14.5     0.0
14.75     0.0
15.0     0.0
15.25     0.0
15.5     0.0
15.75     0.0
16.0     0.0
16.25     0.0
16.5     0.0
16.75     0.0
17.0     0.0
17.25     0.0
17.5     0.0
17.75     0.0
18.0     0.0
18.25     0.0
18.5     0.0
18.75     0.0
19.0     0.0
19.25     0.0
19.5     0.0
19.75     0.0
20.0     0.0
20.25     0.0
20.5     0.0
20.75     0.0
21.0     0.002
21.25     0.006
21.5     0.004
21.75     0.002
22.0     0.004
22.25     0.004
22.5     0.004
22.75     0.006
23.0     0.006
23.25     0.012
23.5     0.014
23.75     0.02
24.0     0.022
24.25     0.032
24.5     0.034
24.75     0.038
25.0     0.042
25.25     0.044
25.5     0.054
25.75     0.064
26.0     0.068
26.25     0.07
26.5     0.078
26.75     0.082
27.0     0.088
27.25     0.1
27.5     0.104
27.75     0.11
28.0     0.114
28.25     0.118
28.5     0.124
28.75     0.126
29.0     0.136
29.25     0.144
29.5     0.15
29.75     0.156
30.0     0.164
30.25     0.166
30.5     0.172
30.75     0.178
31.0     0.188
31.25     0.19
31.5     0.192
31.75     0.194
32.0     0.198
32.25     0.2
32.5     0.206
32.75     0.212
33.0     0.218
33.25     0.218
33.5     0.224
33.75     0.226
34.0     0.226
34.25     0.228
34.5     0.238
34.75     0.24
35.0     0.246
35.25     0.25
35.5     0.256
35.75     0.26
36.0     0.266
36.25     0.27
36.5     0.276
36.75     0.276
37.0     0.278
37.25     0.288
37.5     0.288
37.75     0.288
38.0     0.288
38.25     0.292
38.5     0.292
38.75     0.294
39.0     0.294
39.25     0.3
39.5     0.312
39.75     0.314
40.0     0.32
40.25     0.318
40.5     0.318
40.75     0.318
41.0     0.324
41.25     0.328
41.5     0.33
41.75     0.33
42.0     0.332
42.25     0.338
42.5     0.344
42.75     0.34
43.0     0.346
43.25     0.346
43.5     0.352
43.75     0.358
44.0     0.36
44.25     0.362
44.5     0.366
44.75     0.37
45.0     0.376
45.25     0.382
45.5     0.386
45.75     0.39
46.0     0.392
46.25     0.392
46.5     0.392
46.75     0.392
47.0     0.388
47.25     0.394
47.5     0.394
47.75     0.394
48.0     0.398
48.25     0.404
48.5     0.408
48.75     0.408
49.0     0.412
49.25     0.412
49.5     0.416
49.75     0.42
50.0     0.428
50.25     0.43
50.5     0.43
50.75     0.434
51.0     0.434
51.25     0.438
51.5     0.446
51.75     0.45
52.0     0.452
52.25     0.454
52.5     0.456
52.75     0.458
53.0     0.458
53.25     0.458
53.5     0.46
53.75     0.462
54.0     0.462
54.25     0.462
54.5     0.464
54.75     0.468
55.0     0.47
55.25     0.474
55.5     0.474
55.75     0.482
56.0     0.486
56.25     0.486
56.5     0.488
56.75     0.488
57.0     0.49
57.25     0.496
57.5     0.504
57.75     0.508
58.0     0.512
58.25     0.512
58.5     0.512
58.75     0.512
59.0     0.51
59.25     0.512
59.5     0.514
59.75     0.514
60.0     0.514
60.25     0.516
60.5     0.516
60.75     0.522
61.0     0.524
61.25     0.526
61.5     0.526
61.75     0.53
62.0     0.532
62.25     0.534
62.5     0.536
62.75     0.536
63.0     0.54
63.25     0.54
63.5     0.54
63.75     0.542
64.0     0.54
64.25     0.542
64.5     0.544
64.75     0.548
65.0     0.548
65.25     0.554
65.5     0.556
65.75     0.556
66.0     0.556
66.25     0.558
66.5     0.56
66.75     0.564
67.0     0.566
67.25     0.568
67.5     0.572
67.75     0.572
68.0     0.578
68.25     0.578
68.5     0.58
68.75     0.58
69.0     0.582
69.25     0.584
69.5     0.584
69.75     0.586
70.0     0.588
70.25     0.588
70.5     0.588
70.75     0.586
71.0     0.586
71.25     0.588
71.5     0.588
71.75     0.588
72.0     0.59
72.25     0.592
72.5     0.594
72.75     0.596
73.0     0.598
73.25     0.596
73.5     0.598
73.75     0.598
74.0     0.6
74.25     0.6
74.5     0.602
74.75     0.602
75.0     0.602
75.25     0.604
75.5     0.604
75.75     0.604
76.0     0.604
76.25     0.604
76.5     0.606
76.75     0.608
77.0     0.608
77.25     0.61
77.5     0.61
77.75     0.61
78.0     0.614
78.25     0.616
78.5     0.616
78.75     0.616
79.0     0.616
79.25     0.616
79.5     0.616
79.75     0.616
80.0     0.616
80.25     0.62
80.5     0.62
80.75     0.62
81.0     0.62
81.25     0.62
81.5     0.62
81.75     0.62
82.0     0.622
82.25     0.622
82.5     0.622
82.75     0.622
83.0     0.622
83.25     0.622
83.5     0.624
83.75     0.624
84.0     0.626
84.25     0.626
84.5     0.628
84.75     0.628
85.0     0.628
85.25     0.628
85.5     0.628
85.75     0.63
86.0     0.63
86.25     0.63
86.5     0.63
86.75     0.632
87.0     0.634
87.25     0.634
87.5     0.634
87.75     0.634
88.0     0.634
88.25     0.634
88.5     0.634
88.75     0.634
89.0     0.634
89.25     0.634
89.5     0.634
89.75     0.634
90.0     0.634
90.25     0.634
90.5     0.634
90.75     0.636
91.0     0.636
91.25     0.636
91.5     0.636
91.75     0.636
92.0     0.636
92.25     0.636
92.5     0.634
92.75     0.634
93.0     0.634
93.25     0.634
93.5     0.634
93.75     0.634
94.0     0.634
94.25     0.634
94.5     0.636
94.75     0.638
95.0     0.638
95.25     0.64
95.5     0.642
95.75     0.642
96.0     0.642
96.25     0.642
96.5     0.64
96.75     0.64
97.0     0.644
97.25     0.644
97.5     0.644
97.75     0.644
98.0     0.644
98.25     0.644
98.5     0.644
98.75     0.644
99.0     0.646
99.25     0.646
99.5     0.648
99.75     0.648
100.0     0.652
100.25     0.654
100.5     0.654
100.75     0.654
101.0     0.654
101.25     0.654
101.5     0.654
101.75     0.654
102.0     0.654
102.25     0.654
102.5     0.654
102.75     0.654
103.0     0.654
103.25     0.654
103.5     0.654
103.75     0.656
104.0     0.656
104.25     0.656
104.5     0.656
104.75     0.656
105.0     0.656
105.25     0.656
105.5     0.658
105.75     0.66
106.0     0.66
106.25     0.66
106.5     0.66
106.75     0.662
107.0     0.662
107.25     0.662
107.5     0.662
107.75     0.662
108.0     0.662
108.25     0.662
108.5     0.664
108.75     0.664
109.0     0.664
109.25     0.664
109.5     0.664
109.75     0.664
110.0     0.664
110.25     0.664
110.5     0.666
110.75     0.666
111.0     0.666
111.25     0.668
111.5     0.668
111.75     0.672
112.0     0.672
112.25     0.676
112.5     0.676
112.75     0.676
113.0     0.678
113.25     0.678
113.5     0.678
113.75     0.678
114.0     0.678
114.25     0.678
114.5     0.68
114.75     0.68
115.0     0.682
115.25     0.684
115.5     0.684
115.75     0.686
116.0     0.686
116.25     0.686
116.5     0.686
116.75     0.688
117.0     0.688
117.25     0.69
117.5     0.69
117.75     0.69
118.0     0.688
118.25     0.688
118.5     0.69
118.75     0.692
119.0     0.694
119.25     0.694
119.5     0.696
119.75     0.698
120.0     0.698
120.25     0.698
120.5     0.698
120.75     0.7
121.0     0.7
121.25     0.702
121.5     0.704
121.75     0.704
122.0     0.704
122.25     0.706
122.5     0.706
122.75     0.706
123.0     0.706
123.25     0.708
123.5     0.712
123.75     0.714
124.0     0.714
124.25     0.714
124.5     0.714
124.75     0.714
125.0     0.716
125.25     0.718
125.5     0.72
125.75     0.724
126.0     0.722
126.25     0.724
126.5     0.726
126.75     0.724
127.0     0.726
127.25     0.724
127.5     0.724
127.75     0.728
128.0     0.726
128.25     0.73
128.5     0.732
128.75     0.734
129.0     0.736
129.25     0.738
129.5     0.74
129.75     0.74
130.0     0.742
130.25     0.746
130.5     0.746
130.75     0.746
131.0     0.748
131.25     0.748
131.5     0.746
131.75     0.746
132.0     0.744
132.25     0.744
132.5     0.744
132.75     0.746
133.0     0.746
133.25     0.746
133.5     0.746
133.75     0.746
134.0     0.746
134.25     0.744
134.5     0.746
134.75     0.748
135.0     0.748
135.25     0.748
135.5     0.748
135.75     0.748
136.0     0.748
136.25     0.75
136.5     0.748
136.75     0.748
137.0     0.748
137.25     0.754
137.5     0.754
137.75     0.754
138.0     0.756
138.25     0.758
138.5     0.758
138.75     0.758
139.0     0.758
139.25     0.76
139.5     0.76
139.75     0.762
140.0     0.762
140.25     0.76
140.5     0.762
140.75     0.762
141.0     0.762
141.25     0.764
141.5     0.764
141.75     0.77
142.0     0.77
142.25     0.77
142.5     0.77
142.75     0.77
143.0     0.77
143.25     0.772
143.5     0.772
143.75     0.772
144.0     0.772
144.25     0.772
144.5     0.772
144.75     0.774
145.0     0.776
145.25     0.776
145.5     0.776
145.75     0.776
146.0     0.776
146.25     0.776
146.5     0.776
146.75     0.776
147.0     0.776
147.25     0.776
147.5     0.776
147.75     0.776
148.0     0.776
148.25     0.776
148.5     0.776
148.75     0.778
149.0     0.78
149.25     0.78
149.5     0.78
149.75     0.782
150.0     0.784
150.25     0.784
150.5     0.784
150.75     0.784
151.0     0.784
151.25     0.786
151.5     0.786
151.75     0.786
152.0     0.786
152.25     0.788
152.5     0.788
152.75     0.788
153.0     0.788
153.25     0.788
153.5     0.79
153.75     0.79
154.0     0.79
154.25     0.79
154.5     0.79
154.75     0.79
155.0     0.79
155.25     0.79
155.5     0.79
155.75     0.79
156.0     0.79
156.25     0.79
156.5     0.792
156.75     0.792
157.0     0.792
157.25     0.792
157.5     0.792
157.75     0.792
158.0     0.792
158.25     0.792
158.5     0.794
158.75     0.796
159.0     0.796
159.25     0.796
159.5     0.796
159.75     0.796
160.0     0.796
160.25     0.796
160.5     0.796
160.75     0.796
161.0     0.796
161.25     0.796
161.5     0.796
161.75     0.796
162.0     0.796
162.25     0.796
162.5     0.796
162.75     0.798
163.0     0.8
163.25     0.8
163.5     0.802
163.75     0.802
164.0     0.802
164.25     0.802
164.5     0.804
164.75     0.808
165.0     0.808
165.25     0.808
165.5     0.808
165.75     0.808
166.0     0.808
166.25     0.808
166.5     0.808
166.75     0.808
167.0     0.81
167.25     0.81
167.5     0.81
167.75     0.81
168.0     0.81
168.25     0.81
168.5     0.81
168.75     0.81
169.0     0.81
169.25     0.81
169.5     0.81
169.75     0.81
170.0     0.81
170.25     0.81
170.5     0.81
170.75     0.81
171.0     0.812
171.25     0.812
171.5     0.816
171.75     0.816
172.0     0.816
172.25     0.816
172.5     0.818
172.75     0.818
173.0     0.818
173.25     0.818
173.5     0.818
173.75     0.818
174.0     0.818
174.25     0.818
174.5     0.818
174.75     0.818
175.0     0.818
175.25     0.818
175.5     0.818
175.75     0.818
176.0     0.818
176.25     0.818
176.5     0.818
176.75     0.818
177.0     0.818
177.25     0.82
177.5     0.82
177.75     0.82
178.0     0.82
178.25     0.824
178.5     0.824
178.75     0.824
179.0     0.824
179.25     0.826
179.5     0.826
179.75     0.826
180.0     0.826
180.25     0.828
180.5     0.828
180.75     0.828
181.0     0.828
181.25     0.828
181.5     0.828
181.75     0.828
182.0     0.828
182.25     0.828
182.5     0.828
182.75     0.828
183.0     0.828
183.25     0.828
183.5     0.828
183.75     0.828
184.0     0.828
184.25     0.828
184.5     0.828
184.75     0.828
185.0     0.83
185.25     0.83
185.5     0.83
185.75     0.83
186.0     0.832
186.25     0.832
186.5     0.832
186.75     0.832
187.0     0.832
187.25     0.832
187.5     0.832
187.75     0.832
188.0     0.832
188.25     0.832
188.5     0.832
188.75     0.832
189.0     0.832
189.25     0.832
189.5     0.832
189.75     0.832
190.0     0.832
190.25     0.832
190.5     0.832
190.75     0.834
191.0     0.834
191.25     0.834
191.5     0.834
191.75     0.836
192.0     0.836
192.25     0.836
192.5     0.836
192.75     0.836
193.0     0.836
193.25     0.836
193.5     0.836
193.75     0.836
194.0     0.836
194.25     0.838
194.5     0.838
194.75     0.838
195.0     0.84
195.25     0.84
195.5     0.84
195.75     0.84
196.0     0.84
196.25     0.84
196.5     0.84
196.75     0.84
197.0     0.84
197.25     0.84
197.5     0.84
197.75     0.84
198.0     0.84
198.25     0.84
198.5     0.84
198.75     0.84
199.0     0.84
199.25     0.84
199.5     0.84
199.75     0.84
200.0     0.84
200.25     0.84
200.5     0.84
200.75     0.84
201.0     0.842
201.25     0.842
201.5     0.842
201.75     0.842
202.0     0.842
202.25     0.842
202.5     0.84
202.75     0.838
203.0     0.838
203.25     0.84
203.5     0.842
203.75     0.842
204.0     0.842
204.25     0.842
204.5     0.842
204.75     0.842
205.0     0.842
205.25     0.842
205.5     0.842
205.75     0.844
206.0     0.844
206.25     0.842
206.5     0.842
206.75     0.842
207.0     0.842
207.25     0.842
207.5     0.844
207.75     0.844
208.0     0.846
208.25     0.846
208.5     0.848
208.75     0.848
209.0     0.848
209.25     0.848
209.5     0.848
209.75     0.848
210.0     0.848
210.25     0.85
210.5     0.85
210.75     0.85
211.0     0.85
211.25     0.852
211.5     0.852
211.75     0.852
212.0     0.856
212.25     0.856
212.5     0.856
212.75     0.856
213.0     0.856
213.25     0.858
213.5     0.858
213.75     0.858
214.0     0.858
214.25     0.862
214.5     0.86
214.75     0.86
215.0     0.86
215.25     0.86
215.5     0.86
215.75     0.86
216.0     0.86
216.25     0.862
216.5     0.862
216.75     0.862
217.0     0.862
217.25     0.862
217.5     0.862
217.75     0.862
218.0     0.864
218.25     0.864
218.5     0.864
218.75     0.866
219.0     0.866
219.25     0.868
219.5     0.87
219.75     0.87
220.0     0.872
220.25     0.872
220.5     0.872
220.75     0.872
221.0     0.872
221.25     0.872
221.5     0.872
221.75     0.872
222.0     0.872
222.25     0.872
222.5     0.872
222.75     0.872
223.0     0.872
223.25     0.874
223.5     0.874
223.75     0.874
224.0     0.874
224.25     0.876
224.5     0.876
224.75     0.878
225.0     0.88
225.25     0.88
225.5     0.88
225.75     0.88
226.0     0.878
226.25     0.878
226.5     0.878
226.75     0.882
227.0     0.882
227.25     0.882
227.5     0.882
227.75     0.882
228.0     0.882
228.25     0.88
228.5     0.88
228.75     0.882
229.0     0.882
229.25     0.882
229.5     0.884
229.75     0.884
230.0     0.884
230.25     0.884
230.5     0.884
230.75     0.884
231.0     0.884
231.25     0.886
231.5     0.886
231.75     0.888
232.0     0.892
232.25     0.892
232.5     0.892
232.75     0.892
233.0     0.892
233.25     0.892
233.5     0.892
233.75     0.892
234.0     0.894
234.25     0.894
234.5     0.894
234.75     0.894
235.0     0.894
235.25     0.894
235.5     0.894
235.75     0.894
236.0     0.894
236.25     0.894
236.5     0.896
236.75     0.896
237.0     0.896
237.25     0.898
237.5     0.9
237.75     0.9
238.0     0.9
238.25     0.9
238.5     0.9
238.75     0.9
239.0     0.902
239.25     0.902
239.5     0.902
239.75     0.902
240.0     0.902
240.25     0.902
240.5     0.902
240.75     0.902
241.0     0.902
241.25     0.904
241.5     0.904
241.75     0.904
242.0     0.904
242.25     0.904
242.5     0.904
242.75     0.904
243.0     0.904
243.25     0.904
243.5     0.904
243.75     0.904
244.0     0.904
244.25     0.904
244.5     0.906
244.75     0.906
245.0     0.906
245.25     0.906
245.5     0.906
245.75     0.906
246.0     0.906
246.25     0.906
246.5     0.906
246.75     0.906
247.0     0.906
247.25     0.906
247.5     0.906
247.75     0.906
248.0     0.908
248.25     0.91
248.5     0.91
248.75     0.91
249.0     0.91
249.25     0.912
249.5     0.912
249.75     0.912
250.0     0.912
250.25     0.912
250.5     0.912
250.75     0.912
251.0     0.912
251.25     0.912
251.5     0.912
251.75     0.912
252.0     0.912
252.25     0.912
252.5     0.912
252.75     0.912
253.0     0.912
253.25     0.912
253.5     0.912
253.75     0.912
254.0     0.914
254.25     0.914
254.5     0.914
254.75     0.914
255.0     0.916
255.25     0.918
255.5     0.918
255.75     0.918
256.0     0.918
256.25     0.918
256.5     0.918
256.75     0.918
257.0     0.92
257.25     0.92
257.5     0.92
257.75     0.92
258.0     0.92
258.25     0.92
258.5     0.92
258.75     0.92
259.0     0.92
259.25     0.92
259.5     0.92
259.75     0.92
260.0     0.922
260.25     0.922
260.5     0.922
260.75     0.922
261.0     0.922
261.25     0.922
261.5     0.922
261.75     0.922
262.0     0.922
262.25     0.922
262.5     0.922
262.75     0.922
263.0     0.922
263.25     0.922
263.5     0.922
263.75     0.922
264.0     0.922
264.25     0.922
264.5     0.922
264.75     0.922
265.0     0.922
265.25     0.922
265.5     0.922
265.75     0.922
266.0     0.922
266.25     0.922
266.5     0.922
266.75     0.922
267.0     0.92
267.25     0.92
267.5     0.92
267.75     0.922
268.0     0.922
268.25     0.922
268.5     0.922
268.75     0.922
269.0     0.924
269.25     0.924
269.5     0.924
269.75     0.924
270.0     0.922
270.25     0.922
270.5     0.922
270.75     0.922
271.0     0.922
271.25     0.924
271.5     0.924
271.75     0.924
272.0     0.926
272.25     0.926
272.5     0.926
272.75     0.926
273.0     0.926
273.25     0.926
273.5     0.926
273.75     0.926
274.0     0.928
274.25     0.928
274.5     0.928
274.75     0.928
275.0     0.928
275.25     0.93
275.5     0.93
275.75     0.93
276.0     0.93
276.25     0.93
276.5     0.93
276.75     0.93
277.0     0.93
277.25     0.93
277.5     0.93
277.75     0.93
278.0     0.93
278.25     0.93
278.5     0.93
278.75     0.93
279.0     0.93
279.25     0.93
279.5     0.93
279.75     0.932
280.0     0.932
280.25     0.932
280.5     0.932
280.75     0.932
281.0     0.932
281.25     0.932
281.5     0.936
281.75     0.936
282.0     0.936
282.25     0.936
282.5     0.936
282.75     0.936
283.0     0.936
283.25     0.936
283.5     0.936
283.75     0.938
284.0     0.938
284.25     0.938
284.5     0.938
284.75     0.94
285.0     0.94
285.25     0.94
285.5     0.94
285.75     0.94
286.0     0.942
286.25     0.942
286.5     0.944
286.75     0.944
287.0     0.944
287.25     0.944
287.5     0.942
287.75     0.942
288.0     0.942
288.25     0.944
288.5     0.944
288.75     0.944
289.0     0.944
289.25     0.944
289.5     0.946
289.75     0.946
290.0     0.946
290.25     0.946
290.5     0.948
290.75     0.948
291.0     0.948
291.25     0.948
291.5     0.948
291.75     0.948
292.0     0.948
292.25     0.948
292.5     0.948
292.75     0.948
293.0     0.948
293.25     0.95
293.5     0.95
293.75     0.95
294.0     0.95
294.25     0.95
294.5     0.95
294.75     0.95
295.0     0.95
295.25     0.95
295.5     0.95
295.75     0.95
296.0     0.95
296.25     0.95
296.5     0.95
296.75     0.95
297.0     0.95
297.25     0.95
297.5     0.95
297.75     0.95
298.0     0.95
298.25     0.95
298.5     0.95
298.75     0.95
299.0     0.95
299.25     0.95
299.5     0.95
299.75     0.95
300.0     0.952
300.25     0.952
300.5     0.952
300.75     0.952
301.0     0.952
301.25     0.952
301.5     0.952
301.75     0.952
302.0     0.952
302.25     0.952
302.5     0.952
302.75     0.952
303.0     0.952
303.25     0.952
303.5     0.952
303.75     0.952
304.0     0.952
304.25     0.952
304.5     0.952
304.75     0.952
305.0     0.952
305.25     0.952
305.5     0.952
305.75     0.952
306.0     0.952
306.25     0.952
306.5     0.952
306.75     0.956
307.0     0.956
307.25     0.956
307.5     0.956
307.75     0.956
308.0     0.956
308.25     0.956
308.5     0.956
308.75     0.956
309.0     0.956
309.25     0.958
309.5     0.958
309.75     0.958
310.0     0.958
310.25     0.958
310.5     0.958
310.75     0.958
311.0     0.958
311.25     0.958
311.5     0.958
311.75     0.96
312.0     0.96
312.25     0.96
312.5     0.962
312.75     0.962
313.0     0.962
313.25     0.962
313.5     0.962
313.75     0.962
314.0     0.962
314.25     0.962
314.5     0.962
314.75     0.962
315.0     0.964
315.25     0.964
315.5     0.964
315.75     0.964
316.0     0.964
316.25     0.964
316.5     0.964
316.75     0.964
317.0     0.964
317.25     0.964
317.5     0.964
317.75     0.964
318.0     0.964
318.25     0.964
318.5     0.964
318.75     0.964
319.0     0.964
319.25     0.964
319.5     0.966
319.75     0.966
320.0     0.966
320.25     0.966
320.5     0.966
320.75     0.966
321.0     0.966
321.25     0.966
321.5     0.966
321.75     0.966
322.0     0.966
322.25     0.966
322.5     0.966
322.75     0.966
323.0     0.966
323.25     0.966
323.5     0.966
323.75     0.966
324.0     0.966
324.25     0.966
324.5     0.966
324.75     0.966
325.0     0.966
325.25     0.966
325.5     0.966
325.75     0.966
326.0     0.966
326.25     0.966
326.5     0.966
326.75     0.966
327.0     0.966
327.25     0.966
327.5     0.966
327.75     0.968
328.0     0.97
328.25     0.97
328.5     0.97
328.75     0.97
329.0     0.97
329.25     0.97
329.5     0.97
329.75     0.97
330.0     0.97
330.25     0.968
330.5     0.968
330.75     0.968
331.0     0.968
331.25     0.97
331.5     0.97
331.75     0.97
332.0     0.97
332.25     0.972
332.5     0.974
332.75     0.974
333.0     0.974
333.25     0.974
333.5     0.974
333.75     0.974
334.0     0.974
334.25     0.974
334.5     0.974
334.75     0.974
335.0     0.974
335.25     0.974
335.5     0.974
335.75     0.974
336.0     0.974
336.25     0.974
336.5     0.974
336.75     0.974
337.0     0.974
337.25     0.974
337.5     0.974
337.75     0.974
338.0     0.974
338.25     0.974
338.5     0.974
338.75     0.974
339.0     0.974
339.25     0.974
339.5     0.974
339.75     0.974
340.0     0.974
340.25     0.974
340.5     0.974
340.75     0.974
341.0     0.974
341.25     0.974
341.5     0.974
341.75     0.974
342.0     0.974
342.25     0.974
342.5     0.974
342.75     0.974
343.0     0.976
343.25     0.976
343.5     0.976
343.75     0.976
344.0     0.976
344.25     0.976
344.5     0.974
344.75     0.974
345.0     0.974
345.25     0.974
345.5     0.974
345.75     0.974
346.0     0.974
346.25     0.974
346.5     0.974
346.75     0.974
347.0     0.974
347.25     0.974
347.5     0.974
347.75     0.974
348.0     0.974
348.25     0.974
348.5     0.974
348.75     0.974
349.0     0.974
349.25     0.974
349.5     0.974
349.75     0.974
350.0     0.976
350.25     0.976
350.5     0.976
350.75     0.976
351.0     0.976
351.25     0.976
351.5     0.978
351.75     0.978
352.0     0.978
352.25     0.978
352.5     0.978
352.75     0.978
353.0     0.978
353.25     0.978
353.5     0.978
353.75     0.978
354.0     0.978
354.25     0.978
354.5     0.978
354.75     0.978
355.0     0.978
355.25     0.978
355.5     0.978
355.75     0.978
356.0     0.978
356.25     0.978
356.5     0.978
356.75     0.978
357.0     0.978
357.25     0.978
357.5     0.978
357.75     0.98
358.0     0.98
358.25     0.98
358.5     0.98
358.75     0.98
359.0     0.98
359.25     0.98
359.5     0.98
359.75     0.98
360.0     0.98
360.25     0.98
360.5     0.982
360.75     0.982
361.0     0.982
361.25     0.984
361.5     0.984
361.75     0.984
362.0     0.984
362.25     0.984
362.5     0.984
362.75     0.984
363.0     0.984
363.25     0.984
363.5     0.984
363.75     0.984
364.0     0.984
364.25     0.984
364.5     0.984
364.75     0.984
365.0     0.984
365.25     0.984
365.5     0.984
365.75     0.984
366.0     0.984
366.25     0.986
366.5     0.986
366.75     0.986
367.0     0.986
367.25     0.986
367.5     0.986
367.75     0.986
368.0     0.986
368.25     0.986
368.5     0.986
368.75     0.986
369.0     0.986
369.25     0.986
369.5     0.986
369.75     0.986
370.0     0.986
370.25     0.986
370.5     0.986
370.75     0.986
371.0     0.986
371.25     0.986
371.5     0.986
371.75     0.986
372.0     0.986
372.25     0.986
372.5     0.986
372.75     0.986
373.0     0.986
373.25     0.986
373.5     0.986
373.75     0.986
374.0     0.986
374.25     0.986
374.5     0.986
374.75     0.986
375.0     0.986
375.25     0.986
375.5     0.986
375.75     0.986
376.0     0.986
376.25     0.986
376.5     0.986
376.75     0.986
377.0     0.986
377.25     0.986
377.5     0.986
377.75     0.986
378.0     0.986
378.25     0.986
378.5     0.986
378.75     0.986
379.0     0.986
379.25     0.986
379.5     0.986
379.75     0.986
380.0     0.986
380.25     0.986
380.5     0.986
380.75     0.986
381.0     0.986
381.25     0.986
381.5     0.986
381.75     0.986
382.0     0.986
382.25     0.986
382.5     0.986
382.75     0.986
383.0     0.986
383.25     0.986
383.5     0.986
383.75     0.986
384.0     0.986
384.25     0.986
384.5     0.986
384.75     0.986
385.0     0.986
385.25     0.986
385.5     0.986
385.75     0.986
386.0     0.986
386.25     0.986
386.5     0.986
386.75     0.986
387.0     0.986
387.25     0.986
387.5     0.986
387.75     0.986
388.0     0.986
388.25     0.986
388.5     0.986
388.75     0.986
389.0     0.986
389.25     0.986
389.5     0.986
389.75     0.986
390.0     0.986
390.25     0.986
390.5     0.986
390.75     0.986
391.0     0.986
391.25     0.986
391.5     0.986
391.75     0.986
392.0     0.986
392.25     0.986
392.5     0.986
392.75     0.986
393.0     0.986
393.25     0.986
393.5     0.986
393.75     0.986
394.0     0.986
394.25     0.986
394.5     0.986
394.75     0.986
395.0     0.986
395.25     0.986
395.5     0.986
395.75     0.986
396.0     0.986
396.25     0.986
396.5     0.986
396.75     0.986
397.0     0.988
397.25     0.988
397.5     0.988
397.75     0.988
398.0     0.988
398.25     0.988
398.5     0.988
398.75     0.988
399.0     0.988
399.25     0.988
399.5     0.988
399.75     0.988
400.0     0.988
400.25     0.988
400.5     0.988
400.75     0.988
401.0     0.988
401.25     0.988
401.5     0.988
401.75     0.988
402.0     0.988
402.25     0.988
402.5     0.988
402.75     0.988
403.0     0.988
403.25     0.988
403.5     0.988
403.75     0.988
404.0     0.988
404.25     0.988
404.5     0.988
404.75     0.988
405.0     0.988
405.25     0.988
405.5     0.988
405.75     0.988
406.0     0.988
406.25     0.988
406.5     0.988
406.75     0.988
407.0     0.988
407.25     0.988
407.5     0.988
407.75     0.988
408.0     0.988
408.25     0.988
408.5     0.988
408.75     0.988
409.0     0.988
409.25     0.988
409.5     0.988
409.75     0.988
410.0     0.988
410.25     0.988
410.5     0.988
410.75     0.988
411.0     0.988
411.25     0.988
411.5     0.988
411.75     0.988
412.0     0.988
412.25     0.988
412.5     0.988
412.75     0.988
413.0     0.988
413.25     0.988
413.5     0.988
413.75     0.988
414.0     0.988
414.25     0.988
414.5     0.988
414.75     0.988
415.0     0.988
415.25     0.988
415.5     0.988
415.75     0.988
416.0     0.988
416.25     0.988
416.5     0.988
416.75     0.988
417.0     0.988
417.25     0.988
417.5     0.988
417.75     0.988
418.0     0.988
418.25     0.988
418.5     0.988
418.75     0.988
419.0     0.988
419.25     0.988
419.5     0.988
419.75     0.988
420.0     0.988
420.25     0.988
420.5     0.988
420.75     0.988
421.0     0.988
421.25     0.988
421.5     0.988
421.75     0.988
422.0     0.988
422.25     0.988
422.5     0.988
422.75     0.988
423.0     0.988
423.25     0.988
423.5     0.988
423.75     0.988
424.0     0.988
424.25     0.988
424.5     0.988
424.75     0.988
425.0     0.988
425.25     0.988
425.5     0.988
425.75     0.988
426.0     0.988
426.25     0.988
426.5     0.988
426.75     0.988
427.0     0.988
427.25     0.988
427.5     0.988
427.75     0.988
428.0     0.988
428.25     0.988
428.5     0.988
428.75     0.988
429.0     0.988
429.25     0.988
429.5     0.988
429.75     0.988
430.0     0.988
430.25     0.988
430.5     0.988
430.75     0.988
431.0     0.988
431.25     0.988
431.5     0.988
431.75     0.988
432.0     0.988
432.25     0.988
432.5     0.988
432.75     0.988
433.0     0.988
433.25     0.988
433.5     0.988
433.75     0.988
434.0     0.988
434.25     0.988
434.5     0.988
434.75     0.988
435.0     0.988
435.25     0.988
435.5     0.988
435.75     0.988
436.0     0.988
436.25     0.988
436.5     0.988
436.75     0.988
437.0     0.988
437.25     0.988
437.5     0.988
437.75     0.988
438.0     0.988
438.25     0.988
438.5     0.988
438.75     0.988
439.0     0.988
439.25     0.988
439.5     0.988
439.75     0.988
440.0     0.988
440.25     0.988
440.5     0.988
440.75     0.988
441.0     0.988
441.25     0.988
441.5     0.988
441.75     0.988
442.0     0.988
442.25     0.988
442.5     0.988
442.75     0.988
443.0     0.988
443.25     0.988
443.5     0.988
443.75     0.988
444.0     0.988
444.25     0.988
444.5     0.988
444.75     0.988
445.0     0.988
445.25     0.988
445.5     0.988
445.75     0.988
446.0     0.988
446.25     0.988
446.5     0.988
446.75     0.988
447.0     0.988
447.25     0.988
447.5     0.988
447.75     0.988
448.0     0.988
448.25     0.988
448.5     0.988
448.75     0.988
449.0     0.988
449.25     0.988
449.5     0.988
449.75     0.988
450.0     0.988
450.25     0.988
450.5     0.988
450.75     0.988
451.0     0.988
451.25     0.988
451.5     0.988
451.75     0.988
452.0     0.988
452.25     0.988
452.5     0.988
452.75     0.988
453.0     0.988
453.25     0.988
453.5     0.99
453.75     0.99
454.0     0.99
454.25     0.99
454.5     0.99
454.75     0.99
455.0     0.99
455.25     0.99
455.5     0.99
455.75     0.99
456.0     0.99
456.25     0.99
456.5     0.99
456.75     0.99
457.0     0.99
457.25     0.99
457.5     0.99
457.75     0.99
458.0     0.99
458.25     0.99
458.5     0.99
458.75     0.99
459.0     0.99
459.25     0.99
459.5     0.99
459.75     0.99
460.0     0.99
460.25     0.99
460.5     0.99
460.75     0.99
461.0     0.99
461.25     0.99
461.5     0.99
461.75     0.99
462.0     0.99
462.25     0.99
462.5     0.99
462.75     0.99
463.0     0.99
463.25     0.99
463.5     0.99
463.75     0.99
464.0     0.99
464.25     0.99
464.5     0.99
464.75     0.99
465.0     0.99
465.25     0.99
465.5     0.99
465.75     0.99
466.0     0.99
466.25     0.99
466.5     0.99
466.75     0.99
467.0     0.99
467.25     0.99
467.5     0.99
467.75     0.99
468.0     0.99
468.25     0.99
468.5     0.99
468.75     0.99
469.0     0.99
469.25     0.99
469.5     0.99
469.75     0.99
470.0     0.99
470.25     0.99
470.5     0.99
470.75     0.99
471.0     0.99
471.25     0.99
471.5     0.99
471.75     0.99
472.0     0.99
472.25     0.99
472.5     0.99
472.75     0.99
473.0     0.99
473.25     0.99
473.5     0.99
473.75     0.99
474.0     0.99
474.25     0.99
474.5     0.99
474.75     0.99
475.0     0.99
475.25     0.99
475.5     0.99
475.75     0.99
476.0     0.99
476.25     0.99
476.5     0.99
476.75     0.99
477.0     0.99
477.25     0.99
477.5     0.99
477.75     0.99
478.0     0.99
478.25     0.99
478.5     0.99
478.75     0.99
479.0     0.99
479.25     0.99
479.5     0.99
479.75     0.99
480.0     0.99
480.25     0.99
480.5     0.99
480.75     0.99
481.0     0.99
481.25     0.99
481.5     0.99
481.75     0.99
482.0     0.99
482.25     0.99
482.5     0.99
482.75     0.99
483.0     0.99
483.25     0.99
483.5     0.99
483.75     0.99
484.0     0.99
484.25     0.99
484.5     0.99
484.75     0.99
485.0     0.99
485.25     0.99
485.5     0.99
485.75     0.99
486.0     0.99
486.25     0.99
486.5     0.99
486.75     0.99
487.0     0.99
487.25     0.99
487.5     0.99
487.75     0.99
488.0     0.99
488.25     0.99
488.5     0.99
488.75     0.99
489.0     0.99
489.25     0.99
489.5     0.99
489.75     0.99
490.0     0.99
490.25     0.99
490.5     0.99
490.75     0.99
491.0     0.99
491.25     0.99
491.5     0.99
491.75     0.99
492.0     0.99
492.25     0.99
492.5     0.99
492.75     0.99
493.0     0.99
493.25     0.99
493.5     0.99
493.75     0.99
494.0     0.99
494.25     0.99
494.5     0.99
494.75     0.99
495.0     0.99
495.25     0.99
495.5     0.99
495.75     0.99
496.0     0.99
496.25     0.99
496.5     0.99
496.75     0.99
497.0     0.99
497.25     0.99
497.5     0.99
497.75     0.99
498.0     0.99
498.25     0.99
498.5     0.99
498.75     0.99
499.0     0.99
499.25     0.99
499.5     0.99
499.75     0.99
500.0     0.99
500.25     0.99
500.5     0.99
500.75     0.99
501.0     0.99
501.25     0.99
501.5     0.99
501.75     0.99
502.0     0.99
502.25     0.99
502.5     0.99
502.75     0.99
503.0     0.99
503.25     0.99
503.5     0.99
503.75     0.99
504.0     0.99
504.25     0.99
504.5     0.99
504.75     0.99
505.0     0.99
505.25     0.99
505.5     0.99
505.75     0.99
506.0     0.99
506.25     0.99
506.5     0.99
506.75     0.99
507.0     0.99
507.25     0.99
507.5     0.99
507.75     0.99
508.0     0.99
508.25     0.99
508.5     0.99
508.75     0.99
509.0     0.99
509.25     0.99
509.5     0.99
509.75     0.99
510.0     0.99
510.25     0.99
510.5     0.99
510.75     0.99
511.0     0.99
511.25     0.99
511.5     0.99
511.75     0.99
512.0     0.99
512.25     0.99
512.5     0.99
512.75     0.99
513.0     0.99
513.25     0.99
513.5     0.99
513.75     0.99
514.0     0.99
514.25     0.99
514.5     0.99
514.75     0.99
515.0     0.99
515.25     0.99
515.5     0.99
515.75     0.99
516.0     0.99
516.25     0.99
516.5     0.99
516.75     0.99
517.0     0.99
517.25     0.99
517.5     0.99
517.75     0.99
518.0     0.99
518.25     0.99
518.5     0.99
518.75     0.99
519.0     0.99
519.25     0.99
519.5     0.99
519.75     0.99
520.0     0.99
520.25     0.99
520.5     0.99
520.75     0.99
521.0     0.99
521.25     0.99
521.5     0.99
521.75     0.99
522.0     0.99
522.25     0.99
522.5     0.99
522.75     0.99
523.0     0.99
523.25     0.99
523.5     0.99
523.75     0.99
524.0     0.99
524.25     0.99
524.5     0.99
524.75     0.99
525.0     0.99
525.25     0.99
525.5     0.99
525.75     0.99
526.0     0.99
526.25     0.99
526.5     0.99
526.75     0.99
527.0     0.99
527.25     0.99
527.5     0.99
527.75     0.99
528.0     0.99
528.25     0.99
528.5     0.99
528.75     0.99
529.0     0.99
529.25     0.99
529.5     0.99
529.75     0.99
530.0     0.99
530.25     0.99
530.5     0.99
530.75     0.99
531.0     0.99
531.25     0.99
531.5     0.99
531.75     0.99
532.0     0.99
532.25     0.99
532.5     0.99
532.75     0.99
533.0     0.99
533.25     0.99
533.5     0.99
533.75     0.99
534.0     0.99
534.25     0.99
534.5     0.992
534.75     0.992
535.0     0.992
535.25     0.992
535.5     0.992
535.75     0.992
536.0     0.992
536.25     0.992
536.5     0.992
536.75     0.992
537.0     0.992
537.25     0.992
537.5     0.992
537.75     0.992
538.0     0.992
538.25     0.992
538.5     0.992
538.75     0.992
539.0     0.992
539.25     0.992
539.5     0.992
539.75     0.992
540.0     0.992
540.25     0.992
540.5     0.992
540.75     0.992
541.0     0.992
541.25     0.992
541.5     0.992
541.75     0.992
542.0     0.992
542.25     0.992
542.5     0.992
542.75     0.992
543.0     0.992
543.25     0.992
543.5     0.992
543.75     0.992
544.0     0.992
544.25     0.992
544.5     0.992
544.75     0.992
545.0     0.992
545.25     0.992
545.5     0.992
545.75     0.992
546.0     0.992
546.25     0.992
546.5     0.992
546.75     0.992
547.0     0.992
547.25     0.992
547.5     0.992
547.75     0.992
548.0     0.992
548.25     0.992
548.5     0.992
548.75     0.992
549.0     0.992
549.25     0.992
549.5     0.992
549.75     0.992
550.0     0.992
550.25     0.992
550.5     0.992
550.75     0.992
551.0     0.992
551.25     0.992
551.5     0.992
551.75     0.992
552.0     0.992
552.25     0.992
552.5     0.992
552.75     0.992
553.0     0.992
553.25     0.992
553.5     0.992
553.75     0.992
554.0     0.992
554.25     0.992
554.5     0.992
554.75     0.992
555.0     0.992
555.25     0.992
555.5     0.992
555.75     0.992
556.0     0.992
556.25     0.992
556.5     0.992
556.75     0.992
557.0     0.992
557.25     0.992
557.5     0.992
557.75     0.992
558.0     0.992
558.25     0.992
558.5     0.992
558.75     0.992
559.0     0.992
559.25     0.992
559.5     0.992
559.75     0.992
560.0     0.992
560.25     0.992
560.5     0.992
560.75     0.992
561.0     0.992
561.25     0.992
561.5     0.992
561.75     0.992
562.0     0.992
562.25     0.992
562.5     0.992
562.75     0.992
563.0     0.992
563.25     0.992
563.5     0.992
563.75     0.992
564.0     0.992
564.25     0.992
564.5     0.992
564.75     0.992
565.0     0.992
565.25     0.992
565.5     0.992
565.75     0.992
566.0     0.992
566.25     0.992
566.5     0.992
566.75     0.992
567.0     0.992
567.25     0.992
567.5     0.992
567.75     0.992
568.0     0.992
568.25     0.992
568.5     0.992
568.75     0.992
569.0     0.992
569.25     0.992
569.5     0.992
569.75     0.992
570.0     0.992
570.25     0.992
570.5     0.992
570.75     0.992
571.0     0.992
571.25     0.992
571.5     0.992
571.75     0.992
572.0     0.992
572.25     0.992
572.5     0.992
572.75     0.992
573.0     0.992
573.25     0.992
573.5     0.992
573.75     0.992
574.0     0.992
574.25     0.992
574.5     0.992
574.75     0.992
575.0     0.992
575.25     0.992
575.5     0.992
575.75     0.992
576.0     0.992
576.25     0.992
576.5     0.992
576.75     0.992
577.0     0.992
577.25     0.992
577.5     0.992
577.75     0.992
578.0     0.992
578.25     0.992
578.5     0.992
578.75     0.992
579.0     0.992
579.25     0.992
579.5     0.992
579.75     0.992
580.0     0.992
580.25     0.992
580.5     0.992
580.75     0.992
581.0     0.992
581.25     0.992
581.5     0.992
581.75     0.992
582.0     0.992
582.25     0.992
582.5     0.992
582.75     0.992
583.0     0.992
583.25     0.992
583.5     0.992
583.75     0.992
584.0     0.992
584.25     0.992
584.5     0.992
584.75     0.992
585.0     0.992
585.25     0.992
585.5     0.992
585.75     0.992
586.0     0.992
586.25     0.992
586.5     0.992
586.75     0.992
587.0     0.992
587.25     0.992
587.5     0.992
587.75     0.992
588.0     0.992
588.25     0.992
588.5     0.992
588.75     0.992
589.0     0.992
589.25     0.992
589.5     0.992
589.75     0.992
590.0     0.992
590.25     0.992
590.5     0.992
590.75     0.992
591.0     0.992
591.25     0.992
591.5     0.992
591.75     0.992
592.0     0.992
592.25     0.992
592.5     0.992
592.75     0.992
593.0     0.992
593.25     0.992
593.5     0.992
593.75     0.992
594.0     0.992
594.25     0.992
594.5     0.992
594.75     0.992
595.0     0.992
595.25     0.992
595.5     0.992
595.75     0.992
596.0     0.992
596.25     0.992
596.5     0.992
596.75     0.992
597.0     0.992
597.25     0.992
597.5     0.992
597.75     0.992
598.0     0.992
598.25     0.992
598.5     0.992
598.75     0.992
599.0     0.992
599.25     0.992
599.5     0.992
599.75     0.992
600.0     0.992
600.25     0.992
600.5     0.992
600.75     0.992
601.0     0.992
601.25     0.992
601.5     0.992
601.75     0.992
602.0     0.992
602.25     0.992
602.5     0.992
602.75     0.992
603.0     0.992
603.25     0.992
603.5     0.992
603.75     0.992
604.0     0.992
604.25     0.992
604.5     0.992
604.75     0.992
605.0     0.992
605.25     0.992
605.5     0.992
605.75     0.992
606.0     0.992
606.25     0.992
606.5     0.992
606.75     0.992
607.0     0.992
607.25     0.992
607.5     0.992
607.75     0.992
608.0     0.992
608.25     0.992
608.5     0.992
608.75     0.992
609.0     0.992
609.25     0.992
609.5     0.992
609.75     0.992
610.0     0.992
610.25     0.992
610.5     0.992
610.75     0.992
611.0     0.992
611.25     0.992
611.5     0.992
611.75     0.992
612.0     0.992
612.25     0.992
612.5     0.992
612.75     0.992
613.0     0.992
613.25     0.992
613.5     0.992
613.75     0.992
614.0     0.992
614.25     0.992
614.5     0.992
614.75     0.992
615.0     0.992
615.25     0.992
615.5     0.992
615.75     0.992
616.0     0.992
616.25     0.992
616.5     0.992
616.75     0.992
617.0     0.992
617.25     0.992
617.5     0.992
617.75     0.992
618.0     0.992
618.25     0.992
618.5     0.992
618.75     0.992
619.0     0.992
619.25     0.992
619.5     0.992
619.75     0.992
620.0     0.992
620.25     0.992
620.5     0.992
620.75     0.994
621.0     0.994
621.25     0.994
621.5     0.994
621.75     0.994
622.0     0.994
622.25     0.994
622.5     0.994
622.75     0.994
623.0     0.994
623.25     0.994
623.5     0.994
623.75     0.994
624.0     0.994
624.25     0.994
624.5     0.994
624.75     0.994
625.0     0.994
625.25     0.994
625.5     0.994
625.75     0.994
626.0     0.994
626.25     0.994
626.5     0.994
626.75     0.994
627.0     0.994
627.25     0.994
627.5     0.994
627.75     0.994
628.0     0.994
628.25     0.994
628.5     0.994
628.75     0.994
629.0     0.994
629.25     0.994
629.5     0.994
629.75     0.994
630.0     0.994
630.25     0.994
630.5     0.994
630.75     0.994
631.0     0.994
631.25     0.994
631.5     0.994
631.75     0.994
632.0     0.994
632.25     0.994
632.5     0.994
632.75     0.994
633.0     0.994
633.25     0.994
633.5     0.994
633.75     0.994
634.0     0.994
634.25     0.994
634.5     0.994
634.75     0.994
635.0     0.994
635.25     0.994
635.5     0.994
635.75     0.994
636.0     0.994
636.25     0.994
636.5     0.994
636.75     0.994
637.0     0.994
637.25     0.994
637.5     0.994
637.75     0.994
638.0     0.994
638.25     0.994
638.5     0.994
638.75     0.994
639.0     0.994
639.25     0.994
639.5     0.994
639.75     0.994
640.0     0.996
640.25     0.996
640.5     0.996
640.75     0.996
641.0     0.996
641.25     0.996
641.5     0.996
641.75     0.996
642.0     0.996
642.25     0.996
642.5     0.996
642.75     0.996
643.0     0.996
643.25     0.996
643.5     0.996
643.75     0.996
644.0     0.996
644.25     0.996
644.5     0.996
644.75     0.996
645.0     0.996
645.25     0.996
645.5     0.996
645.75     0.996
646.0     0.996
646.25     0.996
646.5     0.996
646.75     0.996
647.0     0.996
647.25     0.996
647.5     0.996
647.75     0.996
648.0     0.996
648.25     0.996
648.5     0.996
648.75     0.996
649.0     0.996
649.25     0.996
649.5     0.996
649.75     0.996
650.0     0.996
650.25     0.996
650.5     0.996
650.75     0.996
651.0     0.996
651.25     0.996
651.5     0.996
651.75     0.996
652.0     0.996
652.25     0.996
652.5     0.996
652.75     0.996
653.0     0.996
653.25     0.996
653.5     0.996
653.75     0.996
654.0     0.996
654.25     0.996
654.5     0.996
654.75     0.996
655.0     0.996
655.25     0.996
655.5     0.996
655.75     0.996
656.0     0.996
656.25     0.996
656.5     0.996
656.75     0.996
657.0     0.996
657.25     0.996
657.5     0.996
657.75     0.996
658.0     0.996
658.25     0.996
658.5     0.996
658.75     0.996
659.0     0.996
659.25     0.996
659.5     0.996
659.75     0.996
660.0     0.996
660.25     0.996
660.5     0.996
660.75     0.996
661.0     0.996
661.25     0.996
661.5     0.996
661.75     0.996
662.0     0.996
662.25     0.996
662.5     0.996
662.75     0.996
663.0     0.996
663.25     0.996
663.5     0.996
663.75     0.996
664.0     0.996
664.25     0.996
664.5     0.996
664.75     0.996
665.0     0.996
665.25     0.996
665.5     0.996
665.75     0.996
666.0     0.996
666.25     0.996
666.5     0.996
666.75     0.996
667.0     0.996
667.25     0.996
667.5     0.996
667.75     0.996
668.0     0.996
668.25     0.996
668.5     0.996
668.75     0.996
669.0     0.996
669.25     0.996
669.5     0.996
669.75     0.996
670.0     0.996
670.25     0.996
670.5     0.996
670.75     0.996
671.0     0.996
671.25     0.996
671.5     0.996
671.75     0.996
672.0     0.996
672.25     0.996
672.5     0.996
672.75     0.996
673.0     0.996
673.25     0.996
673.5     0.996
673.75     0.996
674.0     0.996
674.25     0.996
674.5     0.996
674.75     0.996
675.0     0.996
675.25     0.996
675.5     0.996
675.75     0.996
676.0     0.996
676.25     0.996
676.5     0.996
676.75     0.996
677.0     0.996
677.25     0.996
677.5     0.996
677.75     0.996
678.0     0.996
678.25     0.996
678.5     0.996
678.75     0.996
679.0     0.996
679.25     0.996
679.5     0.996
679.75     0.996
680.0     0.996
680.25     0.996
680.5     0.996
680.75     0.996
681.0     0.996
681.25     0.996
681.5     0.996
681.75     0.996
682.0     0.996
682.25     0.996
682.5     0.996
682.75     0.996
683.0     0.996
683.25     0.996
683.5     0.996
683.75     0.996
684.0     0.996
684.25     0.996
684.5     0.996
684.75     0.996
685.0     0.996
685.25     0.996
685.5     0.996
685.75     0.996
686.0     0.996
686.25     0.996
686.5     0.996
686.75     0.996
687.0     0.996
687.25     0.996
687.5     0.996
687.75     0.996
688.0     0.996
688.25     0.996
688.5     0.996
688.75     0.996
689.0     0.996
689.25     0.996
689.5     0.996
689.75     0.996
690.0     0.996
690.25     0.996
690.5     0.996
690.75     0.996
691.0     0.996
691.25     0.996
691.5     0.996
691.75     0.996
692.0     0.996
692.25     0.996
692.5     0.996
692.75     0.996
693.0     0.996
693.25     0.996
693.5     0.996
693.75     0.996
694.0     0.996
694.25     0.996
694.5     0.996
694.75     0.996
695.0     0.996
695.25     0.996
695.5     0.996
695.75     0.996
696.0     0.996
696.25     0.996
696.5     0.996
696.75     0.996
697.0     0.996
697.25     0.996
697.5     0.996
697.75     0.996
698.0     0.996
698.25     0.996
698.5     0.996
698.75     0.996
699.0     0.996
699.25     0.996
699.5     0.996
699.75     0.996
700.0     0.996
700.25     0.996
700.5     0.996
700.75     0.996
701.0     0.996
701.25     0.996
701.5     0.996
701.75     0.996
702.0     0.996
702.25     0.996
702.5     0.996
702.75     0.996
703.0     0.996
703.25     0.996
703.5     0.996
703.75     0.996
704.0     0.996
704.25     0.996
704.5     0.996
704.75     0.996
705.0     0.996
705.25     0.996
705.5     0.996
705.75     0.996
706.0     0.996
706.25     0.996
706.5     0.996
706.75     0.996
707.0     0.996
707.25     0.996
707.5     0.996
707.75     0.996
708.0     0.996
708.25     0.996
708.5     0.996
708.75     0.996
709.0     0.996
709.25     0.996
709.5     0.996
709.75     0.996
710.0     0.996
710.25     0.996
710.5     0.996
710.75     0.996
711.0     0.996
711.25     0.996
711.5     0.996
711.75     0.996
712.0     0.998
712.25     0.998
712.5     0.998
712.75     0.998
713.0     0.998
713.25     0.998
713.5     0.998
713.75     0.998
714.0     0.998
714.25     0.998
714.5     0.998
714.75     0.998
715.0     0.998
715.25     0.998
715.5     0.998
715.75     0.998
716.0     0.998
716.25     0.998
716.5     0.998
716.75     0.998
717.0     0.998
717.25     0.998
717.5     0.998
717.75     0.998
718.0     0.998
718.25     0.998
718.5     0.998
718.75     0.998
719.0     0.998
719.25     0.998
719.5     0.998
719.75     0.998
720.0     0.998
720.25     0.998
720.5     0.998
720.75     0.998
721.0     0.998
721.25     0.998
721.5     0.998
721.75     0.998
722.0     0.998
722.25     0.998
722.5     0.998
722.75     0.998
723.0     0.998
723.25     0.998
723.5     0.998
723.75     0.998
724.0     0.998
724.25     0.998
724.5     0.998
724.75     0.998
725.0     0.998
725.25     0.998
725.5     0.998
725.75     0.998
726.0     0.998
726.25     0.998
726.5     0.998
726.75     0.998
727.0     0.998
727.25     0.998
727.5     0.998
727.75     0.998
728.0     0.998
728.25     0.998
728.5     0.998
728.75     0.998
729.0     0.998
729.25     0.998
729.5     0.998
729.75     0.998
730.0     0.998
730.25     0.998
730.5     0.998
730.75     0.998
731.0     0.998
731.25     0.998
731.5     0.998
731.75     0.998
732.0     0.998
732.25     0.998
732.5     0.998
732.75     0.998
733.0     0.998
733.25     0.998
733.5     0.998
733.75     0.998
734.0     0.998
734.25     0.998
734.5     0.998
734.75     0.998
735.0     0.998
735.25     0.998
735.5     0.998
735.75     0.998
736.0     0.998
736.25     0.998
736.5     0.998
736.75     0.998
737.0     0.998
737.25     0.998
737.5     0.998
737.75     0.998
738.0     0.998
738.25     0.998
738.5     0.998
738.75     0.998
739.0     0.998
739.25     0.998
739.5     0.998
739.75     0.998
740.0     0.998
740.25     0.998
740.5     0.998
740.75     0.998
741.0     0.998
741.25     0.998
741.5     0.998
741.75     0.998
742.0     0.998
742.25     0.998
742.5     0.998
742.75     0.998
743.0     0.998
743.25     0.998
743.5     0.998
743.75     0.998
744.0     0.998
744.25     0.998
744.5     0.998
744.75     0.998
745.0     0.998
745.25     0.998
745.5     0.998
745.75     0.998
746.0     0.998
746.25     0.998
746.5     0.998
746.75     0.998
747.0     0.998
747.25     0.998
747.5     0.998
747.75     0.998
748.0     0.998
748.25     0.998
748.5     0.998
748.75     0.998
749.0     0.998
749.25     0.998
749.5     0.998
749.75     0.998
750.0     0.998
750.25     0.998
750.5     0.998
750.75     0.998
751.0     0.998
751.25     0.998
751.5     0.998
751.75     0.998
752.0     0.998
752.25     0.998
752.5     0.998
752.75     0.998
753.0     0.998
753.25     0.998
753.5     0.998
753.75     0.998
754.0     0.998
754.25     0.998
754.5     0.998
754.75     0.998
755.0     0.998
755.25     0.998
755.5     0.998
755.75     0.998
756.0     0.998
756.25     0.998
756.5     0.998
756.75     0.998
757.0     0.998
757.25     0.998
757.5     0.998
757.75     0.998
758.0     0.998
758.25     0.998
758.5     0.998
758.75     0.998
759.0     0.998
759.25     0.998
759.5     0.998
759.75     0.998
760.0     0.998
760.25     0.998
760.5     0.998
760.75     0.998
761.0     0.998
761.25     0.998
761.5     0.998
761.75     0.998
762.0     0.998
762.25     0.998
762.5     0.998
762.75     0.998
763.0     0.998
763.25     0.998
763.5     0.998
763.75     0.998
764.0     0.998
764.25     0.998
764.5     0.998
764.75     0.998
765.0     0.998
765.25     0.998
765.5     0.998
765.75     0.998
766.0     0.998
766.25     0.998
766.5     0.998
766.75     0.998
767.0     0.998
767.25     0.998
767.5     0.998
767.75     0.998
768.0     0.998
768.25     0.998
768.5     0.998
768.75     0.998
769.0     0.998
769.25     0.998
769.5     0.998
769.75     0.998
770.0     0.998
770.25     0.998
770.5     0.998
770.75     0.998
771.0     0.998
771.25     0.998
771.5     0.998
771.75     0.998
772.0     0.998
772.25     0.998
772.5     0.998
772.75     0.998
773.0     0.998
773.25     0.998
773.5     0.998
773.75     0.998
774.0     0.998
774.25     0.998
774.5     0.998
774.75     0.998
775.0     0.998
775.25     0.998
775.5     0.998
775.75     0.998
776.0     0.998
776.25     0.998
776.5     0.998
776.75     0.998
777.0     0.998
777.25     0.998
777.5     0.998
777.75     0.998
778.0     0.998
778.25     0.998
778.5     0.998
778.75     0.998
779.0     0.998
779.25     0.998
779.5     0.998
779.75     0.998
780.0     0.998
780.25     0.998
780.5     0.998
780.75     0.998
781.0     0.998
781.25     0.998
781.5     0.998
781.75     0.998
782.0     0.998
782.25     0.998
782.5     0.998
782.75     0.998
783.0     0.998
783.25     0.998
783.5     0.998
783.75     0.998
784.0     0.998
784.25     0.998
784.5     0.998
784.75     0.998
785.0     0.998
785.25     0.998
785.5     0.998
785.75     0.998
786.0     0.998
786.25     0.998
786.5     0.998
786.75     0.998
787.0     0.998
787.25     0.998
787.5     0.998
787.75     0.998
788.0     0.998
788.25     0.998
788.5     0.998
788.75     0.998
789.0     0.998
789.25     0.998
789.5     0.998
789.75     0.998
790.0     0.998
790.25     0.998
790.5     0.998
790.75     0.998
791.0     0.998
791.25     0.998
791.5     0.998
791.75     0.998
792.0     0.998
792.25     0.998
792.5     0.998
792.75     0.998
793.0     0.998
793.25     0.998
793.5     0.998
793.75     0.998
794.0     0.998
794.25     0.998
794.5     0.998
794.75     0.998
795.0     0.998
795.25     0.998
795.5     0.998
795.75     0.998
796.0     0.998
796.25     0.998
796.5     0.998
796.75     0.998
797.0     0.998
797.25     0.998
797.5     0.998
797.75     0.998
798.0     0.998
798.25     0.998
798.5     0.998
798.75     0.998
799.0     0.998
799.25     0.998
799.5     0.998
799.75     0.998
800.0     0.998
800.25     0.998
800.5     0.998
800.75     0.998
801.0     0.998
801.25     0.998
801.5     0.998
801.75     0.998
802.0     0.998
802.25     0.998
802.5     0.998
802.75     0.998
803.0     0.998
803.25     0.998
803.5     0.998
803.75     0.998
804.0     0.998
804.25     0.998
804.5     0.998
804.75     0.998
805.0     0.998
805.25     0.998
805.5     0.998
805.75     0.998
806.0     0.998
806.25     0.998
806.5     0.998
806.75     0.998
807.0     0.998
807.25     0.998
807.5     0.998
807.75     0.998
808.0     0.998
808.25     0.998
808.5     0.998
808.75     0.998
809.0     0.998
809.25     0.998
809.5     0.998
809.75     0.998
810.0     0.998
810.25     0.998
810.5     0.998
810.75     0.998
811.0     0.998
811.25     0.998
811.5     0.998
811.75     0.998
812.0     0.998
812.25     0.998
812.5     0.998
812.75     0.998
813.0     0.998
813.25     0.998
813.5     0.998
813.75     0.998
814.0     0.998
814.25     0.998
814.5     0.998
814.75     0.998
815.0     0.998
815.25     0.998
815.5     0.998
815.75     0.998
816.0     0.998
816.25     0.998
816.5     0.998
816.75     0.998
817.0     0.998
817.25     0.998
817.5     0.998
817.75     0.998
818.0     0.998
818.25     0.998
818.5     0.998
818.75     0.998
819.0     0.998
819.25     0.998
819.5     0.998
819.75     0.998
820.0     0.998
820.25     0.998
820.5     0.998
820.75     0.998
821.0     0.998
821.25     0.998
821.5     0.998
821.75     0.998
822.0     0.998
822.25     0.998
822.5     0.998
822.75     0.998
823.0     0.998
823.25     0.998
823.5     0.998
823.75     0.998
824.0     0.998
824.25     0.998
824.5     0.998
824.75     0.998
825.0     0.998
825.25     0.998
825.5     0.998
825.75     0.998
826.0     0.998
826.25     0.998
826.5     0.998
826.75     0.998
827.0     0.998
827.25     0.998
827.5     0.998
827.75     0.998
828.0     0.998
828.25     0.998
828.5     0.998
828.75     0.998
829.0     0.998
829.25     0.998
829.5     0.998
829.75     0.998
830.0     0.998
830.25     0.998
830.5     0.998
830.75     0.998
831.0     0.998
831.25     0.998
831.5     0.998
831.75     0.998
832.0     0.998
832.25     0.998
832.5     0.998
832.75     0.998
833.0     0.998
833.25     0.998
833.5     0.998
833.75     0.998
834.0     0.998
834.25     0.998
834.5     0.998
834.75     0.998
835.0     0.998
835.25     0.998
835.5     0.998
835.75     0.998
836.0     0.998
836.25     0.998
836.5     0.998
836.75     0.998
837.0     0.998
837.25     0.998
837.5     0.998
837.75     0.998
838.0     0.998
838.25     0.998
838.5     0.998
838.75     0.998
839.0     0.996
839.25     0.996
839.5     0.996
839.75     0.996
840.0     0.996
840.25     0.996
840.5     0.996
840.75     0.996
841.0     0.996
841.25     0.996
841.5     0.996
841.75     0.996
842.0     0.996
842.25     0.996
842.5     0.996
842.75     0.996
843.0     0.996
843.25     0.996
843.5     0.996
843.75     0.996
844.0     0.996
844.25     0.996
844.5     0.996
844.75     0.996
845.0     0.996
845.25     0.996
845.5     0.996
845.75     0.996
846.0     0.996
846.25     0.996
846.5     0.996
846.75     0.996
847.0     0.996
847.25     0.996
847.5     0.996
847.75     0.996
848.0     0.996
848.25     0.996
848.5     0.996
848.75     0.996
849.0     0.996
849.25     0.996
849.5     0.996
849.75     0.996
850.0     0.996
850.25     0.996
850.5     0.996
850.75     0.996
851.0     0.996
851.25     0.996
851.5     0.996
851.75     0.996
852.0     0.996
852.25     0.996
852.5     0.996
852.75     0.996
853.0     0.996
853.25     0.996
853.5     0.996
853.75     0.996
854.0     0.996
854.25     0.996
854.5     0.996
854.75     0.996
855.0     0.996
855.25     0.996
855.5     0.996
855.75     0.996
856.0     0.996
856.25     0.996
856.5     0.996
856.75     0.996
857.0     0.996
857.25     0.996
857.5     0.996
857.75     0.996
858.0     0.996
858.25     0.996
858.5     0.996
858.75     0.996
859.0     0.996
859.25     0.996
859.5     0.996
859.75     0.996
860.0     0.996
860.25     0.996
860.5     0.996
860.75     0.996
861.0     0.996
861.25     0.996
861.5     0.996
861.75     0.996
862.0     0.996
862.25     0.996
862.5     0.996
862.75     0.996
863.0     0.996
863.25     0.996
863.5     0.996
863.75     0.996
864.0     0.996
864.25     0.996
864.5     0.996
864.75     0.996
865.0     0.996
865.25     0.996
865.5     0.996
865.75     0.996
866.0     0.996
866.25     0.996
866.5     0.996
866.75     0.996
867.0     0.996
867.25     0.996
867.5     0.996
867.75     0.996
868.0     0.996
868.25     0.998
868.5     0.998
868.75     0.998
869.0     0.998
869.25     0.998
869.5     0.998
869.75     0.998
870.0     0.998
870.25     0.998
870.5     0.998
870.75     0.998
871.0     0.998
871.25     0.998
871.5     0.998
871.75     0.998
872.0     0.998
872.25     0.998
872.5     0.998
872.75     0.998
873.0     0.998
873.25     0.998
873.5     0.998
873.75     0.998
874.0     0.998
874.25     0.998
874.5     0.998
874.75     0.998
875.0     0.998
875.25     0.998
875.5     0.998
875.75     0.998
876.0     0.998
876.25     0.998
876.5     0.998
876.75     0.998
877.0     0.998
877.25     0.998
877.5     0.998
877.75     0.998
878.0     0.998
878.25     0.998
878.5     0.998
878.75     0.998
879.0     0.998
879.25     0.998
879.5     0.998
879.75     0.998
880.0     0.998
880.25     0.998
880.5     0.998
880.75     0.998
881.0     0.998
881.25     0.998
881.5     0.998
881.75     0.998
882.0     0.998
882.25     0.998
882.5     0.998
882.75     0.998
883.0     0.998
883.25     0.998
883.5     0.998
883.75     0.998
884.0     0.998
884.25     0.998
884.5     0.998
884.75     0.998
885.0     0.998
885.25     0.998
885.5     0.998
885.75     0.998
886.0     0.998
886.25     0.998
886.5     0.998
886.75     0.998
887.0     0.998
887.25     0.998
887.5     0.998
887.75     0.998
888.0     0.998
888.25     0.998
888.5     0.998
888.75     0.998
889.0     0.998
889.25     0.998
889.5     0.998
889.75     0.998
890.0     0.998
890.25     0.998
890.5     0.998
890.75     0.998
891.0     0.998
891.25     0.998
891.5     0.998
891.75     0.998
892.0     0.998
892.25     0.998
892.5     0.998
892.75     0.998
893.0     0.998
893.25     0.998
893.5     0.998
893.75     0.998
894.0     0.998
894.25     0.998
894.5     0.998
894.75     0.998
895.0     0.998
895.25     0.998
895.5     0.998
895.75     0.998
896.0     0.998
896.25     0.998
896.5     0.998
896.75     0.998
897.0     0.998
897.25     0.998
897.5     0.998
897.75     0.998
898.0     0.998
898.25     0.998
898.5     0.998
898.75     0.998
899.0     0.998
899.25     0.998
899.5     0.998
899.75     0.998
900.0     0.998
900.25     0.998
900.5     0.998
900.75     0.998
901.0     0.998
901.25     0.998
901.5     0.998
901.75     0.998
902.0     0.998
902.25     0.998
902.5     0.998
902.75     0.998
903.0     0.998
903.25     0.998
903.5     0.998
903.75     0.998
904.0     0.998
904.25     0.998
904.5     0.998
904.75     0.998
905.0     0.998
905.25     0.998
905.5     0.998
905.75     0.998
906.0     0.998
906.25     0.998
906.5     0.998
906.75     0.998
907.0     0.998
907.25     0.998
907.5     0.998
907.75     0.998
908.0     0.998
908.25     0.998
908.5     0.998
908.75     0.998
909.0     0.998
909.25     0.998
909.5     0.998
909.75     0.998
910.0     0.998
910.25     0.998
910.5     0.998
910.75     0.998
911.0     0.998
911.25     0.998
911.5     0.998
911.75     0.998
912.0     0.998
912.25     0.998
912.5     0.998
912.75     0.998
913.0     0.998
913.25     0.998
913.5     0.998
913.75     0.998
914.0     0.998
914.25     0.998
914.5     0.998
914.75     0.998
915.0     0.998
915.25     0.998
915.5     0.998
915.75     0.998
916.0     0.998
916.25     0.998
916.5     0.998
916.75     0.998
917.0     0.998
917.25     0.998
917.5     0.998
917.75     0.998
918.0     0.998
918.25     0.998
918.5     0.998
918.75     0.998
919.0     0.998
919.25     0.998
919.5     0.998
919.75     0.998
920.0     0.998
920.25     0.998
920.5     0.998
920.75     0.998
921.0     0.998
921.25     0.998
921.5     0.998
921.75     0.998
922.0     0.998
922.25     1.0
922.5     1.0
922.75     1.0
923.0     1.0
923.25     1.0
923.5     1.0
923.75     1.0
924.0     1.0
924.25     1.0
924.5     1.0
924.75     1.0
925.0     1.0
925.25     1.0
925.5     1.0
925.75     1.0
926.0     1.0
926.25     1.0
926.5     1.0
926.75     1.0
927.0     1.0
927.25     1.0
927.5     1.0
927.75     1.0
928.0     1.0
928.25     1.0
928.5     1.0
928.75     1.0
929.0     1.0
929.25     1.0
929.5     1.0
929.75     1.0
930.0     1.0
930.25     1.0
930.5     1.0
930.75     1.0
931.0     1.0
931.25     1.0
931.5     1.0
931.75     1.0
932.0     1.0
932.25     1.0
932.5     1.0
932.75     1.0
933.0     1.0
933.25     1.0
933.5     1.0
933.75     1.0
934.0     1.0
934.25     1.0
934.5     1.0
934.75     1.0
935.0     1.0
935.25     1.0
935.5     1.0
935.75     1.0
936.0     1.0
936.25     1.0
936.5     1.0
936.75     1.0
937.0     1.0
937.25     1.0
937.5     1.0
937.75     1.0
938.0     1.0
938.25     1.0
938.5     1.0
938.75     1.0
939.0     1.0
939.25     1.0
939.5     1.0
939.75     1.0
940.0     1.0
940.25     1.0
940.5     1.0
940.75     1.0
941.0     1.0
941.25     1.0
941.5     1.0
941.75     1.0
942.0     1.0
942.25     1.0
942.5     1.0
942.75     1.0
943.0     1.0
943.25     1.0
943.5     1.0
943.75     1.0
944.0     1.0
944.25     1.0
944.5     1.0
944.75     1.0
945.0     1.0
945.25     1.0
945.5     1.0
945.75     1.0
946.0     1.0
946.25     1.0
946.5     1.0
946.75     1.0
947.0     1.0
947.25     1.0
947.5     1.0
947.75     1.0
948.0     1.0
948.25     1.0
948.5     1.0
948.75     1.0
949.0     1.0
949.25     1.0
949.5     1.0
949.75     1.0
950.0     1.0
950.25     1.0
950.5     1.0
950.75     1.0
951.0     1.0
951.25     1.0
951.5     1.0
951.75     1.0
952.0     1.0
952.25     1.0
952.5     1.0
952.75     1.0
953.0     1.0
953.25     1.0
953.5     1.0
953.75     1.0
954.0     1.0
954.25     1.0
954.5     1.0
954.75     1.0
955.0     1.0
955.25     1.0
955.5     1.0
955.75     1.0
956.0     1.0
956.25     1.0
956.5     1.0
956.75     1.0
957.0     1.0
957.25     1.0
957.5     1.0
957.75     1.0
958.0     1.0
958.25     1.0
958.5     1.0
958.75     1.0
959.0     1.0
959.25     1.0
959.5     1.0
959.75     1.0
960.0     1.0
960.25     1.0
960.5     1.0
960.75     1.0
961.0     1.0
961.25     1.0
961.5     1.0
961.75     1.0
962.0     1.0
962.25     1.0
962.5     1.0
962.75     1.0
963.0     1.0
963.25     1.0
963.5     1.0
963.75     1.0
964.0     1.0
964.25     1.0
964.5     1.0
964.75     1.0
965.0     1.0
965.25     1.0
965.5     1.0
965.75     1.0
966.0     1.0
966.25     1.0
966.5     1.0
966.75     1.0
967.0     1.0
967.25     1.0
967.5     1.0
967.75     1.0
968.0     1.0
968.25     1.0
968.5     1.0
968.75     1.0
969.0     1.0
969.25     1.0
969.5     1.0
969.75     1.0
970.0     1.0
970.25     1.0
970.5     1.0
970.75     1.0
971.0     1.0
971.25     1.0
971.5     1.0
971.75     1.0
972.0     1.0
972.25     1.0
972.5     1.0
972.75     1.0
973.0     1.0
973.25     1.0
973.5     1.0
973.75     1.0
974.0     1.0
974.25     1.0
974.5     1.0
974.75     1.0
975.0     1.0
975.25     1.0
975.5     1.0
975.75     1.0
976.0     1.0
976.25     1.0
976.5     1.0
976.75     1.0
977.0     1.0
977.25     1.0
977.5     1.0
977.75     1.0
978.0     1.0
978.25     1.0
978.5     1.0
978.75     1.0
979.0     1.0
979.25     1.0
979.5     1.0
979.75     1.0
980.0     1.0
980.25     1.0
980.5     1.0
980.75     1.0
981.0     1.0
981.25     1.0
981.5     1.0
981.75     1.0
982.0     1.0
982.25     1.0
982.5     1.0
982.75     1.0
983.0     1.0
983.25     1.0
983.5     1.0
983.75     1.0
984.0     1.0
984.25     1.0
984.5     1.0
984.75     1.0
985.0     1.0
985.25     1.0
985.5     1.0
985.75     1.0
986.0     1.0
986.25     1.0
986.5     1.0
986.75     1.0
987.0     1.0
987.25     1.0
987.5     1.0
987.75     1.0
988.0     1.0
988.25     1.0
988.5     1.0
988.75     1.0
989.0     1.0
989.25     1.0
989.5     1.0
989.75     1.0
990.0     1.0
990.25     1.0
990.5     1.0
990.75     1.0
991.0     1.0
991.25     1.0
991.5     1.0
991.75     1.0
992.0     1.0
992.25     1.0
992.5     1.0
992.75     1.0
993.0     1.0
993.25     1.0
993.5     1.0
993.75     1.0
994.0     1.0
994.25     1.0
994.5     1.0
994.75     1.0
995.0     1.0
995.25     1.0
995.5     1.0
995.75     1.0
996.0     1.0
996.25     1.0
996.5     1.0
996.75     1.0
997.0     1.0
997.25     1.0
997.5     1.0
997.75     1.0
998.0     1.0
998.25     1.0
998.5     1.0
998.75     1.0
999.0     1.0
999.25     1.0
999.5     1.0
999.75     1.0
1000.0     1.0
