0.25     1.0
0.5     1.0
0.75     1.0
1.0     1.0
1.25     1.0
1.5     1.0
1.75     1.0
2.0     1.0
2.25     1.0
2.5     1.0
2.75     1.0
3.0     1.0
3.25     1.0
3.5     1.0
3.75     1.0
4.0     1.0
4.25     1.0
4.5     1.0
4.75     1.0
5.0     1.0
5.25     1.0
5.5     1.0
5.75     1.0
6.0     1.0
6.25     1.0
6.5     1.0
6.75     1.0
7.0     1.0
7.25     1.0
7.5     1.0
7.75     1.0
8.0     1.0
8.25     1.0
8.5     1.0
8.75     1.0
9.0     1.0
9.25     1.0
9.5     1.0
9.75     1.0
10.0     1.0
10.25     1.0
10.5     1.0
10.75     1.0
11.0     1.0
11.25     1.0
11.5     1.0
11.75     1.0
12.0     1.0
12.25     1.0
12.5     1.0
12.75     1.0
13.0     1.0
13.25     1.0
13.5     1.0
13.75     1.0
14.0     1.0
14.25     1.0
14.5     1.0
14.75     1.0
15.0     1.0
15.25     1.0
15.5     1.0
15.75     1.0
16.0     1.0
16.25     1.0
16.5     1.0
16.75     1.0
17.0     1.0
17.25     1.0
17.5     1.0
17.75     1.0
18.0     1.0
18.25     1.0
18.5     1.0
18.75     1.0
19.0     1.0
19.25     1.0
19.5     1.0
19.75     1.0
20.0     1.0
20.25     1.0
20.5     1.0
20.75     1.0
21.0     0.998
21.25     0.994
21.5     0.996
21.75     0.998
22.0     0.996
22.25     0.996
22.5     0.996
22.75     0.994
23.0     0.994
23.25     0.988
23.5     0.986
23.75     0.98
24.0     0.978
24.25     0.968
24.5     0.966
24.75     0.962
25.0     0.958
25.25     0.956
25.5     0.946
25.75     0.936
26.0     0.932
26.25     0.93
26.5     0.922
26.75     0.918
27.0     0.912
27.25     0.9
27.5     0.896
27.75     0.89
28.0     0.886
28.25     0.882
28.5     0.876
28.75     0.874
29.0     0.864
29.25     0.856
29.5     0.85
29.75     0.844
30.0     0.836
30.25     0.834
30.5     0.828
30.75     0.822
31.0     0.812
31.25     0.81
31.5     0.808
31.75     0.806
32.0     0.802
32.25     0.8
32.5     0.794
32.75     0.788
33.0     0.782
33.25     0.782
33.5     0.776
33.75     0.774
34.0     0.774
34.25     0.772
34.5     0.762
34.75     0.76
35.0     0.754
35.25     0.75
35.5     0.744
35.75     0.74
36.0     0.734
36.25     0.73
36.5     0.724
36.75     0.724
37.0     0.722
37.25     0.712
37.5     0.712
37.75     0.712
38.0     0.712
38.25     0.708
38.5     0.708
38.75     0.706
39.0     0.706
39.25     0.7
39.5     0.688
39.75     0.686
40.0     0.68
40.25     0.682
40.5     0.682
40.75     0.682
41.0     0.676
41.25     0.672
41.5     0.67
41.75     0.67
42.0     0.668
42.25     0.662
42.5     0.656
42.75     0.66
43.0     0.654
43.25     0.654
43.5     0.648
43.75     0.642
44.0     0.64
44.25     0.638
44.5     0.634
44.75     0.63
45.0     0.624
45.25     0.618
45.5     0.614
45.75     0.61
46.0     0.608
46.25     0.608
46.5     0.608
46.75     0.608
47.0     0.612
47.25     0.606
47.5     0.606
47.75     0.606
48.0     0.602
48.25     0.596
48.5     0.592
48.75     0.592
49.0     0.588
49.25     0.588
49.5     0.584
49.75     0.58
50.0     0.572
50.25     0.57
50.5     0.57
50.75     0.566
51.0     0.566
51.25     0.562
51.5     0.554
51.75     0.55
52.0     0.548
52.25     0.546
52.5     0.544
52.75     0.542
53.0     0.542
53.25     0.542
53.5     0.54
53.75     0.538
54.0     0.538
54.25     0.538
54.5     0.536
54.75     0.532
55.0     0.53
55.25     0.526
55.5     0.526
55.75     0.518
56.0     0.514
56.25     0.514
56.5     0.512
56.75     0.512
57.0     0.51
57.25     0.504
57.5     0.496
57.75     0.492
58.0     0.488
58.25     0.488
58.5     0.488
58.75     0.488
59.0     0.49
59.25     0.488
59.5     0.486
59.75     0.486
60.0     0.486
60.25     0.484
60.5     0.484
60.75     0.478
61.0     0.476
61.25     0.474
61.5     0.474
61.75     0.47
62.0     0.468
62.25     0.466
62.5     0.464
62.75     0.464
63.0     0.46
63.25     0.46
63.5     0.46
63.75     0.458
64.0     0.46
64.25     0.458
64.5     0.456
64.75     0.452
65.0     0.452
65.25     0.446
65.5     0.444
65.75     0.444
66.0     0.444
66.25     0.442
66.5     0.44
66.75     0.436
67.0     0.434
67.25     0.432
67.5     0.428
67.75     0.428
68.0     0.422
68.25     0.422
68.5     0.42
68.75     0.42
69.0     0.418
69.25     0.416
69.5     0.416
69.75     0.414
70.0     0.412
70.25     0.412
70.5     0.412
70.75     0.414
71.0     0.414
71.25     0.412
71.5     0.412
71.75     0.412
72.0     0.41
72.25     0.408
72.5     0.406
72.75     0.404
73.0     0.402
73.25     0.404
73.5     0.402
73.75     0.402
74.0     0.4
74.25     0.4
74.5     0.398
74.75     0.398
75.0     0.398
75.25     0.396
75.5     0.396
75.75     0.396
76.0     0.396
76.25     0.396
76.5     0.394
76.75     0.392
77.0     0.392
77.25     0.39
77.5     0.39
77.75     0.39
78.0     0.386
78.25     0.384
78.5     0.384
78.75     0.384
79.0     0.384
79.25     0.384
79.5     0.384
79.75     0.384
80.0     0.384
80.25     0.38
80.5     0.38
80.75     0.38
81.0     0.38
81.25     0.38
81.5     0.38
81.75     0.38
82.0     0.378
82.25     0.378
82.5     0.378
82.75     0.378
83.0     0.378
83.25     0.378
83.5     0.376
83.75     0.376
84.0     0.374
84.25     0.374
84.5     0.372
84.75     0.372
85.0     0.372
85.25     0.372
85.5     0.372
85.75     0.37
86.0     0.37
86.25     0.37
86.5     0.37
86.75     0.368
87.0     0.366
87.25     0.366
87.5     0.366
87.75     0.366
88.0     0.366
88.25     0.366
88.5     0.366
88.75     0.366
89.0     0.366
89.25     0.366
89.5     0.366
89.75     0.366
90.0     0.366
90.25     0.366
90.5     0.366
90.75     0.364
91.0     0.364
91.25     0.364
91.5     0.364
91.75     0.364
92.0     0.364
92.25     0.364
92.5     0.366
92.75     0.366
93.0     0.366
93.25     0.366
93.5     0.366
93.75     0.366
94.0     0.366
94.25     0.366
94.5     0.364
94.75     0.362
95.0     0.362
95.25     0.36
95.5     0.358
95.75     0.358
96.0     0.358
96.25     0.358
96.5     0.36
96.75     0.36
97.0     0.356
97.25     0.356
97.5     0.356
97.75     0.356
98.0     0.356
98.25     0.356
98.5     0.356
98.75     0.356
99.0     0.354
99.25     0.354
99.5     0.352
99.75     0.352
100.0     0.348
100.25     0.346
100.5     0.346
100.75     0.346
101.0     0.346
101.25     0.346
101.5     0.346
101.75     0.346
102.0     0.346
102.25     0.346
102.5     0.346
102.75     0.346
103.0     0.346
103.25     0.346
103.5     0.346
103.75     0.344
104.0     0.344
104.25     0.344
104.5     0.344
104.75     0.344
105.0     0.344
105.25     0.344
105.5     0.342
105.75     0.34
106.0     0.34
106.25     0.34
106.5     0.34
106.75     0.338
107.0     0.338
107.25     0.338
107.5     0.338
107.75     0.338
108.0     0.338
108.25     0.338
108.5     0.336
108.75     0.336
109.0     0.336
109.25     0.336
109.5     0.336
109.75     0.336
110.0     0.336
110.25     0.336
110.5     0.334
110.75     0.334
111.0     0.334
111.25     0.332
111.5     0.332
111.75     0.328
112.0     0.328
112.25     0.324
112.5     0.324
112.75     0.324
113.0     0.322
113.25     0.322
113.5     0.322
113.75     0.322
114.0     0.322
114.25     0.322
114.5     0.32
114.75     0.32
115.0     0.318
115.25     0.316
115.5     0.316
115.75     0.314
116.0     0.314
116.25     0.314
116.5     0.314
116.75     0.312
117.0     0.312
117.25     0.31
117.5     0.31
117.75     0.31
118.0     0.312
118.25     0.312
118.5     0.31
118.75     0.308
119.0     0.306
119.25     0.306
119.5     0.304
119.75     0.302
120.0     0.302
120.25     0.302
120.5     0.302
120.75     0.3
121.0     0.3
121.25     0.298
121.5     0.296
121.75     0.296
122.0     0.296
122.25     0.294
122.5     0.294
122.75     0.294
123.0     0.294
123.25     0.292
123.5     0.288
123.75     0.286
124.0     0.286
124.25     0.286
124.5     0.286
124.75     0.286
125.0     0.284
125.25     0.282
125.5     0.28
125.75     0.276
126.0     0.278
126.25     0.276
126.5     0.274
126.75     0.276
127.0     0.274
127.25     0.276
127.5     0.276
127.75     0.272
128.0     0.274
128.25     0.27
128.5     0.268
128.75     0.266
129.0     0.264
129.25     0.262
129.5     0.26
129.75     0.26
130.0     0.258
130.25     0.254
130.5     0.254
130.75     0.254
131.0     0.252
131.25     0.252
131.5     0.254
131.75     0.254
132.0     0.256
132.25     0.256
132.5     0.256
132.75     0.254
133.0     0.254
133.25     0.254
133.5     0.254
133.75     0.254
134.0     0.254
134.25     0.256
134.5     0.254
134.75     0.252
135.0     0.252
135.25     0.252
135.5     0.252
135.75     0.252
136.0     0.252
136.25     0.25
136.5     0.252
136.75     0.252
137.0     0.252
137.25     0.246
137.5     0.246
137.75     0.246
138.0     0.244
138.25     0.242
138.5     0.242
138.75     0.242
139.0     0.242
139.25     0.24
139.5     0.24
139.75     0.238
140.0     0.238
140.25     0.24
140.5     0.238
140.75     0.238
141.0     0.238
141.25     0.236
141.5     0.236
141.75     0.23
142.0     0.23
142.25     0.23
142.5     0.23
142.75     0.23
143.0     0.23
143.25     0.228
143.5     0.228
143.75     0.228
144.0     0.228
144.25     0.228
144.5     0.228
144.75     0.226
145.0     0.224
145.25     0.224
145.5     0.224
145.75     0.224
146.0     0.224
146.25     0.224
146.5     0.224
146.75     0.224
147.0     0.224
147.25     0.224
147.5     0.224
147.75     0.224
148.0     0.224
148.25     0.224
148.5     0.224
148.75     0.222
149.0     0.22
149.25     0.22
149.5     0.22
149.75     0.218
150.0     0.216
150.25     0.216
150.5     0.216
150.75     0.216
151.0     0.216
151.25     0.214
151.5     0.214
151.75     0.214
152.0     0.214
152.25     0.212
152.5     0.212
152.75     0.212
153.0     0.212
153.25     0.212
153.5     0.21
153.75     0.21
154.0     0.21
154.25     0.21
154.5     0.21
154.75     0.21
155.0     0.21
155.25     0.21
155.5     0.21
155.75     0.21
156.0     0.21
156.25     0.21
156.5     0.208
156.75     0.208
157.0     0.208
157.25     0.208
157.5     0.208
157.75     0.208
158.0     0.208
158.25     0.208
158.5     0.206
158.75     0.204
159.0     0.204
159.25     0.204
159.5     0.204
159.75     0.204
160.0     0.204
160.25     0.204
160.5     0.204
160.75     0.204
161.0     0.204
161.25     0.204
161.5     0.204
161.75     0.204
162.0     0.204
162.25     0.204
162.5     0.204
162.75     0.202
163.0     0.2
163.25     0.2
163.5     0.198
163.75     0.198
164.0     0.198
164.25     0.198
164.5     0.196
164.75     0.192
165.0     0.192
165.25     0.192
165.5     0.192
165.75     0.192
166.0     0.192
166.25     0.192
166.5     0.192
166.75     0.192
167.0     0.19
167.25     0.19
167.5     0.19
167.75     0.19
168.0     0.19
168.25     0.19
168.5     0.19
168.75     0.19
169.0     0.19
169.25     0.19
169.5     0.19
169.75     0.19
170.0     0.19
170.25     0.19
170.5     0.19
170.75     0.19
171.0     0.188
171.25     0.188
171.5     0.184
171.75     0.184
172.0     0.184
172.25     0.184
172.5     0.182
172.75     0.182
173.0     0.182
173.25     0.182
173.5     0.182
173.75     0.182
174.0     0.182
174.25     0.182
174.5     0.182
174.75     0.182
175.0     0.182
175.25     0.182
175.5     0.182
175.75     0.182
176.0     0.182
176.25     0.182
176.5     0.182
176.75     0.182
177.0     0.182
177.25     0.18
177.5     0.18
177.75     0.18
178.0     0.18
178.25     0.176
178.5     0.176
178.75     0.176
179.0     0.176
179.25     0.174
179.5     0.174
179.75     0.174
180.0     0.174
180.25     0.172
180.5     0.172
180.75     0.172
181.0     0.172
181.25     0.172
181.5     0.172
181.75     0.172
182.0     0.172
182.25     0.172
182.5     0.172
182.75     0.172
183.0     0.172
183.25     0.172
183.5     0.172
183.75     0.172
184.0     0.172
184.25     0.172
184.5     0.172
184.75     0.172
185.0     0.17
185.25     0.17
185.5     0.17
185.75     0.17
186.0     0.168
186.25     0.168
186.5     0.168
186.75     0.168
187.0     0.168
187.25     0.168
187.5     0.168
187.75     0.168
188.0     0.168
188.25     0.168
188.5     0.168
188.75     0.168
189.0     0.168
189.25     0.168
189.5     0.168
189.75     0.168
190.0     0.168
190.25     0.168
190.5     0.168
190.75     0.166
191.0     0.166
191.25     0.166
191.5     0.166
191.75     0.164
192.0     0.164
192.25     0.164
192.5     0.164
192.75     0.164
193.0     0.164
193.25     0.164
193.5     0.164
193.75     0.164
194.0     0.164
194.25     0.162
194.5     0.162
194.75     0.162
195.0     0.16
195.25     0.16
195.5     0.16
195.75     0.16
196.0     0.16
196.25     0.16
196.5     0.16
196.75     0.16
197.0     0.16
197.25     0.16
197.5     0.16
197.75     0.16
198.0     0.16
198.25     0.16
198.5     0.16
198.75     0.16
199.0     0.16
199.25     0.16
199.5     0.16
199.75     0.16
200.0     0.16
200.25     0.16
200.5     0.16
200.75     0.16
201.0     0.158
201.25     0.158
201.5     0.158
201.75     0.158
202.0     0.158
202.25     0.158
202.5     0.16
202.75     0.162
203.0     0.162
203.25     0.16
203.5     0.158
203.75     0.158
204.0     0.158
204.25     0.158
204.5     0.158
204.75     0.158
205.0     0.158
205.25     0.158
205.5     0.158
205.75     0.156
206.0     0.156
206.25     0.158
206.5     0.158
206.75     0.158
207.0     0.158
207.25     0.158
207.5     0.156
207.75     0.156
208.0     0.154
208.25     0.154
208.5     0.152
208.75     0.152
209.0     0.152
209.25     0.152
209.5     0.152
209.75     0.152
210.0     0.152
210.25     0.15
210.5     0.15
210.75     0.15
211.0     0.15
211.25     0.148
211.5     0.148
211.75     0.148
212.0     0.144
212.25     0.144
212.5     0.144
212.75     0.144
213.0     0.144
213.25     0.142
213.5     0.142
213.75     0.142
214.0     0.142
214.25     0.138
214.5     0.14
214.75     0.14
215.0     0.14
215.25     0.14
215.5     0.14
215.75     0.14
216.0     0.14
216.25     0.138
216.5     0.138
216.75     0.138
217.0     0.138
217.25     0.138
217.5     0.138
217.75     0.138
218.0     0.136
218.25     0.136
218.5     0.136
218.75     0.134
219.0     0.134
219.25     0.132
219.5     0.13
219.75     0.13
220.0     0.128
220.25     0.128
220.5     0.128
220.75     0.128
221.0     0.128
221.25     0.128
221.5     0.128
221.75     0.128
222.0     0.128
222.25     0.128
222.5     0.128
222.75     0.128
223.0     0.128
223.25     0.126
223.5     0.126
223.75     0.126
224.0     0.126
224.25     0.124
224.5     0.124
224.75     0.122
225.0     0.12
225.25     0.12
225.5     0.12
225.75     0.12
226.0     0.122
226.25     0.122
226.5     0.122
226.75     0.118
227.0     0.118
227.25     0.118
227.5     0.118
227.75     0.118
228.0     0.118
228.25     0.12
228.5     0.12
228.75     0.118
229.0     0.118
229.25     0.118
229.5     0.116
229.75     0.116
230.0     0.116
230.25     0.116
230.5     0.116
230.75     0.116
231.0     0.116
231.25     0.114
231.5     0.114
231.75     0.112
232.0     0.108
232.25     0.108
232.5     0.108
232.75     0.108
233.0     0.108
233.25     0.108
233.5     0.108
233.75     0.108
234.0     0.106
234.25     0.106
234.5     0.106
234.75     0.106
235.0     0.106
235.25     0.106
235.5     0.106
235.75     0.106
236.0     0.106
236.25     0.106
236.5     0.104
236.75     0.104
237.0     0.104
237.25     0.102
237.5     0.1
237.75     0.1
238.0     0.1
238.25     0.1
238.5     0.1
238.75     0.1
239.0     0.098
239.25     0.098
239.5     0.098
239.75     0.098
240.0     0.098
240.25     0.098
240.5     0.098
240.75     0.098
241.0     0.098
241.25     0.096
241.5     0.096
241.75     0.096
242.0     0.096
242.25     0.096
242.5     0.096
242.75     0.096
243.0     0.096
243.25     0.096
243.5     0.096
243.75     0.096
244.0     0.096
244.25     0.096
244.5     0.094
244.75     0.094
245.0     0.094
245.25     0.094
245.5     0.094
245.75     0.094
246.0     0.094
246.25     0.094
246.5     0.094
246.75     0.094
247.0     0.094
247.25     0.094
247.5     0.094
247.75     0.094
248.0     0.092
248.25     0.09
248.5     0.09
248.75     0.09
249.0     0.09
249.25     0.088
249.5     0.088
249.75     0.088
250.0     0.088
250.25     0.088
250.5     0.088
250.75     0.088
251.0     0.088
251.25     0.088
251.5     0.088
251.75     0.088
252.0     0.088
252.25     0.088
252.5     0.088
252.75     0.088
253.0     0.088
253.25     0.088
253.5     0.088
253.75     0.088
254.0     0.086
254.25     0.086
254.5     0.086
254.75     0.086
255.0     0.084
255.25     0.082
255.5     0.082
255.75     0.082
256.0     0.082
256.25     0.082
256.5     0.082
256.75     0.082
257.0     0.08
257.25     0.08
257.5     0.08
257.75     0.08
258.0     0.08
258.25     0.08
258.5     0.08
258.75     0.08
259.0     0.08
259.25     0.08
259.5     0.08
259.75     0.08
260.0     0.078
260.25     0.078
260.5     0.078
260.75     0.078
261.0     0.078
261.25     0.078
261.5     0.078
261.75     0.078
262.0     0.078
262.25     0.078
262.5     0.078
262.75     0.078
263.0     0.078
263.25     0.078
263.5     0.078
263.75     0.078
264.0     0.078
264.25     0.078
264.5     0.078
264.75     0.078
265.0     0.078
265.25     0.078
265.5     0.078
265.75     0.078
266.0     0.078
266.25     0.078
266.5     0.078
266.75     0.078
267.0     0.08
267.25     0.08
267.5     0.08
267.75     0.078
268.0     0.078
268.25     0.078
268.5     0.078
268.75     0.078
269.0     0.076
269.25     0.076
269.5     0.076
269.75     0.076
270.0     0.078
270.25     0.078
270.5     0.078
270.75     0.078
271.0     0.078
271.25     0.076
271.5     0.076
271.75     0.076
272.0     0.074
272.25     0.074
272.5     0.074
272.75     0.074
273.0     0.074
273.25     0.074
273.5     0.074
273.75     0.074
274.0     0.072
274.25     0.072
274.5     0.072
274.75     0.072
275.0     0.072
275.25     0.07
275.5     0.07
275.75     0.07
276.0     0.07
276.25     0.07
276.5     0.07
276.75     0.07
277.0     0.07
277.25     0.07
277.5     0.07
277.75     0.07
278.0     0.07
278.25     0.07
278.5     0.07
278.75     0.07
279.0     0.07
279.25     0.07
279.5     0.07
279.75     0.068
280.0     0.068
280.25     0.068
280.5     0.068
280.75     0.068
281.0     0.068
281.25     0.068
281.5     0.064
281.75     0.064
282.0     0.064
282.25     0.064
282.5     0.064
282.75     0.064
283.0     0.064
283.25     0.064
283.5     0.064
283.75     0.062
284.0     0.062
284.25     0.062
284.5     0.062
284.75     0.06
285.0     0.06
285.25     0.06
285.5     0.06
285.75     0.06
286.0     0.058
286.25     0.058
286.5     0.056
286.75     0.056
287.0     0.056
287.25     0.056
287.5     0.058
287.75     0.058
288.0     0.058
288.25     0.056
288.5     0.056
288.75     0.056
289.0     0.056
289.25     0.056
289.5     0.054
289.75     0.054
290.0     0.054
290.25     0.054
290.5     0.052
290.75     0.052
291.0     0.052
291.25     0.052
291.5     0.052
291.75     0.052
292.0     0.052
292.25     0.052
292.5     0.052
292.75     0.052
293.0     0.052
293.25     0.05
293.5     0.05
293.75     0.05
294.0     0.05
294.25     0.05
294.5     0.05
294.75     0.05
295.0     0.05
295.25     0.05
295.5     0.05
295.75     0.05
296.0     0.05
296.25     0.05
296.5     0.05
296.75     0.05
297.0     0.05
297.25     0.05
297.5     0.05
297.75     0.05
298.0     0.05
298.25     0.05
298.5     0.05
298.75     0.05
299.0     0.05
299.25     0.05
299.5     0.05
299.75     0.05
300.0     0.048
300.25     0.048
300.5     0.048
300.75     0.048
301.0     0.048
301.25     0.048
301.5     0.048
301.75     0.048
302.0     0.048
302.25     0.048
302.5     0.048
302.75     0.048
303.0     0.048
303.25     0.048
303.5     0.048
303.75     0.048
304.0     0.048
304.25     0.048
304.5     0.048
304.75     0.048
305.0     0.048
305.25     0.048
305.5     0.048
305.75     0.048
306.0     0.048
306.25     0.048
306.5     0.048
306.75     0.044
307.0     0.044
307.25     0.044
307.5     0.044
307.75     0.044
308.0     0.044
308.25     0.044
308.5     0.044
308.75     0.044
309.0     0.044
309.25     0.042
309.5     0.042
309.75     0.042
310.0     0.042
310.25     0.042
310.5     0.042
310.75     0.042
311.0     0.042
311.25     0.042
311.5     0.042
311.75     0.04
312.0     0.04
312.25     0.04
312.5     0.038
312.75     0.038
313.0     0.038
313.25     0.038
313.5     0.038
313.75     0.038
314.0     0.038
314.25     0.038
314.5     0.038
314.75     0.038
315.0     0.036
315.25     0.036
315.5     0.036
315.75     0.036
316.0     0.036
316.25     0.036
316.5     0.036
316.75     0.036
317.0     0.036
317.25     0.036
317.5     0.036
317.75     0.036
318.0     0.036
318.25     0.036
318.5     0.036
318.75     0.036
319.0     0.036
319.25     0.036
319.5     0.034
319.75     0.034
320.0     0.034
320.25     0.034
320.5     0.034
320.75     0.034
321.0     0.034
321.25     0.034
321.5     0.034
321.75     0.034
322.0     0.034
322.25     0.034
322.5     0.034
322.75     0.034
323.0     0.034
323.25     0.034
323.5     0.034
323.75     0.034
324.0     0.034
324.25     0.034
324.5     0.034
324.75     0.034
325.0     0.034
325.25     0.034
325.5     0.034
325.75     0.034
326.0     0.034
326.25     0.034
326.5     0.034
326.75     0.034
327.0     0.034
327.25     0.034
327.5     0.034
327.75     0.032
328.0     0.03
328.25     0.03
328.5     0.03
328.75     0.03
329.0     0.03
329.25     0.03
329.5     0.03
329.75     0.03
330.0     0.03
330.25     0.032
330.5     0.032
330.75     0.032
331.0     0.032
331.25     0.03
331.5     0.03
331.75     0.03
332.0     0.03
332.25     0.028
332.5     0.026
332.75     0.026
333.0     0.026
333.25     0.026
333.5     0.026
333.75     0.026
334.0     0.026
334.25     0.026
334.5     0.026
334.75     0.026
335.0     0.026
335.25     0.026
335.5     0.026
335.75     0.026
336.0     0.026
336.25     0.026
336.5     0.026
336.75     0.026
337.0     0.026
337.25     0.026
337.5     0.026
337.75     0.026
338.0     0.026
338.25     0.026
338.5     0.026
338.75     0.026
339.0     0.026
339.25     0.026
339.5     0.026
339.75     0.026
340.0     0.026
340.25     0.026
340.5     0.026
340.75     0.026
341.0     0.026
341.25     0.026
341.5     0.026
341.75     0.026
342.0     0.026
342.25     0.026
342.5     0.026
342.75     0.026
343.0     0.024
343.25     0.024
343.5     0.024
343.75     0.024
344.0     0.024
344.25     0.024
344.5     0.026
344.75     0.026
345.0     0.026
345.25     0.026
345.5     0.026
345.75     0.026
346.0     0.026
346.25     0.026
346.5     0.026
346.75     0.026
347.0     0.026
347.25     0.026
347.5     0.026
347.75     0.026
348.0     0.026
348.25     0.026
348.5     0.026
348.75     0.026
349.0     0.026
349.25     0.026
349.5     0.026
349.75     0.026
350.0     0.024
350.25     0.024
350.5     0.024
350.75     0.024
351.0     0.024
351.25     0.024
351.5     0.022
351.75     0.022
352.0     0.022
352.25     0.022
352.5     0.022
352.75     0.022
353.0     0.022
353.25     0.022
353.5     0.022
353.75     0.022
354.0     0.022
354.25     0.022
354.5     0.022
354.75     0.022
355.0     0.022
355.25     0.022
355.5     0.022
355.75     0.022
356.0     0.022
356.25     0.022
356.5     0.022
356.75     0.022
357.0     0.022
357.25     0.022
357.5     0.022
357.75     0.02
358.0     0.02
358.25     0.02
358.5     0.02
358.75     0.02
359.0     0.02
359.25     0.02
359.5     0.02
359.75     0.02
360.0     0.02
360.25     0.02
360.5     0.018
360.75     0.018
361.0     0.018
361.25     0.016
361.5     0.016
361.75     0.016
362.0     0.016
362.25     0.016
362.5     0.016
362.75     0.016
363.0     0.016
363.25     0.016
363.5     0.016
363.75     0.016
364.0     0.016
364.25     0.016
364.5     0.016
364.75     0.016
365.0     0.016
365.25     0.016
365.5     0.016
365.75     0.016
366.0     0.016
366.25     0.014
366.5     0.014
366.75     0.014
367.0     0.014
367.25     0.014
367.5     0.014
367.75     0.014
368.0     0.014
368.25     0.014
368.5     0.014
368.75     0.014
369.0     0.014
369.25     0.014
369.5     0.014
369.75     0.014
370.0     0.014
370.25     0.014
370.5     0.014
370.75     0.014
371.0     0.014
371.25     0.014
371.5     0.014
371.75     0.014
372.0     0.014
372.25     0.014
372.5     0.014
372.75     0.014
373.0     0.014
373.25     0.014
373.5     0.014
373.75     0.014
374.0     0.014
374.25     0.014
374.5     0.014
374.75     0.014
375.0     0.014
375.25     0.014
375.5     0.014
375.75     0.014
376.0     0.014
376.25     0.014
376.5     0.014
376.75     0.014
377.0     0.014
377.25     0.014
377.5     0.014
377.75     0.014
378.0     0.014
378.25     0.014
378.5     0.014
378.75     0.014
379.0     0.014
379.25     0.014
379.5     0.014
379.75     0.014
380.0     0.014
380.25     0.014
380.5     0.014
380.75     0.014
381.0     0.014
381.25     0.014
381.5     0.014
381.75     0.014
382.0     0.014
382.25     0.014
382.5     0.014
382.75     0.014
383.0     0.014
383.25     0.014
383.5     0.014
383.75     0.014
384.0     0.014
384.25     0.014
384.5     0.014
384.75     0.014
385.0     0.014
385.25     0.014
385.5     0.014
385.75     0.014
386.0     0.014
386.25     0.014
386.5     0.014
386.75     0.014
387.0     0.014
387.25     0.014
387.5     0.014
387.75     0.014
388.0     0.014
388.25     0.014
388.5     0.014
388.75     0.014
389.0     0.014
389.25     0.014
389.5     0.014
389.75     0.014
390.0     0.014
390.25     0.014
390.5     0.014
390.75     0.014
391.0     0.014
391.25     0.014
391.5     0.014
391.75     0.014
392.0     0.014
392.25     0.014
392.5     0.014
392.75     0.014
393.0     0.014
393.25     0.014
393.5     0.014
393.75     0.014
394.0     0.014
394.25     0.014
394.5     0.014
394.75     0.014
395.0     0.014
395.25     0.014
395.5     0.014
395.75     0.014
396.0     0.014
396.25     0.014
396.5     0.014
396.75     0.014
397.0     0.012
397.25     0.012
397.5     0.012
397.75     0.012
398.0     0.012
398.25     0.012
398.5     0.012
398.75     0.012
399.0     0.012
399.25     0.012
399.5     0.012
399.75     0.012
400.0     0.012
400.25     0.012
400.5     0.012
400.75     0.012
401.0     0.012
401.25     0.012
401.5     0.012
401.75     0.012
402.0     0.012
402.25     0.012
402.5     0.012
402.75     0.012
403.0     0.012
403.25     0.012
403.5     0.012
403.75     0.012
404.0     0.012
404.25     0.012
404.5     0.012
404.75     0.012
405.0     0.012
405.25     0.012
405.5     0.012
405.75     0.012
406.0     0.012
406.25     0.012
406.5     0.012
406.75     0.012
407.0     0.012
407.25     0.012
407.5     0.012
407.75     0.012
408.0     0.012
408.25     0.012
408.5     0.012
408.75     0.012
409.0     0.012
409.25     0.012
409.5     0.012
409.75     0.012
410.0     0.012
410.25     0.012
410.5     0.012
410.75     0.012
411.0     0.012
411.25     0.012
411.5     0.012
411.75     0.012
412.0     0.012
412.25     0.012
412.5     0.012
412.75     0.012
413.0     0.012
413.25     0.012
413.5     0.012
413.75     0.012
414.0     0.012
414.25     0.012
414.5     0.012
414.75     0.012
415.0     0.012
415.25     0.012
415.5     0.012
415.75     0.012
416.0     0.012
416.25     0.012
416.5     0.012
416.75     0.012
417.0     0.012
417.25     0.012
417.5     0.012
417.75     0.012
418.0     0.012
418.25     0.012
418.5     0.012
418.75     0.012
419.0     0.012
419.25     0.012
419.5     0.012
419.75     0.012
420.0     0.012
420.25     0.012
420.5     0.012
420.75     0.012
421.0     0.012
421.25     0.012
421.5     0.012
421.75     0.012
422.0     0.012
422.25     0.012
422.5     0.012
422.75     0.012
423.0     0.012
423.25     0.012
423.5     0.012
423.75     0.012
424.0     0.012
424.25     0.012
424.5     0.012
424.75     0.012
425.0     0.012
425.25     0.012
425.5     0.012
425.75     0.012
426.0     0.012
426.25     0.012
426.5     0.012
426.75     0.012
427.0     0.012
427.25     0.012
427.5     0.012
427.75     0.012
428.0     0.012
428.25     0.012
428.5     0.012
428.75     0.012
429.0     0.012
429.25     0.012
429.5     0.012
429.75     0.012
430.0     0.012
430.25     0.012
430.5     0.012
430.75     0.012
431.0     0.012
431.25     0.012
431.5     0.012
431.75     0.012
432.0     0.012
432.25     0.012
432.5     0.012
432.75     0.012
433.0     0.012
433.25     0.012
433.5     0.012
433.75     0.012
434.0     0.012
434.25     0.012
434.5     0.012
434.75     0.012
435.0     0.012
435.25     0.012
435.5     0.012
435.75     0.012
436.0     0.012
436.25     0.012
436.5     0.012
436.75     0.012
437.0     0.012
437.25     0.012
437.5     0.012
437.75     0.012
438.0     0.012
438.25     0.012
438.5     0.012
438.75     0.012
439.0     0.012
439.25     0.012
439.5     0.012
439.75     0.012
440.0     0.012
440.25     0.012
440.5     0.012
440.75     0.012
441.0     0.012
441.25     0.012
441.5     0.012
441.75     0.012
442.0     0.012
442.25     0.012
442.5     0.012
442.75     0.012
443.0     0.012
443.25     0.012
443.5     0.012
443.75     0.012
444.0     0.012
444.25     0.012
444.5     0.012
444.75     0.012
445.0     0.012
445.25     0.012
445.5     0.012
445.75     0.012
446.0     0.012
446.25     0.012
446.5     0.012
446.75     0.012
447.0     0.012
447.25     0.012
447.5     0.012
447.75     0.012
448.0     0.012
448.25     0.012
448.5     0.012
448.75     0.012
449.0     0.012
449.25     0.012
449.5     0.012
449.75     0.012
450.0     0.012
450.25     0.012
450.5     0.012
450.75     0.012
451.0     0.012
451.25     0.012
451.5     0.012
451.75     0.012
452.0     0.012
452.25     0.012
452.5     0.012
452.75     0.012
453.0     0.012
453.25     0.012
453.5     0.01
453.75     0.01
454.0     0.01
454.25     0.01
454.5     0.01
454.75     0.01
455.0     0.01
455.25     0.01
455.5     0.01
455.75     0.01
456.0     0.01
456.25     0.01
456.5     0.01
456.75     0.01
457.0     0.01
457.25     0.01
457.5     0.01
457.75     0.01
458.0     0.01
458.25     0.01
458.5     0.01
458.75     0.01
459.0     0.01
459.25     0.01
459.5     0.01
459.75     0.01
460.0     0.01
460.25     0.01
460.5     0.01
460.75     0.01
461.0     0.01
461.25     0.01
461.5     0.01
461.75     0.01
462.0     0.01
462.25     0.01
462.5     0.01
462.75     0.01
463.0     0.01
463.25     0.01
463.5     0.01
463.75     0.01
464.0     0.01
464.25     0.01
464.5     0.01
464.75     0.01
465.0     0.01
465.25     0.01
465.5     0.01
465.75     0.01
466.0     0.01
466.25     0.01
466.5     0.01
466.75     0.01
467.0     0.01
467.25     0.01
467.5     0.01
467.75     0.01
468.0     0.01
468.25     0.01
468.5     0.01
468.75     0.01
469.0     0.01
469.25     0.01
469.5     0.01
469.75     0.01
470.0     0.01
470.25     0.01
470.5     0.01
470.75     0.01
471.0     0.01
471.25     0.01
471.5     0.01
471.75     0.01
472.0     0.01
472.25     0.01
472.5     0.01
472.75     0.01
473.0     0.01
473.25     0.01
473.5     0.01
473.75     0.01
474.0     0.01
474.25     0.01
474.5     0.01
474.75     0.01
475.0     0.01
475.25     0.01
475.5     0.01
475.75     0.01
476.0     0.01
476.25     0.01
476.5     0.01
476.75     0.01
477.0     0.01
477.25     0.01
477.5     0.01
477.75     0.01
478.0     0.01
478.25     0.01
478.5     0.01
478.75     0.01
479.0     0.01
479.25     0.01
479.5     0.01
479.75     0.01
480.0     0.01
480.25     0.01
480.5     0.01
480.75     0.01
481.0     0.01
481.25     0.01
481.5     0.01
481.75     0.01
482.0     0.01
482.25     0.01
482.5     0.01
482.75     0.01
483.0     0.01
483.25     0.01
483.5     0.01
483.75     0.01
484.0     0.01
484.25     0.01
484.5     0.01
484.75     0.01
485.0     0.01
485.25     0.01
485.5     0.01
485.75     0.01
486.0     0.01
486.25     0.01
486.5     0.01
486.75     0.01
487.0     0.01
487.25     0.01
487.5     0.01
487.75     0.01
488.0     0.01
488.25     0.01
488.5     0.01
488.75     0.01
489.0     0.01
489.25     0.01
489.5     0.01
489.75     0.01
490.0     0.01
490.25     0.01
490.5     0.01
490.75     0.01
491.0     0.01
491.25     0.01
491.5     0.01
491.75     0.01
492.0     0.01
492.25     0.01
492.5     0.01
492.75     0.01
493.0     0.01
493.25     0.01
493.5     0.01
493.75     0.01
494.0     0.01
494.25     0.01
494.5     0.01
494.75     0.01
495.0     0.01
495.25     0.01
495.5     0.01
495.75     0.01
496.0     0.01
496.25     0.01
496.5     0.01
496.75     0.01
497.0     0.01
497.25     0.01
497.5     0.01
497.75     0.01
498.0     0.01
498.25     0.01
498.5     0.01
498.75     0.01
499.0     0.01
499.25     0.01
499.5     0.01
499.75     0.01
500.0     0.01
500.25     0.01
500.5     0.01
500.75     0.01
501.0     0.01
501.25     0.01
501.5     0.01
501.75     0.01
502.0     0.01
502.25     0.01
502.5     0.01
502.75     0.01
503.0     0.01
503.25     0.01
503.5     0.01
503.75     0.01
504.0     0.01
504.25     0.01
504.5     0.01
504.75     0.01
505.0     0.01
505.25     0.01
505.5     0.01
505.75     0.01
506.0     0.01
506.25     0.01
506.5     0.01
506.75     0.01
507.0     0.01
507.25     0.01
507.5     0.01
507.75     0.01
508.0     0.01
508.25     0.01
508.5     0.01
508.75     0.01
509.0     0.01
509.25     0.01
509.5     0.01
509.75     0.01
510.0     0.01
510.25     0.01
510.5     0.01
510.75     0.01
511.0     0.01
511.25     0.01
511.5     0.01
511.75     0.01
512.0     0.01
512.25     0.01
512.5     0.01
512.75     0.01
513.0     0.01
513.25     0.01
513.5     0.01
513.75     0.01
514.0     0.01
514.25     0.01
514.5     0.01
514.75     0.01
515.0     0.01
515.25     0.01
515.5     0.01
515.75     0.01
516.0     0.01
516.25     0.01
516.5     0.01
516.75     0.01
517.0     0.01
517.25     0.01
517.5     0.01
517.75     0.01
518.0     0.01
518.25     0.01
518.5     0.01
518.75     0.01
519.0     0.01
519.25     0.01
519.5     0.01
519.75     0.01
520.0     0.01
520.25     0.01
520.5     0.01
520.75     0.01
521.0     0.01
521.25     0.01
521.5     0.01
521.75     0.01
522.0     0.01
522.25     0.01
522.5     0.01
522.75     0.01
523.0     0.01
523.25     0.01
523.5     0.01
523.75     0.01
524.0     0.01
524.25     0.01
524.5     0.01
524.75     0.01
525.0     0.01
525.25     0.01
525.5     0.01
525.75     0.01
526.0     0.01
526.25     0.01
526.5     0.01
526.75     0.01
527.0     0.01
527.25     0.01
527.5     0.01
527.75     0.01
528.0     0.01
528.25     0.01
528.5     0.01
528.75     0.01
529.0     0.01
529.25     0.01
529.5     0.01
529.75     0.01
530.0     0.01
530.25     0.01
530.5     0.01
530.75     0.01
531.0     0.01
531.25     0.01
531.5     0.01
531.75     0.01
532.0     0.01
532.25     0.01
532.5     0.01
532.75     0.01
533.0     0.01
533.25     0.01
533.5     0.01
533.75     0.01
534.0     0.01
534.25     0.01
534.5     0.008
534.75     0.008
535.0     0.008
535.25     0.008
535.5     0.008
535.75     0.008
536.0     0.008
536.25     0.008
536.5     0.008
536.75     0.008
537.0     0.008
537.25     0.008
537.5     0.008
537.75     0.008
538.0     0.008
538.25     0.008
538.5     0.008
538.75     0.008
539.0     0.008
539.25     0.008
539.5     0.008
539.75     0.008
540.0     0.008
540.25     0.008
540.5     0.008
540.75     0.008
541.0     0.008
541.25     0.008
541.5     0.008
541.75     0.008
542.0     0.008
542.25     0.008
542.5     0.008
542.75     0.008
543.0     0.008
543.25     0.008
543.5     0.008
543.75     0.008
544.0     0.008
544.25     0.008
544.5     0.008
544.75     0.008
545.0     0.008
545.25     0.008
545.5     0.008
545.75     0.008
546.0     0.008
546.25     0.008
546.5     0.008
546.75     0.008
547.0     0.008
547.25     0.008
547.5     0.008
547.75     0.008
548.0     0.008
548.25     0.008
548.5     0.008
548.75     0.008
549.0     0.008
549.25     0.008
549.5     0.008
549.75     0.008
550.0     0.008
550.25     0.008
550.5     0.008
550.75     0.008
551.0     0.008
551.25     0.008
551.5     0.008
551.75     0.008
552.0     0.008
552.25     0.008
552.5     0.008
552.75     0.008
553.0     0.008
553.25     0.008
553.5     0.008
553.75     0.008
554.0     0.008
554.25     0.008
554.5     0.008
554.75     0.008
555.0     0.008
555.25     0.008
555.5     0.008
555.75     0.008
556.0     0.008
556.25     0.008
556.5     0.008
556.75     0.008
557.0     0.008
557.25     0.008
557.5     0.008
557.75     0.008
558.0     0.008
558.25     0.008
558.5     0.008
558.75     0.008
559.0     0.008
559.25     0.008
559.5     0.008
559.75     0.008
560.0     0.008
560.25     0.008
560.5     0.008
560.75     0.008
561.0     0.008
561.25     0.008
561.5     0.008
561.75     0.008
562.0     0.008
562.25     0.008
562.5     0.008
562.75     0.008
563.0     0.008
563.25     0.008
563.5     0.008
563.75     0.008
564.0     0.008
564.25     0.008
564.5     0.008
564.75     0.008
565.0     0.008
565.25     0.008
565.5     0.008
565.75     0.008
566.0     0.008
566.25     0.008
566.5     0.008
566.75     0.008
567.0     0.008
567.25     0.008
567.5     0.008
567.75     0.008
568.0     0.008
568.25     0.008
568.5     0.008
568.75     0.008
569.0     0.008
569.25     0.008
569.5     0.008
569.75     0.008
570.0     0.008
570.25     0.008
570.5     0.008
570.75     0.008
571.0     0.008
571.25     0.008
571.5     0.008
571.75     0.008
572.0     0.008
572.25     0.008
572.5     0.008
572.75     0.008
573.0     0.008
573.25     0.008
573.5     0.008
573.75     0.008
574.0     0.008
574.25     0.008
574.5     0.008
574.75     0.008
575.0     0.008
575.25     0.008
575.5     0.008
575.75     0.008
576.0     0.008
576.25     0.008
576.5     0.008
576.75     0.008
577.0     0.008
577.25     0.008
577.5     0.008
577.75     0.008
578.0     0.008
578.25     0.008
578.5     0.008
578.75     0.008
579.0     0.008
579.25     0.008
579.5     0.008
579.75     0.008
580.0     0.008
580.25     0.008
580.5     0.008
580.75     0.008
581.0     0.008
581.25     0.008
581.5     0.008
581.75     0.008
582.0     0.008
582.25     0.008
582.5     0.008
582.75     0.008
583.0     0.008
583.25     0.008
583.5     0.008
583.75     0.008
584.0     0.008
584.25     0.008
584.5     0.008
584.75     0.008
585.0     0.008
585.25     0.008
585.5     0.008
585.75     0.008
586.0     0.008
586.25     0.008
586.5     0.008
586.75     0.008
587.0     0.008
587.25     0.008
587.5     0.008
587.75     0.008
588.0     0.008
588.25     0.008
588.5     0.008
588.75     0.008
589.0     0.008
589.25     0.008
589.5     0.008
589.75     0.008
590.0     0.008
590.25     0.008
590.5     0.008
590.75     0.008
591.0     0.008
591.25     0.008
591.5     0.008
591.75     0.008
592.0     0.008
592.25     0.008
592.5     0.008
592.75     0.008
593.0     0.008
593.25     0.008
593.5     0.008
593.75     0.008
594.0     0.008
594.25     0.008
594.5     0.008
594.75     0.008
595.0     0.008
595.25     0.008
595.5     0.008
595.75     0.008
596.0     0.008
596.25     0.008
596.5     0.008
596.75     0.008
597.0     0.008
597.25     0.008
597.5     0.008
597.75     0.008
598.0     0.008
598.25     0.008
598.5     0.008
598.75     0.008
599.0     0.008
599.25     0.008
599.5     0.008
599.75     0.008
600.0     0.008
600.25     0.008
600.5     0.008
600.75     0.008
601.0     0.008
601.25     0.008
601.5     0.008
601.75     0.008
602.0     0.008
602.25     0.008
602.5     0.008
602.75     0.008
603.0     0.008
603.25     0.008
603.5     0.008
603.75     0.008
604.0     0.008
604.25     0.008
604.5     0.008
604.75     0.008
605.0     0.008
605.25     0.008
605.5     0.008
605.75     0.008
606.0     0.008
606.25     0.008
606.5     0.008
606.75     0.008
607.0     0.008
607.25     0.008
607.5     0.008
607.75     0.008
608.0     0.008
608.25     0.008
608.5     0.008
608.75     0.008
609.0     0.008
609.25     0.008
609.5     0.008
609.75     0.008
610.0     0.008
610.25     0.008
610.5     0.008
610.75     0.008
611.0     0.008
611.25     0.008
611.5     0.008
611.75     0.008
612.0     0.008
612.25     0.008
612.5     0.008
612.75     0.008
613.0     0.008
613.25     0.008
613.5     0.008
613.75     0.008
614.0     0.008
614.25     0.008
614.5     0.008
614.75     0.008
615.0     0.008
615.25     0.008
615.5     0.008
615.75     0.008
616.0     0.008
616.25     0.008
616.5     0.008
616.75     0.008
617.0     0.008
617.25     0.008
617.5     0.008
617.75     0.008
618.0     0.008
618.25     0.008
618.5     0.008
618.75     0.008
619.0     0.008
619.25     0.008
619.5     0.008
619.75     0.008
620.0     0.008
620.25     0.008
620.5     0.008
620.75     0.006
621.0     0.006
621.25     0.006
621.5     0.006
621.75     0.006
622.0     0.006
622.25     0.006
622.5     0.006
622.75     0.006
623.0     0.006
623.25     0.006
623.5     0.006
623.75     0.006
624.0     0.006
624.25     0.006
624.5     0.006
624.75     0.006
625.0     0.006
625.25     0.006
625.5     0.006
625.75     0.006
626.0     0.006
626.25     0.006
626.5     0.006
626.75     0.006
627.0     0.006
627.25     0.006
627.5     0.006
627.75     0.006
628.0     0.006
628.25     0.006
628.5     0.006
628.75     0.006
629.0     0.006
629.25     0.006
629.5     0.006
629.75     0.006
630.0     0.006
630.25     0.006
630.5     0.006
630.75     0.006
631.0     0.006
631.25     0.006
631.5     0.006
631.75     0.006
632.0     0.006
632.25     0.006
632.5     0.006
632.75     0.006
633.0     0.006
633.25     0.006
633.5     0.006
633.75     0.006
634.0     0.006
634.25     0.006
634.5     0.006
634.75     0.006
635.0     0.006
635.25     0.006
635.5     0.006
635.75     0.006
636.0     0.006
636.25     0.006
636.5     0.006
636.75     0.006
637.0     0.006
637.25     0.006
637.5     0.006
637.75     0.006
638.0     0.006
638.25     0.006
638.5     0.006
638.75     0.006
639.0     0.006
639.25     0.006
639.5     0.006
639.75     0.006
640.0     0.004
640.25     0.004
640.5     0.004
640.75     0.004
641.0     0.004
641.25     0.004
641.5     0.004
641.75     0.004
642.0     0.004
642.25     0.004
642.5     0.004
642.75     0.004
643.0     0.004
643.25     0.004
643.5     0.004
643.75     0.004
644.0     0.004
644.25     0.004
644.5     0.004
644.75     0.004
645.0     0.004
645.25     0.004
645.5     0.004
645.75     0.004
646.0     0.004
646.25     0.004
646.5     0.004
646.75     0.004
647.0     0.004
647.25     0.004
647.5     0.004
647.75     0.004
648.0     0.004
648.25     0.004
648.5     0.004
648.75     0.004
649.0     0.004
649.25     0.004
649.5     0.004
649.75     0.004
650.0     0.004
650.25     0.004
650.5     0.004
650.75     0.004
651.0     0.004
651.25     0.004
651.5     0.004
651.75     0.004
652.0     0.004
652.25     0.004
652.5     0.004
652.75     0.004
653.0     0.004
653.25     0.004
653.5     0.004
653.75     0.004
654.0     0.004
654.25     0.004
654.5     0.004
654.75     0.004
655.0     0.004
655.25     0.004
655.5     0.004
655.75     0.004
656.0     0.004
656.25     0.004
656.5     0.004
656.75     0.004
657.0     0.004
657.25     0.004
657.5     0.004
657.75     0.004
658.0     0.004
658.25     0.004
658.5     0.004
658.75     0.004
659.0     0.004
659.25     0.004
659.5     0.004
659.75     0.004
660.0     0.004
660.25     0.004
660.5     0.004
660.75     0.004
661.0     0.004
661.25     0.004
661.5     0.004
661.75     0.004
662.0     0.004
662.25     0.004
662.5     0.004
662.75     0.004
663.0     0.004
663.25     0.004
663.5     0.004
663.75     0.004
664.0     0.004
664.25     0.004
664.5     0.004
664.75     0.004
665.0     0.004
665.25     0.004
665.5     0.004
665.75     0.004
666.0     0.004
666.25     0.004
666.5     0.004
666.75     0.004
667.0     0.004
667.25     0.004
667.5     0.004
667.75     0.004
668.0     0.004
668.25     0.004
668.5     0.004
668.75     0.004
669.0     0.004
669.25     0.004
669.5     0.004
669.75     0.004
670.0     0.004
670.25     0.004
670.5     0.004
670.75     0.004
671.0     0.004
671.25     0.004
671.5     0.004
671.75     0.004
672.0     0.004
672.25     0.004
672.5     0.004
672.75     0.004
673.0     0.004
673.25     0.004
673.5     0.004
673.75     0.004
674.0     0.004
674.25     0.004
674.5     0.004
674.75     0.004
675.0     0.004
675.25     0.004
675.5     0.004
675.75     0.004
676.0     0.004
676.25     0.004
676.5     0.004
676.75     0.004
677.0     0.004
677.25     0.004
677.5     0.004
677.75     0.004
678.0     0.004
678.25     0.004
678.5     0.004
678.75     0.004
679.0     0.004
679.25     0.004
679.5     0.004
679.75     0.004
680.0     0.004
680.25     0.004
680.5     0.004
680.75     0.004
681.0     0.004
681.25     0.004
681.5     0.004
681.75     0.004
682.0     0.004
682.25     0.004
682.5     0.004
682.75     0.004
683.0     0.004
683.25     0.004
683.5     0.004
683.75     0.004
684.0     0.004
684.25     0.004
684.5     0.004
684.75     0.004
685.0     0.004
685.25     0.004
685.5     0.004
685.75     0.004
686.0     0.004
686.25     0.004
686.5     0.004
686.75     0.004
687.0     0.004
687.25     0.004
687.5     0.004
687.75     0.004
688.0     0.004
688.25     0.004
688.5     0.004
688.75     0.004
689.0     0.004
689.25     0.004
689.5     0.004
689.75     0.004
690.0     0.004
690.25     0.004
690.5     0.004
690.75     0.004
691.0     0.004
691.25     0.004
691.5     0.004
691.75     0.004
692.0     0.004
692.25     0.004
692.5     0.004
692.75     0.004
693.0     0.004
693.25     0.004
693.5     0.004
693.75     0.004
694.0     0.004
694.25     0.004
694.5     0.004
694.75     0.004
695.0     0.004
695.25     0.004
695.5     0.004
695.75     0.004
696.0     0.004
696.25     0.004
696.5     0.004
696.75     0.004
697.0     0.004
697.25     0.004
697.5     0.004
697.75     0.004
698.0     0.004
698.25     0.004
698.5     0.004
698.75     0.004
699.0     0.004
699.25     0.004
699.5     0.004
699.75     0.004
700.0     0.004
700.25     0.004
700.5     0.004
700.75     0.004
701.0     0.004
701.25     0.004
701.5     0.004
701.75     0.004
702.0     0.004
702.25     0.004
702.5     0.004
702.75     0.004
703.0     0.004
703.25     0.004
703.5     0.004
703.75     0.004
704.0     0.004
704.25     0.004
704.5     0.004
704.75     0.004
705.0     0.004
705.25     0.004
705.5     0.004
705.75     0.004
706.0     0.004
706.25     0.004
706.5     0.004
706.75     0.004
707.0     0.004
707.25     0.004
707.5     0.004
707.75     0.004
708.0     0.004
708.25     0.004
708.5     0.004
708.75     0.004
709.0     0.004
709.25     0.004
709.5     0.004
709.75     0.004
710.0     0.004
710.25     0.004
710.5     0.004
710.75     0.004
711.0     0.004
711.25     0.004
711.5     0.004
711.75     0.004
712.0     0.002
712.25     0.002
712.5     0.002
712.75     0.002
713.0     0.002
713.25     0.002
713.5     0.002
713.75     0.002
714.0     0.002
714.25     0.002
714.5     0.002
714.75     0.002
715.0     0.002
715.25     0.002
715.5     0.002
715.75     0.002
716.0     0.002
716.25     0.002
716.5     0.002
716.75     0.002
717.0     0.002
717.25     0.002
717.5     0.002
717.75     0.002
718.0     0.002
718.25     0.002
718.5     0.002
718.75     0.002
719.0     0.002
719.25     0.002
719.5     0.002
719.75     0.002
720.0     0.002
720.25     0.002
720.5     0.002
720.75     0.002
721.0     0.002
721.25     0.002
721.5     0.002
721.75     0.002
722.0     0.002
722.25     0.002
722.5     0.002
722.75     0.002
723.0     0.002
723.25     0.002
723.5     0.002
723.75     0.002
724.0     0.002
724.25     0.002
724.5     0.002
724.75     0.002
725.0     0.002
725.25     0.002
725.5     0.002
725.75     0.002
726.0     0.002
726.25     0.002
726.5     0.002
726.75     0.002
727.0     0.002
727.25     0.002
727.5     0.002
727.75     0.002
728.0     0.002
728.25     0.002
728.5     0.002
728.75     0.002
729.0     0.002
729.25     0.002
729.5     0.002
729.75     0.002
730.0     0.002
730.25     0.002
730.5     0.002
730.75     0.002
731.0     0.002
731.25     0.002
731.5     0.002
731.75     0.002
732.0     0.002
732.25     0.002
732.5     0.002
732.75     0.002
733.0     0.002
733.25     0.002
733.5     0.002
733.75     0.002
734.0     0.002
734.25     0.002
734.5     0.002
734.75     0.002
735.0     0.002
735.25     0.002
735.5     0.002
735.75     0.002
736.0     0.002
736.25     0.002
736.5     0.002
736.75     0.002
737.0     0.002
737.25     0.002
737.5     0.002
737.75     0.002
738.0     0.002
738.25     0.002
738.5     0.002
738.75     0.002
739.0     0.002
739.25     0.002
739.5     0.002
739.75     0.002
740.0     0.002
740.25     0.002
740.5     0.002
740.75     0.002
741.0     0.002
741.25     0.002
741.5     0.002
741.75     0.002
742.0     0.002
742.25     0.002
742.5     0.002
742.75     0.002
743.0     0.002
743.25     0.002
743.5     0.002
743.75     0.002
744.0     0.002
744.25     0.002
744.5     0.002
744.75     0.002
745.0     0.002
745.25     0.002
745.5     0.002
745.75     0.002
746.0     0.002
746.25     0.002
746.5     0.002
746.75     0.002
747.0     0.002
747.25     0.002
747.5     0.002
747.75     0.002
748.0     0.002
748.25     0.002
748.5     0.002
748.75     0.002
749.0     0.002
749.25     0.002
749.5     0.002
749.75     0.002
750.0     0.002
750.25     0.002
750.5     0.002
750.75     0.002
751.0     0.002
751.25     0.002
751.5     0.002
751.75     0.002
752.0     0.002
752.25     0.002
752.5     0.002
752.75     0.002
753.0     0.002
753.25     0.002
753.5     0.002
753.75     0.002
754.0     0.002
754.25     0.002
754.5     0.002
754.75     0.002
755.0     0.002
755.25     0.002
755.5     0.002
755.75     0.002
756.0     0.002
756.25     0.002
756.5     0.002
756.75     0.002
757.0     0.002
757.25     0.002
757.5     0.002
757.75     0.002
758.0     0.002
758.25     0.002
758.5     0.002
758.75     0.002
759.0     0.002
759.25     0.002
759.5     0.002
759.75     0.002
760.0     0.002
760.25     0.002
760.5     0.002
760.75     0.002
761.0     0.002
761.25     0.002
761.5     0.002
761.75     0.002
762.0     0.002
762.25     0.002
762.5     0.002
762.75     0.002
763.0     0.002
763.25     0.002
763.5     0.002
763.75     0.002
764.0     0.002
764.25     0.002
764.5     0.002
764.75     0.002
765.0     0.002
765.25     0.002
765.5     0.002
765.75     0.002
766.0     0.002
766.25     0.002
766.5     0.002
766.75     0.002
767.0     0.002
767.25     0.002
767.5     0.002
767.75     0.002
768.0     0.002
768.25     0.002
768.5     0.002
768.75     0.002
769.0     0.002
769.25     0.002
769.5     0.002
769.75     0.002
770.0     0.002
770.25     0.002
770.5     0.002
770.75     0.002
771.0     0.002
771.25     0.002
771.5     0.002
771.75     0.002
772.0     0.002
772.25     0.002
772.5     0.002
772.75     0.002
773.0     0.002
773.25     0.002
773.5     0.002
773.75     0.002
774.0     0.002
774.25     0.002
774.5     0.002
774.75     0.002
775.0     0.002
775.25     0.002
775.5     0.002
775.75     0.002
776.0     0.002
776.25     0.002
776.5     0.002
776.75     0.002
777.0     0.002
777.25     0.002
777.5     0.002
777.75     0.002
778.0     0.002
778.25     0.002
778.5     0.002
778.75     0.002
779.0     0.002
779.25     0.002
779.5     0.002
779.75     0.002
780.0     0.002
780.25     0.002
780.5     0.002
780.75     0.002
781.0     0.002
781.25     0.002
781.5     0.002
781.75     0.002
782.0     0.002
782.25     0.002
782.5     0.002
782.75     0.002
783.0     0.002
783.25     0.002
783.5     0.002
783.75     0.002
784.0     0.002
784.25     0.002
784.5     0.002
784.75     0.002
785.0     0.002
785.25     0.002
785.5     0.002
785.75     0.002
786.0     0.002
786.25     0.002
786.5     0.002
786.75     0.002
787.0     0.002
787.25     0.002
787.5     0.002
787.75     0.002
788.0     0.002
788.25     0.002
788.5     0.002
788.75     0.002
789.0     0.002
789.25     0.002
789.5     0.002
789.75     0.002
790.0     0.002
790.25     0.002
790.5     0.002
790.75     0.002
791.0     0.002
791.25     0.002
791.5     0.002
791.75     0.002
792.0     0.002
792.25     0.002
792.5     0.002
792.75     0.002
793.0     0.002
793.25     0.002
793.5     0.002
793.75     0.002
794.0     0.002
794.25     0.002
794.5     0.002
794.75     0.002
795.0     0.002
795.25     0.002
795.5     0.002
795.75     0.002
796.0     0.002
796.25     0.002
796.5     0.002
796.75     0.002
797.0     0.002
797.25     0.002
797.5     0.002
797.75     0.002
798.0     0.002
798.25     0.002
798.5     0.002
798.75     0.002
799.0     0.002
799.25     0.002
799.5     0.002
799.75     0.002
800.0     0.002
800.25     0.002
800.5     0.002
800.75     0.002
801.0     0.002
801.25     0.002
801.5     0.002
801.75     0.002
802.0     0.002
802.25     0.002
802.5     0.002
802.75     0.002
803.0     0.002
803.25     0.002
803.5     0.002
803.75     0.002
804.0     0.002
804.25     0.002
804.5     0.002
804.75     0.002
805.0     0.002
805.25     0.002
805.5     0.002
805.75     0.002
806.0     0.002
806.25     0.002
806.5     0.002
806.75     0.002
807.0     0.002
807.25     0.002
807.5     0.002
807.75     0.002
808.0     0.002
808.25     0.002
808.5     0.002
808.75     0.002
809.0     0.002
809.25     0.002
809.5     0.002
809.75     0.002
810.0     0.002
810.25     0.002
810.5     0.002
810.75     0.002
811.0     0.002
811.25     0.002
811.5     0.002
811.75     0.002
812.0     0.002
812.25     0.002
812.5     0.002
812.75     0.002
813.0     0.002
813.25     0.002
813.5     0.002
813.75     0.002
814.0     0.002
814.25     0.002
814.5     0.002
814.75     0.002
815.0     0.002
815.25     0.002
815.5     0.002
815.75     0.002
816.0     0.002
816.25     0.002
816.5     0.002
816.75     0.002
817.0     0.002
817.25     0.002
817.5     0.002
817.75     0.002
818.0     0.002
818.25     0.002
818.5     0.002
818.75     0.002
819.0     0.002
819.25     0.002
819.5     0.002
819.75     0.002
820.0     0.002
820.25     0.002
820.5     0.002
820.75     0.002
821.0     0.002
821.25     0.002
821.5     0.002
821.75     0.002
822.0     0.002
822.25     0.002
822.5     0.002
822.75     0.002
823.0     0.002
823.25     0.002
823.5     0.002
823.75     0.002
824.0     0.002
824.25     0.002
824.5     0.002
824.75     0.002
825.0     0.002
825.25     0.002
825.5     0.002
825.75     0.002
826.0     0.002
826.25     0.002
826.5     0.002
826.75     0.002
827.0     0.002
827.25     0.002
827.5     0.002
827.75     0.002
828.0     0.002
828.25     0.002
828.5     0.002
828.75     0.002
829.0     0.002
829.25     0.002
829.5     0.002
829.75     0.002
830.0     0.002
830.25     0.002
830.5     0.002
830.75     0.002
831.0     0.002
831.25     0.002
831.5     0.002
831.75     0.002
832.0     0.002
832.25     0.002
832.5     0.002
832.75     0.002
833.0     0.002
833.25     0.002
833.5     0.002
833.75     0.002
834.0     0.002
834.25     0.002
834.5     0.002
834.75     0.002
835.0     0.002
835.25     0.002
835.5     0.002
835.75     0.002
836.0     0.002
836.25     0.002
836.5     0.002
836.75     0.002
837.0     0.002
837.25     0.002
837.5     0.002
837.75     0.002
838.0     0.002
838.25     0.002
838.5     0.002
838.75     0.002
839.0     0.004
839.25     0.004
839.5     0.004
839.75     0.004
840.0     0.004
840.25     0.004
840.5     0.004
840.75     0.004
841.0     0.004
841.25     0.004
841.5     0.004
841.75     0.004
842.0     0.004
842.25     0.004
842.5     0.004
842.75     0.004
843.0     0.004
843.25     0.004
843.5     0.004
843.75     0.004
844.0     0.004
844.25     0.004
844.5     0.004
844.75     0.004
845.0     0.004
845.25     0.004
845.5     0.004
845.75     0.004
846.0     0.004
846.25     0.004
846.5     0.004
846.75     0.004
847.0     0.004
847.25     0.004
847.5     0.004
847.75     0.004
848.0     0.004
848.25     0.004
848.5     0.004
848.75     0.004
849.0     0.004
849.25     0.004
849.5     0.004
849.75     0.004
850.0     0.004
850.25     0.004
850.5     0.004
850.75     0.004
851.0     0.004
851.25     0.004
851.5     0.004
851.75     0.004
852.0     0.004
852.25     0.004
852.5     0.004
852.75     0.004
853.0     0.004
853.25     0.004
853.5     0.004
853.75     0.004
854.0     0.004
854.25     0.004
854.5     0.004
854.75     0.004
855.0     0.004
855.25     0.004
855.5     0.004
855.75     0.004
856.0     0.004
856.25     0.004
856.5     0.004
856.75     0.004
857.0     0.004
857.25     0.004
857.5     0.004
857.75     0.004
858.0     0.004
858.25     0.004
858.5     0.004
858.75     0.004
859.0     0.004
859.25     0.004
859.5     0.004
859.75     0.004
860.0     0.004
860.25     0.004
860.5     0.004
860.75     0.004
861.0     0.004
861.25     0.004
861.5     0.004
861.75     0.004
862.0     0.004
862.25     0.004
862.5     0.004
862.75     0.004
863.0     0.004
863.25     0.004
863.5     0.004
863.75     0.004
864.0     0.004
864.25     0.004
864.5     0.004
864.75     0.004
865.0     0.004
865.25     0.004
865.5     0.004
865.75     0.004
866.0     0.004
866.25     0.004
866.5     0.004
866.75     0.004
867.0     0.004
867.25     0.004
867.5     0.004
867.75     0.004
868.0     0.004
868.25     0.002
868.5     0.002
868.75     0.002
869.0     0.002
869.25     0.002
869.5     0.002
869.75     0.002
870.0     0.002
870.25     0.002
870.5     0.002
870.75     0.002
871.0     0.002
871.25     0.002
871.5     0.002
871.75     0.002
872.0     0.002
872.25     0.002
872.5     0.002
872.75     0.002
873.0     0.002
873.25     0.002
873.5     0.002
873.75     0.002
874.0     0.002
874.25     0.002
874.5     0.002
874.75     0.002
875.0     0.002
875.25     0.002
875.5     0.002
875.75     0.002
876.0     0.002
876.25     0.002
876.5     0.002
876.75     0.002
877.0     0.002
877.25     0.002
877.5     0.002
877.75     0.002
878.0     0.002
878.25     0.002
878.5     0.002
878.75     0.002
879.0     0.002
879.25     0.002
879.5     0.002
879.75     0.002
880.0     0.002
880.25     0.002
880.5     0.002
880.75     0.002
881.0     0.002
881.25     0.002
881.5     0.002
881.75     0.002
882.0     0.002
882.25     0.002
882.5     0.002
882.75     0.002
883.0     0.002
883.25     0.002
883.5     0.002
883.75     0.002
884.0     0.002
884.25     0.002
884.5     0.002
884.75     0.002
885.0     0.002
885.25     0.002
885.5     0.002
885.75     0.002
886.0     0.002
886.25     0.002
886.5     0.002
886.75     0.002
887.0     0.002
887.25     0.002
887.5     0.002
887.75     0.002
888.0     0.002
888.25     0.002
888.5     0.002
888.75     0.002
889.0     0.002
889.25     0.002
889.5     0.002
889.75     0.002
890.0     0.002
890.25     0.002
890.5     0.002
890.75     0.002
891.0     0.002
891.25     0.002
891.5     0.002
891.75     0.002
892.0     0.002
892.25     0.002
892.5     0.002
892.75     0.002
893.0     0.002
893.25     0.002
893.5     0.002
893.75     0.002
894.0     0.002
894.25     0.002
894.5     0.002
894.75     0.002
895.0     0.002
895.25     0.002
895.5     0.002
895.75     0.002
896.0     0.002
896.25     0.002
896.5     0.002
896.75     0.002
897.0     0.002
897.25     0.002
897.5     0.002
897.75     0.002
898.0     0.002
898.25     0.002
898.5     0.002
898.75     0.002
899.0     0.002
899.25     0.002
899.5     0.002
899.75     0.002
900.0     0.002
900.25     0.002
900.5     0.002
900.75     0.002
901.0     0.002
901.25     0.002
901.5     0.002
901.75     0.002
902.0     0.002
902.25     0.002
902.5     0.002
902.75     0.002
903.0     0.002
903.25     0.002
903.5     0.002
903.75     0.002
904.0     0.002
904.25     0.002
904.5     0.002
904.75     0.002
905.0     0.002
905.25     0.002
905.5     0.002
905.75     0.002
906.0     0.002
906.25     0.002
906.5     0.002
906.75     0.002
907.0     0.002
907.25     0.002
907.5     0.002
907.75     0.002
908.0     0.002
908.25     0.002
908.5     0.002
908.75     0.002
909.0     0.002
909.25     0.002
909.5     0.002
909.75     0.002
910.0     0.002
910.25     0.002
910.5     0.002
910.75     0.002
911.0     0.002
911.25     0.002
911.5     0.002
911.75     0.002
912.0     0.002
912.25     0.002
912.5     0.002
912.75     0.002
913.0     0.002
913.25     0.002
913.5     0.002
913.75     0.002
914.0     0.002
914.25     0.002
914.5     0.002
914.75     0.002
915.0     0.002
915.25     0.002
915.5     0.002
915.75     0.002
916.0     0.002
916.25     0.002
916.5     0.002
916.75     0.002
917.0     0.002
917.25     0.002
917.5     0.002
917.75     0.002
918.0     0.002
918.25     0.002
918.5     0.002
918.75     0.002
919.0     0.002
919.25     0.002
919.5     0.002
919.75     0.002
920.0     0.002
920.25     0.002
920.5     0.002
920.75     0.002
921.0     0.002
921.25     0.002
921.5     0.002
921.75     0.002
922.0     0.002
922.25     0.0
922.5     0.0
922.75     0.0
923.0     0.0
923.25     0.0
923.5     0.0
923.75     0.0
924.0     0.0
924.25     0.0
924.5     0.0
924.75     0.0
925.0     0.0
925.25     0.0
925.5     0.0
925.75     0.0
926.0     0.0
926.25     0.0
926.5     0.0
926.75     0.0
927.0     0.0
927.25     0.0
927.5     0.0
927.75     0.0
928.0     0.0
928.25     0.0
928.5     0.0
928.75     0.0
929.0     0.0
929.25     0.0
929.5     0.0
929.75     0.0
930.0     0.0
930.25     0.0
930.5     0.0
930.75     0.0
931.0     0.0
931.25     0.0
931.5     0.0
931.75     0.0
932.0     0.0
932.25     0.0
932.5     0.0
932.75     0.0
933.0     0.0
933.25     0.0
933.5     0.0
933.75     0.0
934.0     0.0
934.25     0.0
934.5     0.0
934.75     0.0
935.0     0.0
935.25     0.0
935.5     0.0
935.75     0.0
936.0     0.0
936.25     0.0
936.5     0.0
936.75     0.0
937.0     0.0
937.25     0.0
937.5     0.0
937.75     0.0
938.0     0.0
938.25     0.0
938.5     0.0
938.75     0.0
939.0     0.0
939.25     0.0
939.5     0.0
939.75     0.0
940.0     0.0
940.25     0.0
940.5     0.0
940.75     0.0
941.0     0.0
941.25     0.0
941.5     0.0
941.75     0.0
942.0     0.0
942.25     0.0
942.5     0.0
942.75     0.0
943.0     0.0
943.25     0.0
943.5     0.0
943.75     0.0
944.0     0.0
944.25     0.0
944.5     0.0
944.75     0.0
945.0     0.0
945.25     0.0
945.5     0.0
945.75     0.0
946.0     0.0
946.25     0.0
946.5     0.0
946.75     0.0
947.0     0.0
947.25     0.0
947.5     0.0
947.75     0.0
948.0     0.0
948.25     0.0
948.5     0.0
948.75     0.0
949.0     0.0
949.25     0.0
949.5     0.0
949.75     0.0
950.0     0.0
950.25     0.0
950.5     0.0
950.75     0.0
951.0     0.0
951.25     0.0
951.5     0.0
951.75     0.0
952.0     0.0
952.25     0.0
952.5     0.0
952.75     0.0
953.0     0.0
953.25     0.0
953.5     0.0
953.75     0.0
954.0     0.0
954.25     0.0
954.5     0.0
954.75     0.0
955.0     0.0
955.25     0.0
955.5     0.0
955.75     0.0
956.0     0.0
956.25     0.0
956.5     0.0
956.75     0.0
957.0     0.0
957.25     0.0
957.5     0.0
957.75     0.0
958.0     0.0
958.25     0.0
958.5     0.0
958.75     0.0
959.0     0.0
959.25     0.0
959.5     0.0
959.75     0.0
960.0     0.0
960.25     0.0
960.5     0.0
960.75     0.0
961.0     0.0
961.25     0.0
961.5     0.0
961.75     0.0
962.0     0.0
962.25     0.0
962.5     0.0
962.75     0.0
963.0     0.0
963.25     0.0
963.5     0.0
963.75     0.0
964.0     0.0
964.25     0.0
964.5     0.0
964.75     0.0
965.0     0.0
965.25     0.0
965.5     0.0
965.75     0.0
966.0     0.0
966.25     0.0
966.5     0.0
966.75     0.0
967.0     0.0
967.25     0.0
967.5     0.0
967.75     0.0
968.0     0.0
968.25     0.0
968.5     0.0
968.75     0.0
969.0     0.0
969.25     0.0
969.5     0.0
969.75     0.0
970.0     0.0
970.25     0.0
970.5     0.0
970.75     0.0
971.0     0.0
971.25     0.0
971.5     0.0
971.75     0.0
972.0     0.0
972.25     0.0
972.5     0.0
972.75     0.0
973.0     0.0
973.25     0.0
973.5     0.0
973.75     0.0
974.0     0.0
974.25     0.0
974.5     0.0
974.75     0.0
975.0     0.0
975.25     0.0
975.5     0.0
975.75     0.0
976.0     0.0
976.25     0.0
976.5     0.0
976.75     0.0
977.0     0.0
977.25     0.0
977.5     0.0
977.75     0.0
978.0     0.0
978.25     0.0
978.5     0.0
978.75     0.0
979.0     0.0
979.25     0.0
979.5     0.0
979.75     0.0
980.0     0.0
980.25     0.0
980.5     0.0
980.75     0.0
981.0     0.0
981.25     0.0
981.5     0.0
981.75     0.0
982.0     0.0
982.25     0.0
982.5     0.0
982.75     0.0
983.0     0.0
983.25     0.0
983.5     0.0
983.75     0.0
984.0     0.0
984.25     0.0
984.5     0.0
984.75     0.0
985.0     0.0
985.25     0.0
985.5     0.0
985.75     0.0
986.0     0.0
986.25     0.0
986.5     0.0
986.75     0.0
987.0     0.0
987.25     0.0
987.5     0.0
987.75     0.0
988.0     0.0
988.25     0.0
988.5     0.0
988.75     0.0
989.0     0.0
989.25     0.0
989.5     0.0
989.75     0.0
990.0     0.0
990.25     0.0
990.5     0.0
990.75     0.0
991.0     0.0
991.25     0.0
991.5     0.0
991.75     0.0
992.0     0.0
992.25     0.0
992.5     0.0
992.75     0.0
993.0     0.0
993.25     0.0
993.5     0.0
993.75     0.0
994.0     0.0
994.25     0.0
994.5     0.0
994.75     0.0
995.0     0.0
995.25     0.0
995.5     0.0
995.75     0.0
996.0     0.0
996.25     0.0
996.5     0.0
996.75     0.0
997.0     0.0
997.25     0.0
997.5     0.0
997.75     0.0
998.0     0.0
998.25     0.0
998.5     0.0
998.75     0.0
999.0     0.0
999.25     0.0
999.5     0.0
999.75     0.0
1000.0     0.0
