  2.0    81.36172
 21.0    66.56791
 25.0    86.15012
 28.0    81.17624
 30.0    86.28472
 36.0    99.39282
 40.0    87.20252
 48.0    89.95612
 50.0    85.90973
 59.0    58.58262
 62.0    99.80387
 63.0    79.90808
 65.0   118.29575
 69.0    99.97153
 75.0    82.96875
 77.0    81.09533
 78.0    78.98680
 81.0    76.97033
 87.0    84.66529
 89.0    83.62759
 93.0    72.45020
109.0    64.59854
110.0    77.74464
120.0   101.36328
131.0    85.89199
133.0    76.08991
134.0    94.62495
141.0    83.47568
145.0    90.59149
148.0    88.55269
152.0    63.81254
161.0    90.76192
162.0    88.18632
166.0    80.64358
167.0    67.29647
171.0    97.17792
174.0    88.05472
184.0    75.41779
191.0    92.07363
195.0    57.92606
200.0    96.93180
205.0    83.50451
209.0    74.53338
210.0    96.82301
216.0    79.63257
220.0    87.95090
224.0    99.88938
226.0    84.22049
233.0    74.72667
239.0    88.13001
247.0   110.11751
249.0    86.10692
254.0    74.43801
260.0    93.25853
261.0    93.20503
267.0    97.08555
268.0    92.46846
269.0    97.72281
274.0   103.86879
277.0    85.45258
298.0    44.31352
301.0    91.46016
306.0    86.95972
320.0    70.77664
324.0    91.15170
331.0    96.23543
339.0   104.27563
341.0    88.64483
350.0    72.12707
352.0    74.79603
355.0    91.71992
359.0    87.10922
376.0    88.24359
378.0    71.02283
379.0    73.63889
380.0    79.16435
382.0    89.38292
388.0    94.60489
390.0    88.02700
392.0    81.77971
404.0    98.00082
405.0    91.73339
406.0    92.38006
408.0    98.40541
409.0    67.18756
413.0   108.35732
415.0    74.98529
423.0    86.63460
427.0    83.21829
429.0    81.80562
430.0    54.89014
437.0    86.54059
439.0    87.04700
444.0   101.03369
458.0    70.34030
465.0    88.07110
471.0    96.59533
479.0    93.24010
483.0    87.64298
485.0    97.83650
486.0    80.72509
490.0    85.70490
491.0    89.30394
