  2.0   945.25000
 21.0   449.75000
 25.0   409.25000
 28.0   375.75000
 30.0   818.25000
 36.0   339.50000
 40.0   410.50000
 48.0   523.25000
 50.0   268.00000
 59.0   394.75000
 62.0   383.50000
 63.0   506.25000
 65.0   216.75000
 69.0   340.75000
 75.0   328.75000
 77.0   337.25000
 78.0   529.75000
 81.0   531.00000
 87.0   530.75000
 89.0   778.00000
 93.0   429.25000
109.0   388.25000
110.0   563.00000
120.0   417.00000
131.0   375.50000
133.0   542.50000
134.0   361.00000
141.0   546.00000
145.0   322.50000
148.0   621.50000
152.0   737.25000
161.0   325.75000
162.0   617.00000
166.0   648.50000
167.0   422.25000
171.0   457.50000
174.0   578.00000
184.0   492.00000
191.0   696.00000
195.0   481.00000
200.0   349.00000
205.0   529.50000
209.0   717.75000
210.0   362.75000
216.0   274.50000
220.0   591.25000
224.0   585.50000
226.0   364.25000
233.0   765.00000
239.0   491.00000
247.0   133.75000
249.0   655.00000
254.0   409.00000
260.0   592.25000
261.0   613.75000
267.0   417.50000
268.0   810.50000
269.0   671.25000
274.0   323.00000
277.0   425.00000
298.0   491.50000
301.0   346.50000
306.0   502.00000
320.0   420.75000
324.0   463.00000
331.0   239.50000
339.0   145.25000
341.0   690.75000
350.0   726.50000
352.0   825.50000
355.0   745.00000
359.0   465.50000
376.0   725.75000
378.0   701.75000
379.0   342.25000
380.0   511.00000
382.0   364.25000
388.0   361.00000
390.0   435.25000
392.0   422.25000
404.0   501.25000
405.0   323.75000
406.0   302.25000
408.0   338.50000
409.0   335.25000
413.0   260.75000
415.0   453.00000
423.0   339.75000
427.0   315.00000
429.0   557.25000
430.0   715.75000
437.0   676.75000
439.0   388.00000
444.0   325.25000
458.0   360.00000
465.0   555.50000
471.0   273.00000
479.0   503.75000
483.0   455.50000
485.0   329.50000
486.0   655.00000
490.0   352.25000
491.0   390.00000
