  1.0   372.00000
  3.0   805.50000
  4.0   594.75000
  5.0   242.25000
  6.0     0.00000
  7.0   949.50000
  8.0   394.50000
  9.0   569.25000
 10.0     0.00000
 11.0   528.50000
 12.0   623.25000
 13.0   277.25000
 14.0   237.75000
 15.0   669.75000
 16.0   541.50000
 17.0     0.00000
 18.0   180.50000
 19.0   561.50000
 20.0   366.75000
 22.0   256.00000
 23.0   646.50000
 24.0   226.25000
 26.0   311.75000
 27.0   238.25000
 29.0   724.25000
 31.0   754.50000
 32.0   249.00000
 33.0     0.00000
 34.0   396.50000
 35.0   284.50000
 37.0   275.50000
 38.0     0.00000
 39.0   174.25000
 41.0     0.00000
 42.0     0.00000
 43.0   842.50000
 44.0    33.75000
 45.0   353.75000
 46.0   413.75000
 47.0   519.25000
 49.0   378.25000
 51.0   197.50000
 52.0   406.25000
 53.0   605.25000
 54.0   520.50000
 55.0   382.75000
 56.0   433.50000
 57.0     0.00000
 58.0   184.75000
 60.0   777.25000
 61.0   172.00000
 64.0   428.50000
 66.0   333.75000
 67.0   126.25000
 68.0     0.00000
 70.0   327.75000
 71.0   155.75000
 72.0   980.75000
 73.0   347.75000
 74.0   304.00000
 76.0   326.25000
 79.0   642.50000
 80.0   275.25000
 82.0   153.00000
 83.0   161.50000
 84.0     0.00000
 85.0     0.00000
 86.0   327.25000
 88.0   275.25000
 90.0   264.75000
 91.0   391.75000
 92.0   359.50000
 94.0   430.50000
 95.0   401.50000
 96.0   692.75000
 97.0   354.00000
 98.0   553.00000
 99.0   309.00000
100.0   328.50000
101.0   727.50000
102.0   331.00000
103.0   919.50000
104.0   524.75000
105.0   473.50000
106.0   220.25000
107.0   283.00000
108.0   791.75000
111.0   266.50000
112.0   337.75000
113.0    67.00000
114.0   721.75000
115.0   427.25000
116.0   144.00000
117.0   242.25000
118.0     0.00000
119.0   445.75000
121.0   853.50000
122.0   654.00000
123.0   546.50000
124.0   318.00000
125.0   233.75000
126.0   518.00000
127.0     0.00000
128.0   416.75000
129.0   543.00000
130.0   258.25000
132.0     0.00000
135.0   428.50000
136.0   146.25000
137.0     0.00000
138.0   343.25000
139.0   263.75000
140.0   280.50000
142.0   330.50000
143.0   389.00000
144.0   166.00000
146.0   339.50000
147.0   346.00000
149.0   257.50000
150.0     0.00000
151.0     0.00000
153.0   368.50000
154.0   573.00000
155.0   265.50000
156.0   357.75000
157.0   456.00000
158.0   303.75000
159.0   807.00000
160.0   325.00000
163.0   567.00000
164.0   513.00000
165.0   503.25000
168.0    87.75000
169.0    62.00000
170.0   412.75000
172.0   331.75000
173.0   422.50000
175.0   354.75000
176.0   556.25000
177.0   667.75000
178.0   578.25000
179.0   467.75000
180.0   861.00000
181.0   342.00000
182.0     0.00000
183.0   140.50000
185.0   247.25000
186.0   553.75000
187.0   796.50000
188.0   912.50000
189.0   350.75000
190.0   468.75000
192.0     0.00000
193.0   757.25000
194.0   229.75000
196.0   654.75000
197.0   380.00000
198.0   251.00000
199.0   463.00000
201.0   488.25000
202.0   692.75000
203.0   403.00000
204.0     0.00000
206.0   229.25000
207.0   234.00000
208.0   322.25000
211.0   340.00000
212.0   442.00000
213.0   112.50000
214.0    45.50000
215.0   496.00000
217.0   929.50000
218.0     0.00000
219.0   186.75000
221.0   564.25000
222.0   280.25000
223.0   352.00000
225.0     0.00000
227.0   145.00000
228.0     0.00000
229.0   442.75000
230.0   471.25000
231.0   631.50000
232.0   380.50000
234.0   487.75000
235.0   219.50000
236.0   309.00000
237.0   536.00000
238.0   384.25000
240.0   368.75000
241.0     0.00000
242.0   747.50000
243.0   204.75000
244.0    90.25000
245.0   813.25000
246.0   442.50000
248.0   413.75000
250.0     0.00000
251.0     0.00000
252.0   345.75000
253.0   431.50000
255.0   431.50000
256.0   452.00000
257.0   641.00000
258.0   795.00000
259.0   379.75000
262.0   462.50000
263.0     0.00000
264.0   463.50000
265.0   567.00000
266.0   281.50000
270.0   222.75000
271.0   288.50000
272.0   875.50000
273.0     0.00000
275.0   410.75000
276.0   320.25000
278.0   301.50000
279.0   403.00000
280.0   600.25000
281.0   664.25000
282.0   417.25000
283.0   347.25000
284.0   356.00000
285.0   544.25000
286.0   343.00000
287.0   404.75000
288.0   409.00000
289.0   495.50000
290.0   238.25000
291.0   240.25000
292.0   414.50000
293.0    69.00000
294.0   216.00000
295.0   357.25000
296.0   650.00000
297.0     0.00000
299.0     0.00000
300.0   305.00000
302.0   396.25000
303.0     0.00000
304.0   392.50000
305.0   426.50000
307.0   392.50000
308.0   351.25000
309.0   379.75000
310.0     0.00000
311.0   369.50000
312.0   548.75000
313.0     0.00000
314.0   515.00000
315.0   383.25000
316.0     0.00000
317.0   682.00000
318.0   169.00000
319.0   851.50000
321.0   265.75000
322.0   306.25000
323.0   167.75000
325.0   389.75000
326.0   605.00000
327.0   329.50000
328.0   555.25000
329.0   405.25000
330.0   273.00000
332.0   404.00000
333.0   479.25000
334.0   519.00000
335.0   435.00000
336.0   427.50000
337.0   459.50000
338.0     0.00000
340.0   294.25000
342.0   176.25000
343.0   260.00000
344.0    83.50000
345.0   758.75000
346.0   353.00000
347.0   628.50000
348.0   176.25000
349.0   415.00000
351.0   415.75000
353.0    61.25000
354.0   610.25000
356.0   486.75000
357.0     0.00000
358.0     0.00000
360.0   638.00000
361.0    73.25000
362.0   434.25000
363.0   229.25000
364.0   898.00000
365.0   299.00000
366.0   448.25000
367.0    34.25000
368.0   621.50000
369.0   346.50000
370.0   316.50000
371.0     0.00000
372.0   164.25000
373.0   451.75000
374.0   219.00000
375.0   625.50000
377.0   361.75000
381.0   672.25000
383.0   474.25000
384.0   648.75000
385.0     0.00000
386.0     0.00000
387.0   125.00000
389.0   137.25000
391.0   464.25000
393.0   716.00000
394.0   295.50000
395.0   382.75000
396.0   276.50000
397.0     0.00000
398.0   541.50000
399.0   826.75000
400.0   485.00000
401.0   192.25000
402.0   278.50000
403.0   453.75000
407.0   689.00000
410.0     0.00000
411.0   684.00000
412.0   408.25000
414.0   490.25000
416.0     0.00000
417.0     0.00000
418.0   192.50000
419.0   406.00000
420.0   117.75000
421.0     0.00000
422.0   412.50000
424.0   332.25000
425.0   159.25000
426.0   301.75000
428.0   353.25000
431.0   375.75000
432.0     0.00000
433.0   234.00000
434.0   545.75000
435.0   617.00000
436.0     0.00000
438.0   244.50000
440.0   347.00000
441.0   293.50000
442.0   919.50000
443.0   219.25000
445.0   332.25000
446.0     0.00000
447.0     0.00000
448.0   423.00000
449.0   235.25000
450.0     0.00000
451.0   469.50000
452.0   714.25000
453.0   303.75000
454.0   514.00000
455.0   919.75000
456.0   450.50000
457.0   145.75000
459.0   148.75000
460.0   291.50000
461.0   500.00000
462.0     0.00000
463.0   152.50000
464.0   410.25000
466.0   472.50000
467.0   242.25000
468.0     0.00000
469.0     0.00000
470.0   641.00000
472.0   760.00000
473.0   322.25000
474.0     0.00000
475.0   197.75000
476.0   265.50000
477.0   387.50000
478.0   399.75000
480.0   317.50000
481.0   173.75000
482.0   591.75000
484.0   375.50000
487.0   161.00000
488.0   373.75000
489.0   297.25000
492.0   690.50000
493.0   300.00000
494.0   579.00000
495.0   476.00000
496.0   376.75000
497.0   258.75000
498.0     0.00000
499.0     0.00000
500.0   195.25000
