  1.0   115.99356
  3.0   136.23957
  4.0   122.74514
  5.0   177.96456
  6.0   178.25736
  7.0   103.51843
  8.0   129.26336
  9.0    94.26802
 10.0   176.96363
 11.0    85.60633
 12.0   118.83485
 13.0   178.82411
 14.0    97.29024
 15.0   115.09140
 16.0   103.90184
 17.0   167.23803
 18.0   134.12781
 19.0   101.74078
 20.0   111.61778
 22.0   100.25475
 23.0   116.38033
 24.0   118.17356
 26.0   103.75744
 27.0   113.58341
 29.0    90.61217
 31.0   174.71368
 32.0   101.85567
 33.0   170.60010
 34.0   128.01262
 35.0   114.36618
 37.0   129.94780
 38.0   152.46306
 39.0   150.67366
 41.0   156.91883
 42.0   125.80647
 43.0   179.97784
 44.0   164.97370
 45.0    96.11902
 46.0   127.43762
 47.0   165.16644
 49.0   139.12339
 51.0   118.12868
 52.0   102.34049
 53.0   136.56550
 54.0   129.97505
 55.0   172.40490
 56.0    97.91845
 57.0   165.49327
 58.0   124.24480
 60.0    99.13953
 61.0   120.82239
 64.0   101.81003
 66.0   107.43899
 67.0   137.47269
 68.0   158.65538
 70.0   169.60755
 71.0   179.86758
 72.0   174.92783
 73.0    88.82793
 74.0   100.49271
 76.0   179.79719
 79.0   130.85272
 80.0   126.22952
 82.0   123.79788
 83.0   103.11539
 84.0   177.63291
 85.0   176.07547
 86.0    90.16463
 88.0   107.10477
 90.0   123.22537
 91.0    93.28292
 92.0   110.24138
 94.0   103.15811
 95.0   101.05330
 96.0   108.11378
 97.0    98.80128
 98.0   146.20523
 99.0   125.46881
100.0   114.64780
101.0    94.04098
102.0    99.22286
103.0   156.45607
104.0   133.91536
105.0   100.59769
106.0   126.12955
107.0   100.15952
108.0   120.60650
111.0   135.01732
112.0   106.86824
113.0   149.68790
114.0   111.21178
115.0    97.79818
116.0   110.85194
117.0   166.84931
118.0   159.93747
119.0   102.90545
121.0   120.63729
122.0    96.12089
123.0   161.87775
124.0   118.63438
125.0   114.65058
126.0   168.27166
127.0   175.58001
128.0   103.47985
129.0   176.84121
130.0    99.11821
132.0   153.83074
135.0    99.06063
136.0   122.49927
137.0   168.89152
138.0   111.35281
139.0    96.60190
140.0   103.92773
142.0    89.16799
143.0    96.95014
144.0   147.70869
146.0    95.52625
147.0   103.71228
149.0   168.75954
150.0   164.67744
151.0   166.81697
153.0   101.56863
154.0   110.46889
155.0   122.53819
156.0   102.91877
157.0   116.66818
158.0   122.42232
159.0   164.15682
160.0   168.80310
163.0   110.62793
164.0   116.56790
165.0   101.18300
168.0   117.02331
169.0   146.66194
170.0    98.93807
172.0   100.42401
173.0   101.81229
175.0   105.81524
176.0   169.36955
177.0   106.16274
178.0   119.81779
179.0   111.70668
180.0   173.29500
181.0   109.29249
182.0   163.45610
183.0   123.25453
185.0   120.08502
186.0   100.95612
187.0   118.69641
188.0   163.81730
189.0   103.03608
190.0   172.86585
192.0   174.84618
193.0   107.68077
194.0   108.43344
196.0   115.81707
197.0   133.53562
198.0   109.04096
199.0   132.68899
201.0   117.43867
202.0    96.93256
203.0   106.88508
204.0   166.22712
206.0   135.72915
207.0   117.71189
208.0    97.21571
211.0   102.75620
212.0   125.14428
213.0   143.19923
214.0   107.26998
215.0   101.45583
217.0   141.03891
218.0   178.00963
219.0   100.15080
221.0    96.23259
222.0   118.89404
223.0   101.30414
225.0   118.57303
227.0   137.18728
228.0   161.25219
229.0   171.97346
230.0    90.63712
231.0   124.66091
232.0   111.50890
234.0   114.39028
235.0   164.92119
236.0   120.00704
237.0   107.42634
238.0   107.08907
240.0   105.35307
241.0   152.38917
242.0   115.94999
243.0   133.93217
244.0   126.79607
245.0    90.12626
246.0    72.38359
248.0   107.43986
250.0   177.26908
251.0   178.67385
252.0   103.16427
253.0   117.69720
255.0   102.39547
256.0    91.07996
257.0   152.53884
258.0   126.19565
259.0   103.39248
262.0    97.54939
263.0   163.78322
264.0   103.52116
265.0   100.17351
266.0   137.60400
270.0   112.16004
271.0   100.03602
272.0   166.83639
273.0   178.84970
275.0   104.68144
276.0   105.99363
278.0   167.35930
279.0   104.12487
280.0   145.14566
281.0   168.23442
282.0   115.95789
283.0   120.68338
284.0   102.89026
285.0   149.37472
286.0   168.69431
287.0   114.96933
288.0    79.78966
289.0   100.49393
290.0   111.28733
291.0   107.53528
292.0   173.35743
293.0   178.92430
294.0   109.39118
295.0    99.65365
296.0   177.67027
297.0   148.83389
299.0   164.27937
300.0   105.73864
302.0   102.19959
303.0   148.78584
304.0   110.50377
305.0   110.14765
307.0   130.68291
308.0   113.29315
309.0   108.78788
310.0   152.41938
311.0   121.45814
312.0   112.52877
313.0   169.82363
314.0   147.80502
315.0   102.63692
316.0   169.41871
317.0    76.10051
318.0   140.73748
319.0   117.35149
321.0   149.84743
322.0   107.01538
323.0   119.73710
325.0   133.92793
326.0   102.51485
327.0   115.67084
328.0   106.83517
329.0   107.06826
330.0   124.40437
332.0   118.74386
333.0   141.34212
334.0   111.87281
335.0    99.18042
336.0   125.02040
337.0   112.70664
338.0   165.74687
340.0   121.02026
342.0   141.73175
343.0   123.77983
344.0   148.79828
345.0   164.55056
346.0   100.46392
347.0    97.28698
348.0   118.53735
349.0   122.38553
351.0   142.91606
353.0   108.16540
354.0   160.79494
356.0    97.90966
357.0   146.13899
358.0   163.63999
360.0   125.45059
361.0   126.31121
362.0    99.46304
363.0   114.08641
364.0   159.21636
365.0    98.62515
366.0   109.83064
367.0   138.33758
368.0    98.49705
369.0   107.30652
370.0   133.57674
371.0   167.32641
372.0   105.84654
373.0   103.31367
374.0   130.03110
375.0   153.68272
377.0   101.26755
381.0   118.14704
383.0   107.30055
384.0   160.67412
385.0   177.22476
386.0   158.28329
387.0   126.92841
389.0   131.43052
391.0   108.80830
393.0   100.88590
394.0   125.29339
395.0   102.50194
396.0   101.67380
397.0   154.51766
398.0    81.76756
399.0   166.14336
400.0   144.76005
401.0   169.61511
402.0   111.44750
403.0   109.20689
407.0   117.43589
410.0   164.94086
411.0   145.71976
412.0   109.23891
414.0   116.19016
416.0   178.66265
417.0   155.58893
418.0   139.83897
419.0    93.29301
420.0   142.81555
421.0   159.65085
422.0   104.87128
424.0   129.64160
425.0   114.05852
426.0    96.39328
428.0   104.37142
431.0   109.12913
432.0   153.60033
433.0   145.98466
434.0   112.29323
435.0   115.88539
436.0   102.27564
438.0   120.10247
440.0   110.71548
441.0   120.77823
442.0   130.57496
443.0   137.65704
445.0   172.60659
446.0   173.78871
447.0   131.23790
448.0   104.51948
449.0   153.44955
450.0   159.52553
451.0   114.96761
452.0    97.10488
453.0   108.17922
454.0   111.35351
455.0   103.06875
456.0   107.00518
457.0   126.09621
459.0   114.09248
460.0   121.48073
461.0   118.47083
462.0   176.70888
463.0   115.79346
464.0   122.85189
466.0   104.00874
467.0   108.02487
468.0   172.09771
469.0   161.40801
470.0   114.84456
472.0   104.14439
473.0   125.58038
474.0   170.11430
475.0   137.58593
476.0   111.39532
477.0   106.51891
478.0   121.01780
480.0   100.74988
481.0   125.90526
482.0   115.49543
484.0   101.95556
487.0   102.62121
488.0   105.10842
489.0   106.90288
492.0   111.67610
493.0   109.70871
494.0   119.44797
495.0   106.50979
496.0   126.50543
497.0   112.46406
498.0   157.26249
499.0   165.33058
500.0   124.54600
