  2.0    34.25000
  3.0   481.75000
  4.0   307.75000
  5.0   324.50000
  6.0   151.00000
  7.0   300.75000
  8.0   277.25000
  9.0   525.00000
 10.0   200.50000
 12.0   299.75000
 13.0   414.50000
 15.0    96.75000
 16.0   278.75000
 17.0    77.50000
 18.0   256.00000
 20.0    82.25000
 21.0    47.00000
 22.0   192.50000
 23.0   299.75000
 24.0   201.50000
 25.0   253.00000
 26.0    90.25000
 27.0   251.50000
 28.0    71.75000
 29.0   408.75000
 30.0   259.50000
 32.0   304.00000
 33.0   280.50000
 34.0   382.50000
 35.0   232.50000
 36.0   159.50000
 38.0   197.00000
 39.0   148.75000
 40.0   221.75000
 41.0    81.50000
 42.0   288.25000
 43.0   282.00000
 44.0    83.75000
 45.0    80.75000
 46.0    83.00000
 47.0   221.25000
 49.0   112.50000
 50.0    93.25000
 51.0    52.00000
 52.0   174.00000
 53.0   188.00000
 55.0   439.00000
 57.0   199.25000
 58.0    75.75000
 59.0   227.50000
 60.0    55.50000
 61.0   294.50000
 63.0    59.25000
 65.0   512.50000
 66.0   368.75000
 67.0   265.50000
 68.0   153.25000
 69.0   266.50000
 73.0   591.25000
 74.0   297.75000
 75.0   227.50000
 77.0   206.75000
 79.0   148.50000
 80.0   300.00000
 81.0   289.00000
 82.0   268.25000
 83.0   237.75000
 84.0   152.50000
 85.0   111.75000
 86.0    49.25000
 87.0   211.00000
 88.0   208.75000
 89.0   430.75000
 90.0   138.00000
 92.0   145.75000
 94.0   128.75000
 95.0   500.50000
 96.0   137.25000
 97.0   441.25000
 98.0   178.00000
100.0   202.00000
101.0   538.25000
102.0   256.25000
104.0   299.25000
106.0   305.75000
107.0   110.50000
109.0   159.50000
110.0   306.50000
111.0   305.00000
113.0   302.25000
114.0   195.00000
115.0    61.25000
116.0   505.50000
117.0   195.00000
118.0   186.75000
119.0   286.50000
120.0   148.75000
121.0   215.75000
122.0    36.75000
123.0   569.00000
124.0   242.25000
125.0   232.25000
126.0   115.25000
128.0   190.50000
129.0    40.75000
130.0   217.50000
132.0   200.50000
133.0   210.75000
134.0   217.50000
135.0    25.25000
136.0   367.25000
137.0   210.50000
138.0   149.00000
139.0   254.25000
140.0   244.75000
141.0   307.50000
144.0   224.50000
145.0   631.00000
147.0    31.75000
149.0   278.50000
150.0   233.25000
151.0   199.75000
152.0    78.75000
153.0   318.25000
154.0   230.75000
156.0   260.25000
157.0   203.50000
158.0    42.00000
159.0    86.50000
160.0   109.25000
161.0   121.50000
162.0   286.75000
164.0   306.25000
165.0   281.00000
166.0    91.00000
167.0   278.25000
168.0   157.25000
169.0    78.50000
170.0   267.50000
171.0   415.25000
172.0   153.75000
173.0   290.75000
174.0   140.75000
175.0   264.75000
176.0   306.75000
178.0   224.75000
179.0   300.00000
181.0   172.75000
182.0    89.75000
183.0   183.75000
184.0   313.75000
185.0   194.25000
186.0    53.50000
187.0   186.50000
188.0   255.00000
190.0   136.75000
192.0   235.50000
193.0   330.25000
194.0   289.50000
195.0   201.00000
196.0    35.75000
197.0    77.75000
198.0    60.50000
200.0   155.50000
201.0    27.25000
202.0    99.50000
205.0   223.00000
206.0   282.50000
208.0   295.50000
209.0    31.75000
210.0   304.50000
211.0   196.75000
212.0   252.25000
213.0   137.75000
214.0    53.50000
215.0   139.25000
216.0   415.00000
217.0    36.25000
219.0   401.00000
220.0   124.25000
221.0   171.75000
222.0   123.25000
223.0    48.00000
225.0   713.75000
226.0   307.75000
227.0   334.50000
228.0   116.75000
229.0   296.25000
230.0   356.25000
231.0   469.50000
234.0   267.75000
235.0   145.75000
236.0   224.50000
237.0   163.75000
239.0   587.00000
240.0   305.50000
241.0   388.75000
242.0   417.25000
243.0   256.50000
244.0   256.00000
245.0   239.00000
246.0   129.00000
247.0    33.00000
248.0   303.75000
249.0   201.75000
252.0   168.75000
253.0   195.50000
254.0   124.75000
255.0   393.25000
256.0    39.50000
257.0   231.75000
258.0    87.50000
259.0   262.00000
260.0   206.25000
261.0   311.25000
262.0   227.25000
263.0   252.50000
265.0    76.00000
266.0    50.25000
267.0   214.00000
268.0   287.50000
269.0   252.00000
270.0    48.00000
272.0   328.00000
273.0   228.00000
274.0    62.75000
275.0   201.75000
277.0    44.50000
278.0   406.00000
279.0   313.00000
280.0    49.75000
281.0    59.50000
284.0   296.50000
285.0   339.50000
286.0   458.75000
287.0    77.25000
288.0   206.75000
289.0   135.00000
290.0   118.50000
291.0   293.00000
293.0    25.75000
294.0    68.25000
295.0   272.50000
296.0   167.50000
297.0   201.50000
299.0    48.50000
300.0   291.75000
302.0   365.50000
303.0   250.50000
304.0   380.50000
305.0   171.75000
306.0   159.75000
307.0   185.00000
308.0   291.00000
309.0    75.75000
310.0   210.25000
313.0    31.00000
314.0   424.25000
316.0   268.50000
317.0   179.25000
318.0   220.50000
319.0   280.25000
321.0   381.00000
322.0   274.25000
325.0    72.50000
326.0   392.25000
327.0   362.75000
330.0   378.00000
332.0   402.75000
334.0   280.50000
336.0   290.50000
337.0    93.50000
338.0   225.25000
339.0   372.25000
341.0   255.25000
342.0   217.00000
343.0   149.25000
344.0   445.50000
345.0    65.50000
346.0   507.50000
347.0    86.50000
348.0   197.00000
349.0   288.75000
350.0   426.75000
353.0   222.00000
354.0    99.75000
355.0   265.00000
356.0   514.00000
357.0   311.00000
359.0    62.25000
360.0   469.25000
361.0   220.75000
363.0   299.50000
365.0    73.50000
366.0   260.50000
367.0   410.25000
368.0   314.25000
369.0    55.50000
370.0   212.50000
371.0    78.75000
372.0   105.75000
373.0   217.00000
375.0   424.25000
377.0   136.25000
378.0    39.50000
379.0   244.00000
381.0   195.00000
382.0    44.25000
383.0   140.50000
385.0   210.50000
386.0   268.75000
387.0   250.75000
388.0   136.50000
389.0    43.00000
390.0   616.75000
391.0    28.75000
392.0   806.25000
394.0   296.75000
395.0   306.50000
396.0   278.00000
397.0   287.50000
399.0   286.75000
400.0   214.25000
401.0   209.00000
402.0   194.25000
403.0    26.50000
404.0   165.75000
406.0   373.50000
407.0   204.75000
408.0    47.25000
409.0   217.75000
411.0   672.75000
412.0   320.75000
414.0   145.25000
415.0   210.00000
416.0   102.25000
417.0   190.25000
418.0   388.75000
419.0   132.75000
420.0   288.50000
422.0   228.25000
423.0   160.75000
424.0   205.25000
425.0    71.00000
426.0   325.25000
427.0   191.50000
428.0   433.75000
429.0   208.75000
430.0   217.25000
431.0    30.25000
432.0   540.50000
433.0   155.50000
434.0   202.25000
435.0   299.50000
436.0    64.50000
437.0   277.25000
438.0    91.50000
439.0   155.00000
440.0    98.00000
442.0   215.00000
443.0   200.50000
444.0   245.25000
446.0    58.25000
447.0   218.00000
448.0   169.00000
449.0   282.25000
450.0    32.75000
452.0   280.75000
453.0    97.75000
455.0    55.00000
456.0   194.50000
457.0   182.50000
461.0   439.75000
462.0   436.25000
463.0   239.00000
464.0    86.00000
467.0    50.25000
468.0   425.75000
469.0   144.25000
470.0   307.75000
471.0   214.75000
472.0   248.00000
473.0   136.25000
474.0   274.25000
475.0   249.25000
476.0    75.00000
477.0   440.50000
478.0   205.75000
479.0   600.75000
480.0   445.25000
481.0   299.25000
484.0   407.00000
485.0   195.25000
486.0    75.75000
487.0    72.75000
488.0   118.25000
489.0   307.75000
490.0   201.75000
491.0   222.75000
492.0   141.25000
494.0   467.50000
495.0   167.75000
496.0   192.25000
498.0    93.50000
499.0   116.75000
500.0   237.50000
