  2.0    82.29114
  3.0    85.38734
  4.0    85.76919
  5.0    82.21547
  6.0    69.29849
  7.0    82.33539
  8.0    81.97659
  9.0    86.46076
 10.0    85.64793
 12.0    83.45737
 13.0    90.02896
 15.0    54.61966
 16.0    78.52870
 17.0    64.64176
 18.0    75.99599
 20.0    71.94122
 21.0    86.32657
 22.0    71.14892
 23.0    84.85144
 24.0    78.89721
 25.0    46.39166
 26.0    76.06612
 27.0    75.79596
 28.0    74.56663
 29.0    78.87580
 30.0    60.12511
 32.0    80.53809
 33.0    70.05375
 34.0    61.38497
 35.0    65.82091
 36.0    68.68595
 38.0    79.08200
 39.0    70.52323
 40.0   126.61144
 41.0    63.16414
 42.0    83.07193
 43.0    77.09504
 44.0    61.26410
 45.0    69.24712
 46.0    57.72541
 47.0    77.29632
 49.0    55.41616
 50.0    60.52673
 51.0    69.38517
 52.0    54.25275
 53.0    74.20125
 55.0    73.25226
 57.0    74.28368
 58.0    74.93315
 59.0    60.89274
 60.0    79.66434
 61.0    83.25899
 63.0    74.67889
 65.0    72.23351
 66.0    69.96219
 67.0    64.35938
 68.0    82.46743
 69.0    83.91940
 73.0    64.09894
 74.0    83.77726
 75.0    69.83921
 77.0    72.20599
 79.0    65.19556
 80.0    82.86573
 81.0    71.37316
 82.0    80.21511
 83.0    84.28533
 84.0    67.54199
 85.0    72.26757
 86.0    81.10454
 87.0    73.35643
 88.0    82.18754
 89.0    82.85105
 90.0    69.59311
 92.0    55.50802
 94.0    65.42389
 95.0    68.16615
 96.0    80.43128
 97.0    63.18215
 98.0    56.48517
100.0    76.78602
101.0    74.72415
102.0    82.80995
104.0    87.26416
106.0    77.86336
107.0    61.37350
109.0    81.78814
110.0    82.74864
111.0    84.64216
113.0    84.25952
114.0    77.93071
115.0    80.80153
116.0    77.15823
117.0    61.14922
118.0    80.18612
119.0    81.19830
120.0    68.97795
121.0    76.91958
122.0    90.57460
123.0    68.40221
124.0    50.64820
125.0    54.89759
126.0    80.10397
128.0    78.11650
129.0    70.31451
130.0    68.92834
132.0    70.38440
133.0    74.84617
134.0    75.34426
135.0    75.11491
136.0    78.34078
137.0    78.62339
138.0    77.75626
139.0    67.06866
140.0    55.73004
141.0    73.95681
144.0    69.02205
145.0   102.07506
147.0    77.78211
149.0    74.35029
150.0    42.06334
151.0    74.88108
152.0    56.34645
153.0    87.53149
154.0    78.51990
156.0    83.42404
157.0    78.09302
158.0    69.96669
159.0    52.26207
160.0    81.84398
161.0    77.72927
162.0    77.63379
164.0    90.58977
165.0    73.01726
166.0    62.98127
167.0    81.97055
168.0    73.41121
169.0    83.07993
170.0    78.03177
171.0    83.43150
172.0    70.41875
173.0    80.72098
174.0    64.35580
175.0    80.00345
176.0    86.33717
178.0    87.11231
179.0    87.20700
181.0    53.33079
182.0    63.89329
183.0    83.48268
184.0    85.61651
185.0    77.87636
186.0    84.61149
187.0    68.40710
188.0    58.80240
190.0    66.64023
192.0    84.44206
193.0    64.67065
194.0    75.15500
195.0    64.95719
196.0    77.04853
197.0    80.03362
198.0    81.55416
200.0    75.61443
201.0    77.84744
202.0    61.14189
205.0    75.80695
206.0    86.19193
208.0    84.58978
209.0    79.05119
210.0    86.22319
211.0    80.03218
212.0    61.84016
213.0    72.97944
214.0    72.79312
215.0    79.19706
216.0    77.29680
217.0    76.24511
219.0    68.99413
220.0    77.61611
221.0    54.15292
222.0    64.41107
223.0    66.61828
225.0    68.76924
226.0    87.30610
227.0    73.75230
228.0    78.80650
229.0    70.98007
230.0    69.20348
231.0    70.19188
234.0    86.14343
235.0    75.71118
236.0    60.73022
237.0    55.74870
239.0    75.61137
240.0    84.61944
241.0    81.90573
242.0    85.19900
243.0    79.73902
244.0    76.23275
245.0    60.00280
246.0    81.89126
247.0    81.23077
248.0    80.62197
249.0    66.94851
252.0    50.89012
253.0    69.44793
254.0    70.33850
255.0    80.45069
256.0    79.45158
257.0    67.35958
258.0    67.56956
259.0    79.25853
260.0    85.44019
261.0    81.48269
262.0    68.70462
263.0    44.17521
265.0    65.81302
266.0    66.64019
267.0    78.38725
268.0    78.33796
269.0    33.06356
270.0    85.35165
272.0    87.78331
273.0    57.66511
274.0    62.84750
275.0    77.60125
277.0    76.51499
278.0    68.72792
279.0    77.40073
280.0    78.91604
281.0    87.54444
284.0    82.90218
285.0    64.32775
286.0    76.86687
287.0    65.35614
288.0    85.00862
289.0    65.68510
290.0    62.19244
291.0    80.07974
293.0    78.94221
294.0    70.32270
295.0    82.17201
296.0    63.64101
297.0    81.95347
299.0    74.28663
300.0    80.58739
302.0    86.85616
303.0    68.78899
304.0    63.11749
305.0    77.05001
306.0    56.52722
307.0    77.36575
308.0    84.36214
309.0    72.50183
310.0    83.69878
313.0    74.29192
314.0    85.27023
316.0    82.27061
317.0    64.08656
318.0    86.89092
319.0    81.62645
321.0    72.69536
322.0    84.90429
325.0    79.26445
326.0    71.09918
327.0    79.42148
330.0    54.56269
332.0    78.83239
334.0    77.99139
336.0    76.39427
337.0    81.44933
338.0    61.99803
339.0    84.28910
341.0    67.67815
342.0    80.27622
343.0    68.68850
344.0    70.06666
345.0    79.59719
346.0    75.71196
347.0    73.82455
348.0    77.95508
349.0    79.48607
350.0    86.95395
353.0    81.51150
354.0    59.10781
355.0    65.99765
356.0    80.56001
357.0    78.53982
359.0    73.98510
360.0    76.88739
361.0    76.30883
363.0    86.27334
365.0    83.62275
366.0    83.16172
367.0    85.30436
368.0    82.02439
369.0    71.68843
370.0    88.26995
371.0    68.84128
372.0    66.18284
373.0    84.37244
375.0    86.25355
377.0    63.88098
378.0    87.02783
379.0    72.06819
381.0    66.88581
382.0    80.71437
383.0    54.30148
385.0    84.90215
386.0    64.73089
387.0    36.94397
388.0    72.13087
389.0    85.80715
390.0    85.82395
391.0    62.73130
392.0    67.07299
394.0    80.26236
395.0    87.99877
396.0    70.88650
397.0    76.14459
399.0    76.07114
400.0    81.04360
401.0    82.78652
402.0    67.25847
403.0    73.01734
404.0    43.87028
406.0    79.85523
407.0    81.50264
408.0    83.05084
409.0    62.41374
411.0    65.79742
412.0    85.87275
414.0    80.78879
415.0    71.70346
416.0    61.76880
417.0    78.20342
418.0    75.70837
419.0    75.63222
420.0    84.10466
422.0    66.02164
423.0    80.06691
424.0    75.60296
425.0    69.92563
426.0    70.57321
427.0    78.06199
428.0    88.46897
429.0    79.16509
430.0    73.79571
431.0    69.22492
432.0    79.29844
433.0    72.40142
434.0    61.68069
435.0    81.76455
436.0    78.75696
437.0    75.17127
438.0    64.28678
439.0    76.09390
440.0    68.12298
442.0    75.38970
443.0    80.92174
444.0    49.43860
446.0    63.61911
447.0    82.38211
448.0    50.77798
449.0    80.19374
450.0    75.16030
452.0    82.96137
453.0    78.34632
455.0    83.21280
456.0    73.29443
457.0    65.38196
461.0    76.47326
462.0    77.50523
463.0    44.38783
464.0    60.67002
467.0    79.64551
468.0    77.77330
469.0    63.17848
470.0    86.94617
471.0    72.30728
472.0    57.42710
473.0    82.34343
474.0    75.13573
475.0    80.04275
476.0    50.06546
477.0    51.82588
478.0    68.04604
479.0    52.59483
480.0    71.27263
481.0    76.75590
484.0    76.54830
485.0    74.74336
486.0    70.08298
487.0    62.81895
488.0    74.73925
489.0    84.44316
490.0    83.90366
491.0    86.09818
492.0    72.81912
494.0    72.55936
495.0    55.69603
496.0    78.81600
498.0    68.82883
499.0    75.63416
500.0    70.20591
