  1.0    89.23285
 11.0    90.86532
 14.0    83.94623
 19.0    81.74722
 31.0    85.13281
 37.0    86.80806
 48.0    85.24303
 54.0    85.75555
 56.0    84.46703
 62.0    85.37667
 64.0    86.68404
 70.0    78.02921
 71.0    94.86779
 72.0    87.39109
 76.0    81.15047
 78.0    81.39384
 91.0    87.53739
 93.0    82.78379
 99.0    93.00770
103.0    95.43798
105.0    85.32836
108.0    75.27530
112.0    78.61443
127.0    98.60606
131.0    86.03309
142.0    89.93162
143.0    83.61406
146.0    84.49860
148.0    84.70214
155.0    91.85870
163.0    86.41340
177.0    85.85978
180.0    87.28467
189.0    97.17489
191.0    83.78375
199.0    91.74504
203.0    96.35618
204.0    81.27631
207.0    86.75378
218.0    90.23986
224.0    85.28922
232.0    89.88595
233.0    86.85779
238.0    76.00919
250.0    85.25904
251.0    72.42192
264.0    90.51262
271.0    85.81835
276.0   108.96632
282.0    84.18586
283.0    85.10660
292.0    92.44093
298.0    93.70866
301.0    98.25556
311.0    89.11815
312.0    90.35365
315.0    87.91386
320.0    94.62092
323.0    89.56275
324.0    82.94438
328.0    83.50330
329.0    71.65905
331.0    81.34320
333.0    92.13147
335.0    86.98303
340.0    86.52950
351.0    97.57143
352.0    83.46470
358.0    84.02463
362.0    91.19791
364.0    92.44903
374.0    92.37448
376.0    85.64258
380.0    83.13569
384.0    87.84995
393.0    81.55574
398.0    98.83666
405.0    90.59878
410.0    89.66230
413.0    82.57576
421.0    83.30406
441.0    92.17213
445.0    88.35057
451.0    86.02957
454.0    90.98565
458.0    88.28809
459.0    90.96119
460.0    96.79592
465.0    88.14581
466.0    87.41309
482.0    87.26022
483.0    85.76543
493.0    88.28325
497.0    86.48720
