  1.0    74.04955
  2.0    89.04046
  3.0    76.64883
  4.0    86.97715
  5.0    80.53207
  7.0    82.94962
  9.0    85.58981
 11.0    83.09840
 13.0    83.50171
 14.0    87.65820
 15.0    89.25300
 16.0    85.55632
 20.0    76.04237
 21.0    87.65779
 22.0    77.86045
 23.0    71.96769
 24.0    66.82976
 25.0    77.22350
 26.0    71.62151
 30.0    84.26550
 31.0    60.44500
 32.0    91.70704
 33.0    80.78997
 36.0    74.69690
 37.0    77.71705
 40.0    65.28603
 44.0    83.06559
 45.0    84.19133
 46.0    77.72532
 49.0    86.25715
 51.0    77.19108
 53.0    66.30660
 54.0    80.14693
 55.0    88.05798
 56.0    89.67318
 59.0    80.01857
 60.0    80.73474
 61.0    90.80024
 63.0    76.64953
 66.0    78.63397
 67.0    82.68221
 68.0    95.87825
 69.0    77.19801
 71.0    88.86850
 75.0    87.96452
 76.0    88.32191
 77.0    70.07823
 80.0    73.81765
 82.0    82.86470
 83.0    75.54629
 84.0    74.84636
 86.0    85.31079
 88.0    89.19833
 90.0    69.92519
 91.0    76.26632
 92.0    88.87218
 94.0    88.40901
 97.0    82.23168
100.0    70.95174
101.0    77.30192
103.0    80.14746
104.0    87.32470
106.0    71.74714
107.0    90.46744
108.0    81.33489
109.0    91.08498
110.0    88.35286
114.0    83.46730
115.0    77.33429
116.0    83.31611
119.0    73.68558
121.0    93.26473
122.0    87.28159
123.0    72.73110
124.0    90.84072
126.0    84.38913
127.0    77.24390
128.0    76.48612
131.0    82.96458
134.0    81.13719
135.0    78.95755
137.0    77.68728
138.0    89.38848
139.0    76.91834
140.0    84.81085
142.0    71.25152
143.0    81.02876
144.0    81.92110
145.0    89.37356
146.0    81.29936
148.0    85.53735
149.0    86.08175
150.0    77.85242
151.0    79.18396
153.0    81.00131
156.0    85.01259
158.0    75.64972
161.0    76.96960
162.0    76.80466
163.0    82.53242
167.0    85.27841
169.0    87.32493
171.0    69.62884
173.0    80.13617
174.0    85.39412
175.0    87.32195
176.0    87.27549
177.0    81.85703
178.0    77.76843
180.0    74.92189
183.0    87.31829
184.0    83.92488
186.0    78.99515
187.0    84.79718
188.0    72.19327
190.0    84.51410
192.0    73.86460
194.0    78.49053
195.0    84.28023
196.0    80.03293
198.0    97.62243
200.0    79.26467
203.0    89.10016
204.0    63.07386
208.0    83.10062
209.0    72.22935
211.0    71.01021
214.0    76.39717
215.0    87.20841
217.0    82.59253
221.0    79.14963
223.0    76.09900
224.0    84.36748
226.0    84.21564
227.0    83.34837
228.0    85.79636
230.0    75.34302
231.0    69.80345
232.0    88.58007
233.0    88.26929
234.0    81.59543
235.0    73.98796
236.0    84.95581
237.0    85.29883
239.0    77.03663
241.0    84.50716
243.0    76.80983
245.0    88.73411
246.0    85.52533
247.0    68.78628
248.0    90.38703
250.0    76.47074
252.0    78.54197
253.0    78.85087
254.0    88.23706
255.0    68.60684
256.0    79.15428
257.0    92.37946
258.0    88.59203
259.0    80.74132
260.0    60.71839
261.0    74.87414
262.0    75.71260
263.0    85.32155
264.0    79.56536
265.0    80.67870
266.0    70.39307
267.0    54.60226
268.0    83.07085
269.0    83.96027
270.0    81.76263
271.0    79.04732
272.0    96.83660
273.0    66.56383
274.0    66.47224
275.0    82.80396
277.0    83.92570
278.0    82.52828
280.0    84.73689
281.0    77.02132
282.0    89.64587
284.0    69.58144
285.0    85.73199
288.0    83.51834
289.0    78.97145
290.0    75.65397
291.0    89.91164
292.0   100.05052
293.0    69.49198
294.0    88.91480
295.0    80.27671
296.0    77.31964
297.0    85.68173
298.0    77.99044
299.0    85.70160
300.0    76.54137
301.0    72.39402
302.0    87.14183
303.0    89.55876
306.0    72.87168
308.0    71.15548
309.0    77.05167
311.0    85.83881
313.0    83.45082
315.0    86.25278
317.0    68.82955
318.0    75.09069
320.0    74.27650
322.0    84.69181
323.0    54.94795
324.0    84.83369
326.0    91.13084
327.0    89.55082
328.0    82.93931
329.0    88.17961
330.0    81.19821
331.0    92.63875
332.0    72.67829
333.0    84.86810
334.0    86.54156
335.0    87.56928
336.0    81.46465
337.0    76.31737
339.0    89.53281
341.0    86.28358
342.0    89.77250
343.0    74.18239
344.0    77.85125
346.0    85.15637
348.0    86.92307
349.0    61.62343
350.0    68.37384
352.0    86.75201
353.0    56.92970
354.0    83.43721
356.0    82.12075
357.0    93.51899
358.0    87.18871
359.0    81.02048
360.0    85.94447
361.0    86.05179
362.0    81.78884
363.0    89.15219
364.0    61.68683
365.0    79.44202
366.0    92.89338
367.0    88.83021
368.0    84.02817
369.0    91.13072
370.0    84.57338
372.0    83.01938
376.0    87.51931
378.0    89.76503
379.0    78.61396
380.0    87.63360
382.0    78.60523
384.0    84.89199
386.0    89.57433
389.0    68.29001
390.0    78.37067
392.0    87.59549
393.0    83.54436
396.0    82.62297
398.0    68.76160
404.0    70.56910
405.0    84.35400
406.0    80.97248
407.0    84.47720
408.0    77.47593
410.0    86.95901
412.0    84.75335
413.0    92.88561
414.0    78.54087
415.0    92.17017
416.0    86.16454
417.0    88.76589
418.0    71.75558
419.0    83.34589
420.0    83.31147
421.0    76.13413
422.0    83.51460
424.0    87.04822
425.0    87.47669
427.0    78.21678
429.0    78.49993
431.0    83.23460
433.0    79.46576
435.0    74.36221
436.0    39.40565
438.0    88.41726
440.0    87.57240
441.0    76.65935
442.0    71.69720
443.0    80.63499
444.0    79.17731
445.0    84.68524
447.0    84.66451
448.0    81.39868
449.0    90.53871
450.0    81.56612
454.0    80.58059
455.0    69.10709
456.0    96.11182
458.0    66.88486
459.0    88.69173
460.0    86.60906
463.0    79.50819
464.0    84.39221
465.0    74.88181
466.0    85.13548
469.0    87.57781
470.0    82.52587
471.0    87.19216
472.0    84.34518
473.0    85.51199
474.0    76.01379
476.0    78.24703
477.0    84.28620
478.0    83.80593
479.0    71.92648
481.0    82.37682
484.0    94.81703
486.0    72.54649
487.0    72.84115
488.0    89.86667
489.0    68.31045
490.0    66.54468
492.0    40.47561
493.0    81.91487
494.0    87.08098
495.0    88.36519
496.0    84.98531
498.0    81.94151
499.0    77.24688
