  1.0    56.00000
  2.0    36.75000
  3.0   111.75000
  4.0   296.00000
  5.0    48.75000
  7.0    44.75000
  9.0    34.25000
 11.0    93.75000
 13.0    52.50000
 14.0    64.75000
 15.0    59.50000
 16.0    53.75000
 20.0   110.00000
 21.0    47.75000
 22.0    98.25000
 23.0   196.00000
 24.0    69.50000
 25.0   172.75000
 26.0   110.75000
 30.0    32.25000
 31.0   106.75000
 32.0    86.75000
 33.0    35.75000
 36.0    68.75000
 37.0   145.50000
 40.0   254.00000
 44.0    82.50000
 45.0    46.75000
 46.0    91.50000
 49.0    41.75000
 51.0   180.25000
 53.0    69.50000
 54.0   206.75000
 55.0    60.25000
 56.0   156.00000
 59.0    59.25000
 60.0    90.75000
 61.0   221.75000
 63.0    83.75000
 66.0   106.00000
 67.0   186.00000
 68.0    35.50000
 69.0    72.75000
 71.0    38.25000
 75.0   153.50000
 76.0   205.25000
 77.0   273.75000
 80.0   111.00000
 82.0    34.25000
 83.0   162.25000
 84.0   135.00000
 86.0   348.25000
 88.0    36.25000
 90.0    65.25000
 91.0   102.50000
 92.0    54.25000
 94.0    47.50000
 97.0   104.25000
100.0   114.00000
101.0   236.25000
103.0    62.50000
104.0   243.50000
106.0    62.50000
107.0   255.00000
108.0    71.00000
109.0    36.25000
110.0   127.50000
114.0   223.50000
115.0    25.75000
116.0   157.50000
119.0    84.75000
121.0    41.75000
122.0    51.75000
123.0    97.50000
124.0    50.75000
126.0    56.75000
127.0   123.75000
128.0   224.75000
131.0    94.75000
134.0    56.00000
135.0   119.00000
137.0    62.75000
138.0    60.25000
139.0   141.00000
140.0   236.00000
142.0   159.75000
143.0    97.75000
144.0    32.50000
145.0    48.75000
146.0   172.75000
148.0    37.75000
149.0   114.50000
150.0   226.75000
151.0    26.75000
153.0    92.25000
156.0    44.25000
158.0    64.75000
161.0   181.25000
162.0   141.25000
163.0    30.00000
167.0    51.75000
169.0    61.75000
171.0   147.50000
173.0    74.75000
174.0    39.00000
175.0    68.00000
176.0   146.00000
177.0    39.50000
178.0   234.50000
180.0    91.50000
183.0    74.00000
184.0    63.00000
186.0    86.25000
187.0    57.75000
188.0   101.75000
190.0    39.25000
192.0   276.50000
194.0   150.75000
195.0    65.00000
196.0   127.25000
198.0   139.75000
200.0    23.50000
203.0    70.25000
204.0   182.25000
208.0    64.25000
209.0   162.00000
211.0   126.50000
214.0   101.75000
215.0    60.00000
217.0    66.50000
221.0   100.75000
223.0    88.75000
224.0    75.50000
226.0    64.25000
227.0    73.25000
228.0    94.50000
230.0   105.00000
231.0    79.00000
232.0   198.00000
233.0    67.25000
234.0    28.25000
235.0    71.75000
236.0   263.50000
237.0    40.25000
239.0   368.25000
241.0    26.50000
243.0    62.75000
245.0    48.50000
246.0    44.00000
247.0   109.25000
248.0   230.75000
250.0    97.50000
252.0   109.75000
253.0   187.50000
254.0   125.00000
255.0   119.75000
256.0   103.50000
257.0    57.25000
258.0   135.50000
259.0   345.00000
260.0   114.00000
261.0    26.75000
262.0   141.75000
263.0    31.00000
264.0   103.50000
265.0   184.50000
266.0   104.75000
267.0    18.25000
268.0    35.50000
269.0   114.75000
270.0    83.50000
271.0    79.50000
272.0    45.25000
273.0   181.75000
274.0    42.25000
275.0    92.25000
277.0   192.75000
278.0    70.75000
280.0   118.00000
281.0    56.50000
282.0    34.50000
284.0   274.75000
285.0    81.25000
288.0    41.25000
289.0    62.50000
290.0   207.00000
291.0   202.50000
292.0    39.50000
293.0   178.25000
294.0    41.75000
295.0   215.00000
296.0    63.00000
297.0    33.50000
298.0   155.50000
299.0    37.75000
300.0    46.50000
301.0   115.50000
302.0   223.75000
303.0    68.25000
306.0    78.00000
308.0   107.75000
309.0    79.00000
311.0    99.00000
313.0    40.25000
315.0    62.25000
317.0    71.00000
318.0    75.25000
320.0   110.50000
322.0    58.50000
323.0   245.25000
324.0   172.50000
326.0   102.75000
327.0    68.50000
328.0    52.50000
329.0    36.75000
330.0    28.50000
331.0    42.75000
332.0   117.25000
333.0    65.75000
334.0   133.25000
335.0    96.50000
336.0    48.50000
337.0    66.50000
339.0    42.75000
341.0    92.25000
342.0    57.75000
343.0    90.75000
344.0    36.75000
346.0    45.25000
348.0   263.75000
349.0   245.25000
350.0   177.50000
352.0    38.25000
353.0   143.00000
354.0   195.75000
356.0   225.50000
357.0    53.75000
358.0    90.25000
359.0   235.50000
360.0   228.75000
361.0    61.00000
362.0   100.00000
363.0    37.75000
364.0   179.75000
365.0   168.50000
366.0   124.25000
367.0    51.75000
368.0    43.25000
369.0    69.00000
370.0    77.00000
372.0   105.50000
376.0    55.25000
378.0    59.50000
379.0   124.50000
380.0    72.75000
382.0   100.25000
384.0    60.50000
386.0    62.00000
389.0    98.00000
390.0   128.50000
392.0    61.25000
393.0   205.50000
396.0   185.50000
398.0    64.00000
404.0   109.25000
405.0    66.00000
406.0    24.75000
407.0    32.75000
408.0    44.75000
410.0   194.00000
412.0   198.75000
413.0    47.75000
414.0    94.25000
415.0    57.50000
416.0    35.00000
417.0    64.75000
418.0   150.50000
419.0    29.25000
420.0    68.25000
421.0   121.75000
422.0   157.00000
424.0    46.75000
425.0    52.25000
427.0    66.75000
429.0   138.75000
431.0    80.75000
433.0    77.75000
435.0   110.50000
436.0    88.50000
438.0    85.00000
440.0    43.00000
441.0   168.00000
442.0    72.75000
443.0    55.50000
444.0    38.50000
445.0    87.00000
447.0    31.75000
448.0   141.25000
449.0    59.75000
450.0    96.00000
454.0    86.00000
455.0   237.50000
456.0    57.75000
458.0   112.50000
459.0    92.75000
460.0    29.00000
463.0    53.50000
464.0    64.75000
465.0    68.00000
466.0   243.25000
469.0   202.50000
470.0    47.75000
471.0    63.00000
472.0    81.00000
473.0    47.75000
474.0   108.75000
476.0   209.00000
477.0    83.00000
478.0   141.50000
479.0    70.25000
481.0    52.50000
484.0    61.75000
486.0   153.75000
487.0   234.75000
488.0   196.00000
489.0   123.75000
490.0    63.75000
492.0    53.75000
493.0    70.00000
494.0    69.75000
495.0    43.25000
496.0    64.75000
498.0    59.50000
499.0    74.50000
