  6.0    93.32375
  8.0    83.40430
 10.0    90.26499
 12.0    92.89082
 17.0    95.09956
 18.0    92.23086
 19.0    82.38579
 27.0    82.18374
 28.0    87.88755
 29.0    88.77236
 34.0    84.96398
 35.0    92.14132
 38.0    86.28285
 39.0    89.51337
 41.0    85.41903
 42.0    86.73506
 43.0    88.00653
 47.0    84.15946
 48.0    92.92849
 50.0    90.93656
 52.0   103.87288
 57.0    85.80348
 58.0    88.49051
 62.0    91.76123
 64.0    84.60053
 65.0    88.47466
 70.0    84.84676
 72.0    91.29094
 73.0    87.05363
 74.0    81.34294
 78.0    88.47875
 79.0    88.03703
 81.0    90.34855
 85.0    89.89226
 87.0    84.03369
 89.0    91.14161
 93.0    89.85184
 95.0    81.34780
 96.0    85.29793
 98.0    88.16068
 99.0    91.51053
102.0    92.60679
105.0    85.81885
111.0    92.58581
112.0    89.22071
113.0    87.29629
117.0    89.38372
118.0    86.30042
120.0    87.17994
125.0    83.72931
129.0    83.76661
130.0    88.21667
132.0    88.32931
133.0    88.86702
136.0   108.64350
141.0    89.12811
147.0    86.45394
152.0    90.33288
154.0    85.20759
155.0    99.14509
157.0    95.95945
159.0    87.46764
160.0    86.06305
164.0    93.50466
165.0    87.01997
166.0    84.79462
168.0    83.91540
170.0    86.88614
172.0    88.14229
179.0    80.58747
181.0    86.55556
182.0    85.62221
185.0    86.50662
189.0    84.53265
191.0    88.63183
193.0    84.55728
197.0    87.81530
199.0    84.79131
201.0    88.63768
202.0    84.54041
205.0    89.75820
206.0    85.90604
207.0    84.67107
210.0    96.29003
212.0    89.30076
213.0    94.57754
216.0    90.01961
218.0    87.03249
219.0    95.27032
220.0    89.08608
222.0    89.27730
225.0    86.40839
229.0    86.68739
238.0    85.01016
240.0    92.94484
242.0    88.58480
244.0    89.69742
249.0    89.08524
251.0   104.65526
276.0    98.69982
279.0    88.05379
283.0    98.28661
286.0    90.27591
287.0    86.42438
304.0    85.54930
305.0    90.85707
307.0    87.80108
310.0    90.90116
312.0    84.71107
314.0    90.68076
316.0    88.00438
319.0    89.76046
321.0   113.68634
325.0    86.14046
338.0    89.00197
340.0    87.14781
345.0    86.25158
347.0   109.48486
351.0    87.35870
355.0    88.80941
371.0    87.13790
373.0    86.38999
374.0    84.97344
375.0    84.70112
377.0    89.28620
381.0    86.97282
383.0    83.72496
385.0    87.62654
387.0    91.37119
388.0    83.81652
391.0    86.01963
394.0    93.49519
395.0   112.30302
397.0    87.11503
399.0    91.19383
400.0    88.73017
401.0    88.24045
402.0    87.71422
403.0    89.12840
409.0    88.35434
411.0    84.64756
423.0    84.80074
426.0    89.03426
428.0    87.72042
430.0    88.00116
432.0    85.94696
434.0    88.16646
437.0    88.13453
439.0    89.18226
446.0    84.46042
451.0    94.56309
452.0    89.31904
453.0    82.72363
457.0   101.47523
461.0    88.71040
462.0    90.36999
467.0    86.06803
468.0    87.31344
475.0    84.80981
480.0    88.76346
482.0    89.65103
483.0    85.98457
485.0    87.67324
491.0    85.31618
497.0    87.00728
500.0    91.49951
