  6.0    67.50000
  8.0    29.25000
 10.0    76.25000
 12.0    42.25000
 17.0   230.75000
 18.0    35.25000
 19.0    29.25000
 27.0    29.75000
 28.0    32.25000
 29.0    27.50000
 34.0    22.50000
 35.0    54.25000
 38.0    21.75000
 39.0    70.75000
 41.0    27.00000
 42.0    32.25000
 43.0    27.75000
 47.0    26.50000
 48.0    33.50000
 50.0    24.75000
 52.0    48.00000
 57.0    37.25000
 58.0    27.50000
 62.0   112.75000
 64.0    29.25000
 65.0    35.50000
 70.0    28.00000
 72.0    28.00000
 73.0    33.75000
 74.0    29.75000
 78.0    32.50000
 79.0    25.75000
 81.0    26.50000
 85.0    31.00000
 87.0    28.50000
 89.0   219.25000
 93.0    34.50000
 95.0    28.75000
 96.0    31.75000
 98.0    30.00000
 99.0    28.50000
102.0   113.25000
105.0   213.25000
111.0    34.25000
112.0    35.00000
113.0    33.25000
117.0    26.00000
118.0    24.00000
120.0    31.50000
125.0    28.75000
129.0    28.00000
130.0   197.25000
132.0    36.25000
133.0    39.25000
136.0    40.25000
141.0    31.50000
147.0    32.25000
152.0   292.50000
154.0    30.50000
155.0    61.50000
157.0    45.75000
159.0    35.50000
160.0    78.25000
164.0   244.75000
165.0    30.25000
166.0    29.75000
168.0    30.50000
170.0    25.50000
172.0    39.75000
179.0    29.75000
181.0    35.25000
182.0    50.00000
185.0    31.75000
189.0    30.50000
191.0    29.50000
193.0    27.25000
197.0   228.50000
199.0    27.75000
201.0    36.00000
202.0    28.00000
205.0    33.50000
206.0    33.75000
207.0    29.75000
210.0    53.75000
212.0    28.25000
213.0   278.25000
216.0    41.75000
218.0    29.50000
219.0    48.25000
220.0    30.75000
222.0    28.00000
225.0    55.00000
229.0    31.75000
238.0    25.00000
240.0   286.75000
242.0    38.25000
244.0    40.75000
249.0    32.00000
251.0    37.75000
276.0    41.25000
279.0    30.50000
283.0    54.75000
286.0    36.75000
287.0    21.50000
304.0    29.50000
305.0    29.25000
307.0    32.25000
310.0   235.75000
312.0    29.50000
314.0   123.50000
316.0    22.25000
319.0   207.50000
321.0   456.75000
325.0    30.75000
338.0    29.50000
340.0    28.00000
345.0    25.50000
347.0    48.75000
351.0    31.75000
355.0    31.00000
371.0    25.50000
373.0    25.50000
374.0    33.00000
375.0    34.25000
377.0   227.00000
381.0    29.00000
383.0    28.50000
385.0    30.50000
387.0   198.75000
388.0    46.50000
391.0    24.25000
394.0    29.50000
395.0    90.00000
397.0    28.75000
399.0    34.00000
400.0    39.25000
401.0    26.00000
402.0    33.00000
403.0    36.25000
409.0    25.25000
411.0    34.50000
423.0    32.00000
426.0    30.00000
428.0    39.25000
430.0    35.75000
432.0    32.50000
434.0    42.00000
437.0    28.00000
439.0    29.00000
446.0   288.00000
451.0    36.00000
452.0    29.50000
453.0    41.75000
457.0    45.75000
461.0    92.50000
462.0    30.00000
467.0    32.75000
468.0    26.75000
475.0    28.50000
480.0    56.00000
482.0    32.75000
483.0    39.25000
485.0    30.75000
491.0    35.25000
497.0    35.50000
500.0    29.00000
