  3.0   602.25000
  5.0   471.00000
  8.0   474.00000
 10.0   289.50000
 15.0   304.75000
 17.0   637.50000
 28.0   458.75000
 38.0   602.50000
 40.0   415.75000
 43.0   407.50000
 47.0   394.75000
 50.0   373.25000
 57.0   406.50000
 61.0   363.25000
 62.0   500.75000
 64.0   381.75000
 69.0   457.50000
 76.0   465.25000
 77.0   485.00000
 84.0   423.00000
 89.0   397.25000
 97.0   376.00000
102.0   711.50000
104.0   316.75000
111.0   330.50000
117.0   754.50000
121.0   264.50000
131.0   427.25000
141.0   408.50000
143.0   370.50000
145.0   549.50000
148.0   622.00000
152.0   376.50000
160.0   368.75000
165.0   470.00000
173.0   525.00000
177.0   451.25000
184.0   411.75000
185.0   416.75000
188.0   316.75000
191.0   319.00000
197.0   390.25000
199.0   467.25000
200.0   428.75000
202.0   875.25000
207.0   532.50000
210.0   330.25000
225.0   496.75000
226.0   417.00000
227.0   408.50000
232.0   489.75000
233.0   269.25000
238.0   505.50000
245.0   438.50000
255.0   543.50000
263.0   426.25000
266.0   604.00000
284.0   404.00000
285.0   389.00000
286.0   662.50000
299.0   332.50000
300.0   303.00000
301.0   526.25000
303.0   405.50000
311.0   383.50000
312.0   410.25000
316.0   384.25000
322.0   680.00000
323.0   385.50000
327.0   599.25000
333.0   365.25000
338.0   686.50000
345.0   487.25000
346.0   468.25000
347.0   628.25000
348.0   385.25000
349.0   355.00000
354.0   391.50000
358.0   536.75000
369.0   833.25000
382.0   423.75000
386.0   496.50000
387.0   400.25000
394.0   485.00000
396.0   320.00000
397.0   532.50000
401.0   468.50000
403.0   825.50000
404.0   434.00000
411.0   309.25000
412.0   619.00000
416.0   606.00000
422.0   569.50000
427.0   420.50000
429.0   457.25000
431.0   419.00000
437.0   367.00000
446.0   514.50000
455.0   495.00000
456.0   512.25000
468.0   415.50000
470.0   470.00000
472.0   496.75000
483.0   350.00000
485.0   291.00000
487.0   460.50000
492.0   381.50000
497.0   634.75000
