  3.0    94.84214
  5.0    96.62277
  8.0    99.59363
 10.0    88.44991
 15.0    91.25758
 17.0    97.84910
 28.0    86.84343
 38.0    98.30801
 40.0    97.40404
 43.0    94.27204
 47.0    89.33903
 50.0    92.61370
 57.0    95.99570
 61.0   104.87558
 62.0    76.92880
 64.0    99.47071
 69.0    96.18713
 76.0    87.82115
 77.0    95.07861
 84.0    95.33778
 89.0    93.71663
 97.0    92.78438
102.0    93.14665
104.0   100.64223
111.0    95.15313
117.0   105.68085
121.0    95.84754
131.0   100.12236
141.0    95.90641
143.0    86.69427
145.0    94.93855
148.0    89.73095
152.0    90.48235
160.0    96.45382
165.0    93.39468
173.0   105.29795
177.0    97.88143
184.0    88.00552
185.0   101.53169
188.0    96.65886
191.0    99.45682
197.0    91.83411
199.0    79.44518
200.0    90.28702
202.0    96.19071
207.0    95.64080
210.0    92.98678
225.0    90.36585
226.0    97.63250
227.0    83.73841
232.0    88.99168
233.0    97.59866
238.0    96.18755
245.0    91.10561
255.0    94.82594
263.0    85.06321
266.0    96.73752
284.0    92.97094
285.0    91.58854
286.0    97.68002
299.0    95.18174
300.0    93.99201
301.0    89.50710
303.0    97.21443
311.0    92.08296
312.0    96.43847
316.0   100.66430
322.0    91.90758
323.0    92.89132
327.0    93.74167
333.0   103.27636
338.0    81.18932
345.0    78.19510
346.0    75.40991
347.0    99.80861
348.0    80.79053
349.0    94.34127
354.0    94.55812
358.0   113.26994
369.0    95.94603
382.0    95.54277
386.0    95.92396
387.0    82.34380
394.0    72.09773
396.0    96.99091
397.0   108.10171
401.0    76.18121
403.0    93.57903
404.0   100.11765
411.0    88.61331
412.0    69.61725
416.0    87.89981
422.0    89.57253
427.0    89.36101
429.0    99.59773
431.0    93.68895
437.0   104.14703
446.0    91.91380
455.0   102.57199
456.0    93.63263
468.0    96.60692
470.0    82.41696
472.0    93.47238
483.0    91.28583
485.0    98.55599
487.0   107.72787
492.0   102.42847
497.0    92.56212
