  1.0   107.51048
  2.0    98.45368
  4.0    85.49761
  6.0   104.04170
  7.0   118.59469
  9.0   102.35825
 11.0   101.66852
 12.0   100.16342
 13.0   106.45285
 14.0   110.02788
 16.0   104.86353
 18.0   100.83296
 19.0   101.74111
 20.0   110.36756
 21.0   112.36475
 22.0   100.77449
 23.0   105.09259
 24.0   105.85113
 25.0   105.43581
 26.0   102.86143
 27.0   139.91674
 29.0   107.75731
 30.0    99.74190
 31.0   106.93443
 32.0    99.07930
 33.0   148.34917
 34.0   104.75957
 35.0   110.70056
 36.0   117.43789
 37.0   129.25616
 39.0   100.97208
 41.0   106.27218
 42.0    96.89128
 44.0   100.35000
 45.0   109.06597
 46.0   124.07823
 48.0   105.11665
 49.0    99.49271
 51.0   142.23359
 52.0   119.23356
 53.0   108.33302
 54.0    98.21757
 55.0   102.51735
 56.0   107.97628
 58.0   118.11277
 59.0   123.26613
 60.0   100.36559
 63.0   116.42654
 65.0   105.65291
 66.0   113.30135
 67.0   117.57698
 68.0   115.55950
 70.0    94.32409
 71.0   106.63578
 72.0   105.64530
 73.0   113.56435
 74.0   117.18811
 75.0   127.33764
 78.0   112.61998
 79.0   100.54027
 80.0   101.12077
 81.0   122.58183
 82.0   111.72619
 83.0   101.59430
 85.0   104.92713
 86.0    96.92900
 87.0   137.66286
 88.0   103.09854
 90.0   101.45590
 91.0   110.67003
 92.0    99.24697
 93.0    90.90299
 94.0   110.19996
 95.0    97.39282
 96.0   107.70325
 98.0   113.39363
 99.0    99.85515
100.0   118.72132
101.0   118.65344
103.0   110.68467
105.0   111.70245
106.0   106.39129
107.0    98.69010
108.0   115.93622
109.0   130.55839
110.0   119.90338
112.0   127.97878
113.0   102.80738
114.0   109.30587
115.0   127.08166
116.0   123.85377
118.0   103.50447
119.0   102.28917
120.0   108.90224
122.0   129.21010
123.0   106.78612
124.0   114.85564
125.0    98.91160
126.0   116.10551
127.0   103.70207
128.0   113.79725
129.0   113.06228
130.0   101.47376
132.0   100.91010
133.0   105.89727
134.0   112.45793
135.0   110.00747
136.0   114.44108
137.0    88.21007
138.0   104.51290
139.0   118.50433
140.0   105.63623
142.0    96.73161
144.0    97.83545
146.0   102.61128
147.0   112.25393
149.0   116.45520
150.0   107.30735
151.0   111.13321
153.0   124.33997
154.0   114.98095
155.0   109.05111
156.0   112.07991
157.0    94.45057
158.0   105.87055
159.0   109.55617
161.0   100.80775
162.0   100.71322
163.0    99.57259
164.0    97.43754
166.0   108.03265
167.0   127.16325
168.0    99.47449
169.0   119.39737
170.0   107.32757
171.0    98.87074
172.0   116.19934
174.0    98.71341
175.0   109.87458
176.0    97.67757
178.0   113.07924
179.0   100.20546
180.0   115.97969
181.0   106.85269
182.0   131.97897
183.0    96.20714
186.0   100.55152
187.0   126.45172
189.0   111.81233
190.0   102.00870
192.0   117.96851
193.0   116.12838
194.0   105.00183
195.0   122.23167
196.0   112.80989
198.0   106.08894
201.0   101.42941
203.0   106.40341
204.0   108.31701
205.0    97.90100
206.0   105.79765
208.0   103.12338
209.0   110.82763
211.0   111.47755
212.0   110.30475
213.0   112.54093
214.0   101.91419
215.0   103.12766
216.0   119.36921
217.0   102.35127
218.0   115.82843
219.0   108.98847
220.0   102.48501
221.0   108.30952
222.0   104.26438
223.0   100.03665
224.0    92.06777
228.0   101.06581
229.0   103.40436
230.0   108.37051
231.0    98.36111
234.0   109.58337
235.0   104.82242
236.0    99.60499
237.0   103.69429
239.0   110.55217
240.0   111.00384
241.0    97.35068
242.0   119.84034
243.0   102.51088
244.0    96.12558
246.0   103.82909
247.0   117.29733
248.0   110.73109
249.0   107.58820
250.0    99.48000
251.0   104.26697
252.0   124.16770
253.0   121.78759
254.0   116.47688
256.0   124.43609
257.0   101.05153
258.0   104.85605
259.0    98.17388
260.0    93.48777
261.0    97.19077
262.0   115.36770
264.0   120.82643
265.0    96.42029
267.0    95.85209
268.0   120.70159
269.0   115.16712
270.0   106.19543
271.0   102.63963
272.0   104.86488
273.0   102.85761
274.0    98.88545
275.0   110.14155
276.0   111.46878
277.0   114.63525
278.0   119.03370
279.0   105.53172
280.0   111.77449
281.0   102.16269
282.0   136.35533
283.0   111.08321
287.0   100.82400
288.0   111.75232
289.0   144.10991
290.0   119.00008
291.0   100.46979
292.0    98.75849
293.0   100.78667
294.0   122.24358
295.0   119.56743
296.0   106.78363
297.0   100.88519
298.0   118.70761
302.0    96.37459
304.0   105.94748
305.0   129.85472
306.0   105.85242
307.0   104.35117
308.0   114.52796
309.0   108.81404
310.0   109.80191
313.0   124.62496
314.0   122.17064
315.0   104.29926
317.0   102.54537
318.0   111.14754
319.0   109.95644
320.0   111.37099
321.0   114.52926
324.0    98.71775
325.0    88.66642
326.0    98.96567
328.0    98.56797
329.0   107.29526
330.0   101.58852
331.0   107.27876
332.0   107.53215
334.0    95.40724
335.0   103.06260
336.0   130.56844
337.0   108.29285
339.0   104.62170
340.0   106.54405
341.0   103.56680
342.0   117.38781
343.0   116.42125
344.0   106.05577
350.0   106.12470
351.0   102.80873
352.0   110.73600
353.0   104.02441
355.0    97.44365
356.0   135.88262
357.0   103.53032
359.0   112.58629
360.0   105.70155
361.0    84.45081
362.0   111.03395
363.0   101.18991
364.0   108.37781
365.0    96.57669
366.0    95.38731
367.0    94.41285
368.0   111.72809
370.0   117.47606
371.0   100.97084
372.0   100.09683
373.0   113.77109
374.0   110.42334
375.0   100.49551
376.0    99.25914
377.0   129.62367
378.0   104.98864
379.0   126.44846
380.0   102.20899
381.0    97.84363
383.0   116.97659
384.0    91.38037
385.0   116.51033
388.0   100.70938
389.0   135.38153
390.0   118.87896
391.0   101.09259
392.0   109.52424
393.0   111.95192
395.0   120.88541
398.0   103.98280
399.0   120.29594
400.0   137.57235
402.0   106.82310
405.0   115.23096
406.0   130.99392
407.0   125.06800
408.0   102.94719
409.0   119.31697
410.0    84.13743
413.0   107.79105
414.0   110.05262
415.0    93.07613
417.0   104.12039
418.0   113.68155
419.0   105.01114
420.0   104.46976
421.0   108.14021
423.0   112.84343
424.0   105.97499
425.0   112.22788
426.0   132.50179
428.0   121.99034
430.0   128.41348
432.0   102.62366
433.0   127.90975
434.0   101.35867
435.0   109.23251
436.0   105.28415
438.0   122.37164
439.0   125.62506
440.0   105.78531
441.0   110.54306
442.0   103.26242
443.0    83.87053
444.0   165.80855
445.0   106.45680
447.0   103.82834
448.0   108.93015
449.0   117.02536
450.0    99.29469
451.0   117.32137
452.0   120.49862
453.0    97.92297
454.0   116.48426
457.0   112.28752
458.0   126.76551
459.0   108.07455
460.0   103.49722
461.0   104.25146
462.0   119.57216
463.0   105.03340
464.0   120.54018
465.0   105.21063
466.0   102.91247
467.0   102.31483
469.0   112.92396
471.0   118.48734
473.0   112.12157
474.0   109.03160
475.0   104.66504
476.0    97.79316
477.0    97.71444
478.0    98.09564
479.0   121.13329
480.0    97.89040
481.0   136.95171
482.0   113.70876
484.0   113.90266
486.0    96.48904
488.0   105.36381
489.0   114.29797
490.0    99.47623
491.0    95.70389
493.0   109.36140
494.0    95.23393
495.0   111.15412
496.0    92.25091
498.0   100.01124
499.0    96.65989
500.0   112.08330
