  1.0   396.50000
  2.0   518.50000
  4.0     0.00000
  6.0   326.50000
  7.0     0.00000
  9.0   384.25000
 11.0   494.50000
 12.0   341.75000
 13.0   399.75000
 14.0   413.75000
 16.0   321.25000
 18.0   358.00000
 19.0   363.50000
 20.0   578.00000
 21.0   553.25000
 22.0   295.00000
 23.0   413.50000
 24.0   505.25000
 25.0   267.75000
 26.0   388.75000
 27.0   744.75000
 29.0   498.50000
 30.0   431.75000
 31.0   289.50000
 32.0   455.50000
 33.0   137.25000
 34.0   593.25000
 35.0   565.50000
 36.0   361.25000
 37.0   590.75000
 39.0   278.75000
 41.0   439.00000
 42.0   562.00000
 44.0   280.50000
 45.0   333.50000
 46.0   255.75000
 48.0   296.50000
 49.0   439.50000
 51.0   730.50000
 52.0     0.00000
 53.0   320.75000
 54.0   283.50000
 55.0   471.75000
 56.0   477.00000
 58.0   349.75000
 59.0   421.25000
 60.0   431.25000
 63.0   298.00000
 65.0   429.75000
 66.0   330.50000
 67.0   386.25000
 68.0   352.75000
 70.0   387.00000
 71.0   332.25000
 72.0   435.00000
 73.0   463.75000
 74.0   337.50000
 75.0   636.75000
 78.0   230.50000
 79.0   376.00000
 80.0   332.50000
 81.0   407.25000
 82.0   346.75000
 83.0   398.25000
 85.0   266.75000
 86.0   400.50000
 87.0   894.75000
 88.0   566.50000
 90.0   489.25000
 91.0   284.25000
 92.0   358.50000
 93.0   511.25000
 94.0   336.00000
 95.0   381.75000
 96.0   546.00000
 98.0   429.75000
 99.0   520.75000
100.0   204.25000
101.0   485.75000
103.0   217.50000
105.0   245.75000
106.0   367.00000
107.0   378.75000
108.0   472.00000
109.0     0.00000
110.0   584.75000
112.0   723.00000
113.0   386.00000
114.0   333.25000
115.0   322.75000
116.0   338.00000
118.0   418.00000
119.0   219.75000
120.0   344.50000
122.0   444.50000
123.0   404.75000
124.0     0.00000
125.0   392.25000
126.0   623.25000
127.0   388.50000
128.0   357.75000
129.0   440.25000
130.0   382.25000
132.0   334.25000
133.0   341.50000
134.0   457.25000
135.0   305.00000
136.0   636.25000
137.0   525.75000
138.0   578.75000
139.0   447.25000
140.0   767.75000
142.0   390.00000
144.0   361.75000
146.0   373.75000
147.0   342.75000
149.0   398.75000
150.0   656.00000
151.0   420.75000
153.0     0.00000
154.0   211.75000
155.0   508.50000
156.0   410.75000
157.0   587.25000
158.0   388.25000
159.0   421.75000
161.0   329.75000
162.0   744.50000
163.0   327.75000
164.0   496.00000
166.0   382.00000
167.0   402.00000
168.0   293.00000
169.0   243.25000
170.0   438.50000
171.0   274.00000
172.0   791.75000
174.0   383.25000
175.0   378.00000
176.0   695.25000
178.0   428.75000
179.0   401.50000
180.0   513.00000
181.0   648.50000
182.0   271.75000
183.0   888.25000
186.0   802.75000
187.0   956.25000
189.0   197.50000
190.0   429.25000
192.0   586.50000
193.0   200.00000
194.0   289.25000
195.0   229.25000
196.0   481.00000
198.0   334.50000
201.0   872.00000
203.0   343.50000
204.0   432.00000
205.0   385.75000
206.0   416.50000
208.0   601.00000
209.0   402.75000
211.0   663.75000
212.0   391.50000
213.0   685.00000
214.0   469.75000
215.0   438.25000
216.0     0.00000
217.0   409.00000
218.0   637.50000
219.0   423.00000
220.0   521.75000
221.0   290.25000
222.0   329.25000
223.0   410.75000
224.0   473.75000
228.0   529.75000
229.0   268.25000
230.0   691.75000
231.0   448.50000
234.0   528.25000
235.0   399.00000
236.0   665.00000
237.0   435.25000
239.0   469.50000
240.0   489.00000
241.0   340.25000
242.0   527.00000
243.0   385.50000
244.0   507.50000
246.0   321.00000
247.0   342.00000
248.0   504.75000
249.0   394.75000
250.0   657.25000
251.0   427.00000
252.0   646.25000
253.0   232.00000
254.0   508.75000
256.0   287.00000
257.0   473.00000
258.0   398.25000
259.0   379.00000
260.0   435.25000
261.0   441.25000
262.0   451.75000
264.0   316.25000
265.0   510.25000
267.0   357.00000
268.0   457.25000
269.0   336.50000
270.0   396.50000
271.0   542.50000
272.0   283.00000
273.0   547.25000
274.0   527.25000
275.0   382.50000
276.0   580.75000
277.0     0.00000
278.0   292.75000
279.0   588.50000
280.0   367.25000
281.0   650.75000
282.0   349.75000
283.0   489.75000
287.0   377.25000
288.0   258.00000
289.0    67.00000
290.0   356.00000
291.0   481.50000
292.0   874.00000
293.0   291.00000
294.0   454.50000
295.0   125.75000
296.0   637.50000
297.0   555.25000
298.0   628.50000
302.0   531.25000
304.0   345.75000
305.0   663.00000
306.0   353.50000
307.0   341.25000
308.0   379.75000
309.0   275.25000
310.0   437.00000
313.0   533.75000
314.0   367.00000
315.0   518.75000
317.0   516.00000
318.0   399.50000
319.0   386.00000
320.0   952.00000
321.0   447.00000
324.0   366.25000
325.0   335.50000
326.0   265.25000
328.0   355.50000
329.0   285.00000
330.0   428.25000
331.0   241.00000
332.0   330.25000
334.0   288.00000
335.0   287.25000
336.0   256.50000
337.0   321.25000
339.0   223.25000
340.0   242.50000
341.0   370.50000
342.0   527.00000
343.0   282.00000
344.0   560.75000
350.0   330.50000
351.0   278.50000
352.0   467.75000
353.0   508.25000
355.0   446.25000
356.0   432.50000
357.0   284.75000
359.0   276.00000
360.0   379.00000
361.0   536.00000
362.0   544.50000
363.0   273.50000
364.0   718.75000
365.0   388.25000
366.0   545.25000
367.0   421.00000
368.0   285.75000
370.0   379.00000
371.0   415.00000
372.0   483.50000
373.0   282.25000
374.0   583.00000
375.0   378.00000
376.0   400.75000
377.0   208.00000
378.0   461.00000
379.0     0.00000
380.0   502.25000
381.0   530.75000
383.0   327.25000
384.0   493.75000
385.0   723.75000
388.0   636.25000
389.0   639.25000
390.0   666.50000
391.0   522.75000
392.0   283.50000
393.0   340.00000
395.0     0.00000
398.0   386.75000
399.0   353.25000
400.0   184.50000
402.0   294.00000
405.0   247.75000
406.0   845.00000
407.0   534.25000
408.0   316.75000
409.0   356.50000
410.0     0.00000
413.0   275.00000
414.0   432.75000
415.0   601.25000
417.0   340.50000
418.0   267.50000
419.0   387.50000
420.0   343.25000
421.0   276.00000
423.0   610.50000
424.0   525.00000
425.0   306.25000
426.0   588.75000
428.0   452.00000
430.0   385.25000
432.0   219.75000
433.0   858.00000
434.0   421.75000
435.0   507.25000
436.0   431.75000
438.0   737.00000
439.0   557.00000
440.0   384.25000
441.0   327.50000
442.0   524.50000
443.0   402.00000
444.0     0.00000
445.0   353.00000
447.0   810.25000
448.0   225.75000
449.0   354.50000
450.0   329.00000
451.0     0.00000
452.0   323.00000
453.0   414.75000
454.0   442.75000
457.0   379.00000
458.0   312.25000
459.0   565.75000
460.0   381.75000
461.0   490.75000
462.0   302.25000
463.0   410.00000
464.0   313.00000
465.0   324.75000
466.0   271.25000
467.0   294.75000
469.0   610.75000
471.0   630.50000
473.0   259.25000
474.0   277.50000
475.0   235.00000
476.0   391.00000
477.0   435.50000
478.0   441.75000
479.0   408.00000
480.0   320.75000
481.0   720.00000
482.0   567.00000
484.0   301.00000
486.0   499.25000
488.0   423.50000
489.0   391.75000
490.0   587.50000
491.0   439.25000
493.0     0.00000
494.0   437.50000
495.0   862.25000
496.0   431.75000
498.0   405.75000
499.0   569.50000
500.0   384.25000
