0.3     -6.42589
0.6     -6.4264
0.9     -6.42336
1.2     -6.42572
1.5     -6.42529
1.8     -6.42138
2.1     -6.42214
2.4     -6.42126
2.7     -6.41917
3.0     -6.41775
3.3     -6.42363
3.6     -6.42027
3.9     -6.41672
4.2     -6.41689
4.5     -6.41615
4.8     -6.41885
5.1     -6.42073
5.4     -6.42063
5.7     -6.41812
6.0     -6.4202
6.3     -6.41607
6.6     -6.4227
6.9     -6.42109
7.2     -6.42129
7.5     -6.42548
7.8     -6.42797
8.1     -6.42628
8.4     -6.42541
8.7     -6.42424
9.0     -6.42722
9.3     -6.42455
9.6     -6.42458
9.9     -6.4257
10.2     -6.42472
10.5     -6.42478
10.8     -6.42156
11.1     -6.42024
11.4     -6.42008
11.7     -6.41982
12.0     -6.41787
12.3     -6.41664
12.6     -6.4145
12.9     -6.41402
13.2     -6.41278
13.5     -6.41038
13.8     -6.40763
14.1     -6.40717
14.4     -6.40547
14.7     -6.40392
15.0     -6.4009
15.3     -6.40228
15.6     -6.39817
15.9     -6.39632
16.2     -6.3951
16.5     -6.39309
16.8     -6.39036
17.1     -6.38976
17.4     -6.38651
17.7     -6.38507
18.0     -6.38258
18.3     -6.38092
18.6     -6.3787
18.9     -6.37895
19.2     -6.378
19.5     -6.38506
19.8     -6.38611
20.1     -6.38647
20.4     -6.38465
20.7     -6.38161
21.0     -6.37975
21.3     -6.37693
21.6     -6.3743
21.9     -6.37259
22.2     -6.36933
22.5     -6.36781
22.8     -6.36507
23.1     -6.36081
23.4     -6.35872
23.7     -6.35671
24.0     -6.35311
24.3     -6.35081
24.6     -6.34839
24.9     -6.34255
25.2     -6.34012
25.5     -6.3401
25.8     -6.3337
26.1     -6.32998
26.4     -6.32708
26.7     -6.32394
27.0     -6.32039
27.3     -6.31737
27.6     -6.31693
27.9     -6.31325
28.2     -6.30705
28.5     -6.30497
28.8     -6.30292
29.1     -6.29782
29.4     -6.29746
29.7     -6.29384
30.0     -6.29187
30.3     -6.28766
30.6     -6.28078
30.9     -6.27727
31.2     -6.27333
31.5     -6.27014
31.8     -6.267
32.1     -6.26348
32.4     -6.26031
32.7     -6.25909
33.0     -6.25538
33.3     -6.24899
33.6     -6.25214
33.9     -6.24804
34.2     -6.24144
34.5     -6.23354
34.8     -6.23219
35.1     -6.22947
35.4     -6.22657
35.7     -6.22336
36.0     -6.2202
36.3     -6.2198
36.6     -6.20826
36.9     -6.20629
37.2     -6.20604
37.5     -6.20172
37.8     -6.20098
38.1     -6.19386
38.4     -6.19024
38.7     -6.18715
39.0     -6.18317
39.3     -6.17942
39.6     -6.17519
39.9     -6.16957
40.2     -6.171
40.5     -6.16533
40.8     -6.16344
41.1     -6.15562
41.4     -6.15378
41.7     -6.15186
42.0     -6.14358
42.3     -6.14354
42.6     -6.13906
42.9     -6.13659
43.2     -6.13249
43.5     -6.12418
43.8     -6.12216
44.1     -6.1226
44.4     -6.11811
44.7     -6.11489
45.0     -6.11182
45.3     -6.10098
45.6     -6.10283
45.9     -6.09929
46.2     -6.09453
46.5     -6.08669
46.8     -6.08415
47.1     -6.07771
47.4     -6.07876
47.7     -6.07018
48.0     -6.06826
48.3     -6.06627
48.6     -6.0573
48.9     -6.05319
49.2     -6.05112
49.5     -6.05287
49.8     -6.04339
50.1     -6.03892
50.4     -6.04035
50.7     -6.02939
51.0     -6.02611
51.3     -6.02385
51.6     -6.02553
51.9     -6.01609
52.2     -6.0135
52.5     -6.01216
52.8     -5.99985
53.1     -6.00171
53.4     -5.99254
53.7     -5.98658
54.0     -5.98235
54.3     -5.97593
54.6     -5.97482
54.9     -5.96918
55.2     -5.96829
55.5     -5.96083
55.8     -5.9557
56.1     -5.95358
56.4     -5.94904
56.7     -5.94607
57.0     -5.93966
57.3     -5.93566
57.6     -5.93098
57.9     -5.92841
58.2     -5.92327
58.5     -5.92018
58.8     -5.91557
59.1     -5.90871
59.4     -5.90488
59.7     -5.90515
60.0     -5.89629
60.3     -5.89221
60.6     -5.88829
60.9     -5.88328
61.2     -5.88088
61.5     -5.87517
61.8     -5.86986
62.1     -5.86897
62.4     -5.8618
62.7     -5.85653
63.0     -5.85217
63.3     -5.84917
63.6     -5.84373
63.9     -5.83654
64.2     -5.83489
64.5     -5.83126
64.8     -5.82579
65.1     -5.82194
65.4     -5.81826
65.7     -5.81341
66.0     -5.80767
66.3     -5.80421
66.6     -5.79942
66.9     -5.79386
67.2     -5.79117
67.5     -5.78615
67.8     -5.77943
68.1     -5.77742
68.4     -5.77405
68.7     -5.7687
69.0     -5.76638
69.3     -5.75831
69.6     -5.75575
69.9     -5.7515
70.2     -5.74763
70.5     -5.74129
70.8     -5.73824
71.1     -5.73392
71.4     -5.72985
71.7     -5.72391
72.0     -5.72052
72.3     -5.71682
72.6     -5.7119
72.9     -5.70626
73.2     -5.69977
73.5     -5.69944
73.8     -5.69426
74.1     -5.68908
74.4     -5.68713
74.7     -5.68069
75.0     -5.67856
75.3     -5.67156
75.6     -5.66633
75.9     -5.66467
76.2     -5.65957
76.5     -5.65668
76.8     -5.65023
77.1     -5.64693
77.4     -5.64219
77.7     -5.63736
78.0     -5.63374
78.3     -5.63154
78.6     -5.62371
78.9     -5.61963
79.2     -5.61395
79.5     -5.60997
79.8     -5.60108
80.1     -5.59643
80.4     -5.59047
80.7     -5.58698
81.0     -5.57944
81.3     -5.57322
81.6     -5.56879
81.9     -5.56154
82.2     -5.55678
82.5     -5.55291
82.8     -5.54849
83.1     -5.54163
83.4     -5.53798
83.7     -5.53387
84.0     -5.52925
84.3     -5.52397
84.6     -5.51925
84.9     -5.51439
85.2     -5.50753
85.5     -5.50491
85.8     -5.49908
86.1     -5.49252
86.4     -5.48343
86.7     -5.48166
87.0     -5.47642
87.3     -5.47371
87.6     -5.46777
87.9     -5.46223
88.2     -5.45823
88.5     -5.44529
88.8     -5.447
89.1     -5.43467
89.4     -5.43063
89.7     -5.43373
90.0     -5.42046
90.3     -5.41506
90.6     -5.41197
90.9     -5.41238
91.2     -5.40905
91.5     -5.39627
91.8     -5.39837
92.1     -5.38582
92.4     -5.38673
92.7     -5.37557
93.0     -5.37874
93.3     -5.37306
93.6     -5.36723
93.9     -5.35545
94.2     -5.35774
94.5     -5.35328
94.8     -5.33981
95.1     -5.33964
95.4     -5.33595
95.7     -5.32124
96.0     -5.31051
96.3     -5.2959
96.6     -5.25824
96.9     -5.17742
97.2     -5.07139
97.5     -4.96272
97.8     -4.90626
98.1     -4.87491
98.4     -4.86718
98.7     -4.86547
99.0     -4.86495
99.3     -4.86796
99.6     -4.86877
99.9     -4.87309
100.2     -4.87609
100.5     -4.88021
100.8     -4.88212
101.1     -4.88681
101.4     -4.88793
101.7     -4.89146
102.0     -4.89525
102.3     -4.89672
102.6     -4.90083
102.9     -4.90343
103.2     -4.90703
103.5     -4.91194
103.8     -4.9162
104.1     -4.9172
104.4     -4.92457
104.7     -4.9252
105.0     -4.93185
105.3     -4.93196
105.6     -4.9366
105.9     -4.9404
106.2     -4.94504
106.5     -4.95065
106.8     -4.95323
107.1     -4.9583
107.4     -4.96193
107.7     -4.96618
108.0     -4.97036
108.3     -4.97443
108.6     -4.9802
108.9     -4.9843
109.2     -4.98709
109.5     -4.99361
109.8     -4.99823
110.1     -5.00121
110.4     -5.00683
110.7     -5.01103
111.0     -5.01539
111.3     -5.01958
111.6     -5.02495
111.9     -5.03021
112.2     -5.03594
112.5     -5.04011
112.8     -5.04375
113.1     -5.04917
113.4     -5.05261
113.7     -5.05691
114.0     -5.06224
114.3     -5.06736
114.6     -5.07085
114.9     -5.07762
115.2     -5.08055
115.5     -5.08625
115.8     -5.091
116.1     -5.09625
116.4     -5.10076
116.7     -5.10611
117.0     -5.11081
117.3     -5.11556
117.6     -5.11869
117.9     -5.12545
118.2     -5.12953
118.5     -5.13603
118.8     -5.14133
119.1     -5.1482
119.4     -5.15378
119.7     -5.16036
120.0     -5.16597
120.3     -5.1733
120.6     -5.17825
120.9     -5.18474
121.2     -5.19057
121.5     -5.19646
121.8     -5.20258
122.1     -5.20863
122.4     -5.21707
122.7     -5.22239
123.0     -5.22881
123.3     -5.23446
123.6     -5.2404
123.9     -5.24448
124.2     -5.25208
124.5     -5.25936
124.8     -5.26423
125.1     -5.27026
125.4     -5.27721
125.7     -5.28234
126.0     -5.28934
126.3     -5.29444
126.6     -5.3011
126.9     -5.30695
127.2     -5.31269
127.5     -5.31707
127.8     -5.32567
128.1     -5.33364
128.4     -5.33822
128.7     -5.34386
129.0     -5.35053
129.3     -5.35626
129.6     -5.36146
129.9     -5.36699
130.2     -5.37349
130.5     -5.37879
130.8     -5.38463
131.1     -5.39046
131.4     -5.39803
131.7     -5.40163
132.0     -5.41043
132.3     -5.4137
132.6     -5.41912
132.9     -5.42617
133.2     -5.43042
133.5     -5.43722
133.8     -5.44165
134.1     -5.44847
134.4     -5.45405
134.7     -5.45801
135.0     -5.46458
135.3     -5.47092
135.6     -5.47706
135.9     -5.48254
136.2     -5.48708
136.5     -5.49155
136.8     -5.49882
137.1     -5.50239
137.4     -5.50833
137.7     -5.51427
138.0     -5.51954
138.3     -5.52538
138.6     -5.53151
138.9     -5.5376
139.2     -5.54192
139.5     -5.54729
139.8     -5.55211
140.1     -5.55755
140.4     -5.56287
140.7     -5.56781
141.0     -5.57435
141.3     -5.57963
141.6     -5.58503
141.9     -5.58909
142.2     -5.59445
142.5     -5.59877
142.8     -5.60437
143.1     -5.60878
143.4     -5.61503
143.7     -5.61973
144.0     -5.6253
144.3     -5.62968
144.6     -5.63456
144.9     -5.64023
145.2     -5.64442
145.5     -5.64891
145.8     -5.65289
146.1     -5.6591
146.4     -5.66148
146.7     -5.6682
147.0     -5.67311
147.3     -5.67635
147.6     -5.68127
147.9     -5.6859
148.2     -5.68954
148.5     -5.69474
148.8     -5.69976
149.1     -5.70447
149.4     -5.70981
149.7     -5.71379
150.0     -5.71856
150.3     -5.72383
150.6     -5.7268
150.9     -5.7316
151.2     -5.73708
151.5     -5.73843
151.8     -5.74599
152.1     -5.74847
152.4     -5.75275
152.7     -5.7568
153.0     -5.76047
153.3     -5.76427
153.6     -5.7687
153.9     -5.77383
154.2     -5.77723
154.5     -5.78154
154.8     -5.78448
155.1     -5.78943
155.4     -5.79276
155.7     -5.79726
156.0     -5.80033
156.3     -5.80561
156.6     -5.80723
156.9     -5.81157
157.2     -5.81555
157.5     -5.81889
157.8     -5.82287
158.1     -5.82597
158.4     -5.8291
158.7     -5.83306
159.0     -5.83909
159.3     -5.84129
159.6     -5.84531
159.9     -5.84749
160.2     -5.85139
160.5     -5.85455
160.8     -5.85729
161.1     -5.86012
161.4     -5.8642
161.7     -5.86826
162.0     -5.87045
162.3     -5.87389
162.6     -5.878
162.9     -5.88145
163.2     -5.88503
163.5     -5.8868
163.8     -5.89062
164.1     -5.89263
164.4     -5.89655
164.7     -5.89984
165.0     -5.89951
165.3     -5.90518
165.6     -5.90935
165.9     -5.9133
166.2     -5.91384
166.5     -5.91696
166.8     -5.92146
167.1     -5.92742
167.4     -5.93118
167.7     -5.93342
168.0     -5.93896
168.3     -5.94182
168.6     -5.94611
168.9     -5.94877
169.2     -5.95176
169.5     -5.95335
169.8     -5.95748
170.1     -5.96024
170.4     -5.96111
170.7     -5.9636
171.0     -5.96619
171.3     -5.96813
171.6     -5.968
171.9     -5.97193
172.2     -5.97252
172.5     -5.9745
172.8     -5.97623
173.1     -5.97591
173.4     -5.97903
173.7     -5.98008
174.0     -5.98246
174.3     -5.98305
174.6     -5.98465
174.9     -5.98549
175.2     -5.98534
175.5     -5.98531
175.8     -5.98745
176.1     -5.98906
176.4     -5.98889
176.7     -5.99165
177.0     -5.99228
177.3     -5.99223
177.6     -5.99227
177.9     -5.99232
178.2     -5.99378
178.5     -5.99518
178.8     -5.99617
179.1     -5.99659
179.4     -5.99575
179.7     -5.99749
180.0     -5.99758
