0.3     -4.00745
0.6     -4.00754
0.9     -4.00746
1.2     -4.0073
1.5     -4.00606
1.8     -4.00605
2.1     -4.00618
2.4     -4.00526
2.7     -4.00453
3.0     -4.00583
3.3     -4.00352
3.6     -4.00507
3.9     -4.00367
4.2     -4.00473
4.5     -4.0052
4.8     -4.00558
5.1     -4.00517
5.4     -4.00561
5.7     -4.00518
6.0     -4.0051
6.3     -4.00747
6.6     -4.00511
6.9     -4.0075
7.2     -4.00838
7.5     -4.00982
7.8     -4.01102
8.1     -4.01133
8.4     -4.01234
8.7     -4.01225
9.0     -4.01456
9.3     -4.01357
9.6     -4.01617
9.9     -4.01636
10.2     -4.01661
10.5     -4.0169
10.8     -4.01858
11.1     -4.01942
11.4     -4.01978
11.7     -4.0206
12.0     -4.02304
12.3     -4.02346
12.6     -4.0245
12.9     -4.02426
13.2     -4.02437
13.5     -4.02502
13.8     -4.02625
14.1     -4.0276
14.4     -4.02757
14.7     -4.02889
15.0     -4.0294
15.3     -4.03081
15.6     -4.0316
15.9     -4.03268
16.2     -4.03438
16.5     -4.03532
16.8     -4.0364
17.1     -4.038
17.4     -4.03802
17.7     -4.04017
18.0     -4.04112
18.3     -4.04304
18.6     -4.04362
18.9     -4.04672
19.2     -4.04867
19.5     -4.05542
19.8     -4.05891
20.1     -4.06134
20.4     -4.06394
20.7     -4.06479
21.0     -4.06647
21.3     -4.06839
21.6     -4.07014
21.9     -4.07261
22.2     -4.07346
22.5     -4.07615
22.8     -4.07806
23.1     -4.07897
23.4     -4.08018
23.7     -4.08242
24.0     -4.08391
24.3     -4.08605
24.6     -4.08802
24.9     -4.08851
25.2     -4.09049
25.5     -4.09365
25.8     -4.09372
26.1     -4.09602
26.4     -4.09801
26.7     -4.10009
27.0     -4.1015
27.3     -4.10358
27.6     -4.10613
27.9     -4.10814
28.2     -4.10929
28.5     -4.11151
28.8     -4.11405
29.1     -4.11566
29.4     -4.11899
29.7     -4.12052
30.0     -4.12336
30.3     -4.12445
30.6     -4.12617
30.9     -4.12781
31.2     -4.12986
31.5     -4.1319
31.8     -4.13434
32.1     -4.13651
32.4     -4.1388
32.7     -4.14131
33.0     -4.14403
33.3     -4.14608
33.6     -4.15049
33.9     -4.15299
34.2     -4.15357
34.5     -4.1555
34.8     -4.15816
35.1     -4.16026
35.4     -4.1626
35.7     -4.16643
36.0     -4.16812
36.3     -4.17212
36.6     -4.1716
36.9     -4.17502
37.2     -4.17847
37.5     -4.1819
37.8     -4.1844
38.1     -4.18691
38.4     -4.1886
38.7     -4.19328
39.0     -4.19598
39.3     -4.19728
39.6     -4.20182
39.9     -4.2025
40.2     -4.20899
40.5     -4.21016
40.8     -4.21476
41.1     -4.21425
41.4     -4.22025
41.7     -4.2242
42.0     -4.22512
42.3     -4.22963
42.6     -4.23265
42.9     -4.23639
43.2     -4.23878
43.5     -4.23791
43.8     -4.24376
44.1     -4.24976
44.4     -4.2542
44.7     -4.25796
45.0     -4.26209
45.3     -4.25791
45.6     -4.26583
45.9     -4.27141
46.2     -4.27342
46.5     -4.27413
46.8     -4.27919
47.1     -4.2793
47.4     -4.28742
47.7     -4.28664
48.0     -4.29326
48.3     -4.2966
48.6     -4.29931
48.9     -4.30247
49.2     -4.30582
49.5     -4.31481
49.8     -4.31468
50.1     -4.31855
50.4     -4.32607
50.7     -4.32581
51.0     -4.32993
51.3     -4.33524
51.6     -4.34321
51.9     -4.3443
52.2     -4.34882
52.5     -4.35526
52.8     -4.35398
53.1     -4.36183
53.4     -4.36267
53.7     -4.36603
54.0     -4.37125
54.3     -4.37382
54.6     -4.38003
54.9     -4.38392
55.2     -4.39044
55.5     -4.39319
55.8     -4.39732
56.1     -4.40303
56.4     -4.406
56.7     -4.41308
57.0     -4.41491
57.3     -4.42107
57.6     -4.42529
57.9     -4.4306
58.2     -4.43486
58.5     -4.44046
58.8     -4.44469
59.1     -4.44868
59.4     -4.45377
59.7     -4.46151
60.0     -4.46429
60.3     -4.4686
60.6     -4.47466
60.9     -4.47938
61.2     -4.48411
61.5     -4.48946
61.8     -4.49366
62.1     -4.50091
62.4     -4.50467
62.7     -4.51003
63.0     -4.51432
63.3     -4.52101
63.6     -4.52582
63.9     -4.53023
64.2     -4.53666
64.5     -4.54376
64.8     -4.54829
65.1     -4.55523
65.4     -4.55868
65.7     -4.56547
66.0     -4.56951
66.3     -4.57671
66.6     -4.58203
66.9     -4.58564
67.2     -4.59301
67.5     -4.59863
67.8     -4.60406
68.1     -4.61062
68.4     -4.6175
68.7     -4.62156
69.0     -4.62977
69.3     -4.63347
69.6     -4.64055
69.9     -4.6461
70.2     -4.65235
70.5     -4.65972
70.8     -4.66481
71.1     -4.67004
71.4     -4.67581
71.7     -4.6826
72.0     -4.68915
72.3     -4.69523
72.6     -4.69906
72.9     -4.7064
73.2     -4.7118
73.5     -4.71767
73.8     -4.72397
74.1     -4.73013
74.4     -4.73747
74.7     -4.74364
75.0     -4.74892
75.3     -4.7552
75.6     -4.7601
75.9     -4.76979
76.2     -4.77551
76.5     -4.78433
76.8     -4.78861
77.1     -4.79522
77.4     -4.80291
77.7     -4.81703
78.0     -4.81495
78.3     -4.82928
78.6     -4.83619
78.9     -4.84216
79.2     -4.84817
79.5     -4.8538
79.8     -4.85217
80.1     -4.85894
80.4     -4.86465
80.7     -4.87213
81.0     -4.87747
81.3     -4.88357
81.6     -4.88989
81.9     -4.89506
82.2     -4.90206
82.5     -4.90855
82.8     -4.92268
83.1     -4.92047
83.4     -4.93533
83.7     -4.94326
84.0     -4.94877
84.3     -4.95534
84.6     -4.96246
84.9     -4.96976
85.2     -4.97488
85.5     -4.98332
85.8     -4.99034
86.1     -4.99638
86.4     -4.99458
86.7     -5.01042
87.0     -5.0159
87.3     -5.02291
87.6     -5.0297
87.9     -5.03632
88.2     -5.04444
88.5     -5.03942
88.8     -5.05824
89.1     -5.05523
89.4     -5.06102
89.7     -5.0798
90.0     -5.07578
90.3     -5.08101
90.6     -5.09032
90.9     -5.10819
91.2     -5.11457
91.5     -5.11209
91.8     -5.12933
92.1     -5.12662
92.4     -5.1436
92.7     -5.14052
93.0     -5.15935
93.3     -5.16701
93.6     -5.17468
93.9     -5.17137
94.2     -5.18905
94.5     -5.19739
94.8     -5.19382
95.1     -5.21253
95.4     -5.21825
95.7     -5.21712
96.0     -5.22837
96.3     -5.2288
96.6     -5.21261
96.9     -5.15415
97.2     -5.0589
97.5     -4.93927
97.8     -4.8669
98.1     -4.81953
98.4     -4.79091
98.7     -4.77519
99.0     -4.76038
99.3     -4.7535
99.6     -4.74021
99.9     -4.73367
100.2     -4.72633
100.5     -4.71622
100.8     -4.7107
101.1     -4.70165
101.4     -4.69066
101.7     -4.68294
102.0     -4.67538
102.3     -4.66846
102.6     -4.66066
102.9     -4.65039
103.2     -4.6432
103.5     -4.63562
103.8     -4.62757
104.1     -4.61896
104.4     -4.61219
104.7     -4.60503
105.0     -4.59935
105.3     -4.5912
105.6     -4.58465
105.9     -4.57671
106.2     -4.56851
106.5     -4.56319
106.8     -4.55719
107.1     -4.54939
107.4     -4.5423
107.7     -4.53724
108.0     -4.53114
108.3     -4.52345
108.6     -4.51998
108.9     -4.51309
109.2     -4.50715
109.5     -4.50101
109.8     -4.4934
110.1     -4.48758
110.4     -4.48396
110.7     -4.47611
111.0     -4.46989
111.3     -4.46382
111.6     -4.45707
111.9     -4.45331
112.2     -4.44869
112.5     -4.43956
112.8     -4.43268
113.1     -4.43155
113.4     -4.42394
113.7     -4.4193
114.0     -4.41521
114.3     -4.40837
114.6     -4.40177
114.9     -4.39704
115.2     -4.3913
115.5     -4.38801
115.8     -4.37904
116.1     -4.37337
116.4     -4.36933
116.7     -4.36331
117.0     -4.35781
117.3     -4.35151
117.6     -4.34762
117.9     -4.34224
118.2     -4.33695
118.5     -4.33189
118.8     -4.32762
119.1     -4.32362
119.4     -4.31944
119.7     -4.31377
120.0     -4.31166
120.3     -4.30823
120.6     -4.30307
120.9     -4.29839
121.2     -4.29614
121.5     -4.29187
121.8     -4.28748
122.1     -4.28287
122.4     -4.28197
122.7     -4.27703
123.0     -4.27378
123.3     -4.26891
123.6     -4.26298
123.9     -4.26099
124.2     -4.2581
124.5     -4.25452
124.8     -4.24837
125.1     -4.24704
125.4     -4.24613
125.7     -4.2398
126.0     -4.23561
126.3     -4.23329
126.6     -4.23398
126.9     -4.2275
127.2     -4.22432
127.5     -4.21921
127.8     -4.2216
128.1     -4.21837
128.4     -4.21496
128.7     -4.21095
129.0     -4.20761
129.3     -4.20331
129.6     -4.2022
129.9     -4.19926
130.2     -4.19704
130.5     -4.19409
130.8     -4.19034
131.1     -4.18693
131.4     -4.18526
131.7     -4.1816
132.0     -4.17891
132.3     -4.17797
132.6     -4.17476
132.9     -4.16842
133.2     -4.16743
133.5     -4.16493
133.8     -4.16386
134.1     -4.15998
134.4     -4.15864
134.7     -4.15361
135.0     -4.15227
135.3     -4.14923
135.6     -4.1465
135.9     -4.14514
136.2     -4.14367
136.5     -4.13965
136.8     -4.13732
137.1     -4.133
137.4     -4.13193
137.7     -4.12868
138.0     -4.12657
138.3     -4.12489
138.6     -4.1228
138.9     -4.12
139.2     -4.11807
139.5     -4.11571
139.8     -4.11351
140.1     -4.11096
140.4     -4.10809
140.7     -4.10617
141.0     -4.10598
141.3     -4.10208
141.6     -4.10122
141.9     -4.09885
142.2     -4.09654
142.5     -4.09374
142.8     -4.0913
143.1     -4.09003
143.4     -4.08837
143.7     -4.08633
144.0     -4.08465
144.3     -4.08306
144.6     -4.08083
144.9     -4.07903
145.2     -4.07766
145.5     -4.07587
145.8     -4.07378
146.1     -4.07261
146.4     -4.06989
146.7     -4.06923
147.0     -4.06764
147.3     -4.06582
147.6     -4.06422
147.9     -4.06207
148.2     -4.06068
148.5     -4.05872
148.8     -4.05819
149.1     -4.05595
149.4     -4.05532
149.7     -4.05403
150.0     -4.05158
150.3     -4.05183
150.6     -4.05003
150.9     -4.04862
151.2     -4.04723
151.5     -4.04581
151.8     -4.04357
152.1     -4.04313
152.4     -4.04163
152.7     -4.04136
153.0     -4.03961
153.3     -4.03847
153.6     -4.03696
153.9     -4.0353
154.2     -4.03536
154.5     -4.03495
154.8     -4.03194
155.1     -4.0323
155.4     -4.03086
155.7     -4.02997
156.0     -4.02958
156.3     -4.02907
156.6     -4.02792
156.9     -4.02596
157.2     -4.02615
157.5     -4.02499
157.8     -4.02405
158.1     -4.02308
158.4     -4.02137
158.7     -4.02031
159.0     -4.02109
159.3     -4.02039
159.6     -4.01995
159.9     -4.01889
160.2     -4.01858
160.5     -4.01725
160.8     -4.01642
161.1     -4.01662
161.4     -4.01648
161.7     -4.01499
162.0     -4.01334
162.3     -4.01417
162.6     -4.01449
162.9     -4.01281
163.2     -4.01165
163.5     -4.01186
163.8     -4.01119
164.1     -4.01085
164.4     -4.00977
164.7     -4.01042
165.0     -4.00899
165.3     -4.00927
165.6     -4.00812
165.9     -4.00729
166.2     -4.00609
166.5     -4.00696
166.8     -4.00624
167.1     -4.00624
167.4     -4.00625
167.7     -4.00628
168.0     -4.00589
168.3     -4.00514
168.6     -4.0051
168.9     -4.00455
169.2     -4.00392
169.5     -4.00337
169.8     -4.00298
170.1     -4.00317
170.4     -4.00283
170.7     -4.00256
171.0     -4.00267
171.3     -4.00125
171.6     -4.00206
171.9     -4.00164
172.2     -4.00106
172.5     -4.00136
172.8     -4.0013
173.1     -4.00095
173.4     -4.00138
173.7     -4.00121
174.0     -4.00122
174.3     -4.00062
174.6     -4.00072
174.9     -4.0017
175.2     -4.00023
175.5     -3.9999
175.8     -4.00056
176.1     -4.00141
176.4     -4.00081
176.7     -4.00183
177.0     -4.00158
177.3     -4.0018
177.6     -4.00157
177.9     -4.00152
178.2     -4.00259
178.5     -4.00265
178.8     -4.00297
179.1     -4.00304
179.4     -4.0031
179.7     -4.00442
180.0     -4.00473
