0.25     0.0
0.5     0.0
0.75     0.0
1.0     0.0
1.25     0.0
1.5     0.0
1.75     0.0
2.0     0.0
2.25     0.0
2.5     0.0
2.75     0.0
3.0     0.0
3.25     0.0
3.5     0.0
3.75     0.0
4.0     0.0
4.25     0.0
4.5     0.0
4.75     0.0
5.0     0.0
5.25     0.0
5.5     0.0
5.75     0.0
6.0     0.0
6.25     0.0
6.5     0.0
6.75     0.0
7.0     0.0
7.25     0.0
7.5     0.0
7.75     0.0
8.0     0.0
8.25     0.0
8.5     0.0
8.75     0.0
9.0     0.0
9.25     0.0
9.5     0.0
9.75     0.0
10.0     0.0
10.25     0.0
10.5     0.0
10.75     0.0
11.0     0.0
11.25     0.0
11.5     0.0
11.75     0.0
12.0     0.0
12.25     0.0
12.5     0.0
12.75     0.0
13.0     0.0
13.25     0.0
13.5     0.0
13.75     0.0
14.0     0.0
14.25     0.0
14.5     0.0
14.75     0.0
15.0     0.0
15.25     0.0
15.5     0.0
15.75     0.0
16.0     0.0
16.25     0.0
16.5     0.0
16.75     0.0
17.0     0.0
17.25     0.0
17.5     0.0
17.75     0.0
18.0     0.0
18.25     0.0
18.5     0.0
18.75     0.0
19.0     0.0
19.25     0.0
19.5     0.0
19.75     0.0
20.0     0.0
20.25     0.0
20.5     0.0
20.75     0.0
21.0     0.0
21.25     0.0
21.5     0.0
21.75     0.0
22.0     0.0
22.25     0.0
22.5     0.0
22.75     0.0
23.0     0.002
23.25     0.002
23.5     0.002
23.75     0.002
24.0     0.004
24.25     0.004
24.5     0.004
24.75     0.006
25.0     0.006
25.25     0.006
25.5     0.006
25.75     0.008
26.0     0.008
26.25     0.01
26.5     0.012
26.75     0.012
27.0     0.012
27.25     0.012
27.5     0.014
27.75     0.014
28.0     0.014
28.25     0.014
28.5     0.014
28.75     0.014
29.0     0.014
29.25     0.014
29.5     0.014
29.75     0.016
30.0     0.016
30.25     0.016
30.5     0.016
30.75     0.018
31.0     0.016
31.25     0.016
31.5     0.018
31.75     0.018
32.0     0.02
32.25     0.022
32.5     0.024
32.75     0.024
33.0     0.024
33.25     0.024
33.5     0.026
33.75     0.026
34.0     0.026
34.25     0.026
34.5     0.026
34.75     0.026
35.0     0.026
35.25     0.026
35.5     0.026
35.75     0.026
36.0     0.026
36.25     0.026
36.5     0.026
36.75     0.028
37.0     0.028
37.25     0.028
37.5     0.028
37.75     0.028
38.0     0.028
38.25     0.028
38.5     0.028
38.75     0.028
39.0     0.028
39.25     0.03
39.5     0.03
39.75     0.03
40.0     0.03
40.25     0.03
40.5     0.03
40.75     0.03
41.0     0.03
41.25     0.03
41.5     0.03
41.75     0.03
42.0     0.03
42.25     0.032
42.5     0.032
42.75     0.032
43.0     0.032
43.25     0.032
43.5     0.032
43.75     0.032
44.0     0.034
44.25     0.034
44.5     0.038
44.75     0.038
45.0     0.038
45.25     0.038
45.5     0.038
45.75     0.038
46.0     0.038
46.25     0.038
46.5     0.038
46.75     0.038
47.0     0.04
47.25     0.04
47.5     0.04
47.75     0.04
48.0     0.04
48.25     0.04
48.5     0.042
48.75     0.042
49.0     0.042
49.25     0.042
49.5     0.044
49.75     0.044
50.0     0.044
50.25     0.044
50.5     0.044
50.75     0.044
51.0     0.046
51.25     0.048
51.5     0.048
51.75     0.048
52.0     0.048
52.25     0.048
52.5     0.048
52.75     0.054
53.0     0.054
53.25     0.054
53.5     0.054
53.75     0.056
54.0     0.056
54.25     0.056
54.5     0.056
54.75     0.056
55.0     0.056
55.25     0.06
55.5     0.06
55.75     0.06
56.0     0.062
56.25     0.062
56.5     0.062
56.75     0.062
57.0     0.062
57.25     0.062
57.5     0.062
57.75     0.064
58.0     0.066
58.25     0.068
58.5     0.068
58.75     0.07
59.0     0.07
59.25     0.072
59.5     0.072
59.75     0.072
60.0     0.072
60.25     0.072
60.5     0.072
60.75     0.072
61.0     0.072
61.25     0.072
61.5     0.072
61.75     0.072
62.0     0.072
62.25     0.072
62.5     0.072
62.75     0.072
63.0     0.072
63.25     0.072
63.5     0.072
63.75     0.072
64.0     0.072
64.25     0.072
64.5     0.076
64.75     0.076
65.0     0.076
65.25     0.076
65.5     0.076
65.75     0.076
66.0     0.076
66.25     0.078
66.5     0.078
66.75     0.078
67.0     0.078
67.25     0.078
67.5     0.078
67.75     0.078
68.0     0.078
68.25     0.078
68.5     0.078
68.75     0.078
69.0     0.08
69.25     0.08
69.5     0.08
69.75     0.08
70.0     0.08
70.25     0.08
70.5     0.08
70.75     0.08
71.0     0.08
71.25     0.08
71.5     0.082
71.75     0.082
72.0     0.082
72.25     0.082
72.5     0.082
72.75     0.082
73.0     0.082
73.25     0.082
73.5     0.082
73.75     0.082
74.0     0.082
74.25     0.082
74.5     0.082
74.75     0.082
75.0     0.082
75.25     0.086
75.5     0.088
75.75     0.092
76.0     0.092
76.25     0.092
76.5     0.092
76.75     0.092
77.0     0.092
77.25     0.092
77.5     0.092
77.75     0.092
78.0     0.092
78.25     0.094
78.5     0.094
78.75     0.094
79.0     0.096
79.25     0.096
79.5     0.096
79.75     0.096
80.0     0.096
80.25     0.096
80.5     0.096
80.75     0.096
81.0     0.098
81.25     0.098
81.5     0.098
81.75     0.098
82.0     0.098
82.25     0.098
82.5     0.098
82.75     0.098
83.0     0.098
83.25     0.098
83.5     0.098
83.75     0.098
84.0     0.098
84.25     0.098
84.5     0.098
84.75     0.1
85.0     0.1
85.25     0.102
85.5     0.104
85.75     0.104
86.0     0.106
86.25     0.108
86.5     0.108
86.75     0.108
87.0     0.108
87.25     0.108
87.5     0.11
87.75     0.11
88.0     0.11
88.25     0.11
88.5     0.11
88.75     0.11
89.0     0.11
89.25     0.11
89.5     0.11
89.75     0.11
90.0     0.11
90.25     0.11
90.5     0.11
90.75     0.11
91.0     0.11
91.25     0.11
91.5     0.11
91.75     0.11
92.0     0.11
92.25     0.11
92.5     0.11
92.75     0.11
93.0     0.11
93.25     0.11
93.5     0.11
93.75     0.11
94.0     0.11
94.25     0.11
94.5     0.112
94.75     0.112
95.0     0.114
95.25     0.114
95.5     0.118
95.75     0.118
96.0     0.118
96.25     0.118
96.5     0.12
96.75     0.12
97.0     0.122
97.25     0.122
97.5     0.122
97.75     0.12
98.0     0.12
98.25     0.12
98.5     0.12
98.75     0.12
99.0     0.12
99.25     0.12
99.5     0.12
99.75     0.12
100.0     0.12
100.25     0.12
100.5     0.12
100.75     0.12
101.0     0.12
101.25     0.12
101.5     0.12
101.75     0.12
102.0     0.12
102.25     0.12
102.5     0.12
102.75     0.122
103.0     0.122
103.25     0.122
103.5     0.122
103.75     0.122
104.0     0.122
104.25     0.122
104.5     0.122
104.75     0.122
105.0     0.122
105.25     0.122
105.5     0.122
105.75     0.122
106.0     0.122
106.25     0.122
106.5     0.122
106.75     0.122
107.0     0.122
107.25     0.122
107.5     0.122
107.75     0.124
108.0     0.126
108.25     0.126
108.5     0.126
108.75     0.126
109.0     0.126
109.25     0.126
109.5     0.126
109.75     0.126
110.0     0.126
110.25     0.126
110.5     0.126
110.75     0.126
111.0     0.126
111.25     0.126
111.5     0.126
111.75     0.126
112.0     0.128
112.25     0.128
112.5     0.13
112.75     0.13
113.0     0.13
113.25     0.13
113.5     0.13
113.75     0.13
114.0     0.13
114.25     0.13
114.5     0.132
114.75     0.132
115.0     0.132
115.25     0.132
115.5     0.134
115.75     0.134
116.0     0.134
116.25     0.134
116.5     0.134
116.75     0.134
117.0     0.134
117.25     0.134
117.5     0.134
117.75     0.134
118.0     0.134
118.25     0.134
118.5     0.134
118.75     0.134
119.0     0.134
119.25     0.134
119.5     0.134
119.75     0.134
120.0     0.134
120.25     0.134
120.5     0.134
120.75     0.134
121.0     0.134
121.25     0.136
121.5     0.136
121.75     0.136
122.0     0.136
122.25     0.136
122.5     0.136
122.75     0.136
123.0     0.136
123.25     0.138
123.5     0.138
123.75     0.138
124.0     0.138
124.25     0.138
124.5     0.138
124.75     0.138
125.0     0.138
125.25     0.138
125.5     0.138
125.75     0.138
126.0     0.138
126.25     0.138
126.5     0.138
126.75     0.14
127.0     0.14
127.25     0.14
127.5     0.14
127.75     0.14
128.0     0.14
128.25     0.14
128.5     0.14
128.75     0.14
129.0     0.14
129.25     0.14
129.5     0.14
129.75     0.14
130.0     0.14
130.25     0.14
130.5     0.14
130.75     0.14
131.0     0.14
131.25     0.14
131.5     0.14
131.75     0.14
132.0     0.14
132.25     0.142
132.5     0.142
132.75     0.142
133.0     0.142
133.25     0.142
133.5     0.142
133.75     0.142
134.0     0.142
134.25     0.142
134.5     0.142
134.75     0.142
135.0     0.144
135.25     0.144
135.5     0.146
135.75     0.146
136.0     0.148
136.25     0.148
136.5     0.148
136.75     0.15
137.0     0.15
137.25     0.15
137.5     0.15
137.75     0.15
138.0     0.15
138.25     0.15
138.5     0.15
138.75     0.15
139.0     0.15
139.25     0.15
139.5     0.15
139.75     0.152
140.0     0.152
140.25     0.152
140.5     0.152
140.75     0.152
141.0     0.152
141.25     0.154
141.5     0.154
141.75     0.156
142.0     0.156
142.25     0.156
142.5     0.158
142.75     0.158
143.0     0.158
143.25     0.158
143.5     0.158
143.75     0.158
144.0     0.158
144.25     0.158
144.5     0.158
144.75     0.158
145.0     0.16
145.25     0.16
145.5     0.16
145.75     0.16
146.0     0.162
146.25     0.162
146.5     0.162
146.75     0.162
147.0     0.162
147.25     0.162
147.5     0.162
147.75     0.162
148.0     0.162
148.25     0.162
148.5     0.162
148.75     0.162
149.0     0.164
149.25     0.164
149.5     0.164
149.75     0.164
150.0     0.166
150.25     0.166
150.5     0.166
150.75     0.166
151.0     0.166
151.25     0.166
151.5     0.166
151.75     0.166
152.0     0.166
152.25     0.168
152.5     0.168
152.75     0.168
153.0     0.168
153.25     0.168
153.5     0.168
153.75     0.168
154.0     0.17
154.25     0.17
154.5     0.17
154.75     0.17
155.0     0.17
155.25     0.17
155.5     0.17
155.75     0.17
156.0     0.17
156.25     0.17
156.5     0.17
156.75     0.17
157.0     0.172
157.25     0.174
157.5     0.174
157.75     0.174
158.0     0.174
158.25     0.174
158.5     0.174
158.75     0.178
159.0     0.178
159.25     0.178
159.5     0.178
159.75     0.18
160.0     0.18
160.25     0.18
160.5     0.18
160.75     0.18
161.0     0.18
161.25     0.18
161.5     0.18
161.75     0.18
162.0     0.18
162.25     0.18
162.5     0.18
162.75     0.18
163.0     0.18
163.25     0.18
163.5     0.18
163.75     0.182
164.0     0.182
164.25     0.182
164.5     0.182
164.75     0.182
165.0     0.182
165.25     0.182
165.5     0.182
165.75     0.182
166.0     0.182
166.25     0.182
166.5     0.182
166.75     0.182
167.0     0.184
167.25     0.186
167.5     0.186
167.75     0.186
168.0     0.186
168.25     0.188
168.5     0.192
168.75     0.192
169.0     0.192
169.25     0.192
169.5     0.192
169.75     0.192
170.0     0.194
170.25     0.194
170.5     0.194
170.75     0.194
171.0     0.194
171.25     0.194
171.5     0.194
171.75     0.194
172.0     0.194
172.25     0.194
172.5     0.194
172.75     0.194
173.0     0.194
173.25     0.194
173.5     0.194
173.75     0.194
174.0     0.194
174.25     0.194
174.5     0.194
174.75     0.194
175.0     0.196
175.25     0.196
175.5     0.196
175.75     0.196
176.0     0.198
176.25     0.198
176.5     0.198
176.75     0.198
177.0     0.198
177.25     0.198
177.5     0.198
177.75     0.198
178.0     0.198
178.25     0.198
178.5     0.198
178.75     0.198
179.0     0.198
179.25     0.198
179.5     0.198
179.75     0.198
180.0     0.198
180.25     0.198
180.5     0.198
180.75     0.198
181.0     0.198
181.25     0.198
181.5     0.198
181.75     0.198
182.0     0.198
182.25     0.198
182.5     0.198
182.75     0.198
183.0     0.198
183.25     0.198
183.5     0.198
183.75     0.198
184.0     0.198
184.25     0.198
184.5     0.198
184.75     0.198
185.0     0.198
185.25     0.198
185.5     0.198
185.75     0.198
186.0     0.198
186.25     0.198
186.5     0.2
186.75     0.2
187.0     0.2
187.25     0.2
187.5     0.2
187.75     0.2
188.0     0.2
188.25     0.202
188.5     0.204
188.75     0.204
189.0     0.208
189.25     0.208
189.5     0.208
189.75     0.21
190.0     0.212
190.25     0.212
190.5     0.214
190.75     0.214
191.0     0.214
191.25     0.214
191.5     0.214
191.75     0.214
192.0     0.214
192.25     0.214
192.5     0.216
192.75     0.216
193.0     0.216
193.25     0.216
193.5     0.216
193.75     0.218
194.0     0.218
194.25     0.218
194.5     0.218
194.75     0.218
195.0     0.222
195.25     0.222
195.5     0.222
195.75     0.222
196.0     0.222
196.25     0.222
196.5     0.222
196.75     0.222
197.0     0.224
197.25     0.224
197.5     0.226
197.75     0.228
198.0     0.228
198.25     0.23
198.5     0.232
198.75     0.232
199.0     0.232
199.25     0.232
199.5     0.234
199.75     0.236
200.0     0.236
200.25     0.236
200.5     0.236
200.75     0.236
201.0     0.236
201.25     0.236
201.5     0.236
201.75     0.236
202.0     0.238
202.25     0.238
202.5     0.238
202.75     0.238
203.0     0.238
203.25     0.238
203.5     0.242
203.75     0.242
204.0     0.242
204.25     0.242
204.5     0.242
204.75     0.242
205.0     0.244
205.25     0.246
205.5     0.246
205.75     0.246
206.0     0.248
206.25     0.248
206.5     0.25
206.75     0.252
207.0     0.252
207.25     0.254
207.5     0.254
207.75     0.254
208.0     0.254
208.25     0.254
208.5     0.252
208.75     0.254
209.0     0.256
209.25     0.256
209.5     0.256
209.75     0.258
210.0     0.258
210.25     0.258
210.5     0.258
210.75     0.258
211.0     0.258
211.25     0.258
211.5     0.262
211.75     0.262
212.0     0.262
212.25     0.262
212.5     0.262
212.75     0.262
213.0     0.264
213.25     0.266
213.5     0.266
213.75     0.268
214.0     0.268
214.25     0.268
214.5     0.27
214.75     0.27
215.0     0.272
215.25     0.274
215.5     0.274
215.75     0.274
216.0     0.274
216.25     0.274
216.5     0.274
216.75     0.274
217.0     0.274
217.25     0.276
217.5     0.278
217.75     0.282
218.0     0.282
218.25     0.284
218.5     0.284
218.75     0.286
219.0     0.284
219.25     0.286
219.5     0.288
219.75     0.288
220.0     0.288
220.25     0.288
220.5     0.288
220.75     0.29
221.0     0.29
221.25     0.29
221.5     0.29
221.75     0.292
222.0     0.292
222.25     0.292
222.5     0.292
222.75     0.292
223.0     0.292
223.25     0.294
223.5     0.294
223.75     0.296
224.0     0.296
224.25     0.296
224.5     0.296
224.75     0.296
225.0     0.3
225.25     0.302
225.5     0.302
225.75     0.304
226.0     0.304
226.25     0.306
226.5     0.31
226.75     0.31
227.0     0.31
227.25     0.31
227.5     0.312
227.75     0.314
228.0     0.314
228.25     0.314
228.5     0.314
228.75     0.314
229.0     0.316
229.25     0.316
229.5     0.316
229.75     0.316
230.0     0.316
230.25     0.318
230.5     0.318
230.75     0.318
231.0     0.32
231.25     0.32
231.5     0.32
231.75     0.32
232.0     0.32
232.25     0.322
232.5     0.322
232.75     0.326
233.0     0.326
233.25     0.326
233.5     0.326
233.75     0.33
234.0     0.33
234.25     0.33
234.5     0.332
234.75     0.332
235.0     0.332
235.25     0.332
235.5     0.332
235.75     0.332
236.0     0.332
236.25     0.332
236.5     0.332
236.75     0.332
237.0     0.332
237.25     0.332
237.5     0.332
237.75     0.332
238.0     0.334
238.25     0.334
238.5     0.334
238.75     0.334
239.0     0.336
239.25     0.336
239.5     0.336
239.75     0.336
240.0     0.336
240.25     0.338
240.5     0.338
240.75     0.338
241.0     0.338
241.25     0.338
241.5     0.34
241.75     0.34
242.0     0.34
242.25     0.34
242.5     0.34
242.75     0.34
243.0     0.342
243.25     0.342
243.5     0.342
243.75     0.344
244.0     0.344
244.25     0.344
244.5     0.348
244.75     0.348
245.0     0.348
245.25     0.348
245.5     0.348
245.75     0.348
246.0     0.348
246.25     0.352
246.5     0.354
246.75     0.354
247.0     0.354
247.25     0.354
247.5     0.354
247.75     0.356
248.0     0.356
248.25     0.356
248.5     0.356
248.75     0.356
249.0     0.356
249.25     0.356
249.5     0.356
249.75     0.358
250.0     0.358
250.25     0.358
250.5     0.358
250.75     0.358
251.0     0.358
251.25     0.358
251.5     0.36
251.75     0.36
252.0     0.36
252.25     0.36
252.5     0.362
252.75     0.364
253.0     0.364
253.25     0.364
253.5     0.364
253.75     0.364
254.0     0.364
254.25     0.366
254.5     0.366
254.75     0.366
255.0     0.368
255.25     0.37
255.5     0.37
255.75     0.37
256.0     0.37
256.25     0.372
256.5     0.372
256.75     0.372
257.0     0.372
257.25     0.372
257.5     0.372
257.75     0.372
258.0     0.372
258.25     0.372
258.5     0.374
258.75     0.374
259.0     0.376
259.25     0.376
259.5     0.376
259.75     0.376
260.0     0.376
260.25     0.376
260.5     0.376
260.75     0.376
261.0     0.376
261.25     0.378
261.5     0.38
261.75     0.384
262.0     0.384
262.25     0.386
262.5     0.386
262.75     0.388
263.0     0.388
263.25     0.386
263.5     0.39
263.75     0.39
264.0     0.39
264.25     0.392
264.5     0.392
264.75     0.392
265.0     0.392
265.25     0.394
265.5     0.396
265.75     0.398
266.0     0.398
266.25     0.398
266.5     0.398
266.75     0.398
267.0     0.398
267.25     0.398
267.5     0.398
267.75     0.398
268.0     0.4
268.25     0.4
268.5     0.4
268.75     0.4
269.0     0.4
269.25     0.4
269.5     0.4
269.75     0.4
270.0     0.4
270.25     0.4
270.5     0.402
270.75     0.404
271.0     0.408
271.25     0.408
271.5     0.408
271.75     0.408
272.0     0.408
272.25     0.408
272.5     0.41
272.75     0.412
273.0     0.414
273.25     0.416
273.5     0.416
273.75     0.416
274.0     0.418
274.25     0.42
274.5     0.42
274.75     0.422
275.0     0.422
275.25     0.428
275.5     0.43
275.75     0.432
276.0     0.432
276.25     0.432
276.5     0.436
276.75     0.438
277.0     0.438
277.25     0.438
277.5     0.438
277.75     0.44
278.0     0.442
278.25     0.442
278.5     0.442
278.75     0.446
279.0     0.444
279.25     0.446
279.5     0.446
279.75     0.448
280.0     0.448
280.25     0.45
280.5     0.452
280.75     0.458
281.0     0.46
281.25     0.462
281.5     0.464
281.75     0.462
282.0     0.466
282.25     0.468
282.5     0.472
282.75     0.474
283.0     0.474
283.25     0.478
283.5     0.48
283.75     0.482
284.0     0.482
284.25     0.484
284.5     0.486
284.75     0.488
285.0     0.49
285.25     0.49
285.5     0.49
285.75     0.492
286.0     0.492
286.25     0.494
286.5     0.492
286.75     0.494
287.0     0.5
287.25     0.502
287.5     0.502
287.75     0.504
288.0     0.506
288.25     0.51
288.5     0.51
288.75     0.51
289.0     0.514
289.25     0.516
289.5     0.514
289.75     0.516
290.0     0.518
290.25     0.518
290.5     0.522
290.75     0.524
291.0     0.526
291.25     0.526
291.5     0.528
291.75     0.532
292.0     0.532
292.25     0.534
292.5     0.536
292.75     0.536
293.0     0.536
293.25     0.536
293.5     0.536
293.75     0.536
294.0     0.536
294.25     0.538
294.5     0.54
294.75     0.542
295.0     0.542
295.25     0.542
295.5     0.542
295.75     0.544
296.0     0.544
296.25     0.546
296.5     0.546
296.75     0.548
297.0     0.548
297.25     0.548
297.5     0.548
297.75     0.548
298.0     0.55
298.25     0.554
298.5     0.558
298.75     0.558
299.0     0.558
299.25     0.56
299.5     0.56
299.75     0.562
300.0     0.564
300.25     0.564
300.5     0.566
300.75     0.568
301.0     0.57
301.25     0.57
301.5     0.572
301.75     0.576
302.0     0.578
302.25     0.576
302.5     0.578
302.75     0.578
303.0     0.582
303.25     0.584
303.5     0.584
303.75     0.584
304.0     0.584
304.25     0.584
304.5     0.582
304.75     0.582
305.0     0.584
305.25     0.588
305.5     0.594
305.75     0.594
306.0     0.594
306.25     0.592
306.5     0.592
306.75     0.594
307.0     0.594
307.25     0.596
307.5     0.596
307.75     0.596
308.0     0.598
308.25     0.604
308.5     0.604
308.75     0.604
309.0     0.604
309.25     0.604
309.5     0.606
309.75     0.608
310.0     0.608
310.25     0.608
310.5     0.608
310.75     0.608
311.0     0.61
311.25     0.61
311.5     0.61
311.75     0.61
312.0     0.61
312.25     0.61
312.5     0.612
312.75     0.612
313.0     0.614
313.25     0.614
313.5     0.614
313.75     0.614
314.0     0.614
314.25     0.614
314.5     0.616
314.75     0.616
315.0     0.618
315.25     0.618
315.5     0.618
315.75     0.618
316.0     0.618
316.25     0.618
316.5     0.618
316.75     0.618
317.0     0.62
317.25     0.62
317.5     0.62
317.75     0.62
318.0     0.62
318.25     0.622
318.5     0.622
318.75     0.622
319.0     0.622
319.25     0.622
319.5     0.622
319.75     0.622
320.0     0.624
320.25     0.624
320.5     0.624
320.75     0.624
321.0     0.626
321.25     0.628
321.5     0.63
321.75     0.63
322.0     0.63
322.25     0.63
322.5     0.63
322.75     0.632
323.0     0.632
323.25     0.632
323.5     0.632
323.75     0.636
324.0     0.638
324.25     0.638
324.5     0.638
324.75     0.638
325.0     0.638
325.25     0.64
325.5     0.64
325.75     0.64
326.0     0.642
326.25     0.642
326.5     0.642
326.75     0.642
327.0     0.642
327.25     0.642
327.5     0.642
327.75     0.642
328.0     0.642
328.25     0.642
328.5     0.642
328.75     0.644
329.0     0.646
329.25     0.648
329.5     0.648
329.75     0.648
330.0     0.648
330.25     0.648
330.5     0.648
330.75     0.648
331.0     0.65
331.25     0.65
331.5     0.65
331.75     0.65
332.0     0.65
332.25     0.65
332.5     0.65
332.75     0.65
333.0     0.65
333.25     0.654
333.5     0.654
333.75     0.652
334.0     0.652
334.25     0.654
334.5     0.654
334.75     0.654
335.0     0.654
335.25     0.654
335.5     0.654
335.75     0.654
336.0     0.656
336.25     0.656
336.5     0.656
336.75     0.656
337.0     0.656
337.25     0.656
337.5     0.656
337.75     0.656
338.0     0.656
338.25     0.656
338.5     0.656
338.75     0.656
339.0     0.66
339.25     0.66
339.5     0.66
339.75     0.66
340.0     0.662
340.25     0.662
340.5     0.662
340.75     0.662
341.0     0.662
341.25     0.662
341.5     0.662
341.75     0.662
342.0     0.662
342.25     0.662
342.5     0.662
342.75     0.662
343.0     0.662
343.25     0.664
343.5     0.664
343.75     0.664
344.0     0.664
344.25     0.664
344.5     0.664
344.75     0.664
345.0     0.664
345.25     0.664
345.5     0.666
345.75     0.666
346.0     0.666
346.25     0.666
346.5     0.668
346.75     0.668
347.0     0.668
347.25     0.668
347.5     0.67
347.75     0.67
348.0     0.672
348.25     0.672
348.5     0.672
348.75     0.672
349.0     0.672
349.25     0.672
349.5     0.672
349.75     0.672
350.0     0.672
350.25     0.672
350.5     0.672
350.75     0.672
351.0     0.674
351.25     0.674
351.5     0.674
351.75     0.674
352.0     0.674
352.25     0.674
352.5     0.674
352.75     0.674
353.0     0.676
353.25     0.676
353.5     0.678
353.75     0.678
354.0     0.678
354.25     0.678
354.5     0.678
354.75     0.68
355.0     0.68
355.25     0.682
355.5     0.682
355.75     0.682
356.0     0.682
356.25     0.682
356.5     0.682
356.75     0.682
357.0     0.684
357.25     0.684
357.5     0.686
357.75     0.69
358.0     0.69
358.25     0.69
358.5     0.69
358.75     0.69
359.0     0.69
359.25     0.692
359.5     0.692
359.75     0.692
360.0     0.692
360.25     0.694
360.5     0.694
360.75     0.694
361.0     0.694
361.25     0.694
361.5     0.694
361.75     0.698
362.0     0.7
362.25     0.702
362.5     0.702
362.75     0.702
363.0     0.702
363.25     0.702
363.5     0.704
363.75     0.704
364.0     0.706
364.25     0.706
364.5     0.71
364.75     0.712
365.0     0.714
365.25     0.714
365.5     0.716
365.75     0.718
366.0     0.716
366.25     0.716
366.5     0.718
366.75     0.718
367.0     0.72
367.25     0.72
367.5     0.72
367.75     0.722
368.0     0.722
368.25     0.722
368.5     0.722
368.75     0.722
369.0     0.722
369.25     0.722
369.5     0.724
369.75     0.724
370.0     0.724
370.25     0.724
370.5     0.726
370.75     0.728
371.0     0.73
371.25     0.73
371.5     0.73
371.75     0.734
372.0     0.734
372.25     0.734
372.5     0.736
372.75     0.738
373.0     0.738
373.25     0.738
373.5     0.74
373.75     0.74
374.0     0.74
374.25     0.74
374.5     0.74
374.75     0.74
375.0     0.742
375.25     0.742
375.5     0.744
375.75     0.744
376.0     0.744
376.25     0.744
376.5     0.746
376.75     0.746
377.0     0.746
377.25     0.746
377.5     0.748
377.75     0.748
378.0     0.748
378.25     0.748
378.5     0.75
378.75     0.752
379.0     0.752
379.25     0.752
379.5     0.756
379.75     0.756
380.0     0.758
380.25     0.76
380.5     0.76
380.75     0.764
381.0     0.764
381.25     0.764
381.5     0.766
381.75     0.764
382.0     0.764
382.25     0.764
382.5     0.766
382.75     0.768
383.0     0.768
383.25     0.768
383.5     0.768
383.75     0.77
384.0     0.77
384.25     0.774
384.5     0.776
384.75     0.776
385.0     0.776
385.25     0.776
385.5     0.776
385.75     0.78
386.0     0.782
386.25     0.782
386.5     0.782
386.75     0.782
387.0     0.782
387.25     0.78
387.5     0.784
387.75     0.784
388.0     0.784
388.25     0.784
388.5     0.784
388.75     0.784
389.0     0.784
389.25     0.786
389.5     0.786
389.75     0.786
390.0     0.786
390.25     0.786
390.5     0.786
390.75     0.786
391.0     0.788
391.25     0.79
391.5     0.79
391.75     0.792
392.0     0.792
392.25     0.792
392.5     0.792
392.75     0.792
393.0     0.792
393.25     0.792
393.5     0.792
393.75     0.792
394.0     0.792
394.25     0.792
394.5     0.792
394.75     0.792
395.0     0.792
395.25     0.792
395.5     0.792
395.75     0.792
396.0     0.792
396.25     0.794
396.5     0.794
396.75     0.796
397.0     0.798
397.25     0.798
397.5     0.798
397.75     0.798
398.0     0.8
398.25     0.8
398.5     0.8
398.75     0.8
399.0     0.8
399.25     0.8
399.5     0.8
399.75     0.8
400.0     0.8
400.25     0.8
400.5     0.8
400.75     0.8
401.0     0.802
401.25     0.806
401.5     0.806
401.75     0.806
402.0     0.806
402.25     0.81
402.5     0.81
402.75     0.81
403.0     0.81
403.25     0.81
403.5     0.81
403.75     0.81
404.0     0.81
404.25     0.81
404.5     0.812
404.75     0.812
405.0     0.812
405.25     0.812
405.5     0.814
405.75     0.814
406.0     0.814
406.25     0.816
406.5     0.816
406.75     0.816
407.0     0.818
407.25     0.818
407.5     0.82
407.75     0.82
408.0     0.82
408.25     0.82
408.5     0.82
408.75     0.82
409.0     0.82
409.25     0.82
409.5     0.822
409.75     0.824
410.0     0.824
410.25     0.826
410.5     0.826
410.75     0.826
411.0     0.826
411.25     0.826
411.5     0.826
411.75     0.828
412.0     0.83
412.25     0.83
412.5     0.83
412.75     0.83
413.0     0.83
413.25     0.83
413.5     0.83
413.75     0.83
414.0     0.832
414.25     0.832
414.5     0.832
414.75     0.832
415.0     0.834
415.25     0.834
415.5     0.834
415.75     0.836
416.0     0.836
416.25     0.836
416.5     0.836
416.75     0.838
417.0     0.838
417.25     0.838
417.5     0.838
417.75     0.838
418.0     0.838
418.25     0.838
418.5     0.838
418.75     0.838
419.0     0.838
419.25     0.838
419.5     0.838
419.75     0.838
420.0     0.84
420.25     0.84
420.5     0.84
420.75     0.842
421.0     0.842
421.25     0.842
421.5     0.842
421.75     0.844
422.0     0.844
422.25     0.844
422.5     0.844
422.75     0.844
423.0     0.844
423.25     0.844
423.5     0.844
423.75     0.844
424.0     0.846
424.25     0.846
424.5     0.846
424.75     0.846
425.0     0.846
425.25     0.846
425.5     0.846
425.75     0.846
426.0     0.848
426.25     0.848
426.5     0.848
426.75     0.848
427.0     0.848
427.25     0.848
427.5     0.85
427.75     0.85
428.0     0.85
428.25     0.85
428.5     0.85
428.75     0.85
429.0     0.85
429.25     0.85
429.5     0.85
429.75     0.85
430.0     0.85
430.25     0.85
430.5     0.85
430.75     0.85
431.0     0.85
431.25     0.85
431.5     0.85
431.75     0.85
432.0     0.852
432.25     0.852
432.5     0.852
432.75     0.852
433.0     0.852
433.25     0.854
433.5     0.854
433.75     0.854
434.0     0.854
434.25     0.854
434.5     0.856
434.75     0.856
435.0     0.856
435.25     0.856
435.5     0.856
435.75     0.858
436.0     0.858
436.25     0.858
436.5     0.858
436.75     0.858
437.0     0.858
437.25     0.858
437.5     0.858
437.75     0.858
438.0     0.86
438.25     0.86
438.5     0.86
438.75     0.86
439.0     0.86
439.25     0.86
439.5     0.86
439.75     0.862
440.0     0.864
440.25     0.864
440.5     0.864
440.75     0.866
441.0     0.866
441.25     0.866
441.5     0.866
441.75     0.866
442.0     0.866
442.25     0.866
442.5     0.868
442.75     0.868
443.0     0.868
443.25     0.868
443.5     0.868
443.75     0.868
444.0     0.868
444.25     0.87
444.5     0.87
444.75     0.87
445.0     0.87
445.25     0.87
445.5     0.87
445.75     0.868
446.0     0.868
446.25     0.868
446.5     0.87
446.75     0.87
447.0     0.87
447.25     0.87
447.5     0.87
447.75     0.87
448.0     0.872
448.25     0.874
448.5     0.874
448.75     0.876
449.0     0.876
449.25     0.876
449.5     0.878
449.75     0.88
450.0     0.88
450.25     0.882
450.5     0.884
450.75     0.884
451.0     0.884
451.25     0.884
451.5     0.884
451.75     0.884
452.0     0.884
452.25     0.884
452.5     0.884
452.75     0.884
453.0     0.884
453.25     0.884
453.5     0.884
453.75     0.884
454.0     0.884
454.25     0.884
454.5     0.884
454.75     0.884
455.0     0.884
455.25     0.884
455.5     0.884
455.75     0.884
456.0     0.884
456.25     0.884
456.5     0.884
456.75     0.884
457.0     0.884
457.25     0.886
457.5     0.886
457.75     0.886
458.0     0.886
458.25     0.886
458.5     0.886
458.75     0.886
459.0     0.886
459.25     0.886
459.5     0.886
459.75     0.886
460.0     0.886
460.25     0.886
460.5     0.886
460.75     0.886
461.0     0.886
461.25     0.886
461.5     0.886
461.75     0.888
462.0     0.888
462.25     0.888
462.5     0.888
462.75     0.888
463.0     0.888
463.25     0.888
463.5     0.888
463.75     0.89
464.0     0.89
464.25     0.89
464.5     0.89
464.75     0.89
465.0     0.89
465.25     0.89
465.5     0.89
465.75     0.89
466.0     0.89
466.25     0.89
466.5     0.892
466.75     0.892
467.0     0.892
467.25     0.892
467.5     0.892
467.75     0.892
468.0     0.892
468.25     0.892
468.5     0.892
468.75     0.892
469.0     0.896
469.25     0.896
469.5     0.896
469.75     0.896
470.0     0.896
470.25     0.896
470.5     0.896
470.75     0.896
471.0     0.896
471.25     0.896
471.5     0.896
471.75     0.9
472.0     0.9
472.25     0.9
472.5     0.9
472.75     0.902
473.0     0.902
473.25     0.902
473.5     0.902
473.75     0.904
474.0     0.906
474.25     0.906
474.5     0.906
474.75     0.906
475.0     0.906
475.25     0.908
475.5     0.908
475.75     0.908
476.0     0.908
476.25     0.908
476.5     0.908
476.75     0.908
477.0     0.908
477.25     0.908
477.5     0.908
477.75     0.908
478.0     0.91
478.25     0.91
478.5     0.912
478.75     0.912
479.0     0.912
479.25     0.912
479.5     0.91
479.75     0.91
480.0     0.91
480.25     0.91
480.5     0.91
480.75     0.91
481.0     0.91
481.25     0.91
481.5     0.91
481.75     0.91
482.0     0.91
482.25     0.91
482.5     0.912
482.75     0.912
483.0     0.912
483.25     0.912
483.5     0.912
483.75     0.912
484.0     0.912
484.25     0.912
484.5     0.912
484.75     0.912
485.0     0.912
485.25     0.912
485.5     0.912
485.75     0.912
486.0     0.912
486.25     0.912
486.5     0.912
486.75     0.912
487.0     0.912
487.25     0.914
487.5     0.916
487.75     0.916
488.0     0.916
488.25     0.92
488.5     0.92
488.75     0.92
489.0     0.92
489.25     0.92
489.5     0.92
489.75     0.92
490.0     0.92
490.25     0.92
490.5     0.92
490.75     0.92
491.0     0.92
491.25     0.92
491.5     0.92
491.75     0.92
492.0     0.92
492.25     0.92
492.5     0.92
492.75     0.922
493.0     0.922
493.25     0.922
493.5     0.922
493.75     0.922
494.0     0.924
494.25     0.924
494.5     0.926
494.75     0.926
495.0     0.926
495.25     0.926
495.5     0.926
495.75     0.926
496.0     0.926
496.25     0.926
496.5     0.926
496.75     0.926
497.0     0.926
497.25     0.926
497.5     0.926
497.75     0.926
498.0     0.926
498.25     0.926
498.5     0.926
498.75     0.926
499.0     0.926
499.25     0.926
499.5     0.926
499.75     0.926
500.0     0.926
500.25     0.926
500.5     0.926
500.75     0.926
501.0     0.926
501.25     0.926
501.5     0.926
501.75     0.928
502.0     0.928
502.25     0.928
502.5     0.928
502.75     0.928
503.0     0.928
503.25     0.928
503.5     0.928
503.75     0.928
504.0     0.928
504.25     0.928
504.5     0.928
504.75     0.928
505.0     0.928
505.25     0.93
505.5     0.93
505.75     0.93
506.0     0.932
506.25     0.932
506.5     0.932
506.75     0.932
507.0     0.932
507.25     0.932
507.5     0.932
507.75     0.932
508.0     0.932
508.25     0.932
508.5     0.932
508.75     0.932
509.0     0.932
509.25     0.932
509.5     0.932
509.75     0.932
510.0     0.932
510.25     0.932
510.5     0.932
510.75     0.932
511.0     0.932
511.25     0.932
511.5     0.932
511.75     0.932
512.0     0.932
512.25     0.932
512.5     0.93
512.75     0.93
513.0     0.93
513.25     0.93
513.5     0.93
513.75     0.93
514.0     0.93
514.25     0.93
514.5     0.93
514.75     0.93
515.0     0.93
515.25     0.93
515.5     0.93
515.75     0.93
516.0     0.93
516.25     0.93
516.5     0.93
516.75     0.93
517.0     0.93
517.25     0.93
517.5     0.93
517.75     0.93
518.0     0.93
518.25     0.93
518.5     0.93
518.75     0.93
519.0     0.93
519.25     0.93
519.5     0.93
519.75     0.93
520.0     0.93
520.25     0.93
520.5     0.93
520.75     0.932
521.0     0.932
521.25     0.932
521.5     0.934
521.75     0.934
522.0     0.934
522.25     0.934
522.5     0.934
522.75     0.934
523.0     0.934
523.25     0.934
523.5     0.934
523.75     0.934
524.0     0.934
524.25     0.934
524.5     0.934
524.75     0.934
525.0     0.934
525.25     0.936
525.5     0.936
525.75     0.936
526.0     0.936
526.25     0.936
526.5     0.936
526.75     0.936
527.0     0.936
527.25     0.936
527.5     0.936
527.75     0.936
528.0     0.936
528.25     0.936
528.5     0.936
528.75     0.936
529.0     0.936
529.25     0.936
529.5     0.936
529.75     0.936
530.0     0.936
530.25     0.936
530.5     0.938
530.75     0.938
531.0     0.938
531.25     0.938
531.5     0.938
531.75     0.938
532.0     0.938
532.25     0.938
532.5     0.938
532.75     0.938
533.0     0.94
533.25     0.94
533.5     0.94
533.75     0.94
534.0     0.94
534.25     0.94
534.5     0.94
534.75     0.94
535.0     0.94
535.25     0.94
535.5     0.94
535.75     0.94
536.0     0.94
536.25     0.94
536.5     0.94
536.75     0.94
537.0     0.94
537.25     0.94
537.5     0.94
537.75     0.94
538.0     0.94
538.25     0.94
538.5     0.94
538.75     0.94
539.0     0.94
539.25     0.94
539.5     0.94
539.75     0.94
540.0     0.94
540.25     0.94
540.5     0.94
540.75     0.94
541.0     0.94
541.25     0.94
541.5     0.94
541.75     0.94
542.0     0.942
542.25     0.942
542.5     0.942
542.75     0.942
543.0     0.942
543.25     0.942
543.5     0.942
543.75     0.942
544.0     0.942
544.25     0.942
544.5     0.942
544.75     0.942
545.0     0.942
545.25     0.942
545.5     0.942
545.75     0.942
546.0     0.942
546.25     0.942
546.5     0.942
546.75     0.942
547.0     0.942
547.25     0.942
547.5     0.944
547.75     0.944
548.0     0.944
548.25     0.944
548.5     0.944
548.75     0.944
549.0     0.944
549.25     0.944
549.5     0.944
549.75     0.944
550.0     0.948
550.25     0.946
550.5     0.946
550.75     0.946
551.0     0.946
551.25     0.946
551.5     0.948
551.75     0.948
552.0     0.948
552.25     0.948
552.5     0.948
552.75     0.948
553.0     0.948
553.25     0.948
553.5     0.948
553.75     0.948
554.0     0.948
554.25     0.948
554.5     0.948
554.75     0.948
555.0     0.948
555.25     0.948
555.5     0.948
555.75     0.948
556.0     0.948
556.25     0.948
556.5     0.948
556.75     0.948
557.0     0.948
557.25     0.948
557.5     0.948
557.75     0.948
558.0     0.948
558.25     0.95
558.5     0.95
558.75     0.95
559.0     0.95
559.25     0.95
559.5     0.95
559.75     0.95
560.0     0.95
560.25     0.95
560.5     0.95
560.75     0.95
561.0     0.952
561.25     0.952
561.5     0.952
561.75     0.952
562.0     0.952
562.25     0.954
562.5     0.954
562.75     0.954
563.0     0.954
563.25     0.954
563.5     0.954
563.75     0.954
564.0     0.954
564.25     0.954
564.5     0.954
564.75     0.954
565.0     0.954
565.25     0.954
565.5     0.954
565.75     0.956
566.0     0.956
566.25     0.956
566.5     0.956
566.75     0.956
567.0     0.956
567.25     0.956
567.5     0.956
567.75     0.956
568.0     0.956
568.25     0.956
568.5     0.956
568.75     0.956
569.0     0.956
569.25     0.956
569.5     0.956
569.75     0.958
570.0     0.958
570.25     0.958
570.5     0.958
570.75     0.958
571.0     0.958
571.25     0.96
571.5     0.96
571.75     0.96
572.0     0.96
572.25     0.96
572.5     0.96
572.75     0.96
573.0     0.96
573.25     0.96
573.5     0.96
573.75     0.96
574.0     0.96
574.25     0.96
574.5     0.962
574.75     0.962
575.0     0.962
575.25     0.962
575.5     0.962
575.75     0.964
576.0     0.964
576.25     0.964
576.5     0.964
576.75     0.964
577.0     0.966
577.25     0.966
577.5     0.966
577.75     0.966
578.0     0.966
578.25     0.966
578.5     0.966
578.75     0.966
579.0     0.966
579.25     0.966
579.5     0.966
579.75     0.966
580.0     0.966
580.25     0.966
580.5     0.966
580.75     0.966
581.0     0.966
581.25     0.966
581.5     0.966
581.75     0.966
582.0     0.966
582.25     0.966
582.5     0.966
582.75     0.966
583.0     0.966
583.25     0.966
583.5     0.966
583.75     0.966
584.0     0.966
584.25     0.966
584.5     0.966
584.75     0.966
585.0     0.966
585.25     0.966
585.5     0.966
585.75     0.966
586.0     0.966
586.25     0.966
586.5     0.966
586.75     0.966
587.0     0.966
587.25     0.966
587.5     0.966
587.75     0.966
588.0     0.966
588.25     0.966
588.5     0.968
588.75     0.968
589.0     0.968
589.25     0.968
589.5     0.968
589.75     0.968
590.0     0.968
590.25     0.968
590.5     0.968
590.75     0.968
591.0     0.968
591.25     0.968
591.5     0.968
591.75     0.968
592.0     0.968
592.25     0.968
592.5     0.968
592.75     0.968
593.0     0.968
593.25     0.968
593.5     0.968
593.75     0.968
594.0     0.968
594.25     0.968
594.5     0.968
594.75     0.97
595.0     0.97
595.25     0.97
595.5     0.97
595.75     0.97
596.0     0.97
596.25     0.97
596.5     0.97
596.75     0.972
597.0     0.972
597.25     0.972
597.5     0.972
597.75     0.972
598.0     0.972
598.25     0.972
598.5     0.972
598.75     0.972
599.0     0.972
599.25     0.972
599.5     0.972
599.75     0.972
600.0     0.972
600.25     0.972
600.5     0.972
600.75     0.972
601.0     0.972
601.25     0.972
601.5     0.972
601.75     0.972
602.0     0.972
602.25     0.972
602.5     0.972
602.75     0.972
603.0     0.974
603.25     0.974
603.5     0.974
603.75     0.974
604.0     0.974
604.25     0.974
604.5     0.974
604.75     0.974
605.0     0.974
605.25     0.974
605.5     0.974
605.75     0.974
606.0     0.974
606.25     0.974
606.5     0.976
606.75     0.976
607.0     0.976
607.25     0.976
607.5     0.976
607.75     0.976
608.0     0.976
608.25     0.976
608.5     0.976
608.75     0.976
609.0     0.976
609.25     0.976
609.5     0.976
609.75     0.976
610.0     0.976
610.25     0.976
610.5     0.976
610.75     0.976
611.0     0.976
611.25     0.976
611.5     0.976
611.75     0.976
612.0     0.976
612.25     0.976
612.5     0.976
612.75     0.976
613.0     0.976
613.25     0.976
613.5     0.976
613.75     0.976
614.0     0.976
614.25     0.976
614.5     0.976
614.75     0.976
615.0     0.976
615.25     0.976
615.5     0.976
615.75     0.976
616.0     0.976
616.25     0.976
616.5     0.976
616.75     0.976
617.0     0.976
617.25     0.976
617.5     0.976
617.75     0.976
618.0     0.976
618.25     0.976
618.5     0.976
618.75     0.976
619.0     0.976
619.25     0.976
619.5     0.976
619.75     0.976
620.0     0.976
620.25     0.976
620.5     0.976
620.75     0.976
621.0     0.976
621.25     0.976
621.5     0.976
621.75     0.976
622.0     0.976
622.25     0.976
622.5     0.976
622.75     0.976
623.0     0.976
623.25     0.976
623.5     0.976
623.75     0.976
624.0     0.976
624.25     0.978
624.5     0.978
624.75     0.978
625.0     0.978
625.25     0.978
625.5     0.978
625.75     0.978
626.0     0.978
626.25     0.98
626.5     0.98
626.75     0.98
627.0     0.98
627.25     0.98
627.5     0.98
627.75     0.98
628.0     0.98
628.25     0.98
628.5     0.98
628.75     0.98
629.0     0.98
629.25     0.98
629.5     0.98
629.75     0.98
630.0     0.98
630.25     0.98
630.5     0.98
630.75     0.98
631.0     0.98
631.25     0.98
631.5     0.978
631.75     0.98
632.0     0.98
632.25     0.98
632.5     0.98
632.75     0.98
633.0     0.98
633.25     0.98
633.5     0.98
633.75     0.98
634.0     0.98
634.25     0.982
634.5     0.982
634.75     0.984
635.0     0.984
635.25     0.984
635.5     0.984
635.75     0.984
636.0     0.984
636.25     0.984
636.5     0.984
636.75     0.984
637.0     0.984
637.25     0.984
637.5     0.984
637.75     0.984
638.0     0.984
638.25     0.984
638.5     0.984
638.75     0.984
639.0     0.984
639.25     0.984
639.5     0.984
639.75     0.984
640.0     0.984
640.25     0.984
640.5     0.984
640.75     0.984
641.0     0.984
641.25     0.984
641.5     0.984
641.75     0.984
642.0     0.984
642.25     0.984
642.5     0.984
642.75     0.984
643.0     0.984
643.25     0.984
643.5     0.984
643.75     0.984
644.0     0.984
644.25     0.984
644.5     0.984
644.75     0.984
645.0     0.984
645.25     0.984
645.5     0.984
645.75     0.984
646.0     0.984
646.25     0.984
646.5     0.984
646.75     0.984
647.0     0.984
647.25     0.984
647.5     0.984
647.75     0.984
648.0     0.984
648.25     0.984
648.5     0.984
648.75     0.986
649.0     0.986
649.25     0.986
649.5     0.986
649.75     0.986
650.0     0.986
650.25     0.986
650.5     0.986
650.75     0.986
651.0     0.986
651.25     0.986
651.5     0.986
651.75     0.986
652.0     0.986
652.25     0.986
652.5     0.986
652.75     0.986
653.0     0.986
653.25     0.986
653.5     0.986
653.75     0.986
654.0     0.986
654.25     0.986
654.5     0.986
654.75     0.986
655.0     0.986
655.25     0.986
655.5     0.986
655.75     0.986
656.0     0.986
656.25     0.986
656.5     0.986
656.75     0.986
657.0     0.986
657.25     0.986
657.5     0.986
657.75     0.986
658.0     0.986
658.25     0.986
658.5     0.986
658.75     0.986
659.0     0.986
659.25     0.986
659.5     0.986
659.75     0.986
660.0     0.986
660.25     0.986
660.5     0.988
660.75     0.988
661.0     0.988
661.25     0.988
661.5     0.988
661.75     0.988
662.0     0.988
662.25     0.988
662.5     0.988
662.75     0.988
663.0     0.988
663.25     0.988
663.5     0.988
663.75     0.988
664.0     0.988
664.25     0.988
664.5     0.988
664.75     0.988
665.0     0.988
665.25     0.988
665.5     0.988
665.75     0.988
666.0     0.988
666.25     0.988
666.5     0.988
666.75     0.988
667.0     0.988
667.25     0.988
667.5     0.988
667.75     0.988
668.0     0.988
668.25     0.988
668.5     0.988
668.75     0.988
669.0     0.988
669.25     0.988
669.5     0.988
669.75     0.988
670.0     0.988
670.25     0.988
670.5     0.988
670.75     0.988
671.0     0.988
671.25     0.988
671.5     0.988
671.75     0.988
672.0     0.988
672.25     0.988
672.5     0.988
672.75     0.988
673.0     0.988
673.25     0.99
673.5     0.99
673.75     0.99
674.0     0.99
674.25     0.99
674.5     0.99
674.75     0.99
675.0     0.99
675.25     0.99
675.5     0.99
675.75     0.99
676.0     0.99
676.25     0.99
676.5     0.99
676.75     0.992
677.0     0.992
677.25     0.992
677.5     0.992
677.75     0.992
678.0     0.992
678.25     0.992
678.5     0.992
678.75     0.992
679.0     0.992
679.25     0.992
679.5     0.992
679.75     0.992
680.0     0.992
680.25     0.992
680.5     0.992
680.75     0.992
681.0     0.992
681.25     0.992
681.5     0.992
681.75     0.992
682.0     0.992
682.25     0.992
682.5     0.992
682.75     0.992
683.0     0.992
683.25     0.992
683.5     0.992
683.75     0.992
684.0     0.992
684.25     0.992
684.5     0.992
684.75     0.992
685.0     0.992
685.25     0.992
685.5     0.992
685.75     0.992
686.0     0.992
686.25     0.992
686.5     0.992
686.75     0.992
687.0     0.992
687.25     0.992
687.5     0.992
687.75     0.992
688.0     0.992
688.25     0.992
688.5     0.992
688.75     0.992
689.0     0.992
689.25     0.992
689.5     0.994
689.75     0.994
690.0     0.994
690.25     0.994
690.5     0.994
690.75     0.994
691.0     0.994
691.25     0.994
691.5     0.994
691.75     0.994
692.0     0.994
692.25     0.994
692.5     0.994
692.75     0.994
693.0     0.994
693.25     0.994
693.5     0.994
693.75     0.994
694.0     0.994
694.25     0.994
694.5     0.994
694.75     0.994
695.0     0.994
695.25     0.994
695.5     0.994
695.75     0.994
696.0     0.994
696.25     0.994
696.5     0.994
696.75     0.994
697.0     0.994
697.25     0.994
697.5     0.994
697.75     0.994
698.0     0.994
698.25     0.994
698.5     0.994
698.75     0.994
699.0     0.994
699.25     0.994
699.5     0.994
699.75     0.996
700.0     0.996
700.25     0.996
700.5     0.996
700.75     0.996
701.0     0.996
701.25     0.996
701.5     0.996
701.75     0.996
702.0     0.996
702.25     0.996
702.5     0.996
702.75     0.996
703.0     0.996
703.25     0.996
703.5     0.996
703.75     0.996
704.0     0.996
704.25     0.996
704.5     0.996
704.75     0.996
705.0     0.996
705.25     0.996
705.5     0.996
705.75     0.996
706.0     0.996
706.25     0.996
706.5     0.996
706.75     0.996
707.0     0.996
707.25     0.996
707.5     0.996
707.75     0.996
708.0     0.996
708.25     0.996
708.5     0.996
708.75     0.996
709.0     0.996
709.25     0.996
709.5     0.996
709.75     0.996
710.0     0.996
710.25     0.996
710.5     0.996
710.75     0.996
711.0     0.996
711.25     0.996
711.5     0.996
711.75     0.996
712.0     0.996
712.25     0.996
712.5     0.998
712.75     0.998
713.0     0.998
713.25     0.998
713.5     0.998
713.75     0.998
714.0     0.998
714.25     0.998
714.5     0.998
714.75     0.998
715.0     0.998
715.25     0.998
715.5     0.998
715.75     0.998
716.0     0.998
716.25     0.998
716.5     0.998
716.75     0.998
717.0     0.998
717.25     0.998
717.5     0.998
717.75     0.998
718.0     0.998
718.25     0.998
718.5     0.998
718.75     0.998
719.0     0.998
719.25     0.998
719.5     0.998
719.75     0.998
720.0     0.998
720.25     0.998
720.5     0.998
720.75     0.998
721.0     0.998
721.25     0.998
721.5     0.998
721.75     0.998
722.0     0.998
722.25     0.998
722.5     0.998
722.75     0.998
723.0     0.998
723.25     0.998
723.5     0.998
723.75     0.998
724.0     0.998
724.25     0.998
724.5     0.998
724.75     0.998
725.0     0.998
725.25     0.998
725.5     0.998
725.75     0.998
726.0     0.998
726.25     0.998
726.5     0.998
726.75     0.998
727.0     0.998
727.25     0.998
727.5     0.998
727.75     0.998
728.0     0.998
728.25     0.998
728.5     0.998
728.75     0.998
729.0     0.998
729.25     0.998
729.5     0.998
729.75     0.998
730.0     0.998
730.25     0.998
730.5     0.998
730.75     0.998
731.0     0.998
731.25     0.998
731.5     0.998
731.75     0.998
732.0     0.998
732.25     0.998
732.5     0.998
732.75     0.998
733.0     0.998
733.25     0.998
733.5     0.998
733.75     0.998
734.0     0.998
734.25     0.998
734.5     0.998
734.75     0.998
735.0     0.998
735.25     0.998
735.5     0.998
735.75     0.998
736.0     0.998
736.25     0.998
736.5     0.998
736.75     0.998
737.0     0.998
737.25     0.998
737.5     0.998
737.75     0.998
738.0     0.998
738.25     0.998
738.5     0.998
738.75     0.998
739.0     0.998
739.25     0.998
739.5     0.998
739.75     0.998
740.0     0.998
740.25     0.998
740.5     0.998
740.75     0.998
741.0     0.998
741.25     0.998
741.5     0.998
741.75     0.998
742.0     0.998
742.25     0.998
742.5     0.998
742.75     0.998
743.0     0.998
743.25     0.998
743.5     0.998
743.75     0.998
744.0     0.998
744.25     0.998
744.5     0.998
744.75     0.998
745.0     0.998
745.25     0.998
745.5     0.998
745.75     0.998
746.0     0.998
746.25     0.998
746.5     0.998
746.75     0.998
747.0     0.998
747.25     0.998
747.5     0.998
747.75     0.998
748.0     0.998
748.25     0.998
748.5     0.998
748.75     0.998
749.0     0.998
749.25     0.998
749.5     0.998
749.75     0.998
750.0     0.998
750.25     0.998
750.5     0.998
750.75     0.998
751.0     0.998
751.25     0.998
751.5     0.998
751.75     0.998
752.0     0.998
752.25     0.998
752.5     0.998
752.75     0.998
753.0     0.998
753.25     0.998
753.5     0.998
753.75     0.998
754.0     1.0
754.25     1.0
754.5     1.0
754.75     1.0
755.0     1.0
755.25     1.0
755.5     1.0
755.75     1.0
756.0     1.0
756.25     1.0
756.5     1.0
756.75     1.0
757.0     1.0
757.25     1.0
757.5     1.0
757.75     1.0
758.0     1.0
758.25     1.0
758.5     1.0
758.75     1.0
759.0     1.0
759.25     1.0
759.5     1.0
759.75     1.0
760.0     1.0
760.25     1.0
760.5     1.0
760.75     1.0
761.0     1.0
761.25     1.0
761.5     1.0
761.75     1.0
762.0     1.0
762.25     1.0
762.5     1.0
762.75     1.0
763.0     1.0
763.25     1.0
763.5     1.0
763.75     1.0
764.0     1.0
764.25     1.0
764.5     1.0
764.75     1.0
765.0     1.0
765.25     1.0
765.5     1.0
765.75     1.0
766.0     1.0
766.25     1.0
766.5     1.0
766.75     1.0
767.0     1.0
767.25     1.0
767.5     1.0
767.75     1.0
768.0     1.0
768.25     1.0
768.5     1.0
768.75     1.0
769.0     1.0
769.25     1.0
769.5     1.0
769.75     1.0
770.0     1.0
770.25     1.0
770.5     1.0
770.75     1.0
771.0     1.0
771.25     1.0
771.5     1.0
771.75     1.0
772.0     1.0
772.25     1.0
772.5     1.0
772.75     1.0
773.0     1.0
773.25     1.0
773.5     1.0
773.75     1.0
774.0     1.0
774.25     1.0
774.5     1.0
774.75     1.0
775.0     1.0
775.25     1.0
775.5     1.0
775.75     1.0
776.0     1.0
776.25     1.0
776.5     1.0
776.75     1.0
777.0     1.0
777.25     1.0
777.5     1.0
777.75     1.0
778.0     1.0
778.25     1.0
778.5     1.0
778.75     1.0
779.0     1.0
779.25     1.0
779.5     1.0
779.75     1.0
780.0     1.0
780.25     1.0
780.5     1.0
780.75     1.0
781.0     1.0
781.25     1.0
781.5     1.0
781.75     1.0
782.0     1.0
782.25     1.0
782.5     1.0
782.75     1.0
783.0     1.0
783.25     1.0
783.5     1.0
783.75     1.0
784.0     1.0
784.25     1.0
784.5     1.0
784.75     1.0
785.0     1.0
785.25     1.0
785.5     1.0
785.75     1.0
786.0     1.0
786.25     1.0
786.5     1.0
786.75     1.0
787.0     1.0
787.25     1.0
787.5     1.0
787.75     1.0
788.0     1.0
788.25     1.0
788.5     1.0
788.75     1.0
789.0     1.0
789.25     1.0
789.5     1.0
789.75     1.0
790.0     1.0
790.25     1.0
790.5     1.0
790.75     1.0
791.0     1.0
791.25     1.0
791.5     1.0
791.75     1.0
792.0     1.0
792.25     1.0
792.5     1.0
792.75     1.0
793.0     1.0
793.25     1.0
793.5     1.0
793.75     1.0
794.0     1.0
794.25     1.0
794.5     1.0
794.75     1.0
795.0     1.0
795.25     1.0
795.5     1.0
795.75     1.0
796.0     1.0
796.25     1.0
796.5     1.0
796.75     1.0
797.0     1.0
797.25     1.0
797.5     1.0
797.75     1.0
798.0     1.0
798.25     1.0
798.5     1.0
798.75     1.0
799.0     1.0
799.25     1.0
799.5     1.0
799.75     1.0
800.0     1.0
800.25     1.0
800.5     1.0
800.75     1.0
801.0     1.0
801.25     1.0
801.5     1.0
801.75     1.0
802.0     1.0
802.25     1.0
802.5     1.0
802.75     1.0
803.0     1.0
803.25     1.0
803.5     1.0
803.75     1.0
804.0     1.0
804.25     1.0
804.5     1.0
804.75     1.0
805.0     1.0
805.25     1.0
805.5     1.0
805.75     1.0
806.0     1.0
806.25     1.0
806.5     1.0
806.75     1.0
807.0     1.0
807.25     1.0
807.5     1.0
807.75     1.0
808.0     1.0
808.25     1.0
808.5     1.0
808.75     1.0
809.0     1.0
809.25     1.0
809.5     1.0
809.75     1.0
810.0     1.0
810.25     1.0
810.5     1.0
810.75     1.0
811.0     1.0
811.25     1.0
811.5     1.0
811.75     1.0
812.0     1.0
812.25     1.0
812.5     1.0
812.75     1.0
813.0     1.0
813.25     1.0
813.5     1.0
813.75     1.0
814.0     1.0
814.25     1.0
814.5     1.0
814.75     1.0
815.0     1.0
815.25     1.0
815.5     1.0
815.75     1.0
816.0     1.0
816.25     1.0
816.5     1.0
816.75     1.0
817.0     1.0
817.25     1.0
817.5     1.0
817.75     1.0
818.0     1.0
818.25     1.0
818.5     1.0
818.75     1.0
819.0     1.0
819.25     1.0
819.5     1.0
819.75     1.0
820.0     1.0
820.25     1.0
820.5     1.0
820.75     1.0
821.0     1.0
821.25     1.0
821.5     1.0
821.75     1.0
822.0     1.0
822.25     1.0
822.5     1.0
822.75     1.0
823.0     1.0
823.25     1.0
823.5     1.0
823.75     1.0
824.0     1.0
824.25     1.0
824.5     1.0
824.75     1.0
825.0     1.0
825.25     1.0
825.5     1.0
825.75     1.0
826.0     1.0
826.25     1.0
826.5     1.0
826.75     1.0
827.0     1.0
827.25     1.0
827.5     1.0
827.75     1.0
828.0     1.0
828.25     1.0
828.5     1.0
828.75     1.0
829.0     1.0
829.25     1.0
829.5     1.0
829.75     1.0
830.0     1.0
830.25     1.0
830.5     1.0
830.75     1.0
831.0     1.0
831.25     1.0
831.5     1.0
831.75     1.0
832.0     1.0
832.25     1.0
832.5     1.0
832.75     1.0
833.0     1.0
833.25     1.0
833.5     1.0
833.75     1.0
834.0     1.0
834.25     1.0
834.5     1.0
834.75     1.0
835.0     1.0
835.25     1.0
835.5     1.0
835.75     1.0
836.0     1.0
836.25     1.0
836.5     1.0
836.75     1.0
837.0     1.0
837.25     1.0
837.5     1.0
837.75     1.0
838.0     1.0
838.25     1.0
838.5     1.0
838.75     1.0
839.0     1.0
839.25     1.0
839.5     1.0
839.75     1.0
840.0     1.0
840.25     1.0
840.5     1.0
840.75     1.0
841.0     1.0
841.25     1.0
841.5     1.0
841.75     1.0
842.0     1.0
842.25     1.0
842.5     1.0
842.75     1.0
843.0     1.0
843.25     1.0
843.5     1.0
843.75     1.0
844.0     1.0
844.25     1.0
844.5     1.0
844.75     1.0
845.0     1.0
845.25     1.0
845.5     1.0
845.75     1.0
846.0     1.0
846.25     1.0
846.5     1.0
846.75     1.0
847.0     1.0
847.25     1.0
847.5     1.0
847.75     1.0
848.0     1.0
848.25     1.0
848.5     1.0
848.75     1.0
849.0     1.0
849.25     1.0
849.5     1.0
849.75     1.0
850.0     1.0
850.25     1.0
850.5     1.0
850.75     1.0
851.0     1.0
851.25     1.0
851.5     1.0
851.75     1.0
852.0     1.0
852.25     1.0
852.5     1.0
852.75     1.0
853.0     1.0
853.25     1.0
853.5     1.0
853.75     1.0
854.0     1.0
854.25     1.0
854.5     1.0
854.75     1.0
855.0     1.0
855.25     1.0
855.5     1.0
855.75     1.0
856.0     1.0
856.25     1.0
856.5     1.0
856.75     1.0
857.0     1.0
857.25     1.0
857.5     1.0
857.75     1.0
858.0     1.0
858.25     1.0
858.5     1.0
858.75     1.0
859.0     1.0
859.25     1.0
859.5     1.0
859.75     1.0
860.0     1.0
860.25     1.0
860.5     1.0
860.75     1.0
861.0     1.0
861.25     1.0
861.5     1.0
861.75     1.0
862.0     1.0
862.25     1.0
862.5     1.0
862.75     1.0
863.0     1.0
863.25     1.0
863.5     1.0
863.75     1.0
864.0     1.0
864.25     1.0
864.5     1.0
864.75     1.0
865.0     1.0
865.25     1.0
865.5     1.0
865.75     1.0
866.0     1.0
866.25     1.0
866.5     1.0
866.75     1.0
867.0     1.0
867.25     1.0
867.5     1.0
867.75     1.0
868.0     1.0
868.25     1.0
868.5     1.0
868.75     1.0
869.0     1.0
869.25     1.0
869.5     1.0
869.75     1.0
870.0     1.0
870.25     1.0
870.5     1.0
870.75     1.0
871.0     1.0
871.25     1.0
871.5     1.0
871.75     1.0
872.0     1.0
872.25     1.0
872.5     1.0
872.75     1.0
873.0     1.0
873.25     1.0
873.5     1.0
873.75     1.0
874.0     1.0
874.25     1.0
874.5     1.0
874.75     1.0
875.0     1.0
875.25     1.0
875.5     1.0
875.75     1.0
876.0     1.0
876.25     1.0
876.5     1.0
876.75     1.0
877.0     1.0
877.25     1.0
877.5     1.0
877.75     1.0
878.0     1.0
878.25     1.0
878.5     1.0
878.75     1.0
879.0     1.0
879.25     1.0
879.5     1.0
879.75     1.0
880.0     1.0
880.25     1.0
880.5     1.0
880.75     1.0
881.0     1.0
881.25     1.0
881.5     1.0
881.75     1.0
882.0     1.0
882.25     1.0
882.5     1.0
882.75     1.0
883.0     1.0
883.25     1.0
883.5     1.0
883.75     1.0
884.0     1.0
884.25     1.0
884.5     1.0
884.75     1.0
885.0     1.0
885.25     1.0
885.5     1.0
885.75     1.0
886.0     1.0
886.25     1.0
886.5     1.0
886.75     1.0
887.0     1.0
887.25     1.0
887.5     1.0
887.75     1.0
888.0     1.0
888.25     1.0
888.5     1.0
888.75     1.0
889.0     1.0
889.25     1.0
889.5     1.0
889.75     1.0
890.0     1.0
890.25     1.0
890.5     1.0
890.75     1.0
891.0     1.0
891.25     1.0
891.5     1.0
891.75     1.0
892.0     1.0
892.25     1.0
892.5     1.0
892.75     1.0
893.0     1.0
893.25     1.0
893.5     1.0
893.75     1.0
894.0     1.0
894.25     1.0
894.5     1.0
894.75     1.0
895.0     1.0
895.25     1.0
895.5     1.0
895.75     1.0
896.0     1.0
896.25     1.0
896.5     1.0
896.75     1.0
897.0     1.0
897.25     1.0
897.5     1.0
897.75     1.0
898.0     1.0
898.25     1.0
898.5     1.0
898.75     1.0
899.0     1.0
899.25     1.0
899.5     1.0
899.75     1.0
900.0     1.0
900.25     1.0
900.5     1.0
900.75     1.0
901.0     1.0
901.25     1.0
901.5     1.0
901.75     1.0
902.0     1.0
902.25     1.0
902.5     1.0
902.75     1.0
903.0     1.0
903.25     1.0
903.5     1.0
903.75     1.0
904.0     1.0
904.25     1.0
904.5     1.0
904.75     1.0
905.0     1.0
905.25     1.0
905.5     1.0
905.75     1.0
906.0     1.0
906.25     1.0
906.5     1.0
906.75     1.0
907.0     1.0
907.25     1.0
907.5     1.0
907.75     1.0
908.0     1.0
908.25     1.0
908.5     1.0
908.75     1.0
909.0     1.0
909.25     1.0
909.5     1.0
909.75     1.0
910.0     1.0
910.25     1.0
910.5     1.0
910.75     1.0
911.0     1.0
911.25     1.0
911.5     1.0
911.75     1.0
912.0     1.0
912.25     1.0
912.5     1.0
912.75     1.0
913.0     1.0
913.25     1.0
913.5     1.0
913.75     1.0
914.0     1.0
914.25     1.0
914.5     1.0
914.75     1.0
915.0     1.0
915.25     1.0
915.5     1.0
915.75     1.0
916.0     1.0
916.25     1.0
916.5     1.0
916.75     1.0
917.0     1.0
917.25     1.0
917.5     1.0
917.75     1.0
918.0     1.0
918.25     1.0
918.5     1.0
918.75     1.0
919.0     1.0
919.25     1.0
919.5     1.0
919.75     1.0
920.0     1.0
920.25     1.0
920.5     1.0
920.75     1.0
921.0     1.0
921.25     1.0
921.5     1.0
921.75     1.0
922.0     1.0
922.25     1.0
922.5     1.0
922.75     1.0
923.0     1.0
923.25     1.0
923.5     1.0
923.75     1.0
924.0     1.0
924.25     1.0
924.5     1.0
924.75     1.0
925.0     1.0
925.25     1.0
925.5     1.0
925.75     1.0
926.0     1.0
926.25     1.0
926.5     1.0
926.75     1.0
927.0     1.0
927.25     1.0
927.5     1.0
927.75     1.0
928.0     1.0
928.25     1.0
928.5     1.0
928.75     1.0
929.0     1.0
929.25     1.0
929.5     1.0
929.75     1.0
930.0     1.0
930.25     1.0
930.5     1.0
930.75     1.0
931.0     1.0
931.25     1.0
931.5     1.0
931.75     1.0
932.0     1.0
932.25     1.0
932.5     1.0
932.75     1.0
933.0     1.0
933.25     1.0
933.5     1.0
933.75     1.0
934.0     1.0
934.25     1.0
934.5     1.0
934.75     1.0
935.0     1.0
935.25     1.0
935.5     1.0
935.75     1.0
936.0     1.0
936.25     1.0
936.5     1.0
936.75     1.0
937.0     1.0
937.25     1.0
937.5     1.0
937.75     1.0
938.0     1.0
938.25     1.0
938.5     1.0
938.75     1.0
939.0     1.0
939.25     1.0
939.5     1.0
939.75     1.0
940.0     1.0
940.25     1.0
940.5     1.0
940.75     1.0
941.0     1.0
941.25     1.0
941.5     1.0
941.75     1.0
942.0     1.0
942.25     1.0
942.5     1.0
942.75     1.0
943.0     1.0
943.25     1.0
943.5     1.0
943.75     1.0
944.0     1.0
944.25     1.0
944.5     1.0
944.75     1.0
945.0     1.0
945.25     1.0
945.5     1.0
945.75     1.0
946.0     1.0
946.25     1.0
946.5     1.0
946.75     1.0
947.0     1.0
947.25     1.0
947.5     1.0
947.75     1.0
948.0     1.0
948.25     1.0
948.5     1.0
948.75     1.0
949.0     1.0
949.25     1.0
949.5     1.0
949.75     1.0
950.0     1.0
950.25     1.0
950.5     1.0
950.75     1.0
951.0     1.0
951.25     1.0
951.5     1.0
951.75     1.0
952.0     1.0
952.25     1.0
952.5     1.0
952.75     1.0
953.0     1.0
953.25     1.0
953.5     1.0
953.75     1.0
954.0     1.0
954.25     1.0
954.5     1.0
954.75     1.0
955.0     1.0
955.25     1.0
955.5     1.0
955.75     1.0
956.0     1.0
956.25     1.0
956.5     1.0
956.75     1.0
957.0     1.0
957.25     1.0
957.5     1.0
957.75     1.0
958.0     1.0
958.25     1.0
958.5     1.0
958.75     1.0
959.0     1.0
959.25     1.0
959.5     1.0
959.75     1.0
960.0     1.0
960.25     1.0
960.5     1.0
960.75     1.0
961.0     1.0
961.25     1.0
961.5     1.0
961.75     1.0
962.0     1.0
962.25     1.0
962.5     1.0
962.75     1.0
963.0     1.0
963.25     1.0
963.5     1.0
963.75     1.0
964.0     1.0
964.25     1.0
964.5     1.0
964.75     1.0
965.0     1.0
965.25     1.0
965.5     1.0
965.75     1.0
966.0     1.0
966.25     1.0
966.5     1.0
966.75     1.0
967.0     1.0
967.25     1.0
967.5     1.0
967.75     1.0
968.0     1.0
968.25     1.0
968.5     1.0
968.75     1.0
969.0     1.0
969.25     1.0
969.5     1.0
969.75     1.0
970.0     1.0
970.25     1.0
970.5     1.0
970.75     1.0
971.0     1.0
971.25     1.0
971.5     1.0
971.75     1.0
972.0     1.0
972.25     1.0
972.5     1.0
972.75     1.0
973.0     1.0
973.25     1.0
973.5     1.0
973.75     1.0
974.0     1.0
974.25     1.0
974.5     1.0
974.75     1.0
975.0     1.0
975.25     1.0
975.5     1.0
975.75     1.0
976.0     1.0
976.25     1.0
976.5     1.0
976.75     1.0
977.0     1.0
977.25     1.0
977.5     1.0
977.75     1.0
978.0     1.0
978.25     1.0
978.5     1.0
978.75     1.0
979.0     1.0
979.25     1.0
979.5     1.0
979.75     1.0
980.0     1.0
980.25     1.0
980.5     1.0
980.75     1.0
981.0     1.0
981.25     1.0
981.5     1.0
981.75     1.0
982.0     1.0
982.25     1.0
982.5     1.0
982.75     1.0
983.0     1.0
983.25     1.0
983.5     1.0
983.75     1.0
984.0     1.0
984.25     1.0
984.5     1.0
984.75     1.0
985.0     1.0
985.25     1.0
985.5     1.0
985.75     1.0
986.0     1.0
986.25     1.0
986.5     1.0
986.75     1.0
987.0     1.0
987.25     1.0
987.5     1.0
987.75     1.0
988.0     1.0
988.25     1.0
988.5     1.0
988.75     1.0
989.0     1.0
989.25     1.0
989.5     1.0
989.75     1.0
990.0     1.0
990.25     1.0
990.5     1.0
990.75     1.0
991.0     1.0
991.25     1.0
991.5     1.0
991.75     1.0
992.0     1.0
992.25     1.0
992.5     1.0
992.75     1.0
993.0     1.0
993.25     1.0
993.5     1.0
993.75     1.0
994.0     1.0
994.25     1.0
994.5     1.0
994.75     1.0
995.0     1.0
995.25     1.0
995.5     1.0
995.75     1.0
996.0     1.0
996.25     1.0
996.5     1.0
996.75     1.0
997.0     1.0
997.25     1.0
997.5     1.0
997.75     1.0
998.0     1.0
998.25     1.0
998.5     1.0
998.75     1.0
999.0     1.0
999.25     1.0
999.5     1.0
999.75     1.0
1000.0     1.0
