0.25     1.0
0.5     1.0
0.75     1.0
1.0     1.0
1.25     1.0
1.5     1.0
1.75     1.0
2.0     1.0
2.25     1.0
2.5     1.0
2.75     1.0
3.0     1.0
3.25     1.0
3.5     1.0
3.75     1.0
4.0     1.0
4.25     1.0
4.5     1.0
4.75     1.0
5.0     1.0
5.25     1.0
5.5     1.0
5.75     1.0
6.0     1.0
6.25     1.0
6.5     1.0
6.75     1.0
7.0     1.0
7.25     1.0
7.5     1.0
7.75     1.0
8.0     1.0
8.25     1.0
8.5     1.0
8.75     1.0
9.0     1.0
9.25     1.0
9.5     1.0
9.75     1.0
10.0     1.0
10.25     1.0
10.5     1.0
10.75     1.0
11.0     1.0
11.25     1.0
11.5     1.0
11.75     1.0
12.0     1.0
12.25     1.0
12.5     1.0
12.75     1.0
13.0     1.0
13.25     1.0
13.5     1.0
13.75     1.0
14.0     1.0
14.25     1.0
14.5     1.0
14.75     1.0
15.0     1.0
15.25     1.0
15.5     1.0
15.75     1.0
16.0     1.0
16.25     1.0
16.5     1.0
16.75     1.0
17.0     1.0
17.25     1.0
17.5     1.0
17.75     1.0
18.0     1.0
18.25     1.0
18.5     1.0
18.75     1.0
19.0     1.0
19.25     1.0
19.5     1.0
19.75     1.0
20.0     1.0
20.25     1.0
20.5     1.0
20.75     1.0
21.0     1.0
21.25     1.0
21.5     1.0
21.75     1.0
22.0     1.0
22.25     1.0
22.5     1.0
22.75     1.0
23.0     0.998
23.25     0.998
23.5     0.998
23.75     0.998
24.0     0.996
24.25     0.996
24.5     0.996
24.75     0.994
25.0     0.994
25.25     0.994
25.5     0.994
25.75     0.992
26.0     0.992
26.25     0.99
26.5     0.988
26.75     0.988
27.0     0.988
27.25     0.988
27.5     0.986
27.75     0.986
28.0     0.986
28.25     0.986
28.5     0.986
28.75     0.986
29.0     0.986
29.25     0.986
29.5     0.986
29.75     0.984
30.0     0.984
30.25     0.984
30.5     0.984
30.75     0.982
31.0     0.984
31.25     0.984
31.5     0.982
31.75     0.982
32.0     0.98
32.25     0.978
32.5     0.976
32.75     0.976
33.0     0.976
33.25     0.976
33.5     0.974
33.75     0.974
34.0     0.974
34.25     0.974
34.5     0.974
34.75     0.974
35.0     0.974
35.25     0.974
35.5     0.974
35.75     0.974
36.0     0.974
36.25     0.974
36.5     0.974
36.75     0.972
37.0     0.972
37.25     0.972
37.5     0.972
37.75     0.972
38.0     0.972
38.25     0.972
38.5     0.972
38.75     0.972
39.0     0.972
39.25     0.97
39.5     0.97
39.75     0.97
40.0     0.97
40.25     0.97
40.5     0.97
40.75     0.97
41.0     0.97
41.25     0.97
41.5     0.97
41.75     0.97
42.0     0.97
42.25     0.968
42.5     0.968
42.75     0.968
43.0     0.968
43.25     0.968
43.5     0.968
43.75     0.968
44.0     0.966
44.25     0.966
44.5     0.962
44.75     0.962
45.0     0.962
45.25     0.962
45.5     0.962
45.75     0.962
46.0     0.962
46.25     0.962
46.5     0.962
46.75     0.962
47.0     0.96
47.25     0.96
47.5     0.96
47.75     0.96
48.0     0.96
48.25     0.96
48.5     0.958
48.75     0.958
49.0     0.958
49.25     0.958
49.5     0.956
49.75     0.956
50.0     0.956
50.25     0.956
50.5     0.956
50.75     0.956
51.0     0.954
51.25     0.952
51.5     0.952
51.75     0.952
52.0     0.952
52.25     0.952
52.5     0.952
52.75     0.946
53.0     0.946
53.25     0.946
53.5     0.946
53.75     0.944
54.0     0.944
54.25     0.944
54.5     0.944
54.75     0.944
55.0     0.944
55.25     0.94
55.5     0.94
55.75     0.94
56.0     0.938
56.25     0.938
56.5     0.938
56.75     0.938
57.0     0.938
57.25     0.938
57.5     0.938
57.75     0.936
58.0     0.934
58.25     0.932
58.5     0.932
58.75     0.93
59.0     0.93
59.25     0.928
59.5     0.928
59.75     0.928
60.0     0.928
60.25     0.928
60.5     0.928
60.75     0.928
61.0     0.928
61.25     0.928
61.5     0.928
61.75     0.928
62.0     0.928
62.25     0.928
62.5     0.928
62.75     0.928
63.0     0.928
63.25     0.928
63.5     0.928
63.75     0.928
64.0     0.928
64.25     0.928
64.5     0.924
64.75     0.924
65.0     0.924
65.25     0.924
65.5     0.924
65.75     0.924
66.0     0.924
66.25     0.922
66.5     0.922
66.75     0.922
67.0     0.922
67.25     0.922
67.5     0.922
67.75     0.922
68.0     0.922
68.25     0.922
68.5     0.922
68.75     0.922
69.0     0.92
69.25     0.92
69.5     0.92
69.75     0.92
70.0     0.92
70.25     0.92
70.5     0.92
70.75     0.92
71.0     0.92
71.25     0.92
71.5     0.918
71.75     0.918
72.0     0.918
72.25     0.918
72.5     0.918
72.75     0.918
73.0     0.918
73.25     0.918
73.5     0.918
73.75     0.918
74.0     0.918
74.25     0.918
74.5     0.918
74.75     0.918
75.0     0.918
75.25     0.914
75.5     0.912
75.75     0.908
76.0     0.908
76.25     0.908
76.5     0.908
76.75     0.908
77.0     0.908
77.25     0.908
77.5     0.908
77.75     0.908
78.0     0.908
78.25     0.906
78.5     0.906
78.75     0.906
79.0     0.904
79.25     0.904
79.5     0.904
79.75     0.904
80.0     0.904
80.25     0.904
80.5     0.904
80.75     0.904
81.0     0.902
81.25     0.902
81.5     0.902
81.75     0.902
82.0     0.902
82.25     0.902
82.5     0.902
82.75     0.902
83.0     0.902
83.25     0.902
83.5     0.902
83.75     0.902
84.0     0.902
84.25     0.902
84.5     0.902
84.75     0.9
85.0     0.9
85.25     0.898
85.5     0.896
85.75     0.896
86.0     0.894
86.25     0.892
86.5     0.892
86.75     0.892
87.0     0.892
87.25     0.892
87.5     0.89
87.75     0.89
88.0     0.89
88.25     0.89
88.5     0.89
88.75     0.89
89.0     0.89
89.25     0.89
89.5     0.89
89.75     0.89
90.0     0.89
90.25     0.89
90.5     0.89
90.75     0.89
91.0     0.89
91.25     0.89
91.5     0.89
91.75     0.89
92.0     0.89
92.25     0.89
92.5     0.89
92.75     0.89
93.0     0.89
93.25     0.89
93.5     0.89
93.75     0.89
94.0     0.89
94.25     0.89
94.5     0.888
94.75     0.888
95.0     0.886
95.25     0.886
95.5     0.882
95.75     0.882
96.0     0.882
96.25     0.882
96.5     0.88
96.75     0.88
97.0     0.878
97.25     0.878
97.5     0.878
97.75     0.88
98.0     0.88
98.25     0.88
98.5     0.88
98.75     0.88
99.0     0.88
99.25     0.88
99.5     0.88
99.75     0.88
100.0     0.88
100.25     0.88
100.5     0.88
100.75     0.88
101.0     0.88
101.25     0.88
101.5     0.88
101.75     0.88
102.0     0.88
102.25     0.88
102.5     0.88
102.75     0.878
103.0     0.878
103.25     0.878
103.5     0.878
103.75     0.878
104.0     0.878
104.25     0.878
104.5     0.878
104.75     0.878
105.0     0.878
105.25     0.878
105.5     0.878
105.75     0.878
106.0     0.878
106.25     0.878
106.5     0.878
106.75     0.878
107.0     0.878
107.25     0.878
107.5     0.878
107.75     0.876
108.0     0.874
108.25     0.874
108.5     0.874
108.75     0.874
109.0     0.874
109.25     0.874
109.5     0.874
109.75     0.874
110.0     0.874
110.25     0.874
110.5     0.874
110.75     0.874
111.0     0.874
111.25     0.874
111.5     0.874
111.75     0.874
112.0     0.872
112.25     0.872
112.5     0.87
112.75     0.87
113.0     0.87
113.25     0.87
113.5     0.87
113.75     0.87
114.0     0.87
114.25     0.87
114.5     0.868
114.75     0.868
115.0     0.868
115.25     0.868
115.5     0.866
115.75     0.866
116.0     0.866
116.25     0.866
116.5     0.866
116.75     0.866
117.0     0.866
117.25     0.866
117.5     0.866
117.75     0.866
118.0     0.866
118.25     0.866
118.5     0.866
118.75     0.866
119.0     0.866
119.25     0.866
119.5     0.866
119.75     0.866
120.0     0.866
120.25     0.866
120.5     0.866
120.75     0.866
121.0     0.866
121.25     0.864
121.5     0.864
121.75     0.864
122.0     0.864
122.25     0.864
122.5     0.864
122.75     0.864
123.0     0.864
123.25     0.862
123.5     0.862
123.75     0.862
124.0     0.862
124.25     0.862
124.5     0.862
124.75     0.862
125.0     0.862
125.25     0.862
125.5     0.862
125.75     0.862
126.0     0.862
126.25     0.862
126.5     0.862
126.75     0.86
127.0     0.86
127.25     0.86
127.5     0.86
127.75     0.86
128.0     0.86
128.25     0.86
128.5     0.86
128.75     0.86
129.0     0.86
129.25     0.86
129.5     0.86
129.75     0.86
130.0     0.86
130.25     0.86
130.5     0.86
130.75     0.86
131.0     0.86
131.25     0.86
131.5     0.86
131.75     0.86
132.0     0.86
132.25     0.858
132.5     0.858
132.75     0.858
133.0     0.858
133.25     0.858
133.5     0.858
133.75     0.858
134.0     0.858
134.25     0.858
134.5     0.858
134.75     0.858
135.0     0.856
135.25     0.856
135.5     0.854
135.75     0.854
136.0     0.852
136.25     0.852
136.5     0.852
136.75     0.85
137.0     0.85
137.25     0.85
137.5     0.85
137.75     0.85
138.0     0.85
138.25     0.85
138.5     0.85
138.75     0.85
139.0     0.85
139.25     0.85
139.5     0.85
139.75     0.848
140.0     0.848
140.25     0.848
140.5     0.848
140.75     0.848
141.0     0.848
141.25     0.846
141.5     0.846
141.75     0.844
142.0     0.844
142.25     0.844
142.5     0.842
142.75     0.842
143.0     0.842
143.25     0.842
143.5     0.842
143.75     0.842
144.0     0.842
144.25     0.842
144.5     0.842
144.75     0.842
145.0     0.84
145.25     0.84
145.5     0.84
145.75     0.84
146.0     0.838
146.25     0.838
146.5     0.838
146.75     0.838
147.0     0.838
147.25     0.838
147.5     0.838
147.75     0.838
148.0     0.838
148.25     0.838
148.5     0.838
148.75     0.838
149.0     0.836
149.25     0.836
149.5     0.836
149.75     0.836
150.0     0.834
150.25     0.834
150.5     0.834
150.75     0.834
151.0     0.834
151.25     0.834
151.5     0.834
151.75     0.834
152.0     0.834
152.25     0.832
152.5     0.832
152.75     0.832
153.0     0.832
153.25     0.832
153.5     0.832
153.75     0.832
154.0     0.83
154.25     0.83
154.5     0.83
154.75     0.83
155.0     0.83
155.25     0.83
155.5     0.83
155.75     0.83
156.0     0.83
156.25     0.83
156.5     0.83
156.75     0.83
157.0     0.828
157.25     0.826
157.5     0.826
157.75     0.826
158.0     0.826
158.25     0.826
158.5     0.826
158.75     0.822
159.0     0.822
159.25     0.822
159.5     0.822
159.75     0.82
160.0     0.82
160.25     0.82
160.5     0.82
160.75     0.82
161.0     0.82
161.25     0.82
161.5     0.82
161.75     0.82
162.0     0.82
162.25     0.82
162.5     0.82
162.75     0.82
163.0     0.82
163.25     0.82
163.5     0.82
163.75     0.818
164.0     0.818
164.25     0.818
164.5     0.818
164.75     0.818
165.0     0.818
165.25     0.818
165.5     0.818
165.75     0.818
166.0     0.818
166.25     0.818
166.5     0.818
166.75     0.818
167.0     0.816
167.25     0.814
167.5     0.814
167.75     0.814
168.0     0.814
168.25     0.812
168.5     0.808
168.75     0.808
169.0     0.808
169.25     0.808
169.5     0.808
169.75     0.808
170.0     0.806
170.25     0.806
170.5     0.806
170.75     0.806
171.0     0.806
171.25     0.806
171.5     0.806
171.75     0.806
172.0     0.806
172.25     0.806
172.5     0.806
172.75     0.806
173.0     0.806
173.25     0.806
173.5     0.806
173.75     0.806
174.0     0.806
174.25     0.806
174.5     0.806
174.75     0.806
175.0     0.804
175.25     0.804
175.5     0.804
175.75     0.804
176.0     0.802
176.25     0.802
176.5     0.802
176.75     0.802
177.0     0.802
177.25     0.802
177.5     0.802
177.75     0.802
178.0     0.802
178.25     0.802
178.5     0.802
178.75     0.802
179.0     0.802
179.25     0.802
179.5     0.802
179.75     0.802
180.0     0.802
180.25     0.802
180.5     0.802
180.75     0.802
181.0     0.802
181.25     0.802
181.5     0.802
181.75     0.802
182.0     0.802
182.25     0.802
182.5     0.802
182.75     0.802
183.0     0.802
183.25     0.802
183.5     0.802
183.75     0.802
184.0     0.802
184.25     0.802
184.5     0.802
184.75     0.802
185.0     0.802
185.25     0.802
185.5     0.802
185.75     0.802
186.0     0.802
186.25     0.802
186.5     0.8
186.75     0.8
187.0     0.8
187.25     0.8
187.5     0.8
187.75     0.8
188.0     0.8
188.25     0.798
188.5     0.796
188.75     0.796
189.0     0.792
189.25     0.792
189.5     0.792
189.75     0.79
190.0     0.788
190.25     0.788
190.5     0.786
190.75     0.786
191.0     0.786
191.25     0.786
191.5     0.786
191.75     0.786
192.0     0.786
192.25     0.786
192.5     0.784
192.75     0.784
193.0     0.784
193.25     0.784
193.5     0.784
193.75     0.782
194.0     0.782
194.25     0.782
194.5     0.782
194.75     0.782
195.0     0.778
195.25     0.778
195.5     0.778
195.75     0.778
196.0     0.778
196.25     0.778
196.5     0.778
196.75     0.778
197.0     0.776
197.25     0.776
197.5     0.774
197.75     0.772
198.0     0.772
198.25     0.77
198.5     0.768
198.75     0.768
199.0     0.768
199.25     0.768
199.5     0.766
199.75     0.764
200.0     0.764
200.25     0.764
200.5     0.764
200.75     0.764
201.0     0.764
201.25     0.764
201.5     0.764
201.75     0.764
202.0     0.762
202.25     0.762
202.5     0.762
202.75     0.762
203.0     0.762
203.25     0.762
203.5     0.758
203.75     0.758
204.0     0.758
204.25     0.758
204.5     0.758
204.75     0.758
205.0     0.756
205.25     0.754
205.5     0.754
205.75     0.754
206.0     0.752
206.25     0.752
206.5     0.75
206.75     0.748
207.0     0.748
207.25     0.746
207.5     0.746
207.75     0.746
208.0     0.746
208.25     0.746
208.5     0.748
208.75     0.746
209.0     0.744
209.25     0.744
209.5     0.744
209.75     0.742
210.0     0.742
210.25     0.742
210.5     0.742
210.75     0.742
211.0     0.742
211.25     0.742
211.5     0.738
211.75     0.738
212.0     0.738
212.25     0.738
212.5     0.738
212.75     0.738
213.0     0.736
213.25     0.734
213.5     0.734
213.75     0.732
214.0     0.732
214.25     0.732
214.5     0.73
214.75     0.73
215.0     0.728
215.25     0.726
215.5     0.726
215.75     0.726
216.0     0.726
216.25     0.726
216.5     0.726
216.75     0.726
217.0     0.726
217.25     0.724
217.5     0.722
217.75     0.718
218.0     0.718
218.25     0.716
218.5     0.716
218.75     0.714
219.0     0.716
219.25     0.714
219.5     0.712
219.75     0.712
220.0     0.712
220.25     0.712
220.5     0.712
220.75     0.71
221.0     0.71
221.25     0.71
221.5     0.71
221.75     0.708
222.0     0.708
222.25     0.708
222.5     0.708
222.75     0.708
223.0     0.708
223.25     0.706
223.5     0.706
223.75     0.704
224.0     0.704
224.25     0.704
224.5     0.704
224.75     0.704
225.0     0.7
225.25     0.698
225.5     0.698
225.75     0.696
226.0     0.696
226.25     0.694
226.5     0.69
226.75     0.69
227.0     0.69
227.25     0.69
227.5     0.688
227.75     0.686
228.0     0.686
228.25     0.686
228.5     0.686
228.75     0.686
229.0     0.684
229.25     0.684
229.5     0.684
229.75     0.684
230.0     0.684
230.25     0.682
230.5     0.682
230.75     0.682
231.0     0.68
231.25     0.68
231.5     0.68
231.75     0.68
232.0     0.68
232.25     0.678
232.5     0.678
232.75     0.674
233.0     0.674
233.25     0.674
233.5     0.674
233.75     0.67
234.0     0.67
234.25     0.67
234.5     0.668
234.75     0.668
235.0     0.668
235.25     0.668
235.5     0.668
235.75     0.668
236.0     0.668
236.25     0.668
236.5     0.668
236.75     0.668
237.0     0.668
237.25     0.668
237.5     0.668
237.75     0.668
238.0     0.666
238.25     0.666
238.5     0.666
238.75     0.666
239.0     0.664
239.25     0.664
239.5     0.664
239.75     0.664
240.0     0.664
240.25     0.662
240.5     0.662
240.75     0.662
241.0     0.662
241.25     0.662
241.5     0.66
241.75     0.66
242.0     0.66
242.25     0.66
242.5     0.66
242.75     0.66
243.0     0.658
243.25     0.658
243.5     0.658
243.75     0.656
244.0     0.656
244.25     0.656
244.5     0.652
244.75     0.652
245.0     0.652
245.25     0.652
245.5     0.652
245.75     0.652
246.0     0.652
246.25     0.648
246.5     0.646
246.75     0.646
247.0     0.646
247.25     0.646
247.5     0.646
247.75     0.644
248.0     0.644
248.25     0.644
248.5     0.644
248.75     0.644
249.0     0.644
249.25     0.644
249.5     0.644
249.75     0.642
250.0     0.642
250.25     0.642
250.5     0.642
250.75     0.642
251.0     0.642
251.25     0.642
251.5     0.64
251.75     0.64
252.0     0.64
252.25     0.64
252.5     0.638
252.75     0.636
253.0     0.636
253.25     0.636
253.5     0.636
253.75     0.636
254.0     0.636
254.25     0.634
254.5     0.634
254.75     0.634
255.0     0.632
255.25     0.63
255.5     0.63
255.75     0.63
256.0     0.63
256.25     0.628
256.5     0.628
256.75     0.628
257.0     0.628
257.25     0.628
257.5     0.628
257.75     0.628
258.0     0.628
258.25     0.628
258.5     0.626
258.75     0.626
259.0     0.624
259.25     0.624
259.5     0.624
259.75     0.624
260.0     0.624
260.25     0.624
260.5     0.624
260.75     0.624
261.0     0.624
261.25     0.622
261.5     0.62
261.75     0.616
262.0     0.616
262.25     0.614
262.5     0.614
262.75     0.612
263.0     0.612
263.25     0.614
263.5     0.61
263.75     0.61
264.0     0.61
264.25     0.608
264.5     0.608
264.75     0.608
265.0     0.608
265.25     0.606
265.5     0.604
265.75     0.602
266.0     0.602
266.25     0.602
266.5     0.602
266.75     0.602
267.0     0.602
267.25     0.602
267.5     0.602
267.75     0.602
268.0     0.6
268.25     0.6
268.5     0.6
268.75     0.6
269.0     0.6
269.25     0.6
269.5     0.6
269.75     0.6
270.0     0.6
270.25     0.6
270.5     0.598
270.75     0.596
271.0     0.592
271.25     0.592
271.5     0.592
271.75     0.592
272.0     0.592
272.25     0.592
272.5     0.59
272.75     0.588
273.0     0.586
273.25     0.584
273.5     0.584
273.75     0.584
274.0     0.582
274.25     0.58
274.5     0.58
274.75     0.578
275.0     0.578
275.25     0.572
275.5     0.57
275.75     0.568
276.0     0.568
276.25     0.568
276.5     0.564
276.75     0.562
277.0     0.562
277.25     0.562
277.5     0.562
277.75     0.56
278.0     0.558
278.25     0.558
278.5     0.558
278.75     0.554
279.0     0.556
279.25     0.554
279.5     0.554
279.75     0.552
280.0     0.552
280.25     0.55
280.5     0.548
280.75     0.542
281.0     0.54
281.25     0.538
281.5     0.536
281.75     0.538
282.0     0.534
282.25     0.532
282.5     0.528
282.75     0.526
283.0     0.526
283.25     0.522
283.5     0.52
283.75     0.518
284.0     0.518
284.25     0.516
284.5     0.514
284.75     0.512
285.0     0.51
285.25     0.51
285.5     0.51
285.75     0.508
286.0     0.508
286.25     0.506
286.5     0.508
286.75     0.506
287.0     0.5
287.25     0.498
287.5     0.498
287.75     0.496
288.0     0.494
288.25     0.49
288.5     0.49
288.75     0.49
289.0     0.486
289.25     0.484
289.5     0.486
289.75     0.484
290.0     0.482
290.25     0.482
290.5     0.478
290.75     0.476
291.0     0.474
291.25     0.474
291.5     0.472
291.75     0.468
292.0     0.468
292.25     0.466
292.5     0.464
292.75     0.464
293.0     0.464
293.25     0.464
293.5     0.464
293.75     0.464
294.0     0.464
294.25     0.462
294.5     0.46
294.75     0.458
295.0     0.458
295.25     0.458
295.5     0.458
295.75     0.456
296.0     0.456
296.25     0.454
296.5     0.454
296.75     0.452
297.0     0.452
297.25     0.452
297.5     0.452
297.75     0.452
298.0     0.45
298.25     0.446
298.5     0.442
298.75     0.442
299.0     0.442
299.25     0.44
299.5     0.44
299.75     0.438
300.0     0.436
300.25     0.436
300.5     0.434
300.75     0.432
301.0     0.43
301.25     0.43
301.5     0.428
301.75     0.424
302.0     0.422
302.25     0.424
302.5     0.422
302.75     0.422
303.0     0.418
303.25     0.416
303.5     0.416
303.75     0.416
304.0     0.416
304.25     0.416
304.5     0.418
304.75     0.418
305.0     0.416
305.25     0.412
305.5     0.406
305.75     0.406
306.0     0.406
306.25     0.408
306.5     0.408
306.75     0.406
307.0     0.406
307.25     0.404
307.5     0.404
307.75     0.404
308.0     0.402
308.25     0.396
308.5     0.396
308.75     0.396
309.0     0.396
309.25     0.396
309.5     0.394
309.75     0.392
310.0     0.392
310.25     0.392
310.5     0.392
310.75     0.392
311.0     0.39
311.25     0.39
311.5     0.39
311.75     0.39
312.0     0.39
312.25     0.39
312.5     0.388
312.75     0.388
313.0     0.386
313.25     0.386
313.5     0.386
313.75     0.386
314.0     0.386
314.25     0.386
314.5     0.384
314.75     0.384
315.0     0.382
315.25     0.382
315.5     0.382
315.75     0.382
316.0     0.382
316.25     0.382
316.5     0.382
316.75     0.382
317.0     0.38
317.25     0.38
317.5     0.38
317.75     0.38
318.0     0.38
318.25     0.378
318.5     0.378
318.75     0.378
319.0     0.378
319.25     0.378
319.5     0.378
319.75     0.378
320.0     0.376
320.25     0.376
320.5     0.376
320.75     0.376
321.0     0.374
321.25     0.372
321.5     0.37
321.75     0.37
322.0     0.37
322.25     0.37
322.5     0.37
322.75     0.368
323.0     0.368
323.25     0.368
323.5     0.368
323.75     0.364
324.0     0.362
324.25     0.362
324.5     0.362
324.75     0.362
325.0     0.362
325.25     0.36
325.5     0.36
325.75     0.36
326.0     0.358
326.25     0.358
326.5     0.358
326.75     0.358
327.0     0.358
327.25     0.358
327.5     0.358
327.75     0.358
328.0     0.358
328.25     0.358
328.5     0.358
328.75     0.356
329.0     0.354
329.25     0.352
329.5     0.352
329.75     0.352
330.0     0.352
330.25     0.352
330.5     0.352
330.75     0.352
331.0     0.35
331.25     0.35
331.5     0.35
331.75     0.35
332.0     0.35
332.25     0.35
332.5     0.35
332.75     0.35
333.0     0.35
333.25     0.346
333.5     0.346
333.75     0.348
334.0     0.348
334.25     0.346
334.5     0.346
334.75     0.346
335.0     0.346
335.25     0.346
335.5     0.346
335.75     0.346
336.0     0.344
336.25     0.344
336.5     0.344
336.75     0.344
337.0     0.344
337.25     0.344
337.5     0.344
337.75     0.344
338.0     0.344
338.25     0.344
338.5     0.344
338.75     0.344
339.0     0.34
339.25     0.34
339.5     0.34
339.75     0.34
340.0     0.338
340.25     0.338
340.5     0.338
340.75     0.338
341.0     0.338
341.25     0.338
341.5     0.338
341.75     0.338
342.0     0.338
342.25     0.338
342.5     0.338
342.75     0.338
343.0     0.338
343.25     0.336
343.5     0.336
343.75     0.336
344.0     0.336
344.25     0.336
344.5     0.336
344.75     0.336
345.0     0.336
345.25     0.336
345.5     0.334
345.75     0.334
346.0     0.334
346.25     0.334
346.5     0.332
346.75     0.332
347.0     0.332
347.25     0.332
347.5     0.33
347.75     0.33
348.0     0.328
348.25     0.328
348.5     0.328
348.75     0.328
349.0     0.328
349.25     0.328
349.5     0.328
349.75     0.328
350.0     0.328
350.25     0.328
350.5     0.328
350.75     0.328
351.0     0.326
351.25     0.326
351.5     0.326
351.75     0.326
352.0     0.326
352.25     0.326
352.5     0.326
352.75     0.326
353.0     0.324
353.25     0.324
353.5     0.322
353.75     0.322
354.0     0.322
354.25     0.322
354.5     0.322
354.75     0.32
355.0     0.32
355.25     0.318
355.5     0.318
355.75     0.318
356.0     0.318
356.25     0.318
356.5     0.318
356.75     0.318
357.0     0.316
357.25     0.316
357.5     0.314
357.75     0.31
358.0     0.31
358.25     0.31
358.5     0.31
358.75     0.31
359.0     0.31
359.25     0.308
359.5     0.308
359.75     0.308
360.0     0.308
360.25     0.306
360.5     0.306
360.75     0.306
361.0     0.306
361.25     0.306
361.5     0.306
361.75     0.302
362.0     0.3
362.25     0.298
362.5     0.298
362.75     0.298
363.0     0.298
363.25     0.298
363.5     0.296
363.75     0.296
364.0     0.294
364.25     0.294
364.5     0.29
364.75     0.288
365.0     0.286
365.25     0.286
365.5     0.284
365.75     0.282
366.0     0.284
366.25     0.284
366.5     0.282
366.75     0.282
367.0     0.28
367.25     0.28
367.5     0.28
367.75     0.278
368.0     0.278
368.25     0.278
368.5     0.278
368.75     0.278
369.0     0.278
369.25     0.278
369.5     0.276
369.75     0.276
370.0     0.276
370.25     0.276
370.5     0.274
370.75     0.272
371.0     0.27
371.25     0.27
371.5     0.27
371.75     0.266
372.0     0.266
372.25     0.266
372.5     0.264
372.75     0.262
373.0     0.262
373.25     0.262
373.5     0.26
373.75     0.26
374.0     0.26
374.25     0.26
374.5     0.26
374.75     0.26
375.0     0.258
375.25     0.258
375.5     0.256
375.75     0.256
376.0     0.256
376.25     0.256
376.5     0.254
376.75     0.254
377.0     0.254
377.25     0.254
377.5     0.252
377.75     0.252
378.0     0.252
378.25     0.252
378.5     0.25
378.75     0.248
379.0     0.248
379.25     0.248
379.5     0.244
379.75     0.244
380.0     0.242
380.25     0.24
380.5     0.24
380.75     0.236
381.0     0.236
381.25     0.236
381.5     0.234
381.75     0.236
382.0     0.236
382.25     0.236
382.5     0.234
382.75     0.232
383.0     0.232
383.25     0.232
383.5     0.232
383.75     0.23
384.0     0.23
384.25     0.226
384.5     0.224
384.75     0.224
385.0     0.224
385.25     0.224
385.5     0.224
385.75     0.22
386.0     0.218
386.25     0.218
386.5     0.218
386.75     0.218
387.0     0.218
387.25     0.22
387.5     0.216
387.75     0.216
388.0     0.216
388.25     0.216
388.5     0.216
388.75     0.216
389.0     0.216
389.25     0.214
389.5     0.214
389.75     0.214
390.0     0.214
390.25     0.214
390.5     0.214
390.75     0.214
391.0     0.212
391.25     0.21
391.5     0.21
391.75     0.208
392.0     0.208
392.25     0.208
392.5     0.208
392.75     0.208
393.0     0.208
393.25     0.208
393.5     0.208
393.75     0.208
394.0     0.208
394.25     0.208
394.5     0.208
394.75     0.208
395.0     0.208
395.25     0.208
395.5     0.208
395.75     0.208
396.0     0.208
396.25     0.206
396.5     0.206
396.75     0.204
397.0     0.202
397.25     0.202
397.5     0.202
397.75     0.202
398.0     0.2
398.25     0.2
398.5     0.2
398.75     0.2
399.0     0.2
399.25     0.2
399.5     0.2
399.75     0.2
400.0     0.2
400.25     0.2
400.5     0.2
400.75     0.2
401.0     0.198
401.25     0.194
401.5     0.194
401.75     0.194
402.0     0.194
402.25     0.19
402.5     0.19
402.75     0.19
403.0     0.19
403.25     0.19
403.5     0.19
403.75     0.19
404.0     0.19
404.25     0.19
404.5     0.188
404.75     0.188
405.0     0.188
405.25     0.188
405.5     0.186
405.75     0.186
406.0     0.186
406.25     0.184
406.5     0.184
406.75     0.184
407.0     0.182
407.25     0.182
407.5     0.18
407.75     0.18
408.0     0.18
408.25     0.18
408.5     0.18
408.75     0.18
409.0     0.18
409.25     0.18
409.5     0.178
409.75     0.176
410.0     0.176
410.25     0.174
410.5     0.174
410.75     0.174
411.0     0.174
411.25     0.174
411.5     0.174
411.75     0.172
412.0     0.17
412.25     0.17
412.5     0.17
412.75     0.17
413.0     0.17
413.25     0.17
413.5     0.17
413.75     0.17
414.0     0.168
414.25     0.168
414.5     0.168
414.75     0.168
415.0     0.166
415.25     0.166
415.5     0.166
415.75     0.164
416.0     0.164
416.25     0.164
416.5     0.164
416.75     0.162
417.0     0.162
417.25     0.162
417.5     0.162
417.75     0.162
418.0     0.162
418.25     0.162
418.5     0.162
418.75     0.162
419.0     0.162
419.25     0.162
419.5     0.162
419.75     0.162
420.0     0.16
420.25     0.16
420.5     0.16
420.75     0.158
421.0     0.158
421.25     0.158
421.5     0.158
421.75     0.156
422.0     0.156
422.25     0.156
422.5     0.156
422.75     0.156
423.0     0.156
423.25     0.156
423.5     0.156
423.75     0.156
424.0     0.154
424.25     0.154
424.5     0.154
424.75     0.154
425.0     0.154
425.25     0.154
425.5     0.154
425.75     0.154
426.0     0.152
426.25     0.152
426.5     0.152
426.75     0.152
427.0     0.152
427.25     0.152
427.5     0.15
427.75     0.15
428.0     0.15
428.25     0.15
428.5     0.15
428.75     0.15
429.0     0.15
429.25     0.15
429.5     0.15
429.75     0.15
430.0     0.15
430.25     0.15
430.5     0.15
430.75     0.15
431.0     0.15
431.25     0.15
431.5     0.15
431.75     0.15
432.0     0.148
432.25     0.148
432.5     0.148
432.75     0.148
433.0     0.148
433.25     0.146
433.5     0.146
433.75     0.146
434.0     0.146
434.25     0.146
434.5     0.144
434.75     0.144
435.0     0.144
435.25     0.144
435.5     0.144
435.75     0.142
436.0     0.142
436.25     0.142
436.5     0.142
436.75     0.142
437.0     0.142
437.25     0.142
437.5     0.142
437.75     0.142
438.0     0.14
438.25     0.14
438.5     0.14
438.75     0.14
439.0     0.14
439.25     0.14
439.5     0.14
439.75     0.138
440.0     0.136
440.25     0.136
440.5     0.136
440.75     0.134
441.0     0.134
441.25     0.134
441.5     0.134
441.75     0.134
442.0     0.134
442.25     0.134
442.5     0.132
442.75     0.132
443.0     0.132
443.25     0.132
443.5     0.132
443.75     0.132
444.0     0.132
444.25     0.13
444.5     0.13
444.75     0.13
445.0     0.13
445.25     0.13
445.5     0.13
445.75     0.132
446.0     0.132
446.25     0.132
446.5     0.13
446.75     0.13
447.0     0.13
447.25     0.13
447.5     0.13
447.75     0.13
448.0     0.128
448.25     0.126
448.5     0.126
448.75     0.124
449.0     0.124
449.25     0.124
449.5     0.122
449.75     0.12
450.0     0.12
450.25     0.118
450.5     0.116
450.75     0.116
451.0     0.116
451.25     0.116
451.5     0.116
451.75     0.116
452.0     0.116
452.25     0.116
452.5     0.116
452.75     0.116
453.0     0.116
453.25     0.116
453.5     0.116
453.75     0.116
454.0     0.116
454.25     0.116
454.5     0.116
454.75     0.116
455.0     0.116
455.25     0.116
455.5     0.116
455.75     0.116
456.0     0.116
456.25     0.116
456.5     0.116
456.75     0.116
457.0     0.116
457.25     0.114
457.5     0.114
457.75     0.114
458.0     0.114
458.25     0.114
458.5     0.114
458.75     0.114
459.0     0.114
459.25     0.114
459.5     0.114
459.75     0.114
460.0     0.114
460.25     0.114
460.5     0.114
460.75     0.114
461.0     0.114
461.25     0.114
461.5     0.114
461.75     0.112
462.0     0.112
462.25     0.112
462.5     0.112
462.75     0.112
463.0     0.112
463.25     0.112
463.5     0.112
463.75     0.11
464.0     0.11
464.25     0.11
464.5     0.11
464.75     0.11
465.0     0.11
465.25     0.11
465.5     0.11
465.75     0.11
466.0     0.11
466.25     0.11
466.5     0.108
466.75     0.108
467.0     0.108
467.25     0.108
467.5     0.108
467.75     0.108
468.0     0.108
468.25     0.108
468.5     0.108
468.75     0.108
469.0     0.104
469.25     0.104
469.5     0.104
469.75     0.104
470.0     0.104
470.25     0.104
470.5     0.104
470.75     0.104
471.0     0.104
471.25     0.104
471.5     0.104
471.75     0.1
472.0     0.1
472.25     0.1
472.5     0.1
472.75     0.098
473.0     0.098
473.25     0.098
473.5     0.098
473.75     0.096
474.0     0.094
474.25     0.094
474.5     0.094
474.75     0.094
475.0     0.094
475.25     0.092
475.5     0.092
475.75     0.092
476.0     0.092
476.25     0.092
476.5     0.092
476.75     0.092
477.0     0.092
477.25     0.092
477.5     0.092
477.75     0.092
478.0     0.09
478.25     0.09
478.5     0.088
478.75     0.088
479.0     0.088
479.25     0.088
479.5     0.09
479.75     0.09
480.0     0.09
480.25     0.09
480.5     0.09
480.75     0.09
481.0     0.09
481.25     0.09
481.5     0.09
481.75     0.09
482.0     0.09
482.25     0.09
482.5     0.088
482.75     0.088
483.0     0.088
483.25     0.088
483.5     0.088
483.75     0.088
484.0     0.088
484.25     0.088
484.5     0.088
484.75     0.088
485.0     0.088
485.25     0.088
485.5     0.088
485.75     0.088
486.0     0.088
486.25     0.088
486.5     0.088
486.75     0.088
487.0     0.088
487.25     0.086
487.5     0.084
487.75     0.084
488.0     0.084
488.25     0.08
488.5     0.08
488.75     0.08
489.0     0.08
489.25     0.08
489.5     0.08
489.75     0.08
490.0     0.08
490.25     0.08
490.5     0.08
490.75     0.08
491.0     0.08
491.25     0.08
491.5     0.08
491.75     0.08
492.0     0.08
492.25     0.08
492.5     0.08
492.75     0.078
493.0     0.078
493.25     0.078
493.5     0.078
493.75     0.078
494.0     0.076
494.25     0.076
494.5     0.074
494.75     0.074
495.0     0.074
495.25     0.074
495.5     0.074
495.75     0.074
496.0     0.074
496.25     0.074
496.5     0.074
496.75     0.074
497.0     0.074
497.25     0.074
497.5     0.074
497.75     0.074
498.0     0.074
498.25     0.074
498.5     0.074
498.75     0.074
499.0     0.074
499.25     0.074
499.5     0.074
499.75     0.074
500.0     0.074
500.25     0.074
500.5     0.074
500.75     0.074
501.0     0.074
501.25     0.074
501.5     0.074
501.75     0.072
502.0     0.072
502.25     0.072
502.5     0.072
502.75     0.072
503.0     0.072
503.25     0.072
503.5     0.072
503.75     0.072
504.0     0.072
504.25     0.072
504.5     0.072
504.75     0.072
505.0     0.072
505.25     0.07
505.5     0.07
505.75     0.07
506.0     0.068
506.25     0.068
506.5     0.068
506.75     0.068
507.0     0.068
507.25     0.068
507.5     0.068
507.75     0.068
508.0     0.068
508.25     0.068
508.5     0.068
508.75     0.068
509.0     0.068
509.25     0.068
509.5     0.068
509.75     0.068
510.0     0.068
510.25     0.068
510.5     0.068
510.75     0.068
511.0     0.068
511.25     0.068
511.5     0.068
511.75     0.068
512.0     0.068
512.25     0.068
512.5     0.07
512.75     0.07
513.0     0.07
513.25     0.07
513.5     0.07
513.75     0.07
514.0     0.07
514.25     0.07
514.5     0.07
514.75     0.07
515.0     0.07
515.25     0.07
515.5     0.07
515.75     0.07
516.0     0.07
516.25     0.07
516.5     0.07
516.75     0.07
517.0     0.07
517.25     0.07
517.5     0.07
517.75     0.07
518.0     0.07
518.25     0.07
518.5     0.07
518.75     0.07
519.0     0.07
519.25     0.07
519.5     0.07
519.75     0.07
520.0     0.07
520.25     0.07
520.5     0.07
520.75     0.068
521.0     0.068
521.25     0.068
521.5     0.066
521.75     0.066
522.0     0.066
522.25     0.066
522.5     0.066
522.75     0.066
523.0     0.066
523.25     0.066
523.5     0.066
523.75     0.066
524.0     0.066
524.25     0.066
524.5     0.066
524.75     0.066
525.0     0.066
525.25     0.064
525.5     0.064
525.75     0.064
526.0     0.064
526.25     0.064
526.5     0.064
526.75     0.064
527.0     0.064
527.25     0.064
527.5     0.064
527.75     0.064
528.0     0.064
528.25     0.064
528.5     0.064
528.75     0.064
529.0     0.064
529.25     0.064
529.5     0.064
529.75     0.064
530.0     0.064
530.25     0.064
530.5     0.062
530.75     0.062
531.0     0.062
531.25     0.062
531.5     0.062
531.75     0.062
532.0     0.062
532.25     0.062
532.5     0.062
532.75     0.062
533.0     0.06
533.25     0.06
533.5     0.06
533.75     0.06
534.0     0.06
534.25     0.06
534.5     0.06
534.75     0.06
535.0     0.06
535.25     0.06
535.5     0.06
535.75     0.06
536.0     0.06
536.25     0.06
536.5     0.06
536.75     0.06
537.0     0.06
537.25     0.06
537.5     0.06
537.75     0.06
538.0     0.06
538.25     0.06
538.5     0.06
538.75     0.06
539.0     0.06
539.25     0.06
539.5     0.06
539.75     0.06
540.0     0.06
540.25     0.06
540.5     0.06
540.75     0.06
541.0     0.06
541.25     0.06
541.5     0.06
541.75     0.06
542.0     0.058
542.25     0.058
542.5     0.058
542.75     0.058
543.0     0.058
543.25     0.058
543.5     0.058
543.75     0.058
544.0     0.058
544.25     0.058
544.5     0.058
544.75     0.058
545.0     0.058
545.25     0.058
545.5     0.058
545.75     0.058
546.0     0.058
546.25     0.058
546.5     0.058
546.75     0.058
547.0     0.058
547.25     0.058
547.5     0.056
547.75     0.056
548.0     0.056
548.25     0.056
548.5     0.056
548.75     0.056
549.0     0.056
549.25     0.056
549.5     0.056
549.75     0.056
550.0     0.052
550.25     0.054
550.5     0.054
550.75     0.054
551.0     0.054
551.25     0.054
551.5     0.052
551.75     0.052
552.0     0.052
552.25     0.052
552.5     0.052
552.75     0.052
553.0     0.052
553.25     0.052
553.5     0.052
553.75     0.052
554.0     0.052
554.25     0.052
554.5     0.052
554.75     0.052
555.0     0.052
555.25     0.052
555.5     0.052
555.75     0.052
556.0     0.052
556.25     0.052
556.5     0.052
556.75     0.052
557.0     0.052
557.25     0.052
557.5     0.052
557.75     0.052
558.0     0.052
558.25     0.05
558.5     0.05
558.75     0.05
559.0     0.05
559.25     0.05
559.5     0.05
559.75     0.05
560.0     0.05
560.25     0.05
560.5     0.05
560.75     0.05
561.0     0.048
561.25     0.048
561.5     0.048
561.75     0.048
562.0     0.048
562.25     0.046
562.5     0.046
562.75     0.046
563.0     0.046
563.25     0.046
563.5     0.046
563.75     0.046
564.0     0.046
564.25     0.046
564.5     0.046
564.75     0.046
565.0     0.046
565.25     0.046
565.5     0.046
565.75     0.044
566.0     0.044
566.25     0.044
566.5     0.044
566.75     0.044
567.0     0.044
567.25     0.044
567.5     0.044
567.75     0.044
568.0     0.044
568.25     0.044
568.5     0.044
568.75     0.044
569.0     0.044
569.25     0.044
569.5     0.044
569.75     0.042
570.0     0.042
570.25     0.042
570.5     0.042
570.75     0.042
571.0     0.042
571.25     0.04
571.5     0.04
571.75     0.04
572.0     0.04
572.25     0.04
572.5     0.04
572.75     0.04
573.0     0.04
573.25     0.04
573.5     0.04
573.75     0.04
574.0     0.04
574.25     0.04
574.5     0.038
574.75     0.038
575.0     0.038
575.25     0.038
575.5     0.038
575.75     0.036
576.0     0.036
576.25     0.036
576.5     0.036
576.75     0.036
577.0     0.034
577.25     0.034
577.5     0.034
577.75     0.034
578.0     0.034
578.25     0.034
578.5     0.034
578.75     0.034
579.0     0.034
579.25     0.034
579.5     0.034
579.75     0.034
580.0     0.034
580.25     0.034
580.5     0.034
580.75     0.034
581.0     0.034
581.25     0.034
581.5     0.034
581.75     0.034
582.0     0.034
582.25     0.034
582.5     0.034
582.75     0.034
583.0     0.034
583.25     0.034
583.5     0.034
583.75     0.034
584.0     0.034
584.25     0.034
584.5     0.034
584.75     0.034
585.0     0.034
585.25     0.034
585.5     0.034
585.75     0.034
586.0     0.034
586.25     0.034
586.5     0.034
586.75     0.034
587.0     0.034
587.25     0.034
587.5     0.034
587.75     0.034
588.0     0.034
588.25     0.034
588.5     0.032
588.75     0.032
589.0     0.032
589.25     0.032
589.5     0.032
589.75     0.032
590.0     0.032
590.25     0.032
590.5     0.032
590.75     0.032
591.0     0.032
591.25     0.032
591.5     0.032
591.75     0.032
592.0     0.032
592.25     0.032
592.5     0.032
592.75     0.032
593.0     0.032
593.25     0.032
593.5     0.032
593.75     0.032
594.0     0.032
594.25     0.032
594.5     0.032
594.75     0.03
595.0     0.03
595.25     0.03
595.5     0.03
595.75     0.03
596.0     0.03
596.25     0.03
596.5     0.03
596.75     0.028
597.0     0.028
597.25     0.028
597.5     0.028
597.75     0.028
598.0     0.028
598.25     0.028
598.5     0.028
598.75     0.028
599.0     0.028
599.25     0.028
599.5     0.028
599.75     0.028
600.0     0.028
600.25     0.028
600.5     0.028
600.75     0.028
601.0     0.028
601.25     0.028
601.5     0.028
601.75     0.028
602.0     0.028
602.25     0.028
602.5     0.028
602.75     0.028
603.0     0.026
603.25     0.026
603.5     0.026
603.75     0.026
604.0     0.026
604.25     0.026
604.5     0.026
604.75     0.026
605.0     0.026
605.25     0.026
605.5     0.026
605.75     0.026
606.0     0.026
606.25     0.026
606.5     0.024
606.75     0.024
607.0     0.024
607.25     0.024
607.5     0.024
607.75     0.024
608.0     0.024
608.25     0.024
608.5     0.024
608.75     0.024
609.0     0.024
609.25     0.024
609.5     0.024
609.75     0.024
610.0     0.024
610.25     0.024
610.5     0.024
610.75     0.024
611.0     0.024
611.25     0.024
611.5     0.024
611.75     0.024
612.0     0.024
612.25     0.024
612.5     0.024
612.75     0.024
613.0     0.024
613.25     0.024
613.5     0.024
613.75     0.024
614.0     0.024
614.25     0.024
614.5     0.024
614.75     0.024
615.0     0.024
615.25     0.024
615.5     0.024
615.75     0.024
616.0     0.024
616.25     0.024
616.5     0.024
616.75     0.024
617.0     0.024
617.25     0.024
617.5     0.024
617.75     0.024
618.0     0.024
618.25     0.024
618.5     0.024
618.75     0.024
619.0     0.024
619.25     0.024
619.5     0.024
619.75     0.024
620.0     0.024
620.25     0.024
620.5     0.024
620.75     0.024
621.0     0.024
621.25     0.024
621.5     0.024
621.75     0.024
622.0     0.024
622.25     0.024
622.5     0.024
622.75     0.024
623.0     0.024
623.25     0.024
623.5     0.024
623.75     0.024
624.0     0.024
624.25     0.022
624.5     0.022
624.75     0.022
625.0     0.022
625.25     0.022
625.5     0.022
625.75     0.022
626.0     0.022
626.25     0.02
626.5     0.02
626.75     0.02
627.0     0.02
627.25     0.02
627.5     0.02
627.75     0.02
628.0     0.02
628.25     0.02
628.5     0.02
628.75     0.02
629.0     0.02
629.25     0.02
629.5     0.02
629.75     0.02
630.0     0.02
630.25     0.02
630.5     0.02
630.75     0.02
631.0     0.02
631.25     0.02
631.5     0.022
631.75     0.02
632.0     0.02
632.25     0.02
632.5     0.02
632.75     0.02
633.0     0.02
633.25     0.02
633.5     0.02
633.75     0.02
634.0     0.02
634.25     0.018
634.5     0.018
634.75     0.016
635.0     0.016
635.25     0.016
635.5     0.016
635.75     0.016
636.0     0.016
636.25     0.016
636.5     0.016
636.75     0.016
637.0     0.016
637.25     0.016
637.5     0.016
637.75     0.016
638.0     0.016
638.25     0.016
638.5     0.016
638.75     0.016
639.0     0.016
639.25     0.016
639.5     0.016
639.75     0.016
640.0     0.016
640.25     0.016
640.5     0.016
640.75     0.016
641.0     0.016
641.25     0.016
641.5     0.016
641.75     0.016
642.0     0.016
642.25     0.016
642.5     0.016
642.75     0.016
643.0     0.016
643.25     0.016
643.5     0.016
643.75     0.016
644.0     0.016
644.25     0.016
644.5     0.016
644.75     0.016
645.0     0.016
645.25     0.016
645.5     0.016
645.75     0.016
646.0     0.016
646.25     0.016
646.5     0.016
646.75     0.016
647.0     0.016
647.25     0.016
647.5     0.016
647.75     0.016
648.0     0.016
648.25     0.016
648.5     0.016
648.75     0.014
649.0     0.014
649.25     0.014
649.5     0.014
649.75     0.014
650.0     0.014
650.25     0.014
650.5     0.014
650.75     0.014
651.0     0.014
651.25     0.014
651.5     0.014
651.75     0.014
652.0     0.014
652.25     0.014
652.5     0.014
652.75     0.014
653.0     0.014
653.25     0.014
653.5     0.014
653.75     0.014
654.0     0.014
654.25     0.014
654.5     0.014
654.75     0.014
655.0     0.014
655.25     0.014
655.5     0.014
655.75     0.014
656.0     0.014
656.25     0.014
656.5     0.014
656.75     0.014
657.0     0.014
657.25     0.014
657.5     0.014
657.75     0.014
658.0     0.014
658.25     0.014
658.5     0.014
658.75     0.014
659.0     0.014
659.25     0.014
659.5     0.014
659.75     0.014
660.0     0.014
660.25     0.014
660.5     0.012
660.75     0.012
661.0     0.012
661.25     0.012
661.5     0.012
661.75     0.012
662.0     0.012
662.25     0.012
662.5     0.012
662.75     0.012
663.0     0.012
663.25     0.012
663.5     0.012
663.75     0.012
664.0     0.012
664.25     0.012
664.5     0.012
664.75     0.012
665.0     0.012
665.25     0.012
665.5     0.012
665.75     0.012
666.0     0.012
666.25     0.012
666.5     0.012
666.75     0.012
667.0     0.012
667.25     0.012
667.5     0.012
667.75     0.012
668.0     0.012
668.25     0.012
668.5     0.012
668.75     0.012
669.0     0.012
669.25     0.012
669.5     0.012
669.75     0.012
670.0     0.012
670.25     0.012
670.5     0.012
670.75     0.012
671.0     0.012
671.25     0.012
671.5     0.012
671.75     0.012
672.0     0.012
672.25     0.012
672.5     0.012
672.75     0.012
673.0     0.012
673.25     0.01
673.5     0.01
673.75     0.01
674.0     0.01
674.25     0.01
674.5     0.01
674.75     0.01
675.0     0.01
675.25     0.01
675.5     0.01
675.75     0.01
676.0     0.01
676.25     0.01
676.5     0.01
676.75     0.008
677.0     0.008
677.25     0.008
677.5     0.008
677.75     0.008
678.0     0.008
678.25     0.008
678.5     0.008
678.75     0.008
679.0     0.008
679.25     0.008
679.5     0.008
679.75     0.008
680.0     0.008
680.25     0.008
680.5     0.008
680.75     0.008
681.0     0.008
681.25     0.008
681.5     0.008
681.75     0.008
682.0     0.008
682.25     0.008
682.5     0.008
682.75     0.008
683.0     0.008
683.25     0.008
683.5     0.008
683.75     0.008
684.0     0.008
684.25     0.008
684.5     0.008
684.75     0.008
685.0     0.008
685.25     0.008
685.5     0.008
685.75     0.008
686.0     0.008
686.25     0.008
686.5     0.008
686.75     0.008
687.0     0.008
687.25     0.008
687.5     0.008
687.75     0.008
688.0     0.008
688.25     0.008
688.5     0.008
688.75     0.008
689.0     0.008
689.25     0.008
689.5     0.006
689.75     0.006
690.0     0.006
690.25     0.006
690.5     0.006
690.75     0.006
691.0     0.006
691.25     0.006
691.5     0.006
691.75     0.006
692.0     0.006
692.25     0.006
692.5     0.006
692.75     0.006
693.0     0.006
693.25     0.006
693.5     0.006
693.75     0.006
694.0     0.006
694.25     0.006
694.5     0.006
694.75     0.006
695.0     0.006
695.25     0.006
695.5     0.006
695.75     0.006
696.0     0.006
696.25     0.006
696.5     0.006
696.75     0.006
697.0     0.006
697.25     0.006
697.5     0.006
697.75     0.006
698.0     0.006
698.25     0.006
698.5     0.006
698.75     0.006
699.0     0.006
699.25     0.006
699.5     0.006
699.75     0.004
700.0     0.004
700.25     0.004
700.5     0.004
700.75     0.004
701.0     0.004
701.25     0.004
701.5     0.004
701.75     0.004
702.0     0.004
702.25     0.004
702.5     0.004
702.75     0.004
703.0     0.004
703.25     0.004
703.5     0.004
703.75     0.004
704.0     0.004
704.25     0.004
704.5     0.004
704.75     0.004
705.0     0.004
705.25     0.004
705.5     0.004
705.75     0.004
706.0     0.004
706.25     0.004
706.5     0.004
706.75     0.004
707.0     0.004
707.25     0.004
707.5     0.004
707.75     0.004
708.0     0.004
708.25     0.004
708.5     0.004
708.75     0.004
709.0     0.004
709.25     0.004
709.5     0.004
709.75     0.004
710.0     0.004
710.25     0.004
710.5     0.004
710.75     0.004
711.0     0.004
711.25     0.004
711.5     0.004
711.75     0.004
712.0     0.004
712.25     0.004
712.5     0.002
712.75     0.002
713.0     0.002
713.25     0.002
713.5     0.002
713.75     0.002
714.0     0.002
714.25     0.002
714.5     0.002
714.75     0.002
715.0     0.002
715.25     0.002
715.5     0.002
715.75     0.002
716.0     0.002
716.25     0.002
716.5     0.002
716.75     0.002
717.0     0.002
717.25     0.002
717.5     0.002
717.75     0.002
718.0     0.002
718.25     0.002
718.5     0.002
718.75     0.002
719.0     0.002
719.25     0.002
719.5     0.002
719.75     0.002
720.0     0.002
720.25     0.002
720.5     0.002
720.75     0.002
721.0     0.002
721.25     0.002
721.5     0.002
721.75     0.002
722.0     0.002
722.25     0.002
722.5     0.002
722.75     0.002
723.0     0.002
723.25     0.002
723.5     0.002
723.75     0.002
724.0     0.002
724.25     0.002
724.5     0.002
724.75     0.002
725.0     0.002
725.25     0.002
725.5     0.002
725.75     0.002
726.0     0.002
726.25     0.002
726.5     0.002
726.75     0.002
727.0     0.002
727.25     0.002
727.5     0.002
727.75     0.002
728.0     0.002
728.25     0.002
728.5     0.002
728.75     0.002
729.0     0.002
729.25     0.002
729.5     0.002
729.75     0.002
730.0     0.002
730.25     0.002
730.5     0.002
730.75     0.002
731.0     0.002
731.25     0.002
731.5     0.002
731.75     0.002
732.0     0.002
732.25     0.002
732.5     0.002
732.75     0.002
733.0     0.002
733.25     0.002
733.5     0.002
733.75     0.002
734.0     0.002
734.25     0.002
734.5     0.002
734.75     0.002
735.0     0.002
735.25     0.002
735.5     0.002
735.75     0.002
736.0     0.002
736.25     0.002
736.5     0.002
736.75     0.002
737.0     0.002
737.25     0.002
737.5     0.002
737.75     0.002
738.0     0.002
738.25     0.002
738.5     0.002
738.75     0.002
739.0     0.002
739.25     0.002
739.5     0.002
739.75     0.002
740.0     0.002
740.25     0.002
740.5     0.002
740.75     0.002
741.0     0.002
741.25     0.002
741.5     0.002
741.75     0.002
742.0     0.002
742.25     0.002
742.5     0.002
742.75     0.002
743.0     0.002
743.25     0.002
743.5     0.002
743.75     0.002
744.0     0.002
744.25     0.002
744.5     0.002
744.75     0.002
745.0     0.002
745.25     0.002
745.5     0.002
745.75     0.002
746.0     0.002
746.25     0.002
746.5     0.002
746.75     0.002
747.0     0.002
747.25     0.002
747.5     0.002
747.75     0.002
748.0     0.002
748.25     0.002
748.5     0.002
748.75     0.002
749.0     0.002
749.25     0.002
749.5     0.002
749.75     0.002
750.0     0.002
750.25     0.002
750.5     0.002
750.75     0.002
751.0     0.002
751.25     0.002
751.5     0.002
751.75     0.002
752.0     0.002
752.25     0.002
752.5     0.002
752.75     0.002
753.0     0.002
753.25     0.002
753.5     0.002
753.75     0.002
754.0     0.0
754.25     0.0
754.5     0.0
754.75     0.0
755.0     0.0
755.25     0.0
755.5     0.0
755.75     0.0
756.0     0.0
756.25     0.0
756.5     0.0
756.75     0.0
757.0     0.0
757.25     0.0
757.5     0.0
757.75     0.0
758.0     0.0
758.25     0.0
758.5     0.0
758.75     0.0
759.0     0.0
759.25     0.0
759.5     0.0
759.75     0.0
760.0     0.0
760.25     0.0
760.5     0.0
760.75     0.0
761.0     0.0
761.25     0.0
761.5     0.0
761.75     0.0
762.0     0.0
762.25     0.0
762.5     0.0
762.75     0.0
763.0     0.0
763.25     0.0
763.5     0.0
763.75     0.0
764.0     0.0
764.25     0.0
764.5     0.0
764.75     0.0
765.0     0.0
765.25     0.0
765.5     0.0
765.75     0.0
766.0     0.0
766.25     0.0
766.5     0.0
766.75     0.0
767.0     0.0
767.25     0.0
767.5     0.0
767.75     0.0
768.0     0.0
768.25     0.0
768.5     0.0
768.75     0.0
769.0     0.0
769.25     0.0
769.5     0.0
769.75     0.0
770.0     0.0
770.25     0.0
770.5     0.0
770.75     0.0
771.0     0.0
771.25     0.0
771.5     0.0
771.75     0.0
772.0     0.0
772.25     0.0
772.5     0.0
772.75     0.0
773.0     0.0
773.25     0.0
773.5     0.0
773.75     0.0
774.0     0.0
774.25     0.0
774.5     0.0
774.75     0.0
775.0     0.0
775.25     0.0
775.5     0.0
775.75     0.0
776.0     0.0
776.25     0.0
776.5     0.0
776.75     0.0
777.0     0.0
777.25     0.0
777.5     0.0
777.75     0.0
778.0     0.0
778.25     0.0
778.5     0.0
778.75     0.0
779.0     0.0
779.25     0.0
779.5     0.0
779.75     0.0
780.0     0.0
780.25     0.0
780.5     0.0
780.75     0.0
781.0     0.0
781.25     0.0
781.5     0.0
781.75     0.0
782.0     0.0
782.25     0.0
782.5     0.0
782.75     0.0
783.0     0.0
783.25     0.0
783.5     0.0
783.75     0.0
784.0     0.0
784.25     0.0
784.5     0.0
784.75     0.0
785.0     0.0
785.25     0.0
785.5     0.0
785.75     0.0
786.0     0.0
786.25     0.0
786.5     0.0
786.75     0.0
787.0     0.0
787.25     0.0
787.5     0.0
787.75     0.0
788.0     0.0
788.25     0.0
788.5     0.0
788.75     0.0
789.0     0.0
789.25     0.0
789.5     0.0
789.75     0.0
790.0     0.0
790.25     0.0
790.5     0.0
790.75     0.0
791.0     0.0
791.25     0.0
791.5     0.0
791.75     0.0
792.0     0.0
792.25     0.0
792.5     0.0
792.75     0.0
793.0     0.0
793.25     0.0
793.5     0.0
793.75     0.0
794.0     0.0
794.25     0.0
794.5     0.0
794.75     0.0
795.0     0.0
795.25     0.0
795.5     0.0
795.75     0.0
796.0     0.0
796.25     0.0
796.5     0.0
796.75     0.0
797.0     0.0
797.25     0.0
797.5     0.0
797.75     0.0
798.0     0.0
798.25     0.0
798.5     0.0
798.75     0.0
799.0     0.0
799.25     0.0
799.5     0.0
799.75     0.0
800.0     0.0
800.25     0.0
800.5     0.0
800.75     0.0
801.0     0.0
801.25     0.0
801.5     0.0
801.75     0.0
802.0     0.0
802.25     0.0
802.5     0.0
802.75     0.0
803.0     0.0
803.25     0.0
803.5     0.0
803.75     0.0
804.0     0.0
804.25     0.0
804.5     0.0
804.75     0.0
805.0     0.0
805.25     0.0
805.5     0.0
805.75     0.0
806.0     0.0
806.25     0.0
806.5     0.0
806.75     0.0
807.0     0.0
807.25     0.0
807.5     0.0
807.75     0.0
808.0     0.0
808.25     0.0
808.5     0.0
808.75     0.0
809.0     0.0
809.25     0.0
809.5     0.0
809.75     0.0
810.0     0.0
810.25     0.0
810.5     0.0
810.75     0.0
811.0     0.0
811.25     0.0
811.5     0.0
811.75     0.0
812.0     0.0
812.25     0.0
812.5     0.0
812.75     0.0
813.0     0.0
813.25     0.0
813.5     0.0
813.75     0.0
814.0     0.0
814.25     0.0
814.5     0.0
814.75     0.0
815.0     0.0
815.25     0.0
815.5     0.0
815.75     0.0
816.0     0.0
816.25     0.0
816.5     0.0
816.75     0.0
817.0     0.0
817.25     0.0
817.5     0.0
817.75     0.0
818.0     0.0
818.25     0.0
818.5     0.0
818.75     0.0
819.0     0.0
819.25     0.0
819.5     0.0
819.75     0.0
820.0     0.0
820.25     0.0
820.5     0.0
820.75     0.0
821.0     0.0
821.25     0.0
821.5     0.0
821.75     0.0
822.0     0.0
822.25     0.0
822.5     0.0
822.75     0.0
823.0     0.0
823.25     0.0
823.5     0.0
823.75     0.0
824.0     0.0
824.25     0.0
824.5     0.0
824.75     0.0
825.0     0.0
825.25     0.0
825.5     0.0
825.75     0.0
826.0     0.0
826.25     0.0
826.5     0.0
826.75     0.0
827.0     0.0
827.25     0.0
827.5     0.0
827.75     0.0
828.0     0.0
828.25     0.0
828.5     0.0
828.75     0.0
829.0     0.0
829.25     0.0
829.5     0.0
829.75     0.0
830.0     0.0
830.25     0.0
830.5     0.0
830.75     0.0
831.0     0.0
831.25     0.0
831.5     0.0
831.75     0.0
832.0     0.0
832.25     0.0
832.5     0.0
832.75     0.0
833.0     0.0
833.25     0.0
833.5     0.0
833.75     0.0
834.0     0.0
834.25     0.0
834.5     0.0
834.75     0.0
835.0     0.0
835.25     0.0
835.5     0.0
835.75     0.0
836.0     0.0
836.25     0.0
836.5     0.0
836.75     0.0
837.0     0.0
837.25     0.0
837.5     0.0
837.75     0.0
838.0     0.0
838.25     0.0
838.5     0.0
838.75     0.0
839.0     0.0
839.25     0.0
839.5     0.0
839.75     0.0
840.0     0.0
840.25     0.0
840.5     0.0
840.75     0.0
841.0     0.0
841.25     0.0
841.5     0.0
841.75     0.0
842.0     0.0
842.25     0.0
842.5     0.0
842.75     0.0
843.0     0.0
843.25     0.0
843.5     0.0
843.75     0.0
844.0     0.0
844.25     0.0
844.5     0.0
844.75     0.0
845.0     0.0
845.25     0.0
845.5     0.0
845.75     0.0
846.0     0.0
846.25     0.0
846.5     0.0
846.75     0.0
847.0     0.0
847.25     0.0
847.5     0.0
847.75     0.0
848.0     0.0
848.25     0.0
848.5     0.0
848.75     0.0
849.0     0.0
849.25     0.0
849.5     0.0
849.75     0.0
850.0     0.0
850.25     0.0
850.5     0.0
850.75     0.0
851.0     0.0
851.25     0.0
851.5     0.0
851.75     0.0
852.0     0.0
852.25     0.0
852.5     0.0
852.75     0.0
853.0     0.0
853.25     0.0
853.5     0.0
853.75     0.0
854.0     0.0
854.25     0.0
854.5     0.0
854.75     0.0
855.0     0.0
855.25     0.0
855.5     0.0
855.75     0.0
856.0     0.0
856.25     0.0
856.5     0.0
856.75     0.0
857.0     0.0
857.25     0.0
857.5     0.0
857.75     0.0
858.0     0.0
858.25     0.0
858.5     0.0
858.75     0.0
859.0     0.0
859.25     0.0
859.5     0.0
859.75     0.0
860.0     0.0
860.25     0.0
860.5     0.0
860.75     0.0
861.0     0.0
861.25     0.0
861.5     0.0
861.75     0.0
862.0     0.0
862.25     0.0
862.5     0.0
862.75     0.0
863.0     0.0
863.25     0.0
863.5     0.0
863.75     0.0
864.0     0.0
864.25     0.0
864.5     0.0
864.75     0.0
865.0     0.0
865.25     0.0
865.5     0.0
865.75     0.0
866.0     0.0
866.25     0.0
866.5     0.0
866.75     0.0
867.0     0.0
867.25     0.0
867.5     0.0
867.75     0.0
868.0     0.0
868.25     0.0
868.5     0.0
868.75     0.0
869.0     0.0
869.25     0.0
869.5     0.0
869.75     0.0
870.0     0.0
870.25     0.0
870.5     0.0
870.75     0.0
871.0     0.0
871.25     0.0
871.5     0.0
871.75     0.0
872.0     0.0
872.25     0.0
872.5     0.0
872.75     0.0
873.0     0.0
873.25     0.0
873.5     0.0
873.75     0.0
874.0     0.0
874.25     0.0
874.5     0.0
874.75     0.0
875.0     0.0
875.25     0.0
875.5     0.0
875.75     0.0
876.0     0.0
876.25     0.0
876.5     0.0
876.75     0.0
877.0     0.0
877.25     0.0
877.5     0.0
877.75     0.0
878.0     0.0
878.25     0.0
878.5     0.0
878.75     0.0
879.0     0.0
879.25     0.0
879.5     0.0
879.75     0.0
880.0     0.0
880.25     0.0
880.5     0.0
880.75     0.0
881.0     0.0
881.25     0.0
881.5     0.0
881.75     0.0
882.0     0.0
882.25     0.0
882.5     0.0
882.75     0.0
883.0     0.0
883.25     0.0
883.5     0.0
883.75     0.0
884.0     0.0
884.25     0.0
884.5     0.0
884.75     0.0
885.0     0.0
885.25     0.0
885.5     0.0
885.75     0.0
886.0     0.0
886.25     0.0
886.5     0.0
886.75     0.0
887.0     0.0
887.25     0.0
887.5     0.0
887.75     0.0
888.0     0.0
888.25     0.0
888.5     0.0
888.75     0.0
889.0     0.0
889.25     0.0
889.5     0.0
889.75     0.0
890.0     0.0
890.25     0.0
890.5     0.0
890.75     0.0
891.0     0.0
891.25     0.0
891.5     0.0
891.75     0.0
892.0     0.0
892.25     0.0
892.5     0.0
892.75     0.0
893.0     0.0
893.25     0.0
893.5     0.0
893.75     0.0
894.0     0.0
894.25     0.0
894.5     0.0
894.75     0.0
895.0     0.0
895.25     0.0
895.5     0.0
895.75     0.0
896.0     0.0
896.25     0.0
896.5     0.0
896.75     0.0
897.0     0.0
897.25     0.0
897.5     0.0
897.75     0.0
898.0     0.0
898.25     0.0
898.5     0.0
898.75     0.0
899.0     0.0
899.25     0.0
899.5     0.0
899.75     0.0
900.0     0.0
900.25     0.0
900.5     0.0
900.75     0.0
901.0     0.0
901.25     0.0
901.5     0.0
901.75     0.0
902.0     0.0
902.25     0.0
902.5     0.0
902.75     0.0
903.0     0.0
903.25     0.0
903.5     0.0
903.75     0.0
904.0     0.0
904.25     0.0
904.5     0.0
904.75     0.0
905.0     0.0
905.25     0.0
905.5     0.0
905.75     0.0
906.0     0.0
906.25     0.0
906.5     0.0
906.75     0.0
907.0     0.0
907.25     0.0
907.5     0.0
907.75     0.0
908.0     0.0
908.25     0.0
908.5     0.0
908.75     0.0
909.0     0.0
909.25     0.0
909.5     0.0
909.75     0.0
910.0     0.0
910.25     0.0
910.5     0.0
910.75     0.0
911.0     0.0
911.25     0.0
911.5     0.0
911.75     0.0
912.0     0.0
912.25     0.0
912.5     0.0
912.75     0.0
913.0     0.0
913.25     0.0
913.5     0.0
913.75     0.0
914.0     0.0
914.25     0.0
914.5     0.0
914.75     0.0
915.0     0.0
915.25     0.0
915.5     0.0
915.75     0.0
916.0     0.0
916.25     0.0
916.5     0.0
916.75     0.0
917.0     0.0
917.25     0.0
917.5     0.0
917.75     0.0
918.0     0.0
918.25     0.0
918.5     0.0
918.75     0.0
919.0     0.0
919.25     0.0
919.5     0.0
919.75     0.0
920.0     0.0
920.25     0.0
920.5     0.0
920.75     0.0
921.0     0.0
921.25     0.0
921.5     0.0
921.75     0.0
922.0     0.0
922.25     0.0
922.5     0.0
922.75     0.0
923.0     0.0
923.25     0.0
923.5     0.0
923.75     0.0
924.0     0.0
924.25     0.0
924.5     0.0
924.75     0.0
925.0     0.0
925.25     0.0
925.5     0.0
925.75     0.0
926.0     0.0
926.25     0.0
926.5     0.0
926.75     0.0
927.0     0.0
927.25     0.0
927.5     0.0
927.75     0.0
928.0     0.0
928.25     0.0
928.5     0.0
928.75     0.0
929.0     0.0
929.25     0.0
929.5     0.0
929.75     0.0
930.0     0.0
930.25     0.0
930.5     0.0
930.75     0.0
931.0     0.0
931.25     0.0
931.5     0.0
931.75     0.0
932.0     0.0
932.25     0.0
932.5     0.0
932.75     0.0
933.0     0.0
933.25     0.0
933.5     0.0
933.75     0.0
934.0     0.0
934.25     0.0
934.5     0.0
934.75     0.0
935.0     0.0
935.25     0.0
935.5     0.0
935.75     0.0
936.0     0.0
936.25     0.0
936.5     0.0
936.75     0.0
937.0     0.0
937.25     0.0
937.5     0.0
937.75     0.0
938.0     0.0
938.25     0.0
938.5     0.0
938.75     0.0
939.0     0.0
939.25     0.0
939.5     0.0
939.75     0.0
940.0     0.0
940.25     0.0
940.5     0.0
940.75     0.0
941.0     0.0
941.25     0.0
941.5     0.0
941.75     0.0
942.0     0.0
942.25     0.0
942.5     0.0
942.75     0.0
943.0     0.0
943.25     0.0
943.5     0.0
943.75     0.0
944.0     0.0
944.25     0.0
944.5     0.0
944.75     0.0
945.0     0.0
945.25     0.0
945.5     0.0
945.75     0.0
946.0     0.0
946.25     0.0
946.5     0.0
946.75     0.0
947.0     0.0
947.25     0.0
947.5     0.0
947.75     0.0
948.0     0.0
948.25     0.0
948.5     0.0
948.75     0.0
949.0     0.0
949.25     0.0
949.5     0.0
949.75     0.0
950.0     0.0
950.25     0.0
950.5     0.0
950.75     0.0
951.0     0.0
951.25     0.0
951.5     0.0
951.75     0.0
952.0     0.0
952.25     0.0
952.5     0.0
952.75     0.0
953.0     0.0
953.25     0.0
953.5     0.0
953.75     0.0
954.0     0.0
954.25     0.0
954.5     0.0
954.75     0.0
955.0     0.0
955.25     0.0
955.5     0.0
955.75     0.0
956.0     0.0
956.25     0.0
956.5     0.0
956.75     0.0
957.0     0.0
957.25     0.0
957.5     0.0
957.75     0.0
958.0     0.0
958.25     0.0
958.5     0.0
958.75     0.0
959.0     0.0
959.25     0.0
959.5     0.0
959.75     0.0
960.0     0.0
960.25     0.0
960.5     0.0
960.75     0.0
961.0     0.0
961.25     0.0
961.5     0.0
961.75     0.0
962.0     0.0
962.25     0.0
962.5     0.0
962.75     0.0
963.0     0.0
963.25     0.0
963.5     0.0
963.75     0.0
964.0     0.0
964.25     0.0
964.5     0.0
964.75     0.0
965.0     0.0
965.25     0.0
965.5     0.0
965.75     0.0
966.0     0.0
966.25     0.0
966.5     0.0
966.75     0.0
967.0     0.0
967.25     0.0
967.5     0.0
967.75     0.0
968.0     0.0
968.25     0.0
968.5     0.0
968.75     0.0
969.0     0.0
969.25     0.0
969.5     0.0
969.75     0.0
970.0     0.0
970.25     0.0
970.5     0.0
970.75     0.0
971.0     0.0
971.25     0.0
971.5     0.0
971.75     0.0
972.0     0.0
972.25     0.0
972.5     0.0
972.75     0.0
973.0     0.0
973.25     0.0
973.5     0.0
973.75     0.0
974.0     0.0
974.25     0.0
974.5     0.0
974.75     0.0
975.0     0.0
975.25     0.0
975.5     0.0
975.75     0.0
976.0     0.0
976.25     0.0
976.5     0.0
976.75     0.0
977.0     0.0
977.25     0.0
977.5     0.0
977.75     0.0
978.0     0.0
978.25     0.0
978.5     0.0
978.75     0.0
979.0     0.0
979.25     0.0
979.5     0.0
979.75     0.0
980.0     0.0
980.25     0.0
980.5     0.0
980.75     0.0
981.0     0.0
981.25     0.0
981.5     0.0
981.75     0.0
982.0     0.0
982.25     0.0
982.5     0.0
982.75     0.0
983.0     0.0
983.25     0.0
983.5     0.0
983.75     0.0
984.0     0.0
984.25     0.0
984.5     0.0
984.75     0.0
985.0     0.0
985.25     0.0
985.5     0.0
985.75     0.0
986.0     0.0
986.25     0.0
986.5     0.0
986.75     0.0
987.0     0.0
987.25     0.0
987.5     0.0
987.75     0.0
988.0     0.0
988.25     0.0
988.5     0.0
988.75     0.0
989.0     0.0
989.25     0.0
989.5     0.0
989.75     0.0
990.0     0.0
990.25     0.0
990.5     0.0
990.75     0.0
991.0     0.0
991.25     0.0
991.5     0.0
991.75     0.0
992.0     0.0
992.25     0.0
992.5     0.0
992.75     0.0
993.0     0.0
993.25     0.0
993.5     0.0
993.75     0.0
994.0     0.0
994.25     0.0
994.5     0.0
994.75     0.0
995.0     0.0
995.25     0.0
995.5     0.0
995.75     0.0
996.0     0.0
996.25     0.0
996.5     0.0
996.75     0.0
997.0     0.0
997.25     0.0
997.5     0.0
997.75     0.0
998.0     0.0
998.25     0.0
998.5     0.0
998.75     0.0
999.0     0.0
999.25     0.0
999.5     0.0
999.75     0.0
1000.0     0.0
