  2.0   114.50000
  6.0    85.50000
 10.0    32.00000
 13.0   152.50000
 15.0   277.50000
 19.0    66.75000
 22.0   391.75000
 23.0   212.50000
 24.0    41.50000
 25.0    67.00000
 27.0   156.75000
 28.0   228.00000
 33.0   340.25000
 34.0    60.75000
 36.0   180.25000
 37.0   197.75000
 38.0   241.00000
 39.0   225.25000
 43.0    65.00000
 45.0    57.50000
 46.0   152.00000
 47.0   222.00000
 49.0   162.50000
 52.0   160.75000
 54.0   149.00000
 55.0   171.75000
 57.0   215.50000
 58.0    48.25000
 60.0   379.75000
 61.0    58.25000
 64.0   112.00000
 65.0    77.50000
 66.0   132.00000
 67.0   132.00000
 73.0   431.50000
 81.0   103.75000
 83.0    31.25000
 84.0   179.75000
 85.0   226.75000
 87.0    97.25000
 88.0    70.50000
 89.0    99.50000
 90.0   108.50000
 91.0   279.25000
 92.0   156.50000
 93.0   294.00000
 94.0    52.75000
 95.0    58.25000
 97.0   231.00000
 98.0   233.75000
100.0    71.50000
101.0   100.25000
104.0   246.25000
105.0   144.25000
106.0    58.75000
108.0    47.25000
110.0   103.50000
115.0   175.75000
117.0    37.25000
118.0    42.75000
120.0   138.00000
123.0   324.00000
124.0   168.00000
125.0    96.00000
128.0   197.25000
129.0    44.25000
131.0   142.50000
132.0   233.50000
133.0    32.75000
135.0    92.25000
136.0   367.25000
138.0    54.50000
139.0    78.25000
141.0   105.50000
142.0    46.75000
147.0    60.75000
148.0   113.00000
149.0   238.50000
150.0   231.25000
153.0   255.00000
154.0   192.50000
158.0    92.50000
161.0   250.75000
164.0   320.25000
165.0    48.50000
166.0   242.00000
167.0   249.50000
168.0    63.75000
169.0    55.00000
170.0   346.50000
171.0   127.25000
172.0   207.25000
174.0   145.50000
176.0    89.00000
178.0   182.00000
179.0   178.25000
180.0    38.50000
182.0   179.25000
185.0   127.25000
192.0   262.75000
194.0    83.25000
195.0    55.50000
198.0    96.00000
199.0   240.75000
205.0   151.00000
206.0   235.25000
207.0   124.75000
210.0    68.75000
211.0   256.50000
215.0   473.75000
216.0   161.50000
217.0    75.00000
220.0   241.25000
222.0   236.25000
223.0   264.00000
225.0   136.75000
227.0    70.25000
228.0   262.75000
229.0    88.75000
231.0   245.25000
233.0   132.50000
234.0   158.75000
236.0   205.00000
237.0    29.75000
241.0    37.50000
242.0   114.50000
244.0   116.50000
245.0   243.50000
249.0   681.25000
250.0   320.50000
253.0    74.50000
254.0   177.00000
256.0    52.50000
258.0    79.25000
260.0   152.50000
262.0   389.25000
264.0   384.75000
268.0   250.50000
270.0   147.50000
272.0    60.25000
274.0    93.00000
276.0    53.75000
277.0   321.50000
278.0   127.75000
279.0   160.00000
280.0   246.50000
281.0    69.75000
283.0   227.75000
284.0   116.75000
286.0   256.75000
287.0   166.75000
289.0   226.75000
291.0   262.75000
294.0   192.50000
295.0   136.00000
297.0    33.25000
298.0   135.75000
299.0   262.75000
301.0   100.75000
302.0    44.50000
303.0   252.75000
307.0   271.25000
308.0    33.50000
309.0    53.50000
311.0   235.75000
313.0    31.25000
314.0   335.25000
317.0   232.75000
319.0   208.25000
322.0   105.00000
324.0    53.50000
326.0   235.75000
329.0   132.00000
333.0   172.00000
335.0    85.50000
339.0   120.50000
340.0    50.75000
341.0   228.75000
344.0   154.75000
346.0   235.50000
349.0    96.75000
350.0    69.50000
352.0    84.75000
353.0    40.25000
354.0    53.50000
356.0    84.25000
357.0   603.50000
358.0   152.75000
359.0   207.50000
361.0   220.50000
362.0    56.25000
363.0   154.75000
364.0   248.50000
367.0   295.25000
369.0    52.25000
372.0    57.75000
374.0    53.25000
375.0    79.25000
376.0    87.00000
377.0    50.00000
381.0    68.00000
383.0   153.25000
385.0   150.25000
389.0     0.00000
391.0    73.00000
392.0   147.50000
393.0   255.75000
395.0    88.25000
396.0   220.00000
397.0    42.50000
398.0   128.75000
399.0   289.50000
402.0   148.00000
403.0   231.00000
404.0   223.75000
408.0   189.00000
409.0    86.75000
412.0   520.25000
415.0   362.00000
416.0    79.50000
417.0    51.00000
419.0    50.25000
420.0   225.00000
421.0   199.75000
422.0   176.50000
423.0    97.25000
425.0   251.00000
426.0   147.25000
427.0    94.50000
433.0   179.00000
435.0    45.50000
441.0   223.75000
442.0    50.00000
443.0    57.75000
446.0    59.75000
447.0    43.00000
449.0   231.75000
450.0   251.25000
451.0   182.25000
456.0   185.50000
457.0   148.50000
458.0   270.00000
459.0   157.50000
460.0    89.00000
461.0   121.25000
464.0   230.00000
465.0   203.25000
468.0    56.50000
469.0    63.75000
472.0    58.50000
473.0   144.25000
475.0   175.75000
476.0   175.25000
477.0   103.25000
478.0    98.50000
479.0   224.25000
480.0    95.75000
484.0    87.50000
485.0    35.75000
486.0    53.75000
487.0   226.75000
488.0    74.25000
490.0   225.75000
491.0   333.75000
492.0    49.75000
493.0   226.00000
497.0   187.50000
498.0   415.75000
