  2.0    89.49217
  6.0    82.38254
 10.0    78.15163
 13.0    90.62032
 15.0    91.25301
 19.0    86.82229
 22.0    73.99418
 23.0    84.75407
 24.0    83.56310
 25.0    94.53913
 27.0    88.80634
 28.0    91.96441
 33.0    97.10334
 34.0    56.11821
 36.0    89.29138
 37.0    70.26478
 38.0    85.55021
 39.0    88.22888
 43.0    81.48907
 45.0    89.41500
 46.0    63.49109
 47.0    88.62709
 49.0    74.19934
 52.0    88.57276
 54.0    81.10402
 55.0    86.93201
 57.0    90.84189
 58.0    89.42638
 60.0    91.44164
 61.0    84.65390
 64.0    81.63925
 65.0    78.04609
 66.0    75.36378
 67.0    76.26964
 73.0    62.31572
 81.0    76.44814
 83.0    70.60701
 84.0    94.18983
 85.0    79.88396
 87.0    89.93908
 88.0    81.99543
 89.0    47.93893
 90.0    88.64848
 91.0    73.31425
 92.0    88.85368
 93.0    89.10007
 94.0    86.59622
 95.0    75.34192
 97.0    88.50209
 98.0    88.26284
100.0    68.43344
101.0    89.84290
104.0    88.54514
105.0    82.73749
106.0    79.01197
108.0    82.88138
110.0    89.94823
115.0    81.53511
117.0    99.12301
118.0    77.77388
120.0    80.68807
123.0    86.77877
124.0    94.30860
125.0    68.23660
128.0    80.05403
129.0    84.07343
131.0    79.41758
132.0    87.56404
133.0    84.73177
135.0    77.89412
136.0    78.72614
138.0    69.16027
139.0    82.04748
141.0    75.18232
142.0    89.43562
147.0    88.13553
148.0    58.30720
149.0    86.52999
150.0    91.87396
153.0    81.62477
154.0    88.51425
158.0    60.24117
161.0    86.97741
164.0    78.18939
165.0    78.40468
166.0    87.94887
167.0    75.74386
168.0    77.83877
169.0    85.55998
170.0    91.23673
171.0    80.92261
172.0    79.76926
174.0    84.22758
176.0    87.93659
178.0    81.80675
179.0    71.62765
180.0    81.68641
182.0    89.85296
185.0    82.02799
192.0    86.95031
194.0    56.12085
195.0    91.68544
198.0    81.78943
199.0    92.45464
205.0    84.77734
206.0    93.13392
207.0    83.39432
210.0    87.79710
211.0    84.84155
215.0    99.57220
216.0    68.79986
217.0    71.50874
220.0    86.43618
222.0    97.91759
223.0    86.32325
225.0    89.09189
227.0    84.38766
228.0    89.55864
229.0    69.28039
231.0    89.20949
233.0    78.14698
234.0    69.14159
236.0    99.81644
237.0    77.23004
241.0    86.18495
242.0    93.06916
244.0    67.97749
245.0    91.92336
249.0   101.55263
250.0    82.82702
253.0    57.18048
254.0    86.03875
256.0    74.21231
258.0    82.44372
260.0    87.29521
262.0    80.00161
264.0    81.14209
268.0    72.32858
270.0    83.95294
272.0    80.03309
274.0    82.11929
276.0    96.22438
277.0    99.31447
278.0    80.15739
279.0    92.78055
280.0    85.68744
281.0    79.33899
283.0    91.89163
284.0    84.33764
286.0    92.42869
287.0    90.43308
289.0    93.24120
291.0    85.38150
294.0    81.30441
295.0    75.70486
297.0    88.77547
298.0    72.64647
299.0    70.67924
301.0    72.58351
302.0    68.39642
303.0    85.96359
307.0    85.49217
308.0    91.53949
309.0    73.85618
311.0    59.78382
313.0    74.98579
314.0    87.96561
317.0    91.76836
319.0    64.25994
322.0    70.03027
324.0    94.94320
326.0    90.19895
329.0    69.75112
333.0    69.70183
335.0    78.95860
339.0    78.86537
340.0    72.25631
341.0    85.54028
344.0    61.71843
346.0    87.29168
349.0    75.67168
350.0    56.79692
352.0    53.06454
353.0    90.97015
354.0    84.91149
356.0    48.51797
357.0    92.21145
358.0    91.21100
359.0    94.90186
361.0    87.34259
362.0    81.30874
363.0    91.59541
364.0    87.67298
367.0     2.97030
369.0    92.15049
372.0    90.10016
374.0    73.09075
375.0    83.58599
376.0    86.44403
377.0    64.02361
381.0    77.02402
383.0    92.73787
385.0    93.47215
389.0    37.33935
391.0    75.68530
392.0    93.72331
393.0    82.78448
395.0    81.30308
396.0    72.51105
397.0    98.28098
398.0    78.83208
399.0    93.86804
402.0    91.40823
403.0    94.75410
404.0    90.93081
408.0    84.63417
409.0    80.80739
412.0    91.14334
415.0    83.89231
416.0    78.85407
417.0    82.81507
419.0    88.21926
420.0    91.37797
421.0    83.60431
422.0    77.64218
423.0    54.49008
425.0    28.15902
426.0    59.32164
427.0    81.56668
433.0    73.32693
435.0    76.45796
441.0    95.81754
442.0    82.07123
443.0    80.47252
446.0    88.99438
447.0    85.90169
449.0    91.11787
450.0    90.64177
451.0    44.85447
456.0    83.94470
457.0    74.34074
458.0    83.90092
459.0    76.07946
460.0    93.49879
461.0    81.80441
464.0    86.62007
465.0    74.60422
468.0    79.44929
469.0    92.74759
472.0    86.65257
473.0    71.09199
475.0    76.80006
476.0    62.08956
477.0    60.97578
478.0    83.83757
479.0    92.81170
480.0    85.78724
484.0    83.16579
485.0    83.60101
486.0    85.34213
487.0    81.03174
488.0    76.07506
490.0    95.07765
491.0    95.66844
492.0    78.38565
493.0    80.61786
497.0    78.38259
498.0    92.31734
