  1.0   231.50000
  3.0   673.75000
  4.0   445.25000
  5.0   528.25000
  7.0   231.00000
  8.0   495.00000
  9.0   264.50000
 11.0   166.25000
 12.0    42.25000
 14.0   273.25000
 16.0   273.25000
 17.0   334.00000
 18.0   202.00000
 20.0   278.25000
 21.0   374.75000
 26.0    47.50000
 29.0   514.75000
 30.0   204.25000
 31.0    29.50000
 32.0    44.50000
 35.0    32.00000
 40.0   571.25000
 41.0   247.25000
 42.0   280.50000
 44.0   201.50000
 48.0   176.25000
 50.0    86.50000
 51.0   219.00000
 53.0   273.50000
 56.0   125.00000
 59.0    29.25000
 62.0   219.25000
 63.0   339.50000
 68.0   279.75000
 69.0   258.75000
 70.0   189.50000
 71.0   288.25000
 72.0    59.75000
 74.0    77.50000
 75.0   306.50000
 76.0   367.50000
 77.0   302.50000
 78.0   479.50000
 79.0   266.75000
 80.0    26.50000
 82.0    32.25000
 86.0   472.50000
 96.0    22.50000
 99.0    47.75000
102.0   219.75000
103.0   249.00000
107.0   337.75000
109.0   246.75000
111.0   422.75000
112.0   448.00000
113.0    87.25000
114.0    25.25000
116.0   207.00000
119.0   206.00000
121.0   289.75000
122.0   122.75000
126.0   266.25000
127.0   271.75000
130.0    25.50000
134.0   178.50000
137.0   213.00000
140.0   375.50000
143.0    56.50000
144.0   141.50000
145.0   197.50000
146.0   220.25000
151.0   644.75000
152.0    32.75000
155.0   258.50000
156.0    24.50000
157.0   303.75000
159.0   117.00000
160.0   401.50000
162.0   203.50000
163.0   576.00000
173.0   202.00000
175.0   269.75000
177.0   204.25000
181.0   229.50000
183.0   206.75000
184.0   270.75000
186.0   259.25000
187.0   312.25000
188.0   126.00000
189.0   232.25000
190.0    48.25000
191.0    49.50000
193.0   197.75000
196.0   393.75000
197.0    30.75000
200.0    94.25000
201.0    33.00000
202.0    30.75000
203.0   451.75000
204.0    83.50000
208.0   386.00000
209.0   349.00000
212.0    33.00000
213.0   246.25000
214.0   133.25000
218.0    31.75000
219.0   402.75000
221.0   658.25000
224.0    49.50000
226.0   440.25000
230.0   283.50000
232.0   767.50000
235.0   392.00000
238.0    34.00000
239.0   129.00000
240.0    28.75000
243.0   373.25000
246.0   256.00000
247.0   387.00000
248.0   373.75000
251.0   289.50000
252.0    40.75000
255.0    32.00000
257.0   296.50000
259.0   147.00000
261.0    25.50000
263.0    28.00000
265.0   528.50000
266.0   259.00000
267.0    24.50000
269.0   553.00000
271.0   121.00000
273.0   235.75000
275.0    43.50000
282.0   200.00000
285.0    27.75000
288.0    23.75000
290.0   765.75000
292.0   244.75000
293.0   255.50000
296.0    39.75000
300.0   772.25000
304.0   275.50000
305.0   451.25000
306.0    27.50000
310.0    35.00000
312.0   143.75000
315.0   206.50000
316.0   485.75000
318.0   288.50000
320.0   126.50000
321.0   145.25000
323.0   279.00000
325.0   201.50000
327.0   148.00000
328.0   228.50000
330.0   441.25000
331.0   225.25000
332.0   287.25000
334.0   419.25000
336.0   183.00000
337.0   142.25000
338.0   339.75000
342.0   589.50000
343.0   202.50000
345.0   306.75000
347.0    29.00000
348.0   294.75000
351.0   206.50000
355.0   269.25000
360.0   237.75000
365.0    30.25000
366.0    27.25000
368.0   232.75000
370.0   180.50000
371.0   385.50000
373.0   457.75000
378.0    44.00000
379.0   275.25000
380.0   544.25000
382.0    40.25000
384.0   249.75000
386.0   390.25000
387.0   174.25000
388.0   609.50000
390.0   368.00000
394.0   217.75000
400.0   111.75000
401.0   128.75000
405.0   263.25000
406.0    19.00000
407.0    35.00000
410.0    63.75000
411.0   168.00000
413.0   359.50000
414.0   462.25000
418.0   221.75000
424.0   217.75000
428.0   209.75000
429.0   326.75000
430.0   124.25000
431.0    26.50000
432.0    27.75000
434.0   196.75000
436.0   234.75000
437.0    26.75000
438.0    30.00000
439.0   271.50000
440.0    25.25000
444.0   238.50000
445.0   445.75000
448.0    81.00000
452.0    27.25000
453.0    32.00000
454.0    25.50000
455.0   216.25000
462.0   242.00000
463.0    30.25000
466.0   405.00000
467.0   474.25000
470.0   276.50000
471.0   249.25000
474.0    26.50000
481.0   468.00000
482.0   290.25000
483.0   137.00000
489.0   398.50000
494.0    28.00000
495.0   210.75000
496.0   515.75000
499.0   165.75000
500.0   251.75000
