  1.0   106.55123
  3.0   106.25478
  4.0    91.99584
  5.0   102.06575
  7.0    95.90255
  8.0   101.01337
  9.0   101.56376
 11.0    96.38951
 12.0    88.71201
 14.0    90.83620
 16.0    92.67342
 17.0   147.92527
 18.0   106.83802
 20.0   100.40564
 21.0   125.37753
 26.0   108.92863
 29.0   124.65256
 30.0    84.64771
 31.0    84.87315
 32.0    88.51606
 35.0    88.82454
 40.0   105.36162
 41.0   111.51591
 42.0    95.60527
 44.0    81.59290
 48.0    43.70771
 50.0    94.52381
 51.0   100.50120
 53.0    90.23821
 56.0    88.35401
 59.0    86.95379
 62.0    89.82213
 63.0   104.53366
 68.0   119.10152
 69.0   102.65871
 70.0    87.12677
 71.0   111.88733
 72.0    93.20586
 74.0    92.97783
 75.0   103.22690
 76.0   158.23921
 77.0   105.69249
 78.0   103.85532
 79.0    93.94096
 80.0    85.58372
 82.0    90.09708
 86.0   135.91536
 96.0    88.65005
 99.0    97.10044
102.0   110.32651
103.0   109.46422
107.0   114.79043
109.0    99.51210
111.0   110.07792
112.0    99.57329
113.0   114.45818
114.0    83.18204
116.0   109.83727
119.0    96.89072
121.0    97.37441
122.0    94.97789
126.0    96.51340
127.0    93.49157
130.0    85.23260
134.0    93.92342
137.0    95.58296
140.0    94.77720
143.0    96.49881
144.0   106.78167
145.0    96.45713
146.0    95.12442
151.0   109.42659
152.0    89.98578
155.0    69.34724
156.0    87.54007
157.0   113.58029
159.0    94.28776
160.0   111.18206
162.0    96.76873
163.0   178.20970
173.0    83.43771
175.0    99.42371
177.0   102.20299
181.0   131.50460
183.0    99.29692
184.0   102.05422
186.0   107.05917
187.0   113.89506
188.0    98.21101
189.0   102.59409
190.0    95.92483
191.0   117.31977
193.0    91.64506
196.0   111.87209
197.0    82.52988
200.0    94.97089
201.0    86.92103
202.0    95.11383
203.0   115.96488
204.0    94.87142
208.0    96.96287
209.0    93.15263
212.0    86.04677
213.0    95.36085
214.0   100.39854
218.0    77.44703
219.0    98.82347
221.0   130.48568
224.0    91.34625
226.0   131.06689
230.0   112.25272
232.0   112.36037
235.0    88.58202
238.0   101.33495
239.0    96.85722
240.0    86.87605
243.0   106.88726
246.0   100.05858
247.0    94.35662
248.0   100.00096
251.0   113.88044
252.0    98.68570
255.0    92.55870
257.0   102.58783
259.0    92.80067
261.0    83.83498
263.0    86.82016
265.0   120.72118
266.0   103.45232
267.0    91.88663
269.0   103.63574
271.0    87.31762
273.0   102.38839
275.0    91.37616
282.0   100.54338
285.0    81.24558
288.0    93.40681
290.0   121.18777
292.0    97.63780
293.0    98.63587
296.0    98.43494
300.0   108.22871
304.0    96.54961
305.0   105.67488
306.0    88.80209
310.0    95.02883
312.0    97.84267
315.0    87.03946
316.0   157.47679
318.0   106.43732
320.0    88.82006
321.0    93.23948
323.0   110.18283
325.0    93.21555
327.0    97.34755
328.0    96.86840
330.0    92.56376
331.0    97.99700
332.0   110.39002
334.0   103.14603
336.0    94.31280
337.0    96.35227
338.0    97.73447
342.0   117.29576
343.0    91.78729
345.0   108.57815
347.0    81.35129
348.0   102.76109
351.0    89.60838
355.0   104.39016
360.0    94.36353
365.0    91.47047
366.0    86.39365
368.0    98.75120
370.0    97.90557
371.0    90.05567
373.0   111.51740
378.0   101.18621
379.0    88.91619
380.0   115.78666
382.0    88.32652
384.0    96.81234
386.0    85.26762
387.0    90.65781
388.0   114.44055
390.0   107.76397
394.0   109.94945
400.0    98.84790
401.0    99.09495
405.0   108.52413
406.0    84.74911
407.0    88.75641
410.0    92.21672
411.0    93.06850
413.0    84.99915
414.0   120.38349
418.0   115.82248
424.0    95.75082
428.0   100.11278
429.0    93.97834
430.0    89.44422
431.0    92.01554
432.0    83.95598
434.0    87.36760
436.0   100.06320
437.0    86.47286
438.0    81.14541
439.0    95.96904
440.0    82.53276
444.0    99.78534
445.0   108.31520
448.0    93.00619
452.0    89.62941
453.0    90.35456
454.0    93.32503
455.0    88.10204
462.0    95.55176
463.0    90.08265
466.0   100.22378
467.0   124.30914
470.0   125.20829
471.0   100.54019
474.0    83.47786
481.0   130.57675
482.0   101.05124
483.0   115.10351
489.0   119.07985
494.0    85.03678
495.0    98.30903
496.0   101.96096
499.0   101.46662
500.0   134.53711
