  2.0    93.37686
  8.0    90.31073
 10.0    88.39610
 15.0   100.85407
 21.0    93.34408
 24.0    95.86824
 25.0    92.46775
 29.0    94.67958
 30.0    97.79778
 33.0    93.47009
 35.0    97.73198
 37.0    99.51799
 45.0    93.50748
 49.0    90.83232
 57.0    98.55020
 58.0   100.62697
 62.0   101.82165
 64.0   100.04451
 68.0    97.55146
 80.0    92.68792
 81.0    94.70420
 83.0    97.14636
 84.0    98.50064
 85.0    93.09932
 87.0   107.62938
 90.0   101.11183
 91.0    98.83480
 94.0    91.16297
100.0    97.42717
102.0    83.83614
114.0    99.60582
116.0    96.98855
118.0    95.07048
124.0    86.38072
126.0   100.17467
128.0    98.77734
129.0    90.76968
135.0    81.05485
143.0    99.41121
148.0    94.82066
150.0    92.20201
152.0    88.03858
156.0    92.74938
160.0    97.96198
161.0    97.05680
164.0    85.11723
165.0    95.07243
167.0    90.02250
170.0    99.59682
171.0    98.30365
175.0    93.74477
184.0    78.31368
185.0    58.26912
191.0   132.39903
192.0    96.54642
195.0    90.52231
198.0    95.49022
209.0    95.71498
210.0    82.15744
215.0    88.36706
219.0    96.56746
222.0   103.19349
224.0    98.27549
227.0    87.53517
234.0    93.62386
239.0   105.00824
242.0    97.21921
245.0    98.05897
248.0    97.66326
249.0    86.98993
260.0    98.76361
261.0    88.50355
269.0    84.26358
273.0    92.08819
278.0    94.39910
284.0    93.88964
291.0   112.62495
293.0    91.36706
295.0    98.62042
297.0   100.75572
311.0    89.54897
312.0    79.38458
313.0    90.04039
321.0    93.34683
323.0    94.18393
326.0    97.87844
332.0    88.24903
338.0   103.62610
345.0    97.55671
348.0    96.23313
351.0    95.98867
356.0   100.11854
359.0    97.73094
362.0    96.79831
363.0    91.69726
364.0    96.42529
365.0   107.01771
375.0    88.46346
376.0    89.71350
378.0    89.17381
382.0   102.07885
384.0    92.15948
388.0    94.71463
389.0    67.12614
391.0    94.42611
393.0    95.82523
396.0    86.68277
404.0    78.21537
405.0    91.80807
406.0    88.60334
407.0    97.85937
409.0    84.29401
412.0    95.17202
415.0    87.29280
416.0    95.45886
417.0    83.20254
419.0    99.55253
424.0    80.98884
425.0   104.24949
428.0    87.82532
429.0    99.57304
434.0    98.60950
435.0   100.42091
438.0    96.37894
440.0    96.34631
445.0    99.87974
447.0    93.04714
452.0    92.71150
453.0   100.12765
457.0    95.87224
463.0    99.07300
478.0    97.55146
480.0    88.07450
493.0    97.41998
495.0    97.87562
497.0    92.64376
498.0    90.15159
499.0    97.01565
