  2.0   344.50000
  8.0   258.75000
 10.0   599.00000
 15.0   442.00000
 21.0   375.75000
 24.0   301.75000
 25.0   446.00000
 29.0    77.75000
 30.0   489.50000
 33.0   683.00000
 35.0   490.00000
 37.0   383.25000
 45.0   327.00000
 49.0   405.75000
 57.0   601.50000
 58.0   262.50000
 62.0   159.00000
 64.0   295.00000
 68.0   307.00000
 80.0   306.50000
 81.0   332.25000
 83.0   856.25000
 84.0   253.75000
 85.0   438.00000
 87.0   568.25000
 90.0   374.25000
 91.0   872.75000
 94.0   287.25000
100.0   367.50000
102.0   671.75000
114.0   441.50000
116.0   411.75000
118.0   423.75000
124.0   531.00000
126.0   518.50000
128.0   214.25000
129.0   303.00000
135.0   312.50000
143.0   445.50000
148.0   503.75000
150.0   431.75000
152.0   515.75000
156.0   657.75000
160.0   319.75000
161.0   305.50000
164.0   449.25000
165.0   265.50000
167.0   570.25000
170.0   311.25000
171.0   643.75000
175.0   521.25000
184.0   324.75000
185.0   550.25000
191.0   310.00000
192.0   411.25000
195.0   322.25000
198.0   261.00000
209.0   293.50000
210.0   302.00000
215.0   476.00000
219.0   395.00000
222.0   403.50000
224.0   266.25000
227.0   656.25000
234.0   335.50000
239.0   458.25000
242.0   296.00000
245.0   340.25000
248.0   303.75000
249.0   431.00000
260.0   342.50000
261.0   680.75000
269.0   501.00000
273.0   316.00000
278.0   435.00000
284.0   331.25000
291.0   527.75000
293.0   447.25000
295.0   371.75000
297.0   275.00000
311.0   299.75000
312.0   526.75000
313.0   329.75000
321.0   331.50000
323.0   852.50000
326.0   305.25000
332.0   384.50000
338.0   301.25000
345.0   224.50000
348.0   301.75000
351.0   305.25000
356.0   501.75000
359.0   573.00000
362.0   312.00000
363.0   576.25000
364.0   483.00000
365.0   408.00000
375.0   383.75000
376.0   248.00000
378.0   339.00000
382.0   228.25000
384.0   441.00000
388.0   298.75000
389.0   422.75000
391.0   473.50000
393.0   618.00000
396.0   398.75000
404.0   591.00000
405.0   498.75000
406.0   396.75000
407.0   504.50000
409.0   327.25000
412.0   507.50000
415.0   308.50000
416.0   256.00000
417.0   298.50000
419.0   350.50000
424.0   376.25000
425.0   490.25000
428.0   532.50000
429.0   267.50000
434.0   379.75000
435.0   487.75000
438.0   442.50000
440.0   301.00000
445.0   362.75000
447.0   416.50000
452.0   412.00000
453.0   267.00000
457.0   451.25000
463.0   381.00000
478.0   307.00000
480.0   426.50000
493.0   218.50000
495.0   300.75000
497.0   391.00000
498.0   535.00000
499.0   263.00000
