  1.0   102.08742
  3.0   126.33356
  4.0   131.31728
  5.0   123.74773
  6.0   102.17828
  7.0    95.47997
  9.0    99.79082
 11.0    93.97423
 12.0   103.51242
 13.0   108.95016
 14.0   133.71680
 16.0   121.74811
 17.0   118.13015
 18.0   116.43716
 19.0    96.77850
 20.0   102.21663
 22.0   106.52180
 23.0    88.03254
 26.0   106.61232
 27.0   117.22800
 28.0   113.60840
 31.0   105.45794
 32.0    92.23616
 34.0   110.66139
 36.0   101.89783
 38.0   103.05459
 39.0    99.06243
 40.0   128.91180
 41.0   126.40598
 42.0   105.00019
 43.0    98.61566
 44.0   115.75941
 46.0   115.49521
 47.0   136.80285
 48.0   103.70327
 50.0    99.55222
 51.0    98.12675
 52.0   114.28002
 53.0    93.94565
 54.0   101.27644
 55.0   105.37731
 56.0   104.62439
 59.0    97.32429
 60.0   110.20144
 61.0   104.46396
 63.0   104.09962
 65.0   129.19265
 66.0   100.72896
 67.0    92.43257
 69.0   126.75388
 70.0   113.25841
 71.0   101.47667
 72.0    87.00171
 73.0    97.97421
 74.0    97.83955
 75.0   105.51318
 76.0   101.04688
 77.0    97.85907
 78.0   106.26467
 79.0   105.01020
 82.0   104.92359
 86.0   105.05010
 88.0   100.70223
 89.0    92.98985
 92.0   118.39606
 93.0   101.72407
 95.0   100.08908
 96.0    97.48613
 97.0   102.75016
 98.0   101.73430
 99.0   100.13035
101.0   100.93787
103.0   104.14120
104.0   109.56876
105.0   116.96129
106.0   136.81565
107.0   105.52587
108.0   101.19860
109.0   107.59779
110.0   110.47178
111.0   101.80584
112.0    99.53224
113.0   107.64483
115.0   136.16781
117.0   101.90276
119.0   108.10081
120.0   113.80062
121.0   125.64655
122.0   112.30449
123.0   105.76851
125.0    98.01795
127.0    95.02151
130.0    96.26070
131.0   104.49850
132.0   119.57554
133.0   132.82790
134.0    95.54029
136.0   116.81733
137.0   172.66334
138.0   102.96996
139.0   122.12897
140.0   105.48059
141.0   114.54826
142.0    89.98683
144.0   122.91665
145.0   103.46261
146.0   141.75436
147.0    98.95401
149.0   119.07100
151.0   116.29300
153.0   120.07658
154.0   107.66383
155.0   113.19961
157.0   106.94870
158.0   115.38988
159.0   104.11232
162.0   133.34144
163.0   106.12364
166.0   104.70916
168.0   101.25763
169.0   111.34607
172.0   115.30362
173.0    92.10927
174.0   104.91360
176.0   102.52194
177.0   104.05709
178.0   105.87024
179.0   117.87768
180.0   103.19712
181.0   110.00604
182.0   108.91633
183.0    94.87253
186.0    92.13305
187.0    86.15704
188.0   119.74337
189.0   129.57544
190.0   103.20498
193.0    99.97055
194.0    99.18552
196.0   107.51016
197.0    98.63695
199.0   123.12873
200.0   108.82369
201.0    95.94629
202.0   101.74994
203.0   105.73196
204.0   115.36002
205.0    95.54268
206.0   112.11017
207.0    98.76867
208.0   110.88373
211.0   114.80209
212.0   108.45855
213.0   103.64446
214.0   107.17349
216.0    98.50321
217.0    97.29989
218.0   101.33524
220.0    99.35281
221.0    97.11280
223.0    99.79187
225.0   127.54073
226.0   116.09182
228.0   102.55109
229.0    95.50504
230.0   113.63488
231.0   101.68137
232.0    95.44686
233.0   100.44860
235.0   108.43780
236.0   117.42350
237.0   108.79989
238.0   101.83654
240.0   100.17732
241.0   107.45452
243.0   102.81277
244.0   106.44801
246.0    96.88825
247.0   103.77069
250.0   107.93781
251.0    97.80534
252.0   113.90927
253.0   130.73286
254.0   102.42472
255.0   107.07938
256.0    98.14730
257.0   110.61068
258.0   105.13945
259.0   104.38270
262.0   109.32160
263.0   109.18805
264.0   102.06917
265.0   102.38038
266.0   105.22759
267.0    92.03731
268.0   123.70349
270.0   100.88792
271.0   114.74078
272.0   100.79350
274.0   114.70032
275.0   113.56671
276.0   101.47737
277.0   113.77918
279.0   112.50648
280.0   101.40269
281.0   108.86082
282.0   101.16292
283.0    99.90870
285.0   105.84301
286.0    93.32506
287.0   107.04161
288.0   104.47586
289.0   108.76352
290.0   112.46367
292.0    98.30862
294.0   114.04718
296.0   127.06614
298.0   117.07881
299.0   102.55197
300.0   106.27547
301.0   114.01036
302.0   111.58294
303.0   107.00916
304.0   109.31673
305.0   120.45807
306.0    99.89934
307.0    96.41462
308.0   133.36209
309.0   105.84273
310.0   101.35189
314.0   106.20696
315.0    98.02989
316.0   108.05744
317.0   101.57875
318.0   100.79588
319.0    94.96119
320.0   102.00929
322.0   108.37895
324.0   108.94856
325.0   115.06435
327.0   102.11048
328.0   113.67957
329.0   101.36237
330.0   127.44738
331.0   104.76046
333.0    96.96353
334.0   135.09413
335.0   120.54497
336.0   130.14898
337.0   106.18204
339.0    99.94310
340.0   105.08146
341.0    99.47522
342.0    96.61473
343.0   124.28022
344.0   118.66422
346.0    96.85760
347.0   101.08517
349.0   146.43014
350.0   151.34177
352.0   102.62714
353.0   100.54009
354.0    99.59941
355.0   120.69778
357.0   111.86303
358.0   106.01541
360.0   111.84469
361.0   108.40806
366.0    98.59629
367.0   108.02953
368.0    99.78405
369.0   116.82408
370.0    98.71312
371.0   111.04003
372.0   103.38883
373.0   125.72881
374.0   121.98614
377.0   121.52822
379.0   101.00394
380.0   103.84314
381.0   124.60519
383.0    99.89432
385.0    98.66322
386.0   103.84267
387.0   108.76325
390.0   110.52878
392.0   102.33906
394.0   146.46992
395.0   105.64202
397.0   114.53233
398.0   105.53729
399.0   141.73730
400.0   126.54606
401.0   102.31996
402.0   109.79478
403.0   103.65547
408.0    98.75443
410.0   124.72476
411.0    95.94116
413.0   112.24509
414.0   110.49159
418.0   109.05567
420.0   110.55900
421.0   103.02791
422.0    99.63497
423.0   109.13016
426.0   106.90688
427.0    93.95245
430.0   100.79311
431.0   104.06733
432.0    97.82871
433.0   121.95511
436.0   103.75064
437.0   103.92967
439.0   108.70935
441.0   111.60984
442.0   127.55352
443.0   103.15545
444.0    99.26403
446.0   115.81018
448.0   115.15940
449.0   106.36107
450.0   105.38277
451.0   104.23866
454.0   100.98008
455.0    92.67799
456.0   143.74088
458.0   125.26224
459.0   110.68872
460.0   109.39126
461.0    99.58820
462.0   119.57740
464.0   121.93267
465.0    99.15778
466.0   106.93910
467.0   103.98720
468.0   107.56977
469.0   103.78973
470.0    92.35078
471.0   127.57176
472.0   102.86749
473.0   119.67805
474.0   124.21238
475.0   110.20483
476.0   111.30802
477.0   102.12987
479.0   111.59139
481.0   101.87872
482.0   108.17415
483.0   112.89834
484.0   134.24308
485.0   112.19078
486.0   106.89642
487.0   110.44314
488.0   102.91664
489.0    94.87909
490.0   102.64644
491.0   102.14482
492.0   116.28372
494.0   105.25318
496.0   106.45466
500.0   109.80697
