  1.0   412.00000
  3.0   287.75000
  4.0   246.00000
  5.0   383.50000
  6.0   323.75000
  7.0   862.00000
  9.0   439.50000
 11.0   484.25000
 12.0   555.00000
 13.0   438.25000
 14.0   395.00000
 16.0   289.25000
 17.0   272.25000
 18.0   399.50000
 19.0   511.25000
 20.0   453.50000
 22.0   362.00000
 23.0   559.50000
 26.0   265.00000
 27.0   373.75000
 28.0   342.75000
 31.0   298.75000
 32.0   413.75000
 34.0   438.75000
 36.0   555.50000
 38.0   278.75000
 39.0   396.50000
 40.0   577.50000
 41.0   181.00000
 42.0   583.50000
 43.0   324.25000
 44.0   405.00000
 46.0   650.50000
 47.0   284.25000
 48.0   329.50000
 50.0   441.75000
 51.0   565.50000
 52.0   241.25000
 53.0   381.00000
 54.0   456.25000
 55.0   390.50000
 56.0   870.25000
 59.0   457.75000
 60.0   878.75000
 61.0   416.25000
 63.0   389.50000
 65.0   344.50000
 66.0   347.00000
 67.0   377.75000
 69.0   254.00000
 70.0   512.75000
 71.0   317.00000
 72.0   409.75000
 73.0   453.50000
 74.0   318.50000
 75.0   241.50000
 76.0   396.00000
 77.0   405.25000
 78.0   318.75000
 79.0   210.50000
 82.0   468.50000
 86.0   401.25000
 88.0   229.75000
 89.0   336.00000
 92.0   454.00000
 93.0   212.50000
 95.0   277.75000
 96.0   274.25000
 97.0   545.75000
 98.0   283.00000
 99.0   498.50000
101.0   278.00000
103.0   276.00000
104.0   379.50000
105.0   407.75000
106.0    96.75000
107.0   188.25000
108.0   272.25000
109.0   318.75000
110.0   435.25000
111.0   464.50000
112.0   301.50000
113.0   482.75000
115.0   220.25000
117.0   503.50000
119.0   359.00000
120.0   291.00000
121.0   231.25000
122.0   818.00000
123.0   251.00000
125.0   336.75000
127.0   755.00000
130.0   586.00000
131.0   320.00000
132.0   221.75000
133.0   325.00000
134.0   276.50000
136.0   308.25000
137.0   181.50000
138.0   316.00000
139.0   490.00000
140.0   302.00000
141.0   405.00000
142.0   263.50000
144.0   280.75000
145.0   506.50000
146.0    74.75000
147.0   278.25000
149.0   460.00000
151.0   306.00000
153.0   227.75000
154.0   270.75000
155.0   325.25000
157.0   430.25000
158.0   341.50000
159.0   193.25000
162.0   429.25000
163.0   342.00000
166.0   273.75000
168.0   369.00000
169.0   461.00000
172.0   172.50000
173.0   347.00000
174.0   291.50000
176.0   466.00000
177.0   305.00000
178.0   314.00000
179.0   318.50000
180.0   683.00000
181.0   323.75000
182.0   379.00000
183.0   434.00000
186.0   510.25000
187.0   454.00000
188.0   402.50000
189.0   489.25000
190.0   358.75000
193.0   410.50000
194.0   273.50000
196.0   266.50000
197.0   916.00000
199.0   282.50000
200.0   524.00000
201.0   460.25000
202.0   363.75000
203.0   183.00000
204.0   364.75000
205.0   232.75000
206.0   373.00000
207.0   509.50000
208.0   327.00000
211.0   188.25000
212.0   281.25000
213.0   251.00000
214.0   265.25000
216.0   311.00000
217.0   586.25000
218.0   268.75000
220.0   466.50000
221.0   397.25000
223.0   311.75000
225.0   194.75000
226.0   200.50000
228.0   443.00000
229.0   379.00000
230.0   424.50000
231.0   401.50000
232.0   415.00000
233.0   278.00000
235.0   447.25000
236.0   310.00000
237.0   894.50000
238.0   383.25000
240.0   274.75000
241.0   400.25000
243.0   359.25000
244.0   369.00000
246.0   491.50000
247.0   296.25000
250.0   349.25000
251.0   493.75000
252.0   290.50000
253.0   196.50000
254.0   318.25000
255.0   237.25000
256.0   486.75000
257.0   340.50000
258.0   391.25000
259.0   660.25000
262.0   468.75000
263.0   449.75000
264.0   317.00000
265.0   524.75000
266.0   465.00000
267.0   382.75000
268.0   395.75000
270.0   479.75000
271.0   443.75000
272.0   501.25000
274.0   605.75000
275.0   278.00000
276.0   501.25000
277.0   293.25000
279.0   301.75000
280.0   365.75000
281.0   302.25000
282.0   289.50000
283.0   488.50000
285.0   571.00000
286.0   458.50000
287.0   166.25000
288.0   621.25000
289.0   286.50000
290.0   548.50000
292.0   286.00000
294.0   374.00000
296.0   275.25000
298.0   331.00000
299.0   531.50000
300.0   518.00000
301.0   296.25000
302.0   464.75000
303.0   431.50000
304.0   354.75000
305.0   264.50000
306.0   274.25000
307.0   520.75000
308.0   299.75000
309.0   779.50000
310.0   280.50000
314.0   451.00000
315.0   394.75000
316.0   349.75000
317.0   433.25000
318.0   302.75000
319.0   337.25000
320.0   330.50000
322.0   531.00000
324.0   350.00000
325.0   496.25000
327.0   286.25000
328.0   858.75000
329.0   452.75000
330.0   554.75000
331.0   266.75000
333.0   371.00000
334.0   334.25000
335.0   292.25000
336.0   427.25000
337.0   420.50000
339.0   296.00000
340.0   327.75000
341.0   411.25000
342.0   401.50000
343.0   413.25000
344.0   383.00000
346.0   407.75000
347.0   253.00000
349.0   455.75000
350.0   270.00000
352.0   385.50000
353.0   277.25000
354.0   326.00000
355.0   293.25000
357.0   331.75000
358.0   545.00000
360.0   521.75000
361.0   619.25000
366.0   293.50000
367.0   211.50000
368.0   343.00000
369.0   237.00000
370.0   465.50000
371.0   518.00000
372.0   173.75000
373.0   260.25000
374.0   233.00000
377.0   307.75000
379.0   342.75000
380.0   349.25000
381.0   300.00000
383.0   303.25000
385.0   360.75000
386.0   302.25000
387.0   524.50000
390.0   322.00000
392.0   538.75000
394.0   119.50000
395.0   766.00000
397.0   310.25000
398.0   349.75000
399.0   231.75000
400.0   544.25000
401.0   438.75000
402.0   457.00000
403.0   378.25000
408.0   333.25000
410.0   281.50000
411.0   274.25000
413.0   288.25000
414.0   332.75000
418.0   250.75000
420.0   453.50000
421.0   352.50000
422.0   272.25000
423.0   328.75000
426.0   528.75000
427.0   590.50000
430.0   298.00000
431.0   719.50000
432.0   351.00000
433.0   301.25000
436.0   325.50000
437.0   339.25000
439.0   257.25000
441.0   287.25000
442.0   613.75000
443.0   329.00000
444.0   369.50000
446.0   418.00000
448.0   358.75000
449.0   458.75000
450.0   352.50000
451.0   314.25000
454.0   349.50000
455.0   365.50000
456.0   350.50000
458.0   372.25000
459.0   320.00000
460.0   217.00000
461.0   324.25000
462.0   288.25000
464.0   614.25000
465.0   437.75000
466.0   447.25000
467.0   254.50000
468.0   603.50000
469.0   244.50000
470.0   419.00000
471.0   274.00000
472.0   308.50000
473.0   423.00000
474.0   791.00000
475.0   382.00000
476.0   276.25000
477.0   361.50000
479.0   407.25000
481.0   286.75000
482.0   433.00000
483.0   275.75000
484.0   231.50000
485.0   571.50000
486.0   352.25000
487.0   306.00000
488.0   349.25000
489.0   403.50000
490.0   208.00000
491.0   281.50000
492.0   325.00000
494.0   267.50000
496.0   492.75000
500.0   353.00000
