0.25     0.0
0.5     0.0
0.75     0.0
1.0     0.0
1.25     0.0
1.5     0.0
1.75     0.0
2.0     0.0
2.25     0.0
2.5     0.0
2.75     0.0
3.0     0.0
3.25     0.0
3.5     0.0
3.75     0.0
4.0     0.0
4.25     0.0
4.5     0.0
4.75     0.0
5.0     0.0
5.25     0.0
5.5     0.0
5.75     0.0
6.0     0.0
6.25     0.0
6.5     0.0
6.75     0.0
7.0     0.0
7.25     0.0
7.5     0.0
7.75     0.0
8.0     0.0
8.25     0.0
8.5     0.0
8.75     0.0
9.0     0.0
9.25     0.0
9.5     0.0
9.75     0.0
10.0     0.0
10.25     0.0
10.5     0.0
10.75     0.0
11.0     0.0
11.25     0.0
11.5     0.0
11.75     0.0
12.0     0.0
12.25     0.0
12.5     0.0
12.75     0.0
13.0     0.0
13.25     0.0
13.5     0.0
13.75     0.0
14.0     0.0
14.25     0.0
14.5     0.0
14.75     0.0
15.0     0.0
15.25     0.0
15.5     0.0
15.75     0.0
16.0     0.0
16.25     0.0
16.5     0.0
16.75     0.0
17.0     0.0
17.25     0.0
17.5     0.0
17.75     0.0
18.0     0.0
18.25     0.0
18.5     0.0
18.75     0.002
19.0     0.002
19.25     0.002
19.5     0.002
19.75     0.002
20.0     0.002
20.25     0.002
20.5     0.002
20.75     0.002
21.0     0.002
21.25     0.002
21.5     0.002
21.75     0.002
22.0     0.002
22.25     0.002
22.5     0.002
22.75     0.002
23.0     0.002
23.25     0.002
23.5     0.002
23.75     0.002
24.0     0.002
24.25     0.002
24.5     0.002
24.75     0.002
25.0     0.002
25.25     0.002
25.5     0.002
25.75     0.002
26.0     0.002
26.25     0.002
26.5     0.002
26.75     0.002
27.0     0.002
27.25     0.002
27.5     0.002
27.75     0.002
28.0     0.002
28.25     0.002
28.5     0.002
28.75     0.002
29.0     0.002
29.25     0.002
29.5     0.002
29.75     0.002
30.0     0.002
30.25     0.002
30.5     0.002
30.75     0.002
31.0     0.002
31.25     0.002
31.5     0.002
31.75     0.002
32.0     0.002
32.25     0.002
32.5     0.002
32.75     0.002
33.0     0.002
33.25     0.002
33.5     0.002
33.75     0.002
34.0     0.002
34.25     0.002
34.5     0.002
34.75     0.002
35.0     0.002
35.25     0.002
35.5     0.002
35.75     0.002
36.0     0.002
36.25     0.002
36.5     0.004
36.75     0.004
37.0     0.004
37.25     0.004
37.5     0.004
37.75     0.004
38.0     0.004
38.25     0.004
38.5     0.004
38.75     0.004
39.0     0.004
39.25     0.004
39.5     0.004
39.75     0.004
40.0     0.004
40.25     0.004
40.5     0.004
40.75     0.004
41.0     0.004
41.25     0.004
41.5     0.004
41.75     0.004
42.0     0.004
42.25     0.004
42.5     0.004
42.75     0.004
43.0     0.004
43.25     0.004
43.5     0.004
43.75     0.004
44.0     0.004
44.25     0.004
44.5     0.004
44.75     0.004
45.0     0.004
45.25     0.004
45.5     0.004
45.75     0.004
46.0     0.004
46.25     0.004
46.5     0.004
46.75     0.004
47.0     0.004
47.25     0.004
47.5     0.004
47.75     0.004
48.0     0.004
48.25     0.004
48.5     0.004
48.75     0.004
49.0     0.004
49.25     0.004
49.5     0.004
49.75     0.004
50.0     0.004
50.25     0.004
50.5     0.004
50.75     0.004
51.0     0.004
51.25     0.004
51.5     0.004
51.75     0.004
52.0     0.004
52.25     0.004
52.5     0.004
52.75     0.004
53.0     0.004
53.25     0.004
53.5     0.004
53.75     0.004
54.0     0.004
54.25     0.004
54.5     0.004
54.75     0.004
55.0     0.004
55.25     0.004
55.5     0.004
55.75     0.004
56.0     0.004
56.25     0.004
56.5     0.004
56.75     0.004
57.0     0.004
57.25     0.004
57.5     0.004
57.75     0.004
58.0     0.004
58.25     0.004
58.5     0.004
58.75     0.004
59.0     0.004
59.25     0.004
59.5     0.004
59.75     0.004
60.0     0.004
60.25     0.004
60.5     0.004
60.75     0.004
61.0     0.004
61.25     0.004
61.5     0.004
61.75     0.004
62.0     0.004
62.25     0.004
62.5     0.004
62.75     0.004
63.0     0.004
63.25     0.004
63.5     0.004
63.75     0.004
64.0     0.004
64.25     0.004
64.5     0.004
64.75     0.004
65.0     0.004
65.25     0.004
65.5     0.004
65.75     0.004
66.0     0.004
66.25     0.004
66.5     0.004
66.75     0.004
67.0     0.004
67.25     0.004
67.5     0.004
67.75     0.004
68.0     0.004
68.25     0.006
68.5     0.006
68.75     0.006
69.0     0.006
69.25     0.006
69.5     0.006
69.75     0.006
70.0     0.006
70.25     0.006
70.5     0.006
70.75     0.006
71.0     0.006
71.25     0.006
71.5     0.006
71.75     0.006
72.0     0.006
72.25     0.006
72.5     0.006
72.75     0.006
73.0     0.006
73.25     0.006
73.5     0.006
73.75     0.006
74.0     0.006
74.25     0.006
74.5     0.006
74.75     0.006
75.0     0.006
75.25     0.006
75.5     0.006
75.75     0.006
76.0     0.006
76.25     0.006
76.5     0.006
76.75     0.006
77.0     0.006
77.25     0.006
77.5     0.006
77.75     0.006
78.0     0.006
78.25     0.006
78.5     0.006
78.75     0.006
79.0     0.006
79.25     0.006
79.5     0.006
79.75     0.006
80.0     0.006
80.25     0.006
80.5     0.006
80.75     0.006
81.0     0.006
81.25     0.006
81.5     0.006
81.75     0.006
82.0     0.006
82.25     0.006
82.5     0.006
82.75     0.006
83.0     0.006
83.25     0.006
83.5     0.006
83.75     0.006
84.0     0.006
84.25     0.006
84.5     0.006
84.75     0.006
85.0     0.006
85.25     0.006
85.5     0.006
85.75     0.006
86.0     0.006
86.25     0.006
86.5     0.006
86.75     0.006
87.0     0.006
87.25     0.006
87.5     0.006
87.75     0.006
88.0     0.008
88.25     0.008
88.5     0.008
88.75     0.008
89.0     0.008
89.25     0.008
89.5     0.008
89.75     0.008
90.0     0.008
90.25     0.008
90.5     0.008
90.75     0.008
91.0     0.008
91.25     0.008
91.5     0.008
91.75     0.008
92.0     0.008
92.25     0.008
92.5     0.008
92.75     0.008
93.0     0.008
93.25     0.008
93.5     0.008
93.75     0.008
94.0     0.008
94.25     0.008
94.5     0.008
94.75     0.008
95.0     0.008
95.25     0.008
95.5     0.008
95.75     0.008
96.0     0.008
96.25     0.008
96.5     0.008
96.75     0.008
97.0     0.008
97.25     0.008
97.5     0.008
97.75     0.008
98.0     0.008
98.25     0.008
98.5     0.008
98.75     0.008
99.0     0.008
99.25     0.008
99.5     0.008
99.75     0.008
100.0     0.008
100.25     0.008
100.5     0.008
100.75     0.008
101.0     0.008
101.25     0.008
101.5     0.008
101.75     0.008
102.0     0.008
102.25     0.008
102.5     0.008
102.75     0.008
103.0     0.008
103.25     0.008
103.5     0.008
103.75     0.008
104.0     0.008
104.25     0.008
104.5     0.008
104.75     0.008
105.0     0.008
105.25     0.008
105.5     0.008
105.75     0.008
106.0     0.008
106.25     0.008
106.5     0.008
106.75     0.008
107.0     0.008
107.25     0.008
107.5     0.008
107.75     0.008
108.0     0.008
108.25     0.008
108.5     0.008
108.75     0.008
109.0     0.008
109.25     0.008
109.5     0.008
109.75     0.008
110.0     0.008
110.25     0.008
110.5     0.008
110.75     0.008
111.0     0.01
111.25     0.01
111.5     0.01
111.75     0.01
112.0     0.01
112.25     0.01
112.5     0.01
112.75     0.01
113.0     0.01
113.25     0.01
113.5     0.01
113.75     0.01
114.0     0.01
114.25     0.01
114.5     0.01
114.75     0.01
115.0     0.01
115.25     0.01
115.5     0.012
115.75     0.012
116.0     0.012
116.25     0.012
116.5     0.012
116.75     0.012
117.0     0.012
117.25     0.012
117.5     0.012
117.75     0.012
118.0     0.012
118.25     0.012
118.5     0.012
118.75     0.012
119.0     0.012
119.25     0.012
119.5     0.012
119.75     0.012
120.0     0.012
120.25     0.012
120.5     0.012
120.75     0.012
121.0     0.012
121.25     0.012
121.5     0.012
121.75     0.012
122.0     0.012
122.25     0.012
122.5     0.012
122.75     0.012
123.0     0.012
123.25     0.012
123.5     0.012
123.75     0.012
124.0     0.012
124.25     0.012
124.5     0.012
124.75     0.012
125.0     0.012
125.25     0.012
125.5     0.012
125.75     0.012
126.0     0.012
126.25     0.012
126.5     0.012
126.75     0.012
127.0     0.012
127.25     0.012
127.5     0.012
127.75     0.012
128.0     0.012
128.25     0.012
128.5     0.012
128.75     0.012
129.0     0.012
129.25     0.012
129.5     0.012
129.75     0.012
130.0     0.012
130.25     0.012
130.5     0.012
130.75     0.012
131.0     0.012
131.25     0.012
131.5     0.012
131.75     0.012
132.0     0.012
132.25     0.012
132.5     0.012
132.75     0.012
133.0     0.012
133.25     0.012
133.5     0.012
133.75     0.012
134.0     0.012
134.25     0.012
134.5     0.012
134.75     0.012
135.0     0.012
135.25     0.012
135.5     0.012
135.75     0.012
136.0     0.012
136.25     0.012
136.5     0.012
136.75     0.012
137.0     0.012
137.25     0.012
137.5     0.012
137.75     0.012
138.0     0.012
138.25     0.012
138.5     0.012
138.75     0.012
139.0     0.014
139.25     0.014
139.5     0.014
139.75     0.016
140.0     0.016
140.25     0.016
140.5     0.014
140.75     0.014
141.0     0.014
141.25     0.014
141.5     0.014
141.75     0.014
142.0     0.014
142.25     0.014
142.5     0.014
142.75     0.014
143.0     0.014
143.25     0.014
143.5     0.014
143.75     0.014
144.0     0.014
144.25     0.014
144.5     0.014
144.75     0.014
145.0     0.014
145.25     0.014
145.5     0.014
145.75     0.014
146.0     0.014
146.25     0.014
146.5     0.014
146.75     0.014
147.0     0.014
147.25     0.016
147.5     0.016
147.75     0.014
148.0     0.018
148.25     0.018
148.5     0.018
148.75     0.018
149.0     0.018
149.25     0.016
149.5     0.016
149.75     0.016
150.0     0.018
150.25     0.018
150.5     0.018
150.75     0.018
151.0     0.018
151.25     0.018
151.5     0.018
151.75     0.018
152.0     0.02
152.25     0.02
152.5     0.024
152.75     0.024
153.0     0.024
153.25     0.024
153.5     0.024
153.75     0.024
154.0     0.028
154.25     0.028
154.5     0.03
154.75     0.032
155.0     0.032
155.25     0.032
155.5     0.032
155.75     0.034
156.0     0.034
156.25     0.038
156.5     0.038
156.75     0.042
157.0     0.038
157.25     0.038
157.5     0.038
157.75     0.042
158.0     0.04
158.25     0.042
158.5     0.044
158.75     0.046
159.0     0.05
159.25     0.054
159.5     0.058
159.75     0.058
160.0     0.06
160.25     0.062
160.5     0.06
160.75     0.062
161.0     0.062
161.25     0.062
161.5     0.064
161.75     0.07
162.0     0.074
162.25     0.072
162.5     0.072
162.75     0.074
163.0     0.074
163.25     0.08
163.5     0.084
163.75     0.086
164.0     0.09
164.25     0.09
164.5     0.092
164.75     0.094
165.0     0.096
165.25     0.102
165.5     0.102
165.75     0.104
166.0     0.114
166.25     0.118
166.5     0.118
166.75     0.116
167.0     0.122
167.25     0.12
167.5     0.12
167.75     0.122
168.0     0.126
168.25     0.126
168.5     0.128
168.75     0.128
169.0     0.13
169.25     0.13
169.5     0.132
169.75     0.134
170.0     0.134
170.25     0.136
170.5     0.138
170.75     0.138
171.0     0.138
171.25     0.138
171.5     0.138
171.75     0.142
172.0     0.146
172.25     0.15
172.5     0.148
172.75     0.154
173.0     0.156
173.25     0.154
173.5     0.16
173.75     0.16
174.0     0.162
174.25     0.162
174.5     0.164
174.75     0.164
175.0     0.166
175.25     0.166
175.5     0.168
175.75     0.168
176.0     0.168
176.25     0.174
176.5     0.174
176.75     0.178
177.0     0.178
177.25     0.178
177.5     0.18
177.75     0.184
178.0     0.184
178.25     0.188
178.5     0.188
178.75     0.19
179.0     0.194
179.25     0.194
179.5     0.2
179.75     0.204
180.0     0.204
180.25     0.204
180.5     0.206
180.75     0.206
181.0     0.206
181.25     0.206
181.5     0.208
181.75     0.21
182.0     0.212
182.25     0.212
182.5     0.212
182.75     0.216
183.0     0.216
183.25     0.218
183.5     0.22
183.75     0.22
184.0     0.222
184.25     0.224
184.5     0.226
184.75     0.226
185.0     0.23
185.25     0.232
185.5     0.234
185.75     0.24
186.0     0.242
186.25     0.242
186.5     0.24
186.75     0.24
187.0     0.24
187.25     0.24
187.5     0.24
187.75     0.24
188.0     0.24
188.25     0.242
188.5     0.252
188.75     0.252
189.0     0.254
189.25     0.254
189.5     0.254
189.75     0.254
190.0     0.254
190.25     0.256
190.5     0.256
190.75     0.26
191.0     0.262
191.25     0.264
191.5     0.264
191.75     0.266
192.0     0.266
192.25     0.266
192.5     0.268
192.75     0.268
193.0     0.27
193.25     0.268
193.5     0.268
193.75     0.268
194.0     0.268
194.25     0.268
194.5     0.268
194.75     0.268
195.0     0.268
195.25     0.27
195.5     0.27
195.75     0.272
196.0     0.272
196.25     0.276
196.5     0.276
196.75     0.276
197.0     0.276
197.25     0.276
197.5     0.276
197.75     0.276
198.0     0.276
198.25     0.276
198.5     0.276
198.75     0.278
199.0     0.278
199.25     0.278
199.5     0.278
199.75     0.278
200.0     0.28
200.25     0.28
200.5     0.28
200.75     0.28
201.0     0.28
201.25     0.28
201.5     0.28
201.75     0.28
202.0     0.28
202.25     0.28
202.5     0.28
202.75     0.28
203.0     0.28
203.25     0.28
203.5     0.282
203.75     0.282
204.0     0.282
204.25     0.282
204.5     0.282
204.75     0.282
205.0     0.284
205.25     0.284
205.5     0.284
205.75     0.284
206.0     0.284
206.25     0.284
206.5     0.284
206.75     0.286
207.0     0.288
207.25     0.288
207.5     0.288
207.75     0.288
208.0     0.286
208.25     0.288
208.5     0.29
208.75     0.29
209.0     0.29
209.25     0.292
209.5     0.296
209.75     0.298
210.0     0.3
210.25     0.3
210.5     0.302
210.75     0.304
211.0     0.304
211.25     0.304
211.5     0.304
211.75     0.304
212.0     0.308
212.25     0.31
212.5     0.312
212.75     0.316
213.0     0.32
213.25     0.322
213.5     0.322
213.75     0.322
214.0     0.326
214.25     0.326
214.5     0.328
214.75     0.33
215.0     0.33
215.25     0.336
215.5     0.334
215.75     0.338
216.0     0.338
216.25     0.338
216.5     0.342
216.75     0.342
217.0     0.344
217.25     0.346
217.5     0.348
217.75     0.348
218.0     0.352
218.25     0.356
218.5     0.356
218.75     0.36
219.0     0.36
219.25     0.36
219.5     0.364
219.75     0.368
220.0     0.364
220.25     0.366
220.5     0.368
220.75     0.368
221.0     0.368
221.25     0.37
221.5     0.372
221.75     0.376
222.0     0.378
222.25     0.38
222.5     0.384
222.75     0.386
223.0     0.388
223.25     0.388
223.5     0.392
223.75     0.392
224.0     0.392
224.25     0.392
224.5     0.394
224.75     0.394
225.0     0.394
225.25     0.398
225.5     0.398
225.75     0.398
226.0     0.4
226.25     0.4
226.5     0.408
226.75     0.408
227.0     0.408
227.25     0.408
227.5     0.408
227.75     0.41
228.0     0.41
228.25     0.41
228.5     0.412
228.75     0.412
229.0     0.412
229.25     0.414
229.5     0.414
229.75     0.416
230.0     0.418
230.25     0.42
230.5     0.42
230.75     0.422
231.0     0.422
231.25     0.426
231.5     0.424
231.75     0.422
232.0     0.42
232.25     0.42
232.5     0.422
232.75     0.424
233.0     0.426
233.25     0.426
233.5     0.426
233.75     0.426
234.0     0.428
234.25     0.428
234.5     0.43
234.75     0.432
235.0     0.434
235.25     0.436
235.5     0.438
235.75     0.44
236.0     0.44
236.25     0.442
236.5     0.442
236.75     0.442
237.0     0.444
237.25     0.444
237.5     0.446
237.75     0.448
238.0     0.448
238.25     0.45
238.5     0.45
238.75     0.454
239.0     0.456
239.25     0.458
239.5     0.458
239.75     0.46
240.0     0.462
240.25     0.462
240.5     0.462
240.75     0.464
241.0     0.462
241.25     0.462
241.5     0.462
241.75     0.462
242.0     0.462
242.25     0.462
242.5     0.462
242.75     0.462
243.0     0.464
243.25     0.464
243.5     0.464
243.75     0.464
244.0     0.464
244.25     0.464
244.5     0.464
244.75     0.468
245.0     0.468
245.25     0.47
245.5     0.47
245.75     0.47
246.0     0.47
246.25     0.47
246.5     0.47
246.75     0.472
247.0     0.472
247.25     0.474
247.5     0.474
247.75     0.472
248.0     0.472
248.25     0.472
248.5     0.472
248.75     0.472
249.0     0.474
249.25     0.474
249.5     0.476
249.75     0.48
250.0     0.48
250.25     0.48
250.5     0.482
250.75     0.482
251.0     0.484
251.25     0.486
251.5     0.486
251.75     0.486
252.0     0.49
252.25     0.492
252.5     0.494
252.75     0.494
253.0     0.496
253.25     0.496
253.5     0.496
253.75     0.496
254.0     0.498
254.25     0.498
254.5     0.502
254.75     0.502
255.0     0.502
255.25     0.502
255.5     0.502
255.75     0.502
256.0     0.506
256.25     0.508
256.5     0.508
256.75     0.514
257.0     0.514
257.25     0.512
257.5     0.51
257.75     0.512
258.0     0.514
258.25     0.518
258.5     0.518
258.75     0.524
259.0     0.526
259.25     0.528
259.5     0.532
259.75     0.536
260.0     0.538
260.25     0.546
260.5     0.55
260.75     0.55
261.0     0.55
261.25     0.556
261.5     0.56
261.75     0.56
262.0     0.56
262.25     0.564
262.5     0.568
262.75     0.57
263.0     0.57
263.25     0.568
263.5     0.572
263.75     0.572
264.0     0.578
264.25     0.578
264.5     0.58
264.75     0.586
265.0     0.584
265.25     0.59
265.5     0.59
265.75     0.594
266.0     0.596
266.25     0.598
266.5     0.602
266.75     0.602
267.0     0.6
267.25     0.602
267.5     0.606
267.75     0.606
268.0     0.604
268.25     0.606
268.5     0.612
268.75     0.614
269.0     0.616
269.25     0.616
269.5     0.62
269.75     0.622
270.0     0.624
270.25     0.624
270.5     0.624
270.75     0.624
271.0     0.626
271.25     0.628
271.5     0.628
271.75     0.632
272.0     0.634
272.25     0.634
272.5     0.634
272.75     0.638
273.0     0.638
273.25     0.64
273.5     0.64
273.75     0.64
274.0     0.642
274.25     0.642
274.5     0.644
274.75     0.644
275.0     0.646
275.25     0.646
275.5     0.654
275.75     0.654
276.0     0.654
276.25     0.654
276.5     0.656
276.75     0.658
277.0     0.658
277.25     0.658
277.5     0.658
277.75     0.66
278.0     0.66
278.25     0.66
278.5     0.66
278.75     0.66
279.0     0.662
279.25     0.662
279.5     0.668
279.75     0.668
280.0     0.668
280.25     0.67
280.5     0.672
280.75     0.674
281.0     0.676
281.25     0.676
281.5     0.678
281.75     0.678
282.0     0.678
282.25     0.678
282.5     0.678
282.75     0.678
283.0     0.68
283.25     0.68
283.5     0.682
283.75     0.682
284.0     0.684
284.25     0.686
284.5     0.69
284.75     0.694
285.0     0.696
285.25     0.698
285.5     0.698
285.75     0.7
286.0     0.702
286.25     0.702
286.5     0.702
286.75     0.702
287.0     0.704
287.25     0.704
287.5     0.706
287.75     0.708
288.0     0.71
288.25     0.712
288.5     0.712
288.75     0.712
289.0     0.714
289.25     0.714
289.5     0.714
289.75     0.716
290.0     0.716
290.25     0.716
290.5     0.716
290.75     0.718
291.0     0.72
291.25     0.72
291.5     0.72
291.75     0.72
292.0     0.72
292.25     0.72
292.5     0.72
292.75     0.722
293.0     0.722
293.25     0.722
293.5     0.722
293.75     0.722
294.0     0.724
294.25     0.724
294.5     0.724
294.75     0.724
295.0     0.728
295.25     0.728
295.5     0.728
295.75     0.73
296.0     0.73
296.25     0.732
296.5     0.732
296.75     0.734
297.0     0.734
297.25     0.734
297.5     0.734
297.75     0.736
298.0     0.736
298.25     0.738
298.5     0.742
298.75     0.744
299.0     0.748
299.25     0.748
299.5     0.748
299.75     0.748
300.0     0.748
300.25     0.748
300.5     0.748
300.75     0.748
301.0     0.748
301.25     0.748
301.5     0.75
301.75     0.75
302.0     0.752
302.25     0.752
302.5     0.752
302.75     0.752
303.0     0.752
303.25     0.752
303.5     0.756
303.75     0.756
304.0     0.758
304.25     0.76
304.5     0.766
304.75     0.768
305.0     0.768
305.25     0.77
305.5     0.77
305.75     0.77
306.0     0.77
306.25     0.77
306.5     0.772
306.75     0.772
307.0     0.772
307.25     0.774
307.5     0.774
307.75     0.774
308.0     0.776
308.25     0.776
308.5     0.78
308.75     0.778
309.0     0.778
309.25     0.78
309.5     0.782
309.75     0.782
310.0     0.782
310.25     0.782
310.5     0.782
310.75     0.78
311.0     0.784
311.25     0.786
311.5     0.79
311.75     0.79
312.0     0.79
312.25     0.79
312.5     0.79
312.75     0.79
313.0     0.79
313.25     0.79
313.5     0.794
313.75     0.792
314.0     0.792
314.25     0.792
314.5     0.792
314.75     0.792
315.0     0.796
315.25     0.796
315.5     0.796
315.75     0.796
316.0     0.796
316.25     0.796
316.5     0.796
316.75     0.8
317.0     0.8
317.25     0.8
317.5     0.8
317.75     0.8
318.0     0.8
318.25     0.8
318.5     0.8
318.75     0.802
319.0     0.804
319.25     0.804
319.5     0.804
319.75     0.806
320.0     0.806
320.25     0.806
320.5     0.806
320.75     0.808
321.0     0.808
321.25     0.808
321.5     0.81
321.75     0.81
322.0     0.81
322.25     0.812
322.5     0.812
322.75     0.812
323.0     0.812
323.25     0.812
323.5     0.814
323.75     0.816
324.0     0.818
324.25     0.818
324.5     0.818
324.75     0.818
325.0     0.818
325.25     0.818
325.5     0.82
325.75     0.82
326.0     0.822
326.25     0.824
326.5     0.824
326.75     0.824
327.0     0.824
327.25     0.822
327.5     0.822
327.75     0.822
328.0     0.822
328.25     0.822
328.5     0.824
328.75     0.824
329.0     0.824
329.25     0.824
329.5     0.824
329.75     0.826
330.0     0.826
330.25     0.828
330.5     0.828
330.75     0.828
331.0     0.828
331.25     0.828
331.5     0.83
331.75     0.83
332.0     0.83
332.25     0.83
332.5     0.832
332.75     0.832
333.0     0.834
333.25     0.834
333.5     0.834
333.75     0.834
334.0     0.834
334.25     0.836
334.5     0.836
334.75     0.836
335.0     0.838
335.25     0.838
335.5     0.838
335.75     0.838
336.0     0.84
336.25     0.84
336.5     0.84
336.75     0.84
337.0     0.84
337.25     0.84
337.5     0.84
337.75     0.84
338.0     0.84
338.25     0.842
338.5     0.842
338.75     0.842
339.0     0.842
339.25     0.842
339.5     0.842
339.75     0.842
340.0     0.842
340.25     0.842
340.5     0.842
340.75     0.842
341.0     0.844
341.25     0.846
341.5     0.846
341.75     0.844
342.0     0.844
342.25     0.844
342.5     0.844
342.75     0.846
343.0     0.848
343.25     0.848
343.5     0.85
343.75     0.85
344.0     0.85
344.25     0.85
344.5     0.85
344.75     0.85
345.0     0.852
345.25     0.852
345.5     0.852
345.75     0.852
346.0     0.852
346.25     0.852
346.5     0.852
346.75     0.852
347.0     0.852
347.25     0.852
347.5     0.852
347.75     0.852
348.0     0.852
348.25     0.852
348.5     0.852
348.75     0.852
349.0     0.856
349.25     0.856
349.5     0.856
349.75     0.858
350.0     0.858
350.25     0.858
350.5     0.858
350.75     0.858
351.0     0.858
351.25     0.862
351.5     0.86
351.75     0.86
352.0     0.86
352.25     0.86
352.5     0.86
352.75     0.862
353.0     0.862
353.25     0.862
353.5     0.862
353.75     0.862
354.0     0.862
354.25     0.862
354.5     0.862
354.75     0.862
355.0     0.862
355.25     0.864
355.5     0.864
355.75     0.864
356.0     0.864
356.25     0.864
356.5     0.864
356.75     0.864
357.0     0.864
357.25     0.864
357.5     0.864
357.75     0.864
358.0     0.864
358.25     0.864
358.5     0.864
358.75     0.864
359.0     0.864
359.25     0.866
359.5     0.868
359.75     0.868
360.0     0.868
360.25     0.868
360.5     0.868
360.75     0.868
361.0     0.868
361.25     0.868
361.5     0.868
361.75     0.868
362.0     0.87
362.25     0.87
362.5     0.87
362.75     0.87
363.0     0.87
363.25     0.87
363.5     0.87
363.75     0.87
364.0     0.872
364.25     0.872
364.5     0.872
364.75     0.872
365.0     0.872
365.25     0.872
365.5     0.872
365.75     0.874
366.0     0.874
366.25     0.876
366.5     0.878
366.75     0.878
367.0     0.878
367.25     0.878
367.5     0.878
367.75     0.878
368.0     0.878
368.25     0.878
368.5     0.878
368.75     0.878
369.0     0.878
369.25     0.88
369.5     0.88
369.75     0.88
370.0     0.88
370.25     0.88
370.5     0.88
370.75     0.88
371.0     0.882
371.25     0.882
371.5     0.882
371.75     0.884
372.0     0.884
372.25     0.884
372.5     0.886
372.75     0.888
373.0     0.89
373.25     0.89
373.5     0.89
373.75     0.89
374.0     0.89
374.25     0.89
374.5     0.892
374.75     0.892
375.0     0.894
375.25     0.894
375.5     0.894
375.75     0.896
376.0     0.898
376.25     0.898
376.5     0.898
376.75     0.896
377.0     0.896
377.25     0.896
377.5     0.898
377.75     0.9
378.0     0.898
378.25     0.898
378.5     0.898
378.75     0.898
379.0     0.898
379.25     0.9
379.5     0.9
379.75     0.9
380.0     0.9
380.25     0.9
380.5     0.9
380.75     0.9
381.0     0.902
381.25     0.904
381.5     0.906
381.75     0.906
382.0     0.908
382.25     0.908
382.5     0.908
382.75     0.908
383.0     0.908
383.25     0.908
383.5     0.908
383.75     0.908
384.0     0.908
384.25     0.908
384.5     0.908
384.75     0.908
385.0     0.908
385.25     0.91
385.5     0.91
385.75     0.91
386.0     0.91
386.25     0.908
386.5     0.908
386.75     0.908
387.0     0.908
387.25     0.91
387.5     0.91
387.75     0.91
388.0     0.91
388.25     0.912
388.5     0.912
388.75     0.912
389.0     0.912
389.25     0.912
389.5     0.912
389.75     0.912
390.0     0.912
390.25     0.912
390.5     0.912
390.75     0.912
391.0     0.912
391.25     0.912
391.5     0.914
391.75     0.914
392.0     0.914
392.25     0.916
392.5     0.916
392.75     0.916
393.0     0.916
393.25     0.916
393.5     0.918
393.75     0.916
394.0     0.916
394.25     0.916
394.5     0.916
394.75     0.916
395.0     0.916
395.25     0.916
395.5     0.916
395.75     0.916
396.0     0.918
396.25     0.92
396.5     0.92
396.75     0.924
397.0     0.922
397.25     0.922
397.5     0.924
397.75     0.924
398.0     0.926
398.25     0.926
398.5     0.926
398.75     0.926
399.0     0.926
399.25     0.926
399.5     0.926
399.75     0.926
400.0     0.926
400.25     0.926
400.5     0.928
400.75     0.928
401.0     0.928
401.25     0.928
401.5     0.928
401.75     0.93
402.0     0.93
402.25     0.93
402.5     0.93
402.75     0.93
403.0     0.93
403.25     0.93
403.5     0.932
403.75     0.934
404.0     0.934
404.25     0.934
404.5     0.934
404.75     0.934
405.0     0.934
405.25     0.934
405.5     0.934
405.75     0.934
406.0     0.934
406.25     0.934
406.5     0.936
406.75     0.936
407.0     0.936
407.25     0.936
407.5     0.936
407.75     0.934
408.0     0.934
408.25     0.934
408.5     0.934
408.75     0.934
409.0     0.934
409.25     0.934
409.5     0.934
409.75     0.934
410.0     0.934
410.25     0.934
410.5     0.934
410.75     0.934
411.0     0.936
411.25     0.936
411.5     0.936
411.75     0.936
412.0     0.936
412.25     0.936
412.5     0.936
412.75     0.936
413.0     0.936
413.25     0.936
413.5     0.936
413.75     0.938
414.0     0.938
414.25     0.938
414.5     0.938
414.75     0.938
415.0     0.938
415.25     0.938
415.5     0.94
415.75     0.94
416.0     0.94
416.25     0.94
416.5     0.94
416.75     0.94
417.0     0.942
417.25     0.942
417.5     0.942
417.75     0.942
418.0     0.942
418.25     0.944
418.5     0.944
418.75     0.946
419.0     0.946
419.25     0.946
419.5     0.946
419.75     0.946
420.0     0.946
420.25     0.946
420.5     0.946
420.75     0.946
421.0     0.946
421.25     0.946
421.5     0.946
421.75     0.946
422.0     0.946
422.25     0.946
422.5     0.946
422.75     0.946
423.0     0.948
423.25     0.948
423.5     0.948
423.75     0.948
424.0     0.948
424.25     0.948
424.5     0.948
424.75     0.948
425.0     0.948
425.25     0.948
425.5     0.948
425.75     0.948
426.0     0.948
426.25     0.948
426.5     0.948
426.75     0.948
427.0     0.948
427.25     0.948
427.5     0.948
427.75     0.948
428.0     0.948
428.25     0.948
428.5     0.948
428.75     0.948
429.0     0.948
429.25     0.948
429.5     0.948
429.75     0.948
430.0     0.948
430.25     0.948
430.5     0.948
430.75     0.948
431.0     0.95
431.25     0.95
431.5     0.95
431.75     0.95
432.0     0.95
432.25     0.95
432.5     0.95
432.75     0.95
433.0     0.95
433.25     0.95
433.5     0.95
433.75     0.95
434.0     0.95
434.25     0.95
434.5     0.95
434.75     0.95
435.0     0.95
435.25     0.95
435.5     0.95
435.75     0.95
436.0     0.95
436.25     0.95
436.5     0.95
436.75     0.95
437.0     0.95
437.25     0.95
437.5     0.95
437.75     0.95
438.0     0.952
438.25     0.952
438.5     0.952
438.75     0.952
439.0     0.952
439.25     0.952
439.5     0.952
439.75     0.952
440.0     0.952
440.25     0.954
440.5     0.954
440.75     0.954
441.0     0.954
441.25     0.954
441.5     0.954
441.75     0.954
442.0     0.954
442.25     0.954
442.5     0.954
442.75     0.954
443.0     0.954
443.25     0.954
443.5     0.954
443.75     0.954
444.0     0.954
444.25     0.954
444.5     0.954
444.75     0.954
445.0     0.954
445.25     0.954
445.5     0.954
445.75     0.954
446.0     0.954
446.25     0.954
446.5     0.954
446.75     0.954
447.0     0.954
447.25     0.954
447.5     0.954
447.75     0.954
448.0     0.954
448.25     0.954
448.5     0.954
448.75     0.954
449.0     0.954
449.25     0.954
449.5     0.954
449.75     0.954
450.0     0.954
450.25     0.954
450.5     0.954
450.75     0.954
451.0     0.954
451.25     0.954
451.5     0.954
451.75     0.954
452.0     0.954
452.25     0.954
452.5     0.954
452.75     0.954
453.0     0.956
453.25     0.956
453.5     0.956
453.75     0.956
454.0     0.956
454.25     0.956
454.5     0.956
454.75     0.956
455.0     0.956
455.25     0.956
455.5     0.956
455.75     0.956
456.0     0.956
456.25     0.956
456.5     0.956
456.75     0.956
457.0     0.956
457.25     0.956
457.5     0.956
457.75     0.956
458.0     0.956
458.25     0.956
458.5     0.956
458.75     0.956
459.0     0.958
459.25     0.958
459.5     0.96
459.75     0.96
460.0     0.96
460.25     0.96
460.5     0.96
460.75     0.96
461.0     0.96
461.25     0.96
461.5     0.96
461.75     0.96
462.0     0.96
462.25     0.96
462.5     0.96
462.75     0.96
463.0     0.96
463.25     0.96
463.5     0.96
463.75     0.96
464.0     0.96
464.25     0.96
464.5     0.96
464.75     0.96
465.0     0.96
465.25     0.962
465.5     0.962
465.75     0.962
466.0     0.962
466.25     0.962
466.5     0.962
466.75     0.962
467.0     0.962
467.25     0.962
467.5     0.962
467.75     0.962
468.0     0.962
468.25     0.962
468.5     0.962
468.75     0.962
469.0     0.962
469.25     0.962
469.5     0.962
469.75     0.964
470.0     0.964
470.25     0.964
470.5     0.964
470.75     0.964
471.0     0.964
471.25     0.964
471.5     0.964
471.75     0.964
472.0     0.964
472.25     0.964
472.5     0.964
472.75     0.964
473.0     0.964
473.25     0.964
473.5     0.964
473.75     0.964
474.0     0.964
474.25     0.964
474.5     0.964
474.75     0.964
475.0     0.964
475.25     0.964
475.5     0.964
475.75     0.964
476.0     0.964
476.25     0.964
476.5     0.964
476.75     0.964
477.0     0.964
477.25     0.966
477.5     0.968
477.75     0.968
478.0     0.968
478.25     0.968
478.5     0.968
478.75     0.968
479.0     0.968
479.25     0.968
479.5     0.97
479.75     0.97
480.0     0.97
480.25     0.97
480.5     0.97
480.75     0.97
481.0     0.97
481.25     0.97
481.5     0.97
481.75     0.97
482.0     0.97
482.25     0.972
482.5     0.972
482.75     0.972
483.0     0.972
483.25     0.972
483.5     0.972
483.75     0.972
484.0     0.972
484.25     0.972
484.5     0.972
484.75     0.972
485.0     0.972
485.25     0.972
485.5     0.972
485.75     0.972
486.0     0.974
486.25     0.974
486.5     0.974
486.75     0.974
487.0     0.974
487.25     0.974
487.5     0.972
487.75     0.972
488.0     0.972
488.25     0.972
488.5     0.972
488.75     0.972
489.0     0.972
489.25     0.972
489.5     0.974
489.75     0.974
490.0     0.974
490.25     0.974
490.5     0.974
490.75     0.974
491.0     0.974
491.25     0.974
491.5     0.974
491.75     0.974
492.0     0.974
492.25     0.974
492.5     0.974
492.75     0.976
493.0     0.976
493.25     0.976
493.5     0.976
493.75     0.976
494.0     0.976
494.25     0.978
494.5     0.978
494.75     0.978
495.0     0.978
495.25     0.978
495.5     0.978
495.75     0.978
496.0     0.978
496.25     0.978
496.5     0.978
496.75     0.978
497.0     0.978
497.25     0.978
497.5     0.98
497.75     0.98
498.0     0.98
498.25     0.98
498.5     0.98
498.75     0.98
499.0     0.98
499.25     0.98
499.5     0.98
499.75     0.98
500.0     0.98
500.25     0.98
500.5     0.98
500.75     0.98
501.0     0.98
501.25     0.98
501.5     0.98
501.75     0.98
502.0     0.98
502.25     0.982
502.5     0.982
502.75     0.982
503.0     0.982
503.25     0.982
503.5     0.982
503.75     0.982
504.0     0.982
504.25     0.984
504.5     0.984
504.75     0.984
505.0     0.984
505.25     0.984
505.5     0.984
505.75     0.984
506.0     0.984
506.25     0.984
506.5     0.984
506.75     0.984
507.0     0.984
507.25     0.984
507.5     0.984
507.75     0.984
508.0     0.984
508.25     0.984
508.5     0.984
508.75     0.984
509.0     0.984
509.25     0.984
509.5     0.984
509.75     0.984
510.0     0.986
510.25     0.988
510.5     0.988
510.75     0.988
511.0     0.988
511.25     0.988
511.5     0.988
511.75     0.988
512.0     0.988
512.25     0.988
512.5     0.988
512.75     0.988
513.0     0.988
513.25     0.988
513.5     0.988
513.75     0.988
514.0     0.988
514.25     0.988
514.5     0.988
514.75     0.988
515.0     0.988
515.25     0.988
515.5     0.988
515.75     0.988
516.0     0.988
516.25     0.988
516.5     0.988
516.75     0.988
517.0     0.988
517.25     0.988
517.5     0.988
517.75     0.988
518.0     0.988
518.25     0.988
518.5     0.988
518.75     0.988
519.0     0.988
519.25     0.988
519.5     0.988
519.75     0.988
520.0     0.99
520.25     0.99
520.5     0.99
520.75     0.99
521.0     0.99
521.25     0.99
521.5     0.99
521.75     0.99
522.0     0.99
522.25     0.99
522.5     0.99
522.75     0.99
523.0     0.99
523.25     0.99
523.5     0.99
523.75     0.99
524.0     0.99
524.25     0.99
524.5     0.99
524.75     0.99
525.0     0.99
525.25     0.99
525.5     0.99
525.75     0.99
526.0     0.99
526.25     0.99
526.5     0.99
526.75     0.99
527.0     0.99
527.25     0.99
527.5     0.99
527.75     0.99
528.0     0.99
528.25     0.99
528.5     0.99
528.75     0.99
529.0     0.99
529.25     0.99
529.5     0.99
529.75     0.99
530.0     0.99
530.25     0.99
530.5     0.99
530.75     0.99
531.0     0.99
531.25     0.99
531.5     0.99
531.75     0.99
532.0     0.99
532.25     0.99
532.5     0.99
532.75     0.99
533.0     0.99
533.25     0.99
533.5     0.99
533.75     0.99
534.0     0.99
534.25     0.99
534.5     0.99
534.75     0.99
535.0     0.99
535.25     0.99
535.5     0.99
535.75     0.99
536.0     0.99
536.25     0.99
536.5     0.99
536.75     0.99
537.0     0.99
537.25     0.99
537.5     0.99
537.75     0.99
538.0     0.99
538.25     0.99
538.5     0.99
538.75     0.99
539.0     0.99
539.25     0.99
539.5     0.99
539.75     0.99
540.0     0.99
540.25     0.99
540.5     0.99
540.75     0.99
541.0     0.99
541.25     0.99
541.5     0.99
541.75     0.99
542.0     0.99
542.25     0.99
542.5     0.99
542.75     0.99
543.0     0.99
543.25     0.99
543.5     0.99
543.75     0.99
544.0     0.99
544.25     0.99
544.5     0.99
544.75     0.99
545.0     0.99
545.25     0.99
545.5     0.99
545.75     0.99
546.0     0.99
546.25     0.99
546.5     0.99
546.75     0.99
547.0     0.99
547.25     0.99
547.5     0.99
547.75     0.988
548.0     0.99
548.25     0.99
548.5     0.99
548.75     0.99
549.0     0.99
549.25     0.99
549.5     0.992
549.75     0.992
550.0     0.992
550.25     0.992
550.5     0.992
550.75     0.992
551.0     0.992
551.25     0.992
551.5     0.992
551.75     0.992
552.0     0.992
552.25     0.992
552.5     0.992
552.75     0.992
553.0     0.992
553.25     0.992
553.5     0.992
553.75     0.992
554.0     0.992
554.25     0.992
554.5     0.992
554.75     0.992
555.0     0.992
555.25     0.992
555.5     0.99
555.75     0.99
556.0     0.99
556.25     0.99
556.5     0.99
556.75     0.99
557.0     0.99
557.25     0.99
557.5     0.99
557.75     0.99
558.0     0.99
558.25     0.99
558.5     0.99
558.75     0.99
559.0     0.99
559.25     0.99
559.5     0.99
559.75     0.99
560.0     0.99
560.25     0.99
560.5     0.99
560.75     0.99
561.0     0.99
561.25     0.99
561.5     0.99
561.75     0.99
562.0     0.99
562.25     0.99
562.5     0.99
562.75     0.99
563.0     0.99
563.25     0.99
563.5     0.99
563.75     0.99
564.0     0.99
564.25     0.99
564.5     0.99
564.75     0.99
565.0     0.99
565.25     0.99
565.5     0.99
565.75     0.99
566.0     0.99
566.25     0.99
566.5     0.99
566.75     0.99
567.0     0.99
567.25     0.99
567.5     0.99
567.75     0.99
568.0     0.99
568.25     0.99
568.5     0.99
568.75     0.99
569.0     0.99
569.25     0.99
569.5     0.99
569.75     0.99
570.0     0.99
570.25     0.99
570.5     0.99
570.75     0.99
571.0     0.99
571.25     0.99
571.5     0.99
571.75     0.99
572.0     0.99
572.25     0.992
572.5     0.992
572.75     0.992
573.0     0.992
573.25     0.992
573.5     0.992
573.75     0.992
574.0     0.992
574.25     0.992
574.5     0.992
574.75     0.992
575.0     0.992
575.25     0.992
575.5     0.992
575.75     0.992
576.0     0.992
576.25     0.992
576.5     0.992
576.75     0.992
577.0     0.992
577.25     0.992
577.5     0.992
577.75     0.992
578.0     0.992
578.25     0.992
578.5     0.992
578.75     0.992
579.0     0.992
579.25     0.992
579.5     0.992
579.75     0.992
580.0     0.992
580.25     0.992
580.5     0.992
580.75     0.992
581.0     0.992
581.25     0.992
581.5     0.992
581.75     0.992
582.0     0.992
582.25     0.992
582.5     0.992
582.75     0.992
583.0     0.992
583.25     0.992
583.5     0.992
583.75     0.992
584.0     0.992
584.25     0.992
584.5     0.992
584.75     0.992
585.0     0.992
585.25     0.994
585.5     0.994
585.75     0.994
586.0     0.994
586.25     0.994
586.5     0.994
586.75     0.994
587.0     0.994
587.25     0.994
587.5     0.994
587.75     0.994
588.0     0.994
588.25     0.994
588.5     0.994
588.75     0.994
589.0     0.994
589.25     0.994
589.5     0.994
589.75     0.994
590.0     0.994
590.25     0.994
590.5     0.994
590.75     0.994
591.0     0.994
591.25     0.994
591.5     0.994
591.75     0.994
592.0     0.994
592.25     0.994
592.5     0.994
592.75     0.994
593.0     0.994
593.25     0.994
593.5     0.994
593.75     0.994
594.0     0.994
594.25     0.994
594.5     0.994
594.75     0.994
595.0     0.994
595.25     0.994
595.5     0.994
595.75     0.994
596.0     0.994
596.25     0.994
596.5     0.994
596.75     0.994
597.0     0.994
597.25     0.994
597.5     0.994
597.75     0.994
598.0     0.994
598.25     0.994
598.5     0.994
598.75     0.994
599.0     0.994
599.25     0.994
599.5     0.994
599.75     0.994
600.0     0.994
600.25     0.994
600.5     0.994
600.75     0.994
601.0     0.994
601.25     0.994
601.5     0.994
601.75     0.994
602.0     0.994
602.25     0.994
602.5     0.994
602.75     0.994
603.0     0.994
603.25     0.994
603.5     0.994
603.75     0.994
604.0     0.994
604.25     0.994
604.5     0.994
604.75     0.994
605.0     0.994
605.25     0.994
605.5     0.994
605.75     0.994
606.0     0.994
606.25     0.994
606.5     0.994
606.75     0.994
607.0     0.994
607.25     0.994
607.5     0.994
607.75     0.992
608.0     0.992
608.25     0.992
608.5     0.992
608.75     0.992
609.0     0.992
609.25     0.992
609.5     0.992
609.75     0.992
610.0     0.992
610.25     0.992
610.5     0.992
610.75     0.992
611.0     0.992
611.25     0.992
611.5     0.992
611.75     0.992
612.0     0.992
612.25     0.992
612.5     0.992
612.75     0.992
613.0     0.992
613.25     0.994
613.5     0.994
613.75     0.992
614.0     0.992
614.25     0.992
614.5     0.992
614.75     0.992
615.0     0.992
615.25     0.992
615.5     0.992
615.75     0.992
616.0     0.992
616.25     0.992
616.5     0.992
616.75     0.992
617.0     0.992
617.25     0.992
617.5     0.992
617.75     0.992
618.0     0.992
618.25     0.992
618.5     0.992
618.75     0.992
619.0     0.992
619.25     0.992
619.5     0.992
619.75     0.992
620.0     0.992
620.25     0.992
620.5     0.992
620.75     0.992
621.0     0.992
621.25     0.992
621.5     0.992
621.75     0.992
622.0     0.992
622.25     0.992
622.5     0.992
622.75     0.992
623.0     0.992
623.25     0.992
623.5     0.992
623.75     0.992
624.0     0.992
624.25     0.992
624.5     0.992
624.75     0.992
625.0     0.992
625.25     0.992
625.5     0.992
625.75     0.992
626.0     0.992
626.25     0.992
626.5     0.992
626.75     0.992
627.0     0.992
627.25     0.992
627.5     0.992
627.75     0.992
628.0     0.992
628.25     0.992
628.5     0.992
628.75     0.992
629.0     0.992
629.25     0.992
629.5     0.992
629.75     0.992
630.0     0.992
630.25     0.994
630.5     0.994
630.75     0.994
631.0     0.994
631.25     0.994
631.5     0.994
631.75     0.994
632.0     0.994
632.25     0.994
632.5     0.994
632.75     0.994
633.0     0.994
633.25     0.994
633.5     0.994
633.75     0.994
634.0     0.994
634.25     0.994
634.5     0.994
634.75     0.994
635.0     0.994
635.25     0.994
635.5     0.994
635.75     0.994
636.0     0.994
636.25     0.994
636.5     0.994
636.75     0.994
637.0     0.994
637.25     0.994
637.5     0.996
637.75     0.996
638.0     0.996
638.25     0.996
638.5     0.996
638.75     0.996
639.0     0.996
639.25     0.996
639.5     0.996
639.75     0.996
640.0     0.996
640.25     0.996
640.5     0.996
640.75     0.996
641.0     0.996
641.25     0.996
641.5     0.996
641.75     0.996
642.0     0.996
642.25     0.996
642.5     0.996
642.75     0.996
643.0     0.996
643.25     0.996
643.5     0.996
643.75     0.996
644.0     0.996
644.25     0.996
644.5     0.996
644.75     0.996
645.0     0.996
645.25     0.996
645.5     0.996
645.75     0.996
646.0     0.996
646.25     0.996
646.5     0.996
646.75     0.996
647.0     0.996
647.25     0.996
647.5     0.996
647.75     0.996
648.0     0.996
648.25     0.996
648.5     0.996
648.75     0.996
649.0     0.996
649.25     0.996
649.5     0.996
649.75     0.996
650.0     0.996
650.25     0.996
650.5     0.996
650.75     0.996
651.0     0.996
651.25     0.996
651.5     0.996
651.75     0.996
652.0     0.996
652.25     0.996
652.5     0.996
652.75     0.996
653.0     0.996
653.25     0.996
653.5     0.996
653.75     0.996
654.0     0.996
654.25     0.996
654.5     0.996
654.75     0.996
655.0     0.996
655.25     0.996
655.5     0.996
655.75     0.996
656.0     0.996
656.25     0.996
656.5     0.996
656.75     0.996
657.0     0.996
657.25     0.996
657.5     0.996
657.75     0.996
658.0     0.996
658.25     0.996
658.5     0.996
658.75     0.996
659.0     0.996
659.25     0.996
659.5     0.996
659.75     0.996
660.0     0.996
660.25     0.996
660.5     0.996
660.75     0.996
661.0     0.996
661.25     0.996
661.5     0.996
661.75     0.996
662.0     0.996
662.25     0.996
662.5     0.996
662.75     0.996
663.0     0.996
663.25     0.996
663.5     0.996
663.75     0.996
664.0     0.996
664.25     0.996
664.5     0.996
664.75     0.996
665.0     0.996
665.25     0.996
665.5     0.996
665.75     0.996
666.0     0.996
666.25     0.996
666.5     0.996
666.75     0.996
667.0     0.996
667.25     0.996
667.5     0.996
667.75     0.996
668.0     0.996
668.25     0.996
668.5     0.996
668.75     0.996
669.0     0.996
669.25     0.996
669.5     0.996
669.75     0.996
670.0     0.996
670.25     0.996
670.5     0.996
670.75     0.996
671.0     0.996
671.25     0.996
671.5     0.996
671.75     0.996
672.0     0.996
672.25     0.996
672.5     0.996
672.75     0.996
673.0     0.996
673.25     0.996
673.5     0.996
673.75     0.996
674.0     0.996
674.25     0.996
674.5     0.996
674.75     0.996
675.0     0.996
675.25     0.996
675.5     0.996
675.75     0.996
676.0     0.996
676.25     0.996
676.5     0.996
676.75     0.996
677.0     0.996
677.25     0.996
677.5     0.996
677.75     0.996
678.0     0.996
678.25     0.996
678.5     0.996
678.75     0.996
679.0     0.996
679.25     0.996
679.5     0.996
679.75     0.996
680.0     0.996
680.25     0.996
680.5     0.996
680.75     0.996
681.0     0.996
681.25     0.996
681.5     0.996
681.75     0.996
682.0     0.996
682.25     0.996
682.5     0.996
682.75     0.996
683.0     0.996
683.25     0.996
683.5     0.996
683.75     0.996
684.0     0.996
684.25     0.996
684.5     0.996
684.75     0.996
685.0     0.996
685.25     0.996
685.5     0.996
685.75     0.996
686.0     0.996
686.25     0.996
686.5     0.996
686.75     0.996
687.0     0.996
687.25     0.996
687.5     0.996
687.75     0.996
688.0     0.996
688.25     0.996
688.5     0.996
688.75     0.996
689.0     0.996
689.25     0.996
689.5     0.996
689.75     0.996
690.0     0.996
690.25     0.996
690.5     0.996
690.75     0.996
691.0     0.996
691.25     0.996
691.5     0.996
691.75     0.996
692.0     0.996
692.25     0.996
692.5     0.996
692.75     0.996
693.0     0.996
693.25     0.996
693.5     0.996
693.75     0.996
694.0     0.998
694.25     0.998
694.5     0.998
694.75     0.998
695.0     0.998
695.25     0.998
695.5     0.998
695.75     0.998
696.0     0.996
696.25     0.996
696.5     0.996
696.75     0.998
697.0     0.998
697.25     0.998
697.5     0.998
697.75     0.998
698.0     0.998
698.25     0.998
698.5     0.998
698.75     0.998
699.0     0.998
699.25     0.998
699.5     0.998
699.75     0.998
700.0     0.998
700.25     0.998
700.5     0.998
700.75     0.998
701.0     0.998
701.25     0.998
701.5     0.998
701.75     0.998
702.0     0.998
702.25     0.998
702.5     0.998
702.75     0.998
703.0     0.998
703.25     0.998
703.5     0.998
703.75     1.0
704.0     1.0
704.25     1.0
704.5     1.0
704.75     1.0
705.0     1.0
705.25     1.0
705.5     1.0
705.75     1.0
706.0     1.0
706.25     1.0
706.5     1.0
706.75     1.0
707.0     1.0
707.25     1.0
707.5     1.0
707.75     1.0
708.0     1.0
708.25     1.0
708.5     1.0
708.75     1.0
709.0     1.0
709.25     1.0
709.5     1.0
709.75     1.0
710.0     1.0
710.25     1.0
710.5     1.0
710.75     1.0
711.0     1.0
711.25     1.0
711.5     1.0
711.75     1.0
712.0     1.0
712.25     1.0
712.5     1.0
712.75     1.0
713.0     1.0
713.25     1.0
713.5     1.0
713.75     1.0
714.0     1.0
714.25     1.0
714.5     1.0
714.75     1.0
715.0     1.0
715.25     1.0
715.5     1.0
715.75     1.0
716.0     1.0
716.25     1.0
716.5     1.0
716.75     1.0
717.0     1.0
717.25     1.0
717.5     1.0
717.75     1.0
718.0     1.0
718.25     1.0
718.5     1.0
718.75     1.0
719.0     1.0
719.25     1.0
719.5     1.0
719.75     1.0
720.0     1.0
720.25     1.0
720.5     1.0
720.75     1.0
721.0     1.0
721.25     1.0
721.5     1.0
721.75     1.0
722.0     1.0
722.25     1.0
722.5     1.0
722.75     1.0
723.0     1.0
723.25     1.0
723.5     1.0
723.75     1.0
724.0     1.0
724.25     1.0
724.5     1.0
724.75     1.0
725.0     1.0
725.25     1.0
725.5     1.0
725.75     1.0
726.0     1.0
726.25     1.0
726.5     1.0
726.75     1.0
727.0     1.0
727.25     1.0
727.5     1.0
727.75     1.0
728.0     1.0
728.25     1.0
728.5     1.0
728.75     1.0
729.0     1.0
729.25     1.0
729.5     1.0
729.75     1.0
730.0     1.0
730.25     1.0
730.5     1.0
730.75     1.0
731.0     1.0
731.25     1.0
731.5     1.0
731.75     1.0
732.0     1.0
732.25     1.0
732.5     1.0
732.75     1.0
733.0     1.0
733.25     1.0
733.5     1.0
733.75     1.0
734.0     1.0
734.25     1.0
734.5     1.0
734.75     1.0
735.0     1.0
735.25     1.0
735.5     1.0
735.75     1.0
736.0     1.0
736.25     1.0
736.5     1.0
736.75     1.0
737.0     1.0
737.25     1.0
737.5     1.0
737.75     1.0
738.0     1.0
738.25     1.0
738.5     1.0
738.75     1.0
739.0     1.0
739.25     1.0
739.5     1.0
739.75     1.0
740.0     1.0
740.25     1.0
740.5     1.0
740.75     1.0
741.0     1.0
741.25     1.0
741.5     1.0
741.75     1.0
742.0     1.0
742.25     1.0
742.5     1.0
742.75     1.0
743.0     1.0
743.25     1.0
743.5     1.0
743.75     1.0
744.0     1.0
744.25     1.0
744.5     1.0
744.75     1.0
745.0     1.0
745.25     1.0
745.5     1.0
745.75     1.0
746.0     1.0
746.25     1.0
746.5     1.0
746.75     1.0
747.0     1.0
747.25     1.0
747.5     1.0
747.75     1.0
748.0     1.0
748.25     1.0
748.5     1.0
748.75     1.0
749.0     1.0
749.25     1.0
749.5     1.0
749.75     1.0
750.0     1.0
750.25     1.0
750.5     1.0
750.75     1.0
751.0     1.0
751.25     1.0
751.5     1.0
751.75     1.0
752.0     1.0
752.25     1.0
752.5     1.0
752.75     1.0
753.0     1.0
753.25     1.0
753.5     1.0
753.75     1.0
754.0     1.0
754.25     1.0
754.5     1.0
754.75     1.0
755.0     1.0
755.25     1.0
755.5     1.0
755.75     1.0
756.0     1.0
756.25     1.0
756.5     1.0
756.75     1.0
757.0     1.0
757.25     1.0
757.5     1.0
757.75     1.0
758.0     1.0
758.25     1.0
758.5     1.0
758.75     1.0
759.0     1.0
759.25     1.0
759.5     1.0
759.75     1.0
760.0     1.0
760.25     1.0
760.5     1.0
760.75     1.0
761.0     1.0
761.25     1.0
761.5     1.0
761.75     1.0
762.0     1.0
762.25     1.0
762.5     1.0
762.75     1.0
763.0     1.0
763.25     1.0
763.5     1.0
763.75     1.0
764.0     1.0
764.25     1.0
764.5     1.0
764.75     1.0
765.0     1.0
765.25     1.0
765.5     1.0
765.75     1.0
766.0     1.0
766.25     1.0
766.5     1.0
766.75     1.0
767.0     1.0
767.25     1.0
767.5     1.0
767.75     1.0
768.0     1.0
768.25     1.0
768.5     1.0
768.75     1.0
769.0     1.0
769.25     1.0
769.5     1.0
769.75     1.0
770.0     1.0
770.25     1.0
770.5     1.0
770.75     1.0
771.0     1.0
771.25     1.0
771.5     1.0
771.75     1.0
772.0     1.0
772.25     1.0
772.5     1.0
772.75     1.0
773.0     1.0
773.25     1.0
773.5     1.0
773.75     1.0
774.0     1.0
774.25     1.0
774.5     1.0
774.75     1.0
775.0     1.0
775.25     1.0
775.5     1.0
775.75     1.0
776.0     1.0
776.25     1.0
776.5     1.0
776.75     1.0
777.0     1.0
777.25     1.0
777.5     1.0
777.75     1.0
778.0     1.0
778.25     1.0
778.5     1.0
778.75     1.0
779.0     1.0
779.25     1.0
779.5     1.0
779.75     1.0
780.0     1.0
780.25     1.0
780.5     1.0
780.75     1.0
781.0     1.0
781.25     1.0
781.5     1.0
781.75     1.0
782.0     1.0
782.25     1.0
782.5     1.0
782.75     1.0
783.0     1.0
783.25     1.0
783.5     1.0
783.75     1.0
784.0     1.0
784.25     1.0
784.5     1.0
784.75     1.0
785.0     1.0
785.25     1.0
785.5     1.0
785.75     1.0
786.0     1.0
786.25     1.0
786.5     1.0
786.75     1.0
787.0     1.0
787.25     1.0
787.5     1.0
787.75     1.0
788.0     1.0
788.25     1.0
788.5     1.0
788.75     1.0
789.0     1.0
789.25     1.0
789.5     1.0
789.75     1.0
790.0     1.0
790.25     1.0
790.5     1.0
790.75     1.0
791.0     1.0
791.25     1.0
791.5     1.0
791.75     1.0
792.0     1.0
792.25     1.0
792.5     1.0
792.75     1.0
793.0     1.0
793.25     1.0
793.5     1.0
793.75     1.0
794.0     1.0
794.25     1.0
794.5     1.0
794.75     1.0
795.0     1.0
795.25     1.0
795.5     1.0
795.75     1.0
796.0     1.0
796.25     1.0
796.5     1.0
796.75     1.0
797.0     1.0
797.25     1.0
797.5     1.0
797.75     1.0
798.0     1.0
798.25     1.0
798.5     1.0
798.75     1.0
799.0     1.0
799.25     1.0
799.5     1.0
799.75     1.0
800.0     1.0
800.25     1.0
800.5     1.0
800.75     1.0
801.0     1.0
801.25     1.0
801.5     1.0
801.75     1.0
802.0     1.0
802.25     1.0
802.5     1.0
802.75     1.0
803.0     1.0
803.25     1.0
803.5     1.0
803.75     1.0
804.0     1.0
804.25     1.0
804.5     1.0
804.75     1.0
805.0     1.0
805.25     1.0
805.5     1.0
805.75     1.0
806.0     1.0
806.25     1.0
806.5     1.0
806.75     1.0
807.0     1.0
807.25     1.0
807.5     1.0
807.75     1.0
808.0     1.0
808.25     1.0
808.5     1.0
808.75     1.0
809.0     1.0
809.25     1.0
809.5     1.0
809.75     1.0
810.0     1.0
810.25     1.0
810.5     1.0
810.75     1.0
811.0     1.0
811.25     1.0
811.5     1.0
811.75     1.0
812.0     1.0
812.25     1.0
812.5     1.0
812.75     1.0
813.0     1.0
813.25     1.0
813.5     1.0
813.75     1.0
814.0     1.0
814.25     1.0
814.5     1.0
814.75     1.0
815.0     1.0
815.25     1.0
815.5     1.0
815.75     1.0
816.0     1.0
816.25     1.0
816.5     1.0
816.75     1.0
817.0     1.0
817.25     1.0
817.5     1.0
817.75     1.0
818.0     1.0
818.25     1.0
818.5     1.0
818.75     1.0
819.0     1.0
819.25     1.0
819.5     1.0
819.75     1.0
820.0     1.0
820.25     1.0
820.5     1.0
820.75     1.0
821.0     1.0
821.25     1.0
821.5     1.0
821.75     1.0
822.0     1.0
822.25     1.0
822.5     1.0
822.75     1.0
823.0     1.0
823.25     1.0
823.5     1.0
823.75     1.0
824.0     1.0
824.25     1.0
824.5     1.0
824.75     1.0
825.0     1.0
825.25     1.0
825.5     1.0
825.75     1.0
826.0     1.0
826.25     1.0
826.5     1.0
826.75     1.0
827.0     1.0
827.25     1.0
827.5     1.0
827.75     1.0
828.0     1.0
828.25     1.0
828.5     1.0
828.75     1.0
829.0     1.0
829.25     1.0
829.5     1.0
829.75     1.0
830.0     1.0
830.25     1.0
830.5     1.0
830.75     1.0
831.0     1.0
831.25     1.0
831.5     1.0
831.75     1.0
832.0     1.0
832.25     1.0
832.5     1.0
832.75     1.0
833.0     1.0
833.25     1.0
833.5     1.0
833.75     1.0
834.0     1.0
834.25     1.0
834.5     1.0
834.75     1.0
835.0     1.0
835.25     1.0
835.5     1.0
835.75     1.0
836.0     1.0
836.25     1.0
836.5     1.0
836.75     1.0
837.0     1.0
837.25     1.0
837.5     1.0
837.75     1.0
838.0     1.0
838.25     1.0
838.5     1.0
838.75     1.0
839.0     1.0
839.25     1.0
839.5     1.0
839.75     1.0
840.0     1.0
840.25     1.0
840.5     1.0
840.75     1.0
841.0     1.0
841.25     1.0
841.5     1.0
841.75     1.0
842.0     1.0
842.25     1.0
842.5     1.0
842.75     1.0
843.0     1.0
843.25     1.0
843.5     1.0
843.75     1.0
844.0     1.0
844.25     1.0
844.5     1.0
844.75     1.0
845.0     1.0
845.25     1.0
845.5     1.0
845.75     1.0
846.0     1.0
846.25     1.0
846.5     1.0
846.75     1.0
847.0     1.0
847.25     1.0
847.5     1.0
847.75     1.0
848.0     1.0
848.25     1.0
848.5     1.0
848.75     1.0
849.0     1.0
849.25     1.0
849.5     1.0
849.75     1.0
850.0     1.0
850.25     1.0
850.5     1.0
850.75     1.0
851.0     1.0
851.25     1.0
851.5     1.0
851.75     1.0
852.0     1.0
852.25     1.0
852.5     1.0
852.75     1.0
853.0     1.0
853.25     1.0
853.5     1.0
853.75     1.0
854.0     1.0
854.25     1.0
854.5     1.0
854.75     1.0
855.0     1.0
855.25     1.0
855.5     1.0
855.75     1.0
856.0     1.0
856.25     1.0
856.5     1.0
856.75     1.0
857.0     1.0
857.25     1.0
857.5     1.0
857.75     1.0
858.0     1.0
858.25     1.0
858.5     1.0
858.75     1.0
859.0     1.0
859.25     1.0
859.5     1.0
859.75     1.0
860.0     1.0
860.25     1.0
860.5     1.0
860.75     1.0
861.0     1.0
861.25     1.0
861.5     1.0
861.75     1.0
862.0     1.0
862.25     1.0
862.5     1.0
862.75     1.0
863.0     1.0
863.25     1.0
863.5     1.0
863.75     1.0
864.0     1.0
864.25     1.0
864.5     1.0
864.75     1.0
865.0     1.0
865.25     1.0
865.5     1.0
865.75     1.0
866.0     1.0
866.25     1.0
866.5     1.0
866.75     1.0
867.0     1.0
867.25     1.0
867.5     1.0
867.75     1.0
868.0     1.0
868.25     1.0
868.5     1.0
868.75     1.0
869.0     1.0
869.25     1.0
869.5     1.0
869.75     1.0
870.0     1.0
870.25     1.0
870.5     1.0
870.75     1.0
871.0     1.0
871.25     1.0
871.5     1.0
871.75     1.0
872.0     1.0
872.25     1.0
872.5     1.0
872.75     1.0
873.0     1.0
873.25     1.0
873.5     1.0
873.75     1.0
874.0     1.0
874.25     1.0
874.5     1.0
874.75     1.0
875.0     1.0
875.25     1.0
875.5     1.0
875.75     1.0
876.0     1.0
876.25     1.0
876.5     1.0
876.75     1.0
877.0     1.0
877.25     1.0
877.5     1.0
877.75     1.0
878.0     1.0
878.25     1.0
878.5     1.0
878.75     1.0
879.0     1.0
879.25     1.0
879.5     1.0
879.75     1.0
880.0     1.0
880.25     1.0
880.5     1.0
880.75     1.0
881.0     1.0
881.25     1.0
881.5     1.0
881.75     1.0
882.0     1.0
882.25     1.0
882.5     1.0
882.75     1.0
883.0     1.0
883.25     1.0
883.5     1.0
883.75     1.0
884.0     1.0
884.25     1.0
884.5     1.0
884.75     1.0
885.0     1.0
885.25     1.0
885.5     1.0
885.75     1.0
886.0     1.0
886.25     1.0
886.5     1.0
886.75     1.0
887.0     1.0
887.25     1.0
887.5     1.0
887.75     1.0
888.0     1.0
888.25     1.0
888.5     1.0
888.75     1.0
889.0     1.0
889.25     1.0
889.5     1.0
889.75     1.0
890.0     1.0
890.25     1.0
890.5     1.0
890.75     1.0
891.0     1.0
891.25     1.0
891.5     1.0
891.75     1.0
892.0     1.0
892.25     1.0
892.5     1.0
892.75     1.0
893.0     1.0
893.25     1.0
893.5     1.0
893.75     1.0
894.0     1.0
894.25     1.0
894.5     1.0
894.75     1.0
895.0     1.0
895.25     1.0
895.5     1.0
895.75     1.0
896.0     1.0
896.25     1.0
896.5     1.0
896.75     1.0
897.0     1.0
897.25     1.0
897.5     1.0
897.75     1.0
898.0     1.0
898.25     1.0
898.5     1.0
898.75     1.0
899.0     1.0
899.25     1.0
899.5     1.0
899.75     1.0
900.0     1.0
900.25     1.0
900.5     1.0
900.75     1.0
901.0     1.0
901.25     1.0
901.5     1.0
901.75     1.0
902.0     1.0
902.25     1.0
902.5     1.0
902.75     1.0
903.0     1.0
903.25     1.0
903.5     1.0
903.75     1.0
904.0     1.0
904.25     1.0
904.5     1.0
904.75     1.0
905.0     1.0
905.25     1.0
905.5     1.0
905.75     1.0
906.0     1.0
906.25     1.0
906.5     1.0
906.75     1.0
907.0     1.0
907.25     1.0
907.5     1.0
907.75     1.0
908.0     1.0
908.25     1.0
908.5     1.0
908.75     1.0
909.0     1.0
909.25     1.0
909.5     1.0
909.75     1.0
910.0     1.0
910.25     1.0
910.5     1.0
910.75     1.0
911.0     1.0
911.25     1.0
911.5     1.0
911.75     1.0
912.0     1.0
912.25     1.0
912.5     1.0
912.75     1.0
913.0     1.0
913.25     1.0
913.5     1.0
913.75     1.0
914.0     1.0
914.25     1.0
914.5     1.0
914.75     1.0
915.0     1.0
915.25     1.0
915.5     1.0
915.75     1.0
916.0     1.0
916.25     1.0
916.5     1.0
916.75     1.0
917.0     1.0
917.25     1.0
917.5     1.0
917.75     1.0
918.0     1.0
918.25     1.0
918.5     1.0
918.75     1.0
919.0     1.0
919.25     1.0
919.5     1.0
919.75     1.0
920.0     1.0
920.25     1.0
920.5     1.0
920.75     1.0
921.0     1.0
921.25     1.0
921.5     1.0
921.75     1.0
922.0     1.0
922.25     1.0
922.5     1.0
922.75     1.0
923.0     1.0
923.25     1.0
923.5     1.0
923.75     1.0
924.0     1.0
924.25     1.0
924.5     1.0
924.75     1.0
925.0     1.0
925.25     1.0
925.5     1.0
925.75     1.0
926.0     1.0
926.25     1.0
926.5     1.0
926.75     1.0
927.0     1.0
927.25     1.0
927.5     1.0
927.75     1.0
928.0     1.0
928.25     1.0
928.5     1.0
928.75     1.0
929.0     1.0
929.25     1.0
929.5     1.0
929.75     1.0
930.0     1.0
930.25     1.0
930.5     1.0
930.75     1.0
931.0     1.0
931.25     1.0
931.5     1.0
931.75     1.0
932.0     1.0
932.25     1.0
932.5     1.0
932.75     1.0
933.0     1.0
933.25     1.0
933.5     1.0
933.75     1.0
934.0     1.0
934.25     1.0
934.5     1.0
934.75     1.0
935.0     1.0
935.25     1.0
935.5     1.0
935.75     1.0
936.0     1.0
936.25     1.0
936.5     1.0
936.75     1.0
937.0     1.0
937.25     1.0
937.5     1.0
937.75     1.0
938.0     1.0
938.25     1.0
938.5     1.0
938.75     1.0
939.0     1.0
939.25     1.0
939.5     1.0
939.75     1.0
940.0     1.0
940.25     1.0
940.5     1.0
940.75     1.0
941.0     1.0
941.25     1.0
941.5     1.0
941.75     1.0
942.0     1.0
942.25     1.0
942.5     1.0
942.75     1.0
943.0     1.0
943.25     1.0
943.5     1.0
943.75     1.0
944.0     1.0
944.25     1.0
944.5     1.0
944.75     1.0
945.0     1.0
945.25     1.0
945.5     1.0
945.75     1.0
946.0     1.0
946.25     1.0
946.5     1.0
946.75     1.0
947.0     1.0
947.25     1.0
947.5     1.0
947.75     1.0
948.0     1.0
948.25     1.0
948.5     1.0
948.75     1.0
949.0     1.0
949.25     1.0
949.5     1.0
949.75     1.0
950.0     1.0
950.25     1.0
950.5     1.0
950.75     1.0
951.0     1.0
951.25     1.0
951.5     1.0
951.75     1.0
952.0     1.0
952.25     1.0
952.5     1.0
952.75     1.0
953.0     1.0
953.25     1.0
953.5     1.0
953.75     1.0
954.0     1.0
954.25     1.0
954.5     1.0
954.75     1.0
955.0     1.0
955.25     1.0
955.5     1.0
955.75     1.0
956.0     1.0
956.25     1.0
956.5     1.0
956.75     1.0
957.0     1.0
957.25     1.0
957.5     1.0
957.75     1.0
958.0     1.0
958.25     1.0
958.5     1.0
958.75     1.0
959.0     1.0
959.25     1.0
959.5     1.0
959.75     1.0
960.0     1.0
960.25     1.0
960.5     1.0
960.75     1.0
961.0     1.0
961.25     1.0
961.5     1.0
961.75     1.0
962.0     1.0
962.25     1.0
962.5     1.0
962.75     1.0
963.0     1.0
963.25     1.0
963.5     1.0
963.75     1.0
964.0     1.0
964.25     1.0
964.5     1.0
964.75     1.0
965.0     1.0
965.25     1.0
965.5     1.0
965.75     1.0
966.0     1.0
966.25     1.0
966.5     1.0
966.75     1.0
967.0     1.0
967.25     1.0
967.5     1.0
967.75     1.0
968.0     1.0
968.25     1.0
968.5     1.0
968.75     1.0
969.0     1.0
969.25     1.0
969.5     1.0
969.75     1.0
970.0     1.0
970.25     1.0
970.5     1.0
970.75     1.0
971.0     1.0
971.25     1.0
971.5     1.0
971.75     1.0
972.0     1.0
972.25     1.0
972.5     1.0
972.75     1.0
973.0     1.0
973.25     1.0
973.5     1.0
973.75     1.0
974.0     1.0
974.25     1.0
974.5     1.0
974.75     1.0
975.0     1.0
975.25     1.0
975.5     1.0
975.75     1.0
976.0     1.0
976.25     1.0
976.5     1.0
976.75     1.0
977.0     1.0
977.25     1.0
977.5     1.0
977.75     1.0
978.0     1.0
978.25     1.0
978.5     1.0
978.75     1.0
979.0     1.0
979.25     1.0
979.5     1.0
979.75     1.0
980.0     1.0
980.25     1.0
980.5     1.0
980.75     1.0
981.0     1.0
981.25     1.0
981.5     1.0
981.75     1.0
982.0     1.0
982.25     1.0
982.5     1.0
982.75     1.0
983.0     1.0
983.25     1.0
983.5     1.0
983.75     1.0
984.0     1.0
984.25     1.0
984.5     1.0
984.75     1.0
985.0     1.0
985.25     1.0
985.5     1.0
985.75     1.0
986.0     1.0
986.25     1.0
986.5     1.0
986.75     1.0
987.0     1.0
987.25     1.0
987.5     1.0
987.75     1.0
988.0     1.0
988.25     1.0
988.5     1.0
988.75     1.0
989.0     1.0
989.25     1.0
989.5     1.0
989.75     1.0
990.0     1.0
990.25     1.0
990.5     1.0
990.75     1.0
991.0     1.0
991.25     1.0
991.5     1.0
991.75     1.0
992.0     1.0
992.25     1.0
992.5     1.0
992.75     1.0
993.0     1.0
993.25     1.0
993.5     1.0
993.75     1.0
994.0     1.0
994.25     1.0
994.5     1.0
994.75     1.0
995.0     1.0
995.25     1.0
995.5     1.0
995.75     1.0
996.0     1.0
996.25     1.0
996.5     1.0
996.75     1.0
997.0     1.0
997.25     1.0
997.5     1.0
997.75     1.0
998.0     1.0
998.25     1.0
998.5     1.0
998.75     1.0
999.0     1.0
999.25     1.0
999.5     1.0
999.75     1.0
1000.0     1.0
