0.25     1.0
0.5     1.0
0.75     1.0
1.0     1.0
1.25     1.0
1.5     1.0
1.75     1.0
2.0     1.0
2.25     1.0
2.5     1.0
2.75     1.0
3.0     1.0
3.25     1.0
3.5     1.0
3.75     1.0
4.0     1.0
4.25     1.0
4.5     1.0
4.75     1.0
5.0     1.0
5.25     1.0
5.5     1.0
5.75     1.0
6.0     1.0
6.25     1.0
6.5     1.0
6.75     1.0
7.0     1.0
7.25     1.0
7.5     1.0
7.75     1.0
8.0     1.0
8.25     1.0
8.5     1.0
8.75     1.0
9.0     1.0
9.25     1.0
9.5     1.0
9.75     1.0
10.0     1.0
10.25     1.0
10.5     1.0
10.75     1.0
11.0     1.0
11.25     1.0
11.5     1.0
11.75     1.0
12.0     1.0
12.25     1.0
12.5     1.0
12.75     1.0
13.0     1.0
13.25     1.0
13.5     1.0
13.75     1.0
14.0     1.0
14.25     1.0
14.5     1.0
14.75     1.0
15.0     1.0
15.25     1.0
15.5     1.0
15.75     1.0
16.0     1.0
16.25     1.0
16.5     1.0
16.75     1.0
17.0     1.0
17.25     1.0
17.5     1.0
17.75     1.0
18.0     1.0
18.25     1.0
18.5     1.0
18.75     0.998
19.0     0.998
19.25     0.998
19.5     0.998
19.75     0.998
20.0     0.998
20.25     0.998
20.5     0.998
20.75     0.998
21.0     0.998
21.25     0.998
21.5     0.998
21.75     0.998
22.0     0.998
22.25     0.998
22.5     0.998
22.75     0.998
23.0     0.998
23.25     0.998
23.5     0.998
23.75     0.998
24.0     0.998
24.25     0.998
24.5     0.998
24.75     0.998
25.0     0.998
25.25     0.998
25.5     0.998
25.75     0.998
26.0     0.998
26.25     0.998
26.5     0.998
26.75     0.998
27.0     0.998
27.25     0.998
27.5     0.998
27.75     0.998
28.0     0.998
28.25     0.998
28.5     0.998
28.75     0.998
29.0     0.998
29.25     0.998
29.5     0.998
29.75     0.998
30.0     0.998
30.25     0.998
30.5     0.998
30.75     0.998
31.0     0.998
31.25     0.998
31.5     0.998
31.75     0.998
32.0     0.998
32.25     0.998
32.5     0.998
32.75     0.998
33.0     0.998
33.25     0.998
33.5     0.998
33.75     0.998
34.0     0.998
34.25     0.998
34.5     0.998
34.75     0.998
35.0     0.998
35.25     0.998
35.5     0.998
35.75     0.998
36.0     0.998
36.25     0.998
36.5     0.996
36.75     0.996
37.0     0.996
37.25     0.996
37.5     0.996
37.75     0.996
38.0     0.996
38.25     0.996
38.5     0.996
38.75     0.996
39.0     0.996
39.25     0.996
39.5     0.996
39.75     0.996
40.0     0.996
40.25     0.996
40.5     0.996
40.75     0.996
41.0     0.996
41.25     0.996
41.5     0.996
41.75     0.996
42.0     0.996
42.25     0.996
42.5     0.996
42.75     0.996
43.0     0.996
43.25     0.996
43.5     0.996
43.75     0.996
44.0     0.996
44.25     0.996
44.5     0.996
44.75     0.996
45.0     0.996
45.25     0.996
45.5     0.996
45.75     0.996
46.0     0.996
46.25     0.996
46.5     0.996
46.75     0.996
47.0     0.996
47.25     0.996
47.5     0.996
47.75     0.996
48.0     0.996
48.25     0.996
48.5     0.996
48.75     0.996
49.0     0.996
49.25     0.996
49.5     0.996
49.75     0.996
50.0     0.996
50.25     0.996
50.5     0.996
50.75     0.996
51.0     0.996
51.25     0.996
51.5     0.996
51.75     0.996
52.0     0.996
52.25     0.996
52.5     0.996
52.75     0.996
53.0     0.996
53.25     0.996
53.5     0.996
53.75     0.996
54.0     0.996
54.25     0.996
54.5     0.996
54.75     0.996
55.0     0.996
55.25     0.996
55.5     0.996
55.75     0.996
56.0     0.996
56.25     0.996
56.5     0.996
56.75     0.996
57.0     0.996
57.25     0.996
57.5     0.996
57.75     0.996
58.0     0.996
58.25     0.996
58.5     0.996
58.75     0.996
59.0     0.996
59.25     0.996
59.5     0.996
59.75     0.996
60.0     0.996
60.25     0.996
60.5     0.996
60.75     0.996
61.0     0.996
61.25     0.996
61.5     0.996
61.75     0.996
62.0     0.996
62.25     0.996
62.5     0.996
62.75     0.996
63.0     0.996
63.25     0.996
63.5     0.996
63.75     0.996
64.0     0.996
64.25     0.996
64.5     0.996
64.75     0.996
65.0     0.996
65.25     0.996
65.5     0.996
65.75     0.996
66.0     0.996
66.25     0.996
66.5     0.996
66.75     0.996
67.0     0.996
67.25     0.996
67.5     0.996
67.75     0.996
68.0     0.996
68.25     0.994
68.5     0.994
68.75     0.994
69.0     0.994
69.25     0.994
69.5     0.994
69.75     0.994
70.0     0.994
70.25     0.994
70.5     0.994
70.75     0.994
71.0     0.994
71.25     0.994
71.5     0.994
71.75     0.994
72.0     0.994
72.25     0.994
72.5     0.994
72.75     0.994
73.0     0.994
73.25     0.994
73.5     0.994
73.75     0.994
74.0     0.994
74.25     0.994
74.5     0.994
74.75     0.994
75.0     0.994
75.25     0.994
75.5     0.994
75.75     0.994
76.0     0.994
76.25     0.994
76.5     0.994
76.75     0.994
77.0     0.994
77.25     0.994
77.5     0.994
77.75     0.994
78.0     0.994
78.25     0.994
78.5     0.994
78.75     0.994
79.0     0.994
79.25     0.994
79.5     0.994
79.75     0.994
80.0     0.994
80.25     0.994
80.5     0.994
80.75     0.994
81.0     0.994
81.25     0.994
81.5     0.994
81.75     0.994
82.0     0.994
82.25     0.994
82.5     0.994
82.75     0.994
83.0     0.994
83.25     0.994
83.5     0.994
83.75     0.994
84.0     0.994
84.25     0.994
84.5     0.994
84.75     0.994
85.0     0.994
85.25     0.994
85.5     0.994
85.75     0.994
86.0     0.994
86.25     0.994
86.5     0.994
86.75     0.994
87.0     0.994
87.25     0.994
87.5     0.994
87.75     0.994
88.0     0.992
88.25     0.992
88.5     0.992
88.75     0.992
89.0     0.992
89.25     0.992
89.5     0.992
89.75     0.992
90.0     0.992
90.25     0.992
90.5     0.992
90.75     0.992
91.0     0.992
91.25     0.992
91.5     0.992
91.75     0.992
92.0     0.992
92.25     0.992
92.5     0.992
92.75     0.992
93.0     0.992
93.25     0.992
93.5     0.992
93.75     0.992
94.0     0.992
94.25     0.992
94.5     0.992
94.75     0.992
95.0     0.992
95.25     0.992
95.5     0.992
95.75     0.992
96.0     0.992
96.25     0.992
96.5     0.992
96.75     0.992
97.0     0.992
97.25     0.992
97.5     0.992
97.75     0.992
98.0     0.992
98.25     0.992
98.5     0.992
98.75     0.992
99.0     0.992
99.25     0.992
99.5     0.992
99.75     0.992
100.0     0.992
100.25     0.992
100.5     0.992
100.75     0.992
101.0     0.992
101.25     0.992
101.5     0.992
101.75     0.992
102.0     0.992
102.25     0.992
102.5     0.992
102.75     0.992
103.0     0.992
103.25     0.992
103.5     0.992
103.75     0.992
104.0     0.992
104.25     0.992
104.5     0.992
104.75     0.992
105.0     0.992
105.25     0.992
105.5     0.992
105.75     0.992
106.0     0.992
106.25     0.992
106.5     0.992
106.75     0.992
107.0     0.992
107.25     0.992
107.5     0.992
107.75     0.992
108.0     0.992
108.25     0.992
108.5     0.992
108.75     0.992
109.0     0.992
109.25     0.992
109.5     0.992
109.75     0.992
110.0     0.992
110.25     0.992
110.5     0.992
110.75     0.992
111.0     0.99
111.25     0.99
111.5     0.99
111.75     0.99
112.0     0.99
112.25     0.99
112.5     0.99
112.75     0.99
113.0     0.99
113.25     0.99
113.5     0.99
113.75     0.99
114.0     0.99
114.25     0.99
114.5     0.99
114.75     0.99
115.0     0.99
115.25     0.99
115.5     0.988
115.75     0.988
116.0     0.988
116.25     0.988
116.5     0.988
116.75     0.988
117.0     0.988
117.25     0.988
117.5     0.988
117.75     0.988
118.0     0.988
118.25     0.988
118.5     0.988
118.75     0.988
119.0     0.988
119.25     0.988
119.5     0.988
119.75     0.988
120.0     0.988
120.25     0.988
120.5     0.988
120.75     0.988
121.0     0.988
121.25     0.988
121.5     0.988
121.75     0.988
122.0     0.988
122.25     0.988
122.5     0.988
122.75     0.988
123.0     0.988
123.25     0.988
123.5     0.988
123.75     0.988
124.0     0.988
124.25     0.988
124.5     0.988
124.75     0.988
125.0     0.988
125.25     0.988
125.5     0.988
125.75     0.988
126.0     0.988
126.25     0.988
126.5     0.988
126.75     0.988
127.0     0.988
127.25     0.988
127.5     0.988
127.75     0.988
128.0     0.988
128.25     0.988
128.5     0.988
128.75     0.988
129.0     0.988
129.25     0.988
129.5     0.988
129.75     0.988
130.0     0.988
130.25     0.988
130.5     0.988
130.75     0.988
131.0     0.988
131.25     0.988
131.5     0.988
131.75     0.988
132.0     0.988
132.25     0.988
132.5     0.988
132.75     0.988
133.0     0.988
133.25     0.988
133.5     0.988
133.75     0.988
134.0     0.988
134.25     0.988
134.5     0.988
134.75     0.988
135.0     0.988
135.25     0.988
135.5     0.988
135.75     0.988
136.0     0.988
136.25     0.988
136.5     0.988
136.75     0.988
137.0     0.988
137.25     0.988
137.5     0.988
137.75     0.988
138.0     0.988
138.25     0.988
138.5     0.988
138.75     0.988
139.0     0.986
139.25     0.986
139.5     0.986
139.75     0.984
140.0     0.984
140.25     0.984
140.5     0.986
140.75     0.986
141.0     0.986
141.25     0.986
141.5     0.986
141.75     0.986
142.0     0.986
142.25     0.986
142.5     0.986
142.75     0.986
143.0     0.986
143.25     0.986
143.5     0.986
143.75     0.986
144.0     0.986
144.25     0.986
144.5     0.986
144.75     0.986
145.0     0.986
145.25     0.986
145.5     0.986
145.75     0.986
146.0     0.986
146.25     0.986
146.5     0.986
146.75     0.986
147.0     0.986
147.25     0.984
147.5     0.984
147.75     0.986
148.0     0.982
148.25     0.982
148.5     0.982
148.75     0.982
149.0     0.982
149.25     0.984
149.5     0.984
149.75     0.984
150.0     0.982
150.25     0.982
150.5     0.982
150.75     0.982
151.0     0.982
151.25     0.982
151.5     0.982
151.75     0.982
152.0     0.98
152.25     0.98
152.5     0.976
152.75     0.976
153.0     0.976
153.25     0.976
153.5     0.976
153.75     0.976
154.0     0.972
154.25     0.972
154.5     0.97
154.75     0.968
155.0     0.968
155.25     0.968
155.5     0.968
155.75     0.966
156.0     0.966
156.25     0.962
156.5     0.962
156.75     0.958
157.0     0.962
157.25     0.962
157.5     0.962
157.75     0.958
158.0     0.96
158.25     0.958
158.5     0.956
158.75     0.954
159.0     0.95
159.25     0.946
159.5     0.942
159.75     0.942
160.0     0.94
160.25     0.938
160.5     0.94
160.75     0.938
161.0     0.938
161.25     0.938
161.5     0.936
161.75     0.93
162.0     0.926
162.25     0.928
162.5     0.928
162.75     0.926
163.0     0.926
163.25     0.92
163.5     0.916
163.75     0.914
164.0     0.91
164.25     0.91
164.5     0.908
164.75     0.906
165.0     0.904
165.25     0.898
165.5     0.898
165.75     0.896
166.0     0.886
166.25     0.882
166.5     0.882
166.75     0.884
167.0     0.878
167.25     0.88
167.5     0.88
167.75     0.878
168.0     0.874
168.25     0.874
168.5     0.872
168.75     0.872
169.0     0.87
169.25     0.87
169.5     0.868
169.75     0.866
170.0     0.866
170.25     0.864
170.5     0.862
170.75     0.862
171.0     0.862
171.25     0.862
171.5     0.862
171.75     0.858
172.0     0.854
172.25     0.85
172.5     0.852
172.75     0.846
173.0     0.844
173.25     0.846
173.5     0.84
173.75     0.84
174.0     0.838
174.25     0.838
174.5     0.836
174.75     0.836
175.0     0.834
175.25     0.834
175.5     0.832
175.75     0.832
176.0     0.832
176.25     0.826
176.5     0.826
176.75     0.822
177.0     0.822
177.25     0.822
177.5     0.82
177.75     0.816
178.0     0.816
178.25     0.812
178.5     0.812
178.75     0.81
179.0     0.806
179.25     0.806
179.5     0.8
179.75     0.796
180.0     0.796
180.25     0.796
180.5     0.794
180.75     0.794
181.0     0.794
181.25     0.794
181.5     0.792
181.75     0.79
182.0     0.788
182.25     0.788
182.5     0.788
182.75     0.784
183.0     0.784
183.25     0.782
183.5     0.78
183.75     0.78
184.0     0.778
184.25     0.776
184.5     0.774
184.75     0.774
185.0     0.77
185.25     0.768
185.5     0.766
185.75     0.76
186.0     0.758
186.25     0.758
186.5     0.76
186.75     0.76
187.0     0.76
187.25     0.76
187.5     0.76
187.75     0.76
188.0     0.76
188.25     0.758
188.5     0.748
188.75     0.748
189.0     0.746
189.25     0.746
189.5     0.746
189.75     0.746
190.0     0.746
190.25     0.744
190.5     0.744
190.75     0.74
191.0     0.738
191.25     0.736
191.5     0.736
191.75     0.734
192.0     0.734
192.25     0.734
192.5     0.732
192.75     0.732
193.0     0.73
193.25     0.732
193.5     0.732
193.75     0.732
194.0     0.732
194.25     0.732
194.5     0.732
194.75     0.732
195.0     0.732
195.25     0.73
195.5     0.73
195.75     0.728
196.0     0.728
196.25     0.724
196.5     0.724
196.75     0.724
197.0     0.724
197.25     0.724
197.5     0.724
197.75     0.724
198.0     0.724
198.25     0.724
198.5     0.724
198.75     0.722
199.0     0.722
199.25     0.722
199.5     0.722
199.75     0.722
200.0     0.72
200.25     0.72
200.5     0.72
200.75     0.72
201.0     0.72
201.25     0.72
201.5     0.72
201.75     0.72
202.0     0.72
202.25     0.72
202.5     0.72
202.75     0.72
203.0     0.72
203.25     0.72
203.5     0.718
203.75     0.718
204.0     0.718
204.25     0.718
204.5     0.718
204.75     0.718
205.0     0.716
205.25     0.716
205.5     0.716
205.75     0.716
206.0     0.716
206.25     0.716
206.5     0.716
206.75     0.714
207.0     0.712
207.25     0.712
207.5     0.712
207.75     0.712
208.0     0.714
208.25     0.712
208.5     0.71
208.75     0.71
209.0     0.71
209.25     0.708
209.5     0.704
209.75     0.702
210.0     0.7
210.25     0.7
210.5     0.698
210.75     0.696
211.0     0.696
211.25     0.696
211.5     0.696
211.75     0.696
212.0     0.692
212.25     0.69
212.5     0.688
212.75     0.684
213.0     0.68
213.25     0.678
213.5     0.678
213.75     0.678
214.0     0.674
214.25     0.674
214.5     0.672
214.75     0.67
215.0     0.67
215.25     0.664
215.5     0.666
215.75     0.662
216.0     0.662
216.25     0.662
216.5     0.658
216.75     0.658
217.0     0.656
217.25     0.654
217.5     0.652
217.75     0.652
218.0     0.648
218.25     0.644
218.5     0.644
218.75     0.64
219.0     0.64
219.25     0.64
219.5     0.636
219.75     0.632
220.0     0.636
220.25     0.634
220.5     0.632
220.75     0.632
221.0     0.632
221.25     0.63
221.5     0.628
221.75     0.624
222.0     0.622
222.25     0.62
222.5     0.616
222.75     0.614
223.0     0.612
223.25     0.612
223.5     0.608
223.75     0.608
224.0     0.608
224.25     0.608
224.5     0.606
224.75     0.606
225.0     0.606
225.25     0.602
225.5     0.602
225.75     0.602
226.0     0.6
226.25     0.6
226.5     0.592
226.75     0.592
227.0     0.592
227.25     0.592
227.5     0.592
227.75     0.59
228.0     0.59
228.25     0.59
228.5     0.588
228.75     0.588
229.0     0.588
229.25     0.586
229.5     0.586
229.75     0.584
230.0     0.582
230.25     0.58
230.5     0.58
230.75     0.578
231.0     0.578
231.25     0.574
231.5     0.576
231.75     0.578
232.0     0.58
232.25     0.58
232.5     0.578
232.75     0.576
233.0     0.574
233.25     0.574
233.5     0.574
233.75     0.574
234.0     0.572
234.25     0.572
234.5     0.57
234.75     0.568
235.0     0.566
235.25     0.564
235.5     0.562
235.75     0.56
236.0     0.56
236.25     0.558
236.5     0.558
236.75     0.558
237.0     0.556
237.25     0.556
237.5     0.554
237.75     0.552
238.0     0.552
238.25     0.55
238.5     0.55
238.75     0.546
239.0     0.544
239.25     0.542
239.5     0.542
239.75     0.54
240.0     0.538
240.25     0.538
240.5     0.538
240.75     0.536
241.0     0.538
241.25     0.538
241.5     0.538
241.75     0.538
242.0     0.538
242.25     0.538
242.5     0.538
242.75     0.538
243.0     0.536
243.25     0.536
243.5     0.536
243.75     0.536
244.0     0.536
244.25     0.536
244.5     0.536
244.75     0.532
245.0     0.532
245.25     0.53
245.5     0.53
245.75     0.53
246.0     0.53
246.25     0.53
246.5     0.53
246.75     0.528
247.0     0.528
247.25     0.526
247.5     0.526
247.75     0.528
248.0     0.528
248.25     0.528
248.5     0.528
248.75     0.528
249.0     0.526
249.25     0.526
249.5     0.524
249.75     0.52
250.0     0.52
250.25     0.52
250.5     0.518
250.75     0.518
251.0     0.516
251.25     0.514
251.5     0.514
251.75     0.514
252.0     0.51
252.25     0.508
252.5     0.506
252.75     0.506
253.0     0.504
253.25     0.504
253.5     0.504
253.75     0.504
254.0     0.502
254.25     0.502
254.5     0.498
254.75     0.498
255.0     0.498
255.25     0.498
255.5     0.498
255.75     0.498
256.0     0.494
256.25     0.492
256.5     0.492
256.75     0.486
257.0     0.486
257.25     0.488
257.5     0.49
257.75     0.488
258.0     0.486
258.25     0.482
258.5     0.482
258.75     0.476
259.0     0.474
259.25     0.472
259.5     0.468
259.75     0.464
260.0     0.462
260.25     0.454
260.5     0.45
260.75     0.45
261.0     0.45
261.25     0.444
261.5     0.44
261.75     0.44
262.0     0.44
262.25     0.436
262.5     0.432
262.75     0.43
263.0     0.43
263.25     0.432
263.5     0.428
263.75     0.428
264.0     0.422
264.25     0.422
264.5     0.42
264.75     0.414
265.0     0.416
265.25     0.41
265.5     0.41
265.75     0.406
266.0     0.404
266.25     0.402
266.5     0.398
266.75     0.398
267.0     0.4
267.25     0.398
267.5     0.394
267.75     0.394
268.0     0.396
268.25     0.394
268.5     0.388
268.75     0.386
269.0     0.384
269.25     0.384
269.5     0.38
269.75     0.378
270.0     0.376
270.25     0.376
270.5     0.376
270.75     0.376
271.0     0.374
271.25     0.372
271.5     0.372
271.75     0.368
272.0     0.366
272.25     0.366
272.5     0.366
272.75     0.362
273.0     0.362
273.25     0.36
273.5     0.36
273.75     0.36
274.0     0.358
274.25     0.358
274.5     0.356
274.75     0.356
275.0     0.354
275.25     0.354
275.5     0.346
275.75     0.346
276.0     0.346
276.25     0.346
276.5     0.344
276.75     0.342
277.0     0.342
277.25     0.342
277.5     0.342
277.75     0.34
278.0     0.34
278.25     0.34
278.5     0.34
278.75     0.34
279.0     0.338
279.25     0.338
279.5     0.332
279.75     0.332
280.0     0.332
280.25     0.33
280.5     0.328
280.75     0.326
281.0     0.324
281.25     0.324
281.5     0.322
281.75     0.322
282.0     0.322
282.25     0.322
282.5     0.322
282.75     0.322
283.0     0.32
283.25     0.32
283.5     0.318
283.75     0.318
284.0     0.316
284.25     0.314
284.5     0.31
284.75     0.306
285.0     0.304
285.25     0.302
285.5     0.302
285.75     0.3
286.0     0.298
286.25     0.298
286.5     0.298
286.75     0.298
287.0     0.296
287.25     0.296
287.5     0.294
287.75     0.292
288.0     0.29
288.25     0.288
288.5     0.288
288.75     0.288
289.0     0.286
289.25     0.286
289.5     0.286
289.75     0.284
290.0     0.284
290.25     0.284
290.5     0.284
290.75     0.282
291.0     0.28
291.25     0.28
291.5     0.28
291.75     0.28
292.0     0.28
292.25     0.28
292.5     0.28
292.75     0.278
293.0     0.278
293.25     0.278
293.5     0.278
293.75     0.278
294.0     0.276
294.25     0.276
294.5     0.276
294.75     0.276
295.0     0.272
295.25     0.272
295.5     0.272
295.75     0.27
296.0     0.27
296.25     0.268
296.5     0.268
296.75     0.266
297.0     0.266
297.25     0.266
297.5     0.266
297.75     0.264
298.0     0.264
298.25     0.262
298.5     0.258
298.75     0.256
299.0     0.252
299.25     0.252
299.5     0.252
299.75     0.252
300.0     0.252
300.25     0.252
300.5     0.252
300.75     0.252
301.0     0.252
301.25     0.252
301.5     0.25
301.75     0.25
302.0     0.248
302.25     0.248
302.5     0.248
302.75     0.248
303.0     0.248
303.25     0.248
303.5     0.244
303.75     0.244
304.0     0.242
304.25     0.24
304.5     0.234
304.75     0.232
305.0     0.232
305.25     0.23
305.5     0.23
305.75     0.23
306.0     0.23
306.25     0.23
306.5     0.228
306.75     0.228
307.0     0.228
307.25     0.226
307.5     0.226
307.75     0.226
308.0     0.224
308.25     0.224
308.5     0.22
308.75     0.222
309.0     0.222
309.25     0.22
309.5     0.218
309.75     0.218
310.0     0.218
310.25     0.218
310.5     0.218
310.75     0.22
311.0     0.216
311.25     0.214
311.5     0.21
311.75     0.21
312.0     0.21
312.25     0.21
312.5     0.21
312.75     0.21
313.0     0.21
313.25     0.21
313.5     0.206
313.75     0.208
314.0     0.208
314.25     0.208
314.5     0.208
314.75     0.208
315.0     0.204
315.25     0.204
315.5     0.204
315.75     0.204
316.0     0.204
316.25     0.204
316.5     0.204
316.75     0.2
317.0     0.2
317.25     0.2
317.5     0.2
317.75     0.2
318.0     0.2
318.25     0.2
318.5     0.2
318.75     0.198
319.0     0.196
319.25     0.196
319.5     0.196
319.75     0.194
320.0     0.194
320.25     0.194
320.5     0.194
320.75     0.192
321.0     0.192
321.25     0.192
321.5     0.19
321.75     0.19
322.0     0.19
322.25     0.188
322.5     0.188
322.75     0.188
323.0     0.188
323.25     0.188
323.5     0.186
323.75     0.184
324.0     0.182
324.25     0.182
324.5     0.182
324.75     0.182
325.0     0.182
325.25     0.182
325.5     0.18
325.75     0.18
326.0     0.178
326.25     0.176
326.5     0.176
326.75     0.176
327.0     0.176
327.25     0.178
327.5     0.178
327.75     0.178
328.0     0.178
328.25     0.178
328.5     0.176
328.75     0.176
329.0     0.176
329.25     0.176
329.5     0.176
329.75     0.174
330.0     0.174
330.25     0.172
330.5     0.172
330.75     0.172
331.0     0.172
331.25     0.172
331.5     0.17
331.75     0.17
332.0     0.17
332.25     0.17
332.5     0.168
332.75     0.168
333.0     0.166
333.25     0.166
333.5     0.166
333.75     0.166
334.0     0.166
334.25     0.164
334.5     0.164
334.75     0.164
335.0     0.162
335.25     0.162
335.5     0.162
335.75     0.162
336.0     0.16
336.25     0.16
336.5     0.16
336.75     0.16
337.0     0.16
337.25     0.16
337.5     0.16
337.75     0.16
338.0     0.16
338.25     0.158
338.5     0.158
338.75     0.158
339.0     0.158
339.25     0.158
339.5     0.158
339.75     0.158
340.0     0.158
340.25     0.158
340.5     0.158
340.75     0.158
341.0     0.156
341.25     0.154
341.5     0.154
341.75     0.156
342.0     0.156
342.25     0.156
342.5     0.156
342.75     0.154
343.0     0.152
343.25     0.152
343.5     0.15
343.75     0.15
344.0     0.15
344.25     0.15
344.5     0.15
344.75     0.15
345.0     0.148
345.25     0.148
345.5     0.148
345.75     0.148
346.0     0.148
346.25     0.148
346.5     0.148
346.75     0.148
347.0     0.148
347.25     0.148
347.5     0.148
347.75     0.148
348.0     0.148
348.25     0.148
348.5     0.148
348.75     0.148
349.0     0.144
349.25     0.144
349.5     0.144
349.75     0.142
350.0     0.142
350.25     0.142
350.5     0.142
350.75     0.142
351.0     0.142
351.25     0.138
351.5     0.14
351.75     0.14
352.0     0.14
352.25     0.14
352.5     0.14
352.75     0.138
353.0     0.138
353.25     0.138
353.5     0.138
353.75     0.138
354.0     0.138
354.25     0.138
354.5     0.138
354.75     0.138
355.0     0.138
355.25     0.136
355.5     0.136
355.75     0.136
356.0     0.136
356.25     0.136
356.5     0.136
356.75     0.136
357.0     0.136
357.25     0.136
357.5     0.136
357.75     0.136
358.0     0.136
358.25     0.136
358.5     0.136
358.75     0.136
359.0     0.136
359.25     0.134
359.5     0.132
359.75     0.132
360.0     0.132
360.25     0.132
360.5     0.132
360.75     0.132
361.0     0.132
361.25     0.132
361.5     0.132
361.75     0.132
362.0     0.13
362.25     0.13
362.5     0.13
362.75     0.13
363.0     0.13
363.25     0.13
363.5     0.13
363.75     0.13
364.0     0.128
364.25     0.128
364.5     0.128
364.75     0.128
365.0     0.128
365.25     0.128
365.5     0.128
365.75     0.126
366.0     0.126
366.25     0.124
366.5     0.122
366.75     0.122
367.0     0.122
367.25     0.122
367.5     0.122
367.75     0.122
368.0     0.122
368.25     0.122
368.5     0.122
368.75     0.122
369.0     0.122
369.25     0.12
369.5     0.12
369.75     0.12
370.0     0.12
370.25     0.12
370.5     0.12
370.75     0.12
371.0     0.118
371.25     0.118
371.5     0.118
371.75     0.116
372.0     0.116
372.25     0.116
372.5     0.114
372.75     0.112
373.0     0.11
373.25     0.11
373.5     0.11
373.75     0.11
374.0     0.11
374.25     0.11
374.5     0.108
374.75     0.108
375.0     0.106
375.25     0.106
375.5     0.106
375.75     0.104
376.0     0.102
376.25     0.102
376.5     0.102
376.75     0.104
377.0     0.104
377.25     0.104
377.5     0.102
377.75     0.1
378.0     0.102
378.25     0.102
378.5     0.102
378.75     0.102
379.0     0.102
379.25     0.1
379.5     0.1
379.75     0.1
380.0     0.1
380.25     0.1
380.5     0.1
380.75     0.1
381.0     0.098
381.25     0.096
381.5     0.094
381.75     0.094
382.0     0.092
382.25     0.092
382.5     0.092
382.75     0.092
383.0     0.092
383.25     0.092
383.5     0.092
383.75     0.092
384.0     0.092
384.25     0.092
384.5     0.092
384.75     0.092
385.0     0.092
385.25     0.09
385.5     0.09
385.75     0.09
386.0     0.09
386.25     0.092
386.5     0.092
386.75     0.092
387.0     0.092
387.25     0.09
387.5     0.09
387.75     0.09
388.0     0.09
388.25     0.088
388.5     0.088
388.75     0.088
389.0     0.088
389.25     0.088
389.5     0.088
389.75     0.088
390.0     0.088
390.25     0.088
390.5     0.088
390.75     0.088
391.0     0.088
391.25     0.088
391.5     0.086
391.75     0.086
392.0     0.086
392.25     0.084
392.5     0.084
392.75     0.084
393.0     0.084
393.25     0.084
393.5     0.082
393.75     0.084
394.0     0.084
394.25     0.084
394.5     0.084
394.75     0.084
395.0     0.084
395.25     0.084
395.5     0.084
395.75     0.084
396.0     0.082
396.25     0.08
396.5     0.08
396.75     0.076
397.0     0.078
397.25     0.078
397.5     0.076
397.75     0.076
398.0     0.074
398.25     0.074
398.5     0.074
398.75     0.074
399.0     0.074
399.25     0.074
399.5     0.074
399.75     0.074
400.0     0.074
400.25     0.074
400.5     0.072
400.75     0.072
401.0     0.072
401.25     0.072
401.5     0.072
401.75     0.07
402.0     0.07
402.25     0.07
402.5     0.07
402.75     0.07
403.0     0.07
403.25     0.07
403.5     0.068
403.75     0.066
404.0     0.066
404.25     0.066
404.5     0.066
404.75     0.066
405.0     0.066
405.25     0.066
405.5     0.066
405.75     0.066
406.0     0.066
406.25     0.066
406.5     0.064
406.75     0.064
407.0     0.064
407.25     0.064
407.5     0.064
407.75     0.066
408.0     0.066
408.25     0.066
408.5     0.066
408.75     0.066
409.0     0.066
409.25     0.066
409.5     0.066
409.75     0.066
410.0     0.066
410.25     0.066
410.5     0.066
410.75     0.066
411.0     0.064
411.25     0.064
411.5     0.064
411.75     0.064
412.0     0.064
412.25     0.064
412.5     0.064
412.75     0.064
413.0     0.064
413.25     0.064
413.5     0.064
413.75     0.062
414.0     0.062
414.25     0.062
414.5     0.062
414.75     0.062
415.0     0.062
415.25     0.062
415.5     0.06
415.75     0.06
416.0     0.06
416.25     0.06
416.5     0.06
416.75     0.06
417.0     0.058
417.25     0.058
417.5     0.058
417.75     0.058
418.0     0.058
418.25     0.056
418.5     0.056
418.75     0.054
419.0     0.054
419.25     0.054
419.5     0.054
419.75     0.054
420.0     0.054
420.25     0.054
420.5     0.054
420.75     0.054
421.0     0.054
421.25     0.054
421.5     0.054
421.75     0.054
422.0     0.054
422.25     0.054
422.5     0.054
422.75     0.054
423.0     0.052
423.25     0.052
423.5     0.052
423.75     0.052
424.0     0.052
424.25     0.052
424.5     0.052
424.75     0.052
425.0     0.052
425.25     0.052
425.5     0.052
425.75     0.052
426.0     0.052
426.25     0.052
426.5     0.052
426.75     0.052
427.0     0.052
427.25     0.052
427.5     0.052
427.75     0.052
428.0     0.052
428.25     0.052
428.5     0.052
428.75     0.052
429.0     0.052
429.25     0.052
429.5     0.052
429.75     0.052
430.0     0.052
430.25     0.052
430.5     0.052
430.75     0.052
431.0     0.05
431.25     0.05
431.5     0.05
431.75     0.05
432.0     0.05
432.25     0.05
432.5     0.05
432.75     0.05
433.0     0.05
433.25     0.05
433.5     0.05
433.75     0.05
434.0     0.05
434.25     0.05
434.5     0.05
434.75     0.05
435.0     0.05
435.25     0.05
435.5     0.05
435.75     0.05
436.0     0.05
436.25     0.05
436.5     0.05
436.75     0.05
437.0     0.05
437.25     0.05
437.5     0.05
437.75     0.05
438.0     0.048
438.25     0.048
438.5     0.048
438.75     0.048
439.0     0.048
439.25     0.048
439.5     0.048
439.75     0.048
440.0     0.048
440.25     0.046
440.5     0.046
440.75     0.046
441.0     0.046
441.25     0.046
441.5     0.046
441.75     0.046
442.0     0.046
442.25     0.046
442.5     0.046
442.75     0.046
443.0     0.046
443.25     0.046
443.5     0.046
443.75     0.046
444.0     0.046
444.25     0.046
444.5     0.046
444.75     0.046
445.0     0.046
445.25     0.046
445.5     0.046
445.75     0.046
446.0     0.046
446.25     0.046
446.5     0.046
446.75     0.046
447.0     0.046
447.25     0.046
447.5     0.046
447.75     0.046
448.0     0.046
448.25     0.046
448.5     0.046
448.75     0.046
449.0     0.046
449.25     0.046
449.5     0.046
449.75     0.046
450.0     0.046
450.25     0.046
450.5     0.046
450.75     0.046
451.0     0.046
451.25     0.046
451.5     0.046
451.75     0.046
452.0     0.046
452.25     0.046
452.5     0.046
452.75     0.046
453.0     0.044
453.25     0.044
453.5     0.044
453.75     0.044
454.0     0.044
454.25     0.044
454.5     0.044
454.75     0.044
455.0     0.044
455.25     0.044
455.5     0.044
455.75     0.044
456.0     0.044
456.25     0.044
456.5     0.044
456.75     0.044
457.0     0.044
457.25     0.044
457.5     0.044
457.75     0.044
458.0     0.044
458.25     0.044
458.5     0.044
458.75     0.044
459.0     0.042
459.25     0.042
459.5     0.04
459.75     0.04
460.0     0.04
460.25     0.04
460.5     0.04
460.75     0.04
461.0     0.04
461.25     0.04
461.5     0.04
461.75     0.04
462.0     0.04
462.25     0.04
462.5     0.04
462.75     0.04
463.0     0.04
463.25     0.04
463.5     0.04
463.75     0.04
464.0     0.04
464.25     0.04
464.5     0.04
464.75     0.04
465.0     0.04
465.25     0.038
465.5     0.038
465.75     0.038
466.0     0.038
466.25     0.038
466.5     0.038
466.75     0.038
467.0     0.038
467.25     0.038
467.5     0.038
467.75     0.038
468.0     0.038
468.25     0.038
468.5     0.038
468.75     0.038
469.0     0.038
469.25     0.038
469.5     0.038
469.75     0.036
470.0     0.036
470.25     0.036
470.5     0.036
470.75     0.036
471.0     0.036
471.25     0.036
471.5     0.036
471.75     0.036
472.0     0.036
472.25     0.036
472.5     0.036
472.75     0.036
473.0     0.036
473.25     0.036
473.5     0.036
473.75     0.036
474.0     0.036
474.25     0.036
474.5     0.036
474.75     0.036
475.0     0.036
475.25     0.036
475.5     0.036
475.75     0.036
476.0     0.036
476.25     0.036
476.5     0.036
476.75     0.036
477.0     0.036
477.25     0.034
477.5     0.032
477.75     0.032
478.0     0.032
478.25     0.032
478.5     0.032
478.75     0.032
479.0     0.032
479.25     0.032
479.5     0.03
479.75     0.03
480.0     0.03
480.25     0.03
480.5     0.03
480.75     0.03
481.0     0.03
481.25     0.03
481.5     0.03
481.75     0.03
482.0     0.03
482.25     0.028
482.5     0.028
482.75     0.028
483.0     0.028
483.25     0.028
483.5     0.028
483.75     0.028
484.0     0.028
484.25     0.028
484.5     0.028
484.75     0.028
485.0     0.028
485.25     0.028
485.5     0.028
485.75     0.028
486.0     0.026
486.25     0.026
486.5     0.026
486.75     0.026
487.0     0.026
487.25     0.026
487.5     0.028
487.75     0.028
488.0     0.028
488.25     0.028
488.5     0.028
488.75     0.028
489.0     0.028
489.25     0.028
489.5     0.026
489.75     0.026
490.0     0.026
490.25     0.026
490.5     0.026
490.75     0.026
491.0     0.026
491.25     0.026
491.5     0.026
491.75     0.026
492.0     0.026
492.25     0.026
492.5     0.026
492.75     0.024
493.0     0.024
493.25     0.024
493.5     0.024
493.75     0.024
494.0     0.024
494.25     0.022
494.5     0.022
494.75     0.022
495.0     0.022
495.25     0.022
495.5     0.022
495.75     0.022
496.0     0.022
496.25     0.022
496.5     0.022
496.75     0.022
497.0     0.022
497.25     0.022
497.5     0.02
497.75     0.02
498.0     0.02
498.25     0.02
498.5     0.02
498.75     0.02
499.0     0.02
499.25     0.02
499.5     0.02
499.75     0.02
500.0     0.02
500.25     0.02
500.5     0.02
500.75     0.02
501.0     0.02
501.25     0.02
501.5     0.02
501.75     0.02
502.0     0.02
502.25     0.018
502.5     0.018
502.75     0.018
503.0     0.018
503.25     0.018
503.5     0.018
503.75     0.018
504.0     0.018
504.25     0.016
504.5     0.016
504.75     0.016
505.0     0.016
505.25     0.016
505.5     0.016
505.75     0.016
506.0     0.016
506.25     0.016
506.5     0.016
506.75     0.016
507.0     0.016
507.25     0.016
507.5     0.016
507.75     0.016
508.0     0.016
508.25     0.016
508.5     0.016
508.75     0.016
509.0     0.016
509.25     0.016
509.5     0.016
509.75     0.016
510.0     0.014
510.25     0.012
510.5     0.012
510.75     0.012
511.0     0.012
511.25     0.012
511.5     0.012
511.75     0.012
512.0     0.012
512.25     0.012
512.5     0.012
512.75     0.012
513.0     0.012
513.25     0.012
513.5     0.012
513.75     0.012
514.0     0.012
514.25     0.012
514.5     0.012
514.75     0.012
515.0     0.012
515.25     0.012
515.5     0.012
515.75     0.012
516.0     0.012
516.25     0.012
516.5     0.012
516.75     0.012
517.0     0.012
517.25     0.012
517.5     0.012
517.75     0.012
518.0     0.012
518.25     0.012
518.5     0.012
518.75     0.012
519.0     0.012
519.25     0.012
519.5     0.012
519.75     0.012
520.0     0.01
520.25     0.01
520.5     0.01
520.75     0.01
521.0     0.01
521.25     0.01
521.5     0.01
521.75     0.01
522.0     0.01
522.25     0.01
522.5     0.01
522.75     0.01
523.0     0.01
523.25     0.01
523.5     0.01
523.75     0.01
524.0     0.01
524.25     0.01
524.5     0.01
524.75     0.01
525.0     0.01
525.25     0.01
525.5     0.01
525.75     0.01
526.0     0.01
526.25     0.01
526.5     0.01
526.75     0.01
527.0     0.01
527.25     0.01
527.5     0.01
527.75     0.01
528.0     0.01
528.25     0.01
528.5     0.01
528.75     0.01
529.0     0.01
529.25     0.01
529.5     0.01
529.75     0.01
530.0     0.01
530.25     0.01
530.5     0.01
530.75     0.01
531.0     0.01
531.25     0.01
531.5     0.01
531.75     0.01
532.0     0.01
532.25     0.01
532.5     0.01
532.75     0.01
533.0     0.01
533.25     0.01
533.5     0.01
533.75     0.01
534.0     0.01
534.25     0.01
534.5     0.01
534.75     0.01
535.0     0.01
535.25     0.01
535.5     0.01
535.75     0.01
536.0     0.01
536.25     0.01
536.5     0.01
536.75     0.01
537.0     0.01
537.25     0.01
537.5     0.01
537.75     0.01
538.0     0.01
538.25     0.01
538.5     0.01
538.75     0.01
539.0     0.01
539.25     0.01
539.5     0.01
539.75     0.01
540.0     0.01
540.25     0.01
540.5     0.01
540.75     0.01
541.0     0.01
541.25     0.01
541.5     0.01
541.75     0.01
542.0     0.01
542.25     0.01
542.5     0.01
542.75     0.01
543.0     0.01
543.25     0.01
543.5     0.01
543.75     0.01
544.0     0.01
544.25     0.01
544.5     0.01
544.75     0.01
545.0     0.01
545.25     0.01
545.5     0.01
545.75     0.01
546.0     0.01
546.25     0.01
546.5     0.01
546.75     0.01
547.0     0.01
547.25     0.01
547.5     0.01
547.75     0.012
548.0     0.01
548.25     0.01
548.5     0.01
548.75     0.01
549.0     0.01
549.25     0.01
549.5     0.008
549.75     0.008
550.0     0.008
550.25     0.008
550.5     0.008
550.75     0.008
551.0     0.008
551.25     0.008
551.5     0.008
551.75     0.008
552.0     0.008
552.25     0.008
552.5     0.008
552.75     0.008
553.0     0.008
553.25     0.008
553.5     0.008
553.75     0.008
554.0     0.008
554.25     0.008
554.5     0.008
554.75     0.008
555.0     0.008
555.25     0.008
555.5     0.01
555.75     0.01
556.0     0.01
556.25     0.01
556.5     0.01
556.75     0.01
557.0     0.01
557.25     0.01
557.5     0.01
557.75     0.01
558.0     0.01
558.25     0.01
558.5     0.01
558.75     0.01
559.0     0.01
559.25     0.01
559.5     0.01
559.75     0.01
560.0     0.01
560.25     0.01
560.5     0.01
560.75     0.01
561.0     0.01
561.25     0.01
561.5     0.01
561.75     0.01
562.0     0.01
562.25     0.01
562.5     0.01
562.75     0.01
563.0     0.01
563.25     0.01
563.5     0.01
563.75     0.01
564.0     0.01
564.25     0.01
564.5     0.01
564.75     0.01
565.0     0.01
565.25     0.01
565.5     0.01
565.75     0.01
566.0     0.01
566.25     0.01
566.5     0.01
566.75     0.01
567.0     0.01
567.25     0.01
567.5     0.01
567.75     0.01
568.0     0.01
568.25     0.01
568.5     0.01
568.75     0.01
569.0     0.01
569.25     0.01
569.5     0.01
569.75     0.01
570.0     0.01
570.25     0.01
570.5     0.01
570.75     0.01
571.0     0.01
571.25     0.01
571.5     0.01
571.75     0.01
572.0     0.01
572.25     0.008
572.5     0.008
572.75     0.008
573.0     0.008
573.25     0.008
573.5     0.008
573.75     0.008
574.0     0.008
574.25     0.008
574.5     0.008
574.75     0.008
575.0     0.008
575.25     0.008
575.5     0.008
575.75     0.008
576.0     0.008
576.25     0.008
576.5     0.008
576.75     0.008
577.0     0.008
577.25     0.008
577.5     0.008
577.75     0.008
578.0     0.008
578.25     0.008
578.5     0.008
578.75     0.008
579.0     0.008
579.25     0.008
579.5     0.008
579.75     0.008
580.0     0.008
580.25     0.008
580.5     0.008
580.75     0.008
581.0     0.008
581.25     0.008
581.5     0.008
581.75     0.008
582.0     0.008
582.25     0.008
582.5     0.008
582.75     0.008
583.0     0.008
583.25     0.008
583.5     0.008
583.75     0.008
584.0     0.008
584.25     0.008
584.5     0.008
584.75     0.008
585.0     0.008
585.25     0.006
585.5     0.006
585.75     0.006
586.0     0.006
586.25     0.006
586.5     0.006
586.75     0.006
587.0     0.006
587.25     0.006
587.5     0.006
587.75     0.006
588.0     0.006
588.25     0.006
588.5     0.006
588.75     0.006
589.0     0.006
589.25     0.006
589.5     0.006
589.75     0.006
590.0     0.006
590.25     0.006
590.5     0.006
590.75     0.006
591.0     0.006
591.25     0.006
591.5     0.006
591.75     0.006
592.0     0.006
592.25     0.006
592.5     0.006
592.75     0.006
593.0     0.006
593.25     0.006
593.5     0.006
593.75     0.006
594.0     0.006
594.25     0.006
594.5     0.006
594.75     0.006
595.0     0.006
595.25     0.006
595.5     0.006
595.75     0.006
596.0     0.006
596.25     0.006
596.5     0.006
596.75     0.006
597.0     0.006
597.25     0.006
597.5     0.006
597.75     0.006
598.0     0.006
598.25     0.006
598.5     0.006
598.75     0.006
599.0     0.006
599.25     0.006
599.5     0.006
599.75     0.006
600.0     0.006
600.25     0.006
600.5     0.006
600.75     0.006
601.0     0.006
601.25     0.006
601.5     0.006
601.75     0.006
602.0     0.006
602.25     0.006
602.5     0.006
602.75     0.006
603.0     0.006
603.25     0.006
603.5     0.006
603.75     0.006
604.0     0.006
604.25     0.006
604.5     0.006
604.75     0.006
605.0     0.006
605.25     0.006
605.5     0.006
605.75     0.006
606.0     0.006
606.25     0.006
606.5     0.006
606.75     0.006
607.0     0.006
607.25     0.006
607.5     0.006
607.75     0.008
608.0     0.008
608.25     0.008
608.5     0.008
608.75     0.008
609.0     0.008
609.25     0.008
609.5     0.008
609.75     0.008
610.0     0.008
610.25     0.008
610.5     0.008
610.75     0.008
611.0     0.008
611.25     0.008
611.5     0.008
611.75     0.008
612.0     0.008
612.25     0.008
612.5     0.008
612.75     0.008
613.0     0.008
613.25     0.006
613.5     0.006
613.75     0.008
614.0     0.008
614.25     0.008
614.5     0.008
614.75     0.008
615.0     0.008
615.25     0.008
615.5     0.008
615.75     0.008
616.0     0.008
616.25     0.008
616.5     0.008
616.75     0.008
617.0     0.008
617.25     0.008
617.5     0.008
617.75     0.008
618.0     0.008
618.25     0.008
618.5     0.008
618.75     0.008
619.0     0.008
619.25     0.008
619.5     0.008
619.75     0.008
620.0     0.008
620.25     0.008
620.5     0.008
620.75     0.008
621.0     0.008
621.25     0.008
621.5     0.008
621.75     0.008
622.0     0.008
622.25     0.008
622.5     0.008
622.75     0.008
623.0     0.008
623.25     0.008
623.5     0.008
623.75     0.008
624.0     0.008
624.25     0.008
624.5     0.008
624.75     0.008
625.0     0.008
625.25     0.008
625.5     0.008
625.75     0.008
626.0     0.008
626.25     0.008
626.5     0.008
626.75     0.008
627.0     0.008
627.25     0.008
627.5     0.008
627.75     0.008
628.0     0.008
628.25     0.008
628.5     0.008
628.75     0.008
629.0     0.008
629.25     0.008
629.5     0.008
629.75     0.008
630.0     0.008
630.25     0.006
630.5     0.006
630.75     0.006
631.0     0.006
631.25     0.006
631.5     0.006
631.75     0.006
632.0     0.006
632.25     0.006
632.5     0.006
632.75     0.006
633.0     0.006
633.25     0.006
633.5     0.006
633.75     0.006
634.0     0.006
634.25     0.006
634.5     0.006
634.75     0.006
635.0     0.006
635.25     0.006
635.5     0.006
635.75     0.006
636.0     0.006
636.25     0.006
636.5     0.006
636.75     0.006
637.0     0.006
637.25     0.006
637.5     0.004
637.75     0.004
638.0     0.004
638.25     0.004
638.5     0.004
638.75     0.004
639.0     0.004
639.25     0.004
639.5     0.004
639.75     0.004
640.0     0.004
640.25     0.004
640.5     0.004
640.75     0.004
641.0     0.004
641.25     0.004
641.5     0.004
641.75     0.004
642.0     0.004
642.25     0.004
642.5     0.004
642.75     0.004
643.0     0.004
643.25     0.004
643.5     0.004
643.75     0.004
644.0     0.004
644.25     0.004
644.5     0.004
644.75     0.004
645.0     0.004
645.25     0.004
645.5     0.004
645.75     0.004
646.0     0.004
646.25     0.004
646.5     0.004
646.75     0.004
647.0     0.004
647.25     0.004
647.5     0.004
647.75     0.004
648.0     0.004
648.25     0.004
648.5     0.004
648.75     0.004
649.0     0.004
649.25     0.004
649.5     0.004
649.75     0.004
650.0     0.004
650.25     0.004
650.5     0.004
650.75     0.004
651.0     0.004
651.25     0.004
651.5     0.004
651.75     0.004
652.0     0.004
652.25     0.004
652.5     0.004
652.75     0.004
653.0     0.004
653.25     0.004
653.5     0.004
653.75     0.004
654.0     0.004
654.25     0.004
654.5     0.004
654.75     0.004
655.0     0.004
655.25     0.004
655.5     0.004
655.75     0.004
656.0     0.004
656.25     0.004
656.5     0.004
656.75     0.004
657.0     0.004
657.25     0.004
657.5     0.004
657.75     0.004
658.0     0.004
658.25     0.004
658.5     0.004
658.75     0.004
659.0     0.004
659.25     0.004
659.5     0.004
659.75     0.004
660.0     0.004
660.25     0.004
660.5     0.004
660.75     0.004
661.0     0.004
661.25     0.004
661.5     0.004
661.75     0.004
662.0     0.004
662.25     0.004
662.5     0.004
662.75     0.004
663.0     0.004
663.25     0.004
663.5     0.004
663.75     0.004
664.0     0.004
664.25     0.004
664.5     0.004
664.75     0.004
665.0     0.004
665.25     0.004
665.5     0.004
665.75     0.004
666.0     0.004
666.25     0.004
666.5     0.004
666.75     0.004
667.0     0.004
667.25     0.004
667.5     0.004
667.75     0.004
668.0     0.004
668.25     0.004
668.5     0.004
668.75     0.004
669.0     0.004
669.25     0.004
669.5     0.004
669.75     0.004
670.0     0.004
670.25     0.004
670.5     0.004
670.75     0.004
671.0     0.004
671.25     0.004
671.5     0.004
671.75     0.004
672.0     0.004
672.25     0.004
672.5     0.004
672.75     0.004
673.0     0.004
673.25     0.004
673.5     0.004
673.75     0.004
674.0     0.004
674.25     0.004
674.5     0.004
674.75     0.004
675.0     0.004
675.25     0.004
675.5     0.004
675.75     0.004
676.0     0.004
676.25     0.004
676.5     0.004
676.75     0.004
677.0     0.004
677.25     0.004
677.5     0.004
677.75     0.004
678.0     0.004
678.25     0.004
678.5     0.004
678.75     0.004
679.0     0.004
679.25     0.004
679.5     0.004
679.75     0.004
680.0     0.004
680.25     0.004
680.5     0.004
680.75     0.004
681.0     0.004
681.25     0.004
681.5     0.004
681.75     0.004
682.0     0.004
682.25     0.004
682.5     0.004
682.75     0.004
683.0     0.004
683.25     0.004
683.5     0.004
683.75     0.004
684.0     0.004
684.25     0.004
684.5     0.004
684.75     0.004
685.0     0.004
685.25     0.004
685.5     0.004
685.75     0.004
686.0     0.004
686.25     0.004
686.5     0.004
686.75     0.004
687.0     0.004
687.25     0.004
687.5     0.004
687.75     0.004
688.0     0.004
688.25     0.004
688.5     0.004
688.75     0.004
689.0     0.004
689.25     0.004
689.5     0.004
689.75     0.004
690.0     0.004
690.25     0.004
690.5     0.004
690.75     0.004
691.0     0.004
691.25     0.004
691.5     0.004
691.75     0.004
692.0     0.004
692.25     0.004
692.5     0.004
692.75     0.004
693.0     0.004
693.25     0.004
693.5     0.004
693.75     0.004
694.0     0.002
694.25     0.002
694.5     0.002
694.75     0.002
695.0     0.002
695.25     0.002
695.5     0.002
695.75     0.002
696.0     0.004
696.25     0.004
696.5     0.004
696.75     0.002
697.0     0.002
697.25     0.002
697.5     0.002
697.75     0.002
698.0     0.002
698.25     0.002
698.5     0.002
698.75     0.002
699.0     0.002
699.25     0.002
699.5     0.002
699.75     0.002
700.0     0.002
700.25     0.002
700.5     0.002
700.75     0.002
701.0     0.002
701.25     0.002
701.5     0.002
701.75     0.002
702.0     0.002
702.25     0.002
702.5     0.002
702.75     0.002
703.0     0.002
703.25     0.002
703.5     0.002
703.75     0.0
704.0     0.0
704.25     0.0
704.5     0.0
704.75     0.0
705.0     0.0
705.25     0.0
705.5     0.0
705.75     0.0
706.0     0.0
706.25     0.0
706.5     0.0
706.75     0.0
707.0     0.0
707.25     0.0
707.5     0.0
707.75     0.0
708.0     0.0
708.25     0.0
708.5     0.0
708.75     0.0
709.0     0.0
709.25     0.0
709.5     0.0
709.75     0.0
710.0     0.0
710.25     0.0
710.5     0.0
710.75     0.0
711.0     0.0
711.25     0.0
711.5     0.0
711.75     0.0
712.0     0.0
712.25     0.0
712.5     0.0
712.75     0.0
713.0     0.0
713.25     0.0
713.5     0.0
713.75     0.0
714.0     0.0
714.25     0.0
714.5     0.0
714.75     0.0
715.0     0.0
715.25     0.0
715.5     0.0
715.75     0.0
716.0     0.0
716.25     0.0
716.5     0.0
716.75     0.0
717.0     0.0
717.25     0.0
717.5     0.0
717.75     0.0
718.0     0.0
718.25     0.0
718.5     0.0
718.75     0.0
719.0     0.0
719.25     0.0
719.5     0.0
719.75     0.0
720.0     0.0
720.25     0.0
720.5     0.0
720.75     0.0
721.0     0.0
721.25     0.0
721.5     0.0
721.75     0.0
722.0     0.0
722.25     0.0
722.5     0.0
722.75     0.0
723.0     0.0
723.25     0.0
723.5     0.0
723.75     0.0
724.0     0.0
724.25     0.0
724.5     0.0
724.75     0.0
725.0     0.0
725.25     0.0
725.5     0.0
725.75     0.0
726.0     0.0
726.25     0.0
726.5     0.0
726.75     0.0
727.0     0.0
727.25     0.0
727.5     0.0
727.75     0.0
728.0     0.0
728.25     0.0
728.5     0.0
728.75     0.0
729.0     0.0
729.25     0.0
729.5     0.0
729.75     0.0
730.0     0.0
730.25     0.0
730.5     0.0
730.75     0.0
731.0     0.0
731.25     0.0
731.5     0.0
731.75     0.0
732.0     0.0
732.25     0.0
732.5     0.0
732.75     0.0
733.0     0.0
733.25     0.0
733.5     0.0
733.75     0.0
734.0     0.0
734.25     0.0
734.5     0.0
734.75     0.0
735.0     0.0
735.25     0.0
735.5     0.0
735.75     0.0
736.0     0.0
736.25     0.0
736.5     0.0
736.75     0.0
737.0     0.0
737.25     0.0
737.5     0.0
737.75     0.0
738.0     0.0
738.25     0.0
738.5     0.0
738.75     0.0
739.0     0.0
739.25     0.0
739.5     0.0
739.75     0.0
740.0     0.0
740.25     0.0
740.5     0.0
740.75     0.0
741.0     0.0
741.25     0.0
741.5     0.0
741.75     0.0
742.0     0.0
742.25     0.0
742.5     0.0
742.75     0.0
743.0     0.0
743.25     0.0
743.5     0.0
743.75     0.0
744.0     0.0
744.25     0.0
744.5     0.0
744.75     0.0
745.0     0.0
745.25     0.0
745.5     0.0
745.75     0.0
746.0     0.0
746.25     0.0
746.5     0.0
746.75     0.0
747.0     0.0
747.25     0.0
747.5     0.0
747.75     0.0
748.0     0.0
748.25     0.0
748.5     0.0
748.75     0.0
749.0     0.0
749.25     0.0
749.5     0.0
749.75     0.0
750.0     0.0
750.25     0.0
750.5     0.0
750.75     0.0
751.0     0.0
751.25     0.0
751.5     0.0
751.75     0.0
752.0     0.0
752.25     0.0
752.5     0.0
752.75     0.0
753.0     0.0
753.25     0.0
753.5     0.0
753.75     0.0
754.0     0.0
754.25     0.0
754.5     0.0
754.75     0.0
755.0     0.0
755.25     0.0
755.5     0.0
755.75     0.0
756.0     0.0
756.25     0.0
756.5     0.0
756.75     0.0
757.0     0.0
757.25     0.0
757.5     0.0
757.75     0.0
758.0     0.0
758.25     0.0
758.5     0.0
758.75     0.0
759.0     0.0
759.25     0.0
759.5     0.0
759.75     0.0
760.0     0.0
760.25     0.0
760.5     0.0
760.75     0.0
761.0     0.0
761.25     0.0
761.5     0.0
761.75     0.0
762.0     0.0
762.25     0.0
762.5     0.0
762.75     0.0
763.0     0.0
763.25     0.0
763.5     0.0
763.75     0.0
764.0     0.0
764.25     0.0
764.5     0.0
764.75     0.0
765.0     0.0
765.25     0.0
765.5     0.0
765.75     0.0
766.0     0.0
766.25     0.0
766.5     0.0
766.75     0.0
767.0     0.0
767.25     0.0
767.5     0.0
767.75     0.0
768.0     0.0
768.25     0.0
768.5     0.0
768.75     0.0
769.0     0.0
769.25     0.0
769.5     0.0
769.75     0.0
770.0     0.0
770.25     0.0
770.5     0.0
770.75     0.0
771.0     0.0
771.25     0.0
771.5     0.0
771.75     0.0
772.0     0.0
772.25     0.0
772.5     0.0
772.75     0.0
773.0     0.0
773.25     0.0
773.5     0.0
773.75     0.0
774.0     0.0
774.25     0.0
774.5     0.0
774.75     0.0
775.0     0.0
775.25     0.0
775.5     0.0
775.75     0.0
776.0     0.0
776.25     0.0
776.5     0.0
776.75     0.0
777.0     0.0
777.25     0.0
777.5     0.0
777.75     0.0
778.0     0.0
778.25     0.0
778.5     0.0
778.75     0.0
779.0     0.0
779.25     0.0
779.5     0.0
779.75     0.0
780.0     0.0
780.25     0.0
780.5     0.0
780.75     0.0
781.0     0.0
781.25     0.0
781.5     0.0
781.75     0.0
782.0     0.0
782.25     0.0
782.5     0.0
782.75     0.0
783.0     0.0
783.25     0.0
783.5     0.0
783.75     0.0
784.0     0.0
784.25     0.0
784.5     0.0
784.75     0.0
785.0     0.0
785.25     0.0
785.5     0.0
785.75     0.0
786.0     0.0
786.25     0.0
786.5     0.0
786.75     0.0
787.0     0.0
787.25     0.0
787.5     0.0
787.75     0.0
788.0     0.0
788.25     0.0
788.5     0.0
788.75     0.0
789.0     0.0
789.25     0.0
789.5     0.0
789.75     0.0
790.0     0.0
790.25     0.0
790.5     0.0
790.75     0.0
791.0     0.0
791.25     0.0
791.5     0.0
791.75     0.0
792.0     0.0
792.25     0.0
792.5     0.0
792.75     0.0
793.0     0.0
793.25     0.0
793.5     0.0
793.75     0.0
794.0     0.0
794.25     0.0
794.5     0.0
794.75     0.0
795.0     0.0
795.25     0.0
795.5     0.0
795.75     0.0
796.0     0.0
796.25     0.0
796.5     0.0
796.75     0.0
797.0     0.0
797.25     0.0
797.5     0.0
797.75     0.0
798.0     0.0
798.25     0.0
798.5     0.0
798.75     0.0
799.0     0.0
799.25     0.0
799.5     0.0
799.75     0.0
800.0     0.0
800.25     0.0
800.5     0.0
800.75     0.0
801.0     0.0
801.25     0.0
801.5     0.0
801.75     0.0
802.0     0.0
802.25     0.0
802.5     0.0
802.75     0.0
803.0     0.0
803.25     0.0
803.5     0.0
803.75     0.0
804.0     0.0
804.25     0.0
804.5     0.0
804.75     0.0
805.0     0.0
805.25     0.0
805.5     0.0
805.75     0.0
806.0     0.0
806.25     0.0
806.5     0.0
806.75     0.0
807.0     0.0
807.25     0.0
807.5     0.0
807.75     0.0
808.0     0.0
808.25     0.0
808.5     0.0
808.75     0.0
809.0     0.0
809.25     0.0
809.5     0.0
809.75     0.0
810.0     0.0
810.25     0.0
810.5     0.0
810.75     0.0
811.0     0.0
811.25     0.0
811.5     0.0
811.75     0.0
812.0     0.0
812.25     0.0
812.5     0.0
812.75     0.0
813.0     0.0
813.25     0.0
813.5     0.0
813.75     0.0
814.0     0.0
814.25     0.0
814.5     0.0
814.75     0.0
815.0     0.0
815.25     0.0
815.5     0.0
815.75     0.0
816.0     0.0
816.25     0.0
816.5     0.0
816.75     0.0
817.0     0.0
817.25     0.0
817.5     0.0
817.75     0.0
818.0     0.0
818.25     0.0
818.5     0.0
818.75     0.0
819.0     0.0
819.25     0.0
819.5     0.0
819.75     0.0
820.0     0.0
820.25     0.0
820.5     0.0
820.75     0.0
821.0     0.0
821.25     0.0
821.5     0.0
821.75     0.0
822.0     0.0
822.25     0.0
822.5     0.0
822.75     0.0
823.0     0.0
823.25     0.0
823.5     0.0
823.75     0.0
824.0     0.0
824.25     0.0
824.5     0.0
824.75     0.0
825.0     0.0
825.25     0.0
825.5     0.0
825.75     0.0
826.0     0.0
826.25     0.0
826.5     0.0
826.75     0.0
827.0     0.0
827.25     0.0
827.5     0.0
827.75     0.0
828.0     0.0
828.25     0.0
828.5     0.0
828.75     0.0
829.0     0.0
829.25     0.0
829.5     0.0
829.75     0.0
830.0     0.0
830.25     0.0
830.5     0.0
830.75     0.0
831.0     0.0
831.25     0.0
831.5     0.0
831.75     0.0
832.0     0.0
832.25     0.0
832.5     0.0
832.75     0.0
833.0     0.0
833.25     0.0
833.5     0.0
833.75     0.0
834.0     0.0
834.25     0.0
834.5     0.0
834.75     0.0
835.0     0.0
835.25     0.0
835.5     0.0
835.75     0.0
836.0     0.0
836.25     0.0
836.5     0.0
836.75     0.0
837.0     0.0
837.25     0.0
837.5     0.0
837.75     0.0
838.0     0.0
838.25     0.0
838.5     0.0
838.75     0.0
839.0     0.0
839.25     0.0
839.5     0.0
839.75     0.0
840.0     0.0
840.25     0.0
840.5     0.0
840.75     0.0
841.0     0.0
841.25     0.0
841.5     0.0
841.75     0.0
842.0     0.0
842.25     0.0
842.5     0.0
842.75     0.0
843.0     0.0
843.25     0.0
843.5     0.0
843.75     0.0
844.0     0.0
844.25     0.0
844.5     0.0
844.75     0.0
845.0     0.0
845.25     0.0
845.5     0.0
845.75     0.0
846.0     0.0
846.25     0.0
846.5     0.0
846.75     0.0
847.0     0.0
847.25     0.0
847.5     0.0
847.75     0.0
848.0     0.0
848.25     0.0
848.5     0.0
848.75     0.0
849.0     0.0
849.25     0.0
849.5     0.0
849.75     0.0
850.0     0.0
850.25     0.0
850.5     0.0
850.75     0.0
851.0     0.0
851.25     0.0
851.5     0.0
851.75     0.0
852.0     0.0
852.25     0.0
852.5     0.0
852.75     0.0
853.0     0.0
853.25     0.0
853.5     0.0
853.75     0.0
854.0     0.0
854.25     0.0
854.5     0.0
854.75     0.0
855.0     0.0
855.25     0.0
855.5     0.0
855.75     0.0
856.0     0.0
856.25     0.0
856.5     0.0
856.75     0.0
857.0     0.0
857.25     0.0
857.5     0.0
857.75     0.0
858.0     0.0
858.25     0.0
858.5     0.0
858.75     0.0
859.0     0.0
859.25     0.0
859.5     0.0
859.75     0.0
860.0     0.0
860.25     0.0
860.5     0.0
860.75     0.0
861.0     0.0
861.25     0.0
861.5     0.0
861.75     0.0
862.0     0.0
862.25     0.0
862.5     0.0
862.75     0.0
863.0     0.0
863.25     0.0
863.5     0.0
863.75     0.0
864.0     0.0
864.25     0.0
864.5     0.0
864.75     0.0
865.0     0.0
865.25     0.0
865.5     0.0
865.75     0.0
866.0     0.0
866.25     0.0
866.5     0.0
866.75     0.0
867.0     0.0
867.25     0.0
867.5     0.0
867.75     0.0
868.0     0.0
868.25     0.0
868.5     0.0
868.75     0.0
869.0     0.0
869.25     0.0
869.5     0.0
869.75     0.0
870.0     0.0
870.25     0.0
870.5     0.0
870.75     0.0
871.0     0.0
871.25     0.0
871.5     0.0
871.75     0.0
872.0     0.0
872.25     0.0
872.5     0.0
872.75     0.0
873.0     0.0
873.25     0.0
873.5     0.0
873.75     0.0
874.0     0.0
874.25     0.0
874.5     0.0
874.75     0.0
875.0     0.0
875.25     0.0
875.5     0.0
875.75     0.0
876.0     0.0
876.25     0.0
876.5     0.0
876.75     0.0
877.0     0.0
877.25     0.0
877.5     0.0
877.75     0.0
878.0     0.0
878.25     0.0
878.5     0.0
878.75     0.0
879.0     0.0
879.25     0.0
879.5     0.0
879.75     0.0
880.0     0.0
880.25     0.0
880.5     0.0
880.75     0.0
881.0     0.0
881.25     0.0
881.5     0.0
881.75     0.0
882.0     0.0
882.25     0.0
882.5     0.0
882.75     0.0
883.0     0.0
883.25     0.0
883.5     0.0
883.75     0.0
884.0     0.0
884.25     0.0
884.5     0.0
884.75     0.0
885.0     0.0
885.25     0.0
885.5     0.0
885.75     0.0
886.0     0.0
886.25     0.0
886.5     0.0
886.75     0.0
887.0     0.0
887.25     0.0
887.5     0.0
887.75     0.0
888.0     0.0
888.25     0.0
888.5     0.0
888.75     0.0
889.0     0.0
889.25     0.0
889.5     0.0
889.75     0.0
890.0     0.0
890.25     0.0
890.5     0.0
890.75     0.0
891.0     0.0
891.25     0.0
891.5     0.0
891.75     0.0
892.0     0.0
892.25     0.0
892.5     0.0
892.75     0.0
893.0     0.0
893.25     0.0
893.5     0.0
893.75     0.0
894.0     0.0
894.25     0.0
894.5     0.0
894.75     0.0
895.0     0.0
895.25     0.0
895.5     0.0
895.75     0.0
896.0     0.0
896.25     0.0
896.5     0.0
896.75     0.0
897.0     0.0
897.25     0.0
897.5     0.0
897.75     0.0
898.0     0.0
898.25     0.0
898.5     0.0
898.75     0.0
899.0     0.0
899.25     0.0
899.5     0.0
899.75     0.0
900.0     0.0
900.25     0.0
900.5     0.0
900.75     0.0
901.0     0.0
901.25     0.0
901.5     0.0
901.75     0.0
902.0     0.0
902.25     0.0
902.5     0.0
902.75     0.0
903.0     0.0
903.25     0.0
903.5     0.0
903.75     0.0
904.0     0.0
904.25     0.0
904.5     0.0
904.75     0.0
905.0     0.0
905.25     0.0
905.5     0.0
905.75     0.0
906.0     0.0
906.25     0.0
906.5     0.0
906.75     0.0
907.0     0.0
907.25     0.0
907.5     0.0
907.75     0.0
908.0     0.0
908.25     0.0
908.5     0.0
908.75     0.0
909.0     0.0
909.25     0.0
909.5     0.0
909.75     0.0
910.0     0.0
910.25     0.0
910.5     0.0
910.75     0.0
911.0     0.0
911.25     0.0
911.5     0.0
911.75     0.0
912.0     0.0
912.25     0.0
912.5     0.0
912.75     0.0
913.0     0.0
913.25     0.0
913.5     0.0
913.75     0.0
914.0     0.0
914.25     0.0
914.5     0.0
914.75     0.0
915.0     0.0
915.25     0.0
915.5     0.0
915.75     0.0
916.0     0.0
916.25     0.0
916.5     0.0
916.75     0.0
917.0     0.0
917.25     0.0
917.5     0.0
917.75     0.0
918.0     0.0
918.25     0.0
918.5     0.0
918.75     0.0
919.0     0.0
919.25     0.0
919.5     0.0
919.75     0.0
920.0     0.0
920.25     0.0
920.5     0.0
920.75     0.0
921.0     0.0
921.25     0.0
921.5     0.0
921.75     0.0
922.0     0.0
922.25     0.0
922.5     0.0
922.75     0.0
923.0     0.0
923.25     0.0
923.5     0.0
923.75     0.0
924.0     0.0
924.25     0.0
924.5     0.0
924.75     0.0
925.0     0.0
925.25     0.0
925.5     0.0
925.75     0.0
926.0     0.0
926.25     0.0
926.5     0.0
926.75     0.0
927.0     0.0
927.25     0.0
927.5     0.0
927.75     0.0
928.0     0.0
928.25     0.0
928.5     0.0
928.75     0.0
929.0     0.0
929.25     0.0
929.5     0.0
929.75     0.0
930.0     0.0
930.25     0.0
930.5     0.0
930.75     0.0
931.0     0.0
931.25     0.0
931.5     0.0
931.75     0.0
932.0     0.0
932.25     0.0
932.5     0.0
932.75     0.0
933.0     0.0
933.25     0.0
933.5     0.0
933.75     0.0
934.0     0.0
934.25     0.0
934.5     0.0
934.75     0.0
935.0     0.0
935.25     0.0
935.5     0.0
935.75     0.0
936.0     0.0
936.25     0.0
936.5     0.0
936.75     0.0
937.0     0.0
937.25     0.0
937.5     0.0
937.75     0.0
938.0     0.0
938.25     0.0
938.5     0.0
938.75     0.0
939.0     0.0
939.25     0.0
939.5     0.0
939.75     0.0
940.0     0.0
940.25     0.0
940.5     0.0
940.75     0.0
941.0     0.0
941.25     0.0
941.5     0.0
941.75     0.0
942.0     0.0
942.25     0.0
942.5     0.0
942.75     0.0
943.0     0.0
943.25     0.0
943.5     0.0
943.75     0.0
944.0     0.0
944.25     0.0
944.5     0.0
944.75     0.0
945.0     0.0
945.25     0.0
945.5     0.0
945.75     0.0
946.0     0.0
946.25     0.0
946.5     0.0
946.75     0.0
947.0     0.0
947.25     0.0
947.5     0.0
947.75     0.0
948.0     0.0
948.25     0.0
948.5     0.0
948.75     0.0
949.0     0.0
949.25     0.0
949.5     0.0
949.75     0.0
950.0     0.0
950.25     0.0
950.5     0.0
950.75     0.0
951.0     0.0
951.25     0.0
951.5     0.0
951.75     0.0
952.0     0.0
952.25     0.0
952.5     0.0
952.75     0.0
953.0     0.0
953.25     0.0
953.5     0.0
953.75     0.0
954.0     0.0
954.25     0.0
954.5     0.0
954.75     0.0
955.0     0.0
955.25     0.0
955.5     0.0
955.75     0.0
956.0     0.0
956.25     0.0
956.5     0.0
956.75     0.0
957.0     0.0
957.25     0.0
957.5     0.0
957.75     0.0
958.0     0.0
958.25     0.0
958.5     0.0
958.75     0.0
959.0     0.0
959.25     0.0
959.5     0.0
959.75     0.0
960.0     0.0
960.25     0.0
960.5     0.0
960.75     0.0
961.0     0.0
961.25     0.0
961.5     0.0
961.75     0.0
962.0     0.0
962.25     0.0
962.5     0.0
962.75     0.0
963.0     0.0
963.25     0.0
963.5     0.0
963.75     0.0
964.0     0.0
964.25     0.0
964.5     0.0
964.75     0.0
965.0     0.0
965.25     0.0
965.5     0.0
965.75     0.0
966.0     0.0
966.25     0.0
966.5     0.0
966.75     0.0
967.0     0.0
967.25     0.0
967.5     0.0
967.75     0.0
968.0     0.0
968.25     0.0
968.5     0.0
968.75     0.0
969.0     0.0
969.25     0.0
969.5     0.0
969.75     0.0
970.0     0.0
970.25     0.0
970.5     0.0
970.75     0.0
971.0     0.0
971.25     0.0
971.5     0.0
971.75     0.0
972.0     0.0
972.25     0.0
972.5     0.0
972.75     0.0
973.0     0.0
973.25     0.0
973.5     0.0
973.75     0.0
974.0     0.0
974.25     0.0
974.5     0.0
974.75     0.0
975.0     0.0
975.25     0.0
975.5     0.0
975.75     0.0
976.0     0.0
976.25     0.0
976.5     0.0
976.75     0.0
977.0     0.0
977.25     0.0
977.5     0.0
977.75     0.0
978.0     0.0
978.25     0.0
978.5     0.0
978.75     0.0
979.0     0.0
979.25     0.0
979.5     0.0
979.75     0.0
980.0     0.0
980.25     0.0
980.5     0.0
980.75     0.0
981.0     0.0
981.25     0.0
981.5     0.0
981.75     0.0
982.0     0.0
982.25     0.0
982.5     0.0
982.75     0.0
983.0     0.0
983.25     0.0
983.5     0.0
983.75     0.0
984.0     0.0
984.25     0.0
984.5     0.0
984.75     0.0
985.0     0.0
985.25     0.0
985.5     0.0
985.75     0.0
986.0     0.0
986.25     0.0
986.5     0.0
986.75     0.0
987.0     0.0
987.25     0.0
987.5     0.0
987.75     0.0
988.0     0.0
988.25     0.0
988.5     0.0
988.75     0.0
989.0     0.0
989.25     0.0
989.5     0.0
989.75     0.0
990.0     0.0
990.25     0.0
990.5     0.0
990.75     0.0
991.0     0.0
991.25     0.0
991.5     0.0
991.75     0.0
992.0     0.0
992.25     0.0
992.5     0.0
992.75     0.0
993.0     0.0
993.25     0.0
993.5     0.0
993.75     0.0
994.0     0.0
994.25     0.0
994.5     0.0
994.75     0.0
995.0     0.0
995.25     0.0
995.5     0.0
995.75     0.0
996.0     0.0
996.25     0.0
996.5     0.0
996.75     0.0
997.0     0.0
997.25     0.0
997.5     0.0
997.75     0.0
998.0     0.0
998.25     0.0
998.5     0.0
998.75     0.0
999.0     0.0
999.25     0.0
999.5     0.0
999.75     0.0
1000.0     0.0
