0.3     -6.7078
0.6     -6.71029
0.9     -6.71032
1.2     -6.70871
1.5     -6.71047
1.8     -6.70951
2.1     -6.71079
2.4     -6.70978
2.7     -6.70922
3.0     -6.70678
3.3     -6.70678
3.6     -6.70463
3.9     -6.7028
4.2     -6.70227
4.5     -6.70146
4.8     -6.69891
5.1     -6.69718
5.4     -6.69824
5.7     -6.69461
6.0     -6.6923
6.3     -6.69247
6.6     -6.69029
6.9     -6.69016
7.2     -6.6879
7.5     -6.68768
7.8     -6.68557
8.1     -6.6832
8.4     -6.68206
8.7     -6.68239
9.0     -6.68004
9.3     -6.67899
9.6     -6.6766
9.9     -6.67601
10.2     -6.67417
10.5     -6.67372
10.8     -6.67149
11.1     -6.67279
11.4     -6.67081
11.7     -6.6721
12.0     -6.67309
12.3     -6.6723
12.6     -6.66884
12.9     -6.66813
13.2     -6.66842
13.5     -6.66974
13.8     -6.66705
14.1     -6.66537
14.4     -6.66471
14.7     -6.66357
15.0     -6.66256
15.3     -6.65967
15.6     -6.6575
15.9     -6.6555
16.2     -6.65364
16.5     -6.65014
16.8     -6.64744
17.1     -6.6444
17.4     -6.64299
17.7     -6.63909
18.0     -6.63626
18.3     -6.6331
18.6     -6.63011
18.9     -6.627
19.2     -6.62427
19.5     -6.62101
19.8     -6.61855
20.1     -6.61518
20.4     -6.61141
20.7     -6.60793
21.0     -6.60511
21.3     -6.60122
21.6     -6.59852
21.9     -6.59514
22.2     -6.59212
22.5     -6.58895
22.8     -6.58462
23.1     -6.5818
23.4     -6.57827
23.7     -6.57458
24.0     -6.57129
24.3     -6.56839
24.6     -6.56542
24.9     -6.56248
25.2     -6.55894
25.5     -6.55571
25.8     -6.55261
26.1     -6.54899
26.4     -6.54615
26.7     -6.54262
27.0     -6.53973
27.3     -6.53641
27.6     -6.53323
27.9     -6.52926
28.2     -6.52705
28.5     -6.52309
28.8     -6.51887
29.1     -6.51533
29.4     -6.51191
29.7     -6.50805
30.0     -6.50462
30.3     -6.501
30.6     -6.49752
30.9     -6.49404
31.2     -6.49071
31.5     -6.48627
31.8     -6.48387
32.1     -6.47997
32.4     -6.47775
32.7     -6.47338
33.0     -6.47035
33.3     -6.4662
33.6     -6.46197
33.9     -6.45855
34.2     -6.45493
34.5     -6.45102
34.8     -6.4482
35.1     -6.44538
35.4     -6.44177
35.7     -6.43751
36.0     -6.43352
36.3     -6.43043
36.6     -6.42583
36.9     -6.42273
37.2     -6.41954
37.5     -6.41545
37.8     -6.41234
38.1     -6.40917
38.4     -6.40414
38.7     -6.39795
39.0     -6.39676
39.3     -6.39316
39.6     -6.38918
39.9     -6.38583
40.2     -6.38076
40.5     -6.37835
40.8     -6.37406
41.1     -6.37093
41.4     -6.36622
41.7     -6.36313
42.0     -6.35947
42.3     -6.35433
42.6     -6.34837
42.9     -6.34516
43.2     -6.34156
43.5     -6.33857
43.8     -6.33487
44.1     -6.33038
44.4     -6.326
44.7     -6.32153
45.0     -6.31853
45.3     -6.31479
45.6     -6.31091
45.9     -6.30598
46.2     -6.30156
46.5     -6.29779
46.8     -6.29458
47.1     -6.29003
47.4     -6.28618
47.7     -6.28336
48.0     -6.27795
48.3     -6.27558
48.6     -6.26799
48.9     -6.2647
49.2     -6.26176
49.5     -6.25902
49.8     -6.25512
50.1     -6.25029
50.4     -6.24681
50.7     -6.2419
51.0     -6.23759
51.3     -6.23395
51.6     -6.22909
51.9     -6.22398
52.2     -6.21979
52.5     -6.21702
52.8     -6.21358
53.1     -6.20764
53.4     -6.20448
53.7     -6.20118
54.0     -6.19635
54.3     -6.19239
54.6     -6.18702
54.9     -6.18371
55.2     -6.17982
55.5     -6.17515
55.8     -6.17119
56.1     -6.16515
56.4     -6.16093
56.7     -6.15892
57.0     -6.15342
57.3     -6.1499
57.6     -6.14677
57.9     -6.14219
58.2     -6.13626
58.5     -6.13239
58.8     -6.12941
59.1     -6.1241
59.4     -6.1194
59.7     -6.11563
60.0     -6.11265
60.3     -6.10444
60.6     -6.10378
60.9     -6.10074
61.2     -6.09358
61.5     -6.09031
61.8     -6.08611
62.1     -6.08096
62.4     -6.07659
62.7     -6.07376
63.0     -6.06865
63.3     -6.0657
63.6     -6.06101
63.9     -6.05717
64.2     -6.05009
64.5     -6.04864
64.8     -6.04355
65.1     -6.04023
65.4     -6.03581
65.7     -6.03107
66.0     -6.02572
66.3     -6.02064
66.6     -6.01762
66.9     -6.0139
67.2     -6.00801
67.5     -6.00514
67.8     -6.00061
68.1     -5.99574
68.4     -5.99223
68.7     -5.98609
69.0     -5.98332
69.3     -5.97642
69.6     -5.97236
69.9     -5.96825
70.2     -5.9643
70.5     -5.95982
70.8     -5.95503
71.1     -5.94943
71.4     -5.9452
71.7     -5.94102
72.0     -5.93578
72.3     -5.93221
72.6     -5.92748
72.9     -5.92136
73.2     -5.91626
73.5     -5.91144
73.8     -5.90812
74.1     -5.90354
74.4     -5.89944
74.7     -5.89331
75.0     -5.89023
75.3     -5.88488
75.6     -5.87887
75.9     -5.87341
76.2     -5.87106
76.5     -5.86726
76.8     -5.86154
77.1     -5.85829
77.4     -5.85162
77.7     -5.85002
78.0     -5.84439
78.3     -5.83923
78.6     -5.83413
78.9     -5.83021
79.2     -5.82863
79.5     -5.8227
79.8     -5.81977
80.1     -5.81625
80.4     -5.81131
80.7     -5.80683
81.0     -5.80483
81.3     -5.80266
81.6     -5.80141
81.9     -5.79859
82.2     -5.79694
82.5     -5.78247
82.8     -5.76942
83.1     -5.76222
83.4     -5.75279
83.7     -5.75252
84.0     -5.74648
84.3     -5.74496
84.6     -5.73561
84.9     -5.73291
85.2     -5.72631
85.5     -5.71971
85.8     -5.71671
86.1     -5.70976
86.4     -5.70322
86.7     -5.69888
87.0     -5.69394
87.3     -5.68908
87.6     -5.6853
87.9     -5.6804
88.2     -5.67485
88.5     -5.67081
88.8     -5.66471
89.1     -5.65946
89.4     -5.65624
89.7     -5.65182
90.0     -5.64557
90.3     -5.63844
90.6     -5.63377
90.9     -5.63066
91.2     -5.62644
91.5     -5.62069
91.8     -5.6153
92.1     -5.61329
92.4     -5.60705
92.7     -5.60232
93.0     -5.5988
93.3     -5.59254
93.6     -5.5886
93.9     -5.5822
94.2     -5.58065
94.5     -5.57415
94.8     -5.57029
95.1     -5.56321
95.4     -5.55874
95.7     -5.55491
96.0     -5.54945
96.3     -5.5368
96.6     -5.52567
96.9     -5.50478
97.2     -5.45113
97.5     -5.32166
97.8     -5.2052
98.1     -5.10759
98.4     -5.04318
98.7     -5.01057
99.0     -4.99836
99.3     -4.99664
99.6     -4.99644
99.9     -5.00005
100.2     -5.00379
100.5     -5.0064
100.8     -5.0097
101.1     -5.01661
101.4     -5.01902
101.7     -5.02094
102.0     -5.02437
102.3     -5.02755
102.6     -5.03163
102.9     -5.03707
103.2     -5.04103
103.5     -5.04293
103.8     -5.0506
104.1     -5.05465
104.4     -5.05987
104.7     -5.06222
105.0     -5.06692
105.3     -5.07197
105.6     -5.07705
105.9     -5.08185
106.2     -5.08506
106.5     -5.08906
106.8     -5.09362
107.1     -5.09892
107.4     -5.10298
107.7     -5.10867
108.0     -5.11261
108.3     -5.11881
108.6     -5.12281
108.9     -5.1275
109.2     -5.13251
109.5     -5.13816
109.8     -5.14514
110.1     -5.1484
110.4     -5.15225
110.7     -5.15769
111.0     -5.16156
111.3     -5.16647
111.6     -5.17073
111.9     -5.17732
112.2     -5.18035
112.5     -5.1854
112.8     -5.1914
113.1     -5.196
113.4     -5.20128
113.7     -5.20687
114.0     -5.21317
114.3     -5.21739
114.6     -5.22382
114.9     -5.22642
115.2     -5.23142
115.5     -5.23638
115.8     -5.24247
116.1     -5.24462
116.4     -5.25261
116.7     -5.2557
117.0     -5.26046
117.3     -5.26565
117.6     -5.27174
117.9     -5.2765
118.2     -5.28129
118.5     -5.28744
118.8     -5.29236
119.1     -5.29492
119.4     -5.29792
119.7     -5.30469
120.0     -5.3052
120.3     -5.30862
120.6     -5.30885
120.9     -5.31819
121.2     -5.32871
121.5     -5.33548
121.8     -5.34184
122.1     -5.34588
122.4     -5.35214
122.7     -5.35962
123.0     -5.36463
123.3     -5.36985
123.6     -5.37253
123.9     -5.37715
124.2     -5.3834
124.5     -5.38966
124.8     -5.39519
125.1     -5.39797
125.4     -5.40405
125.7     -5.40968
126.0     -5.41497
126.3     -5.42007
126.6     -5.42554
126.9     -5.43121
127.2     -5.43554
127.5     -5.44241
127.8     -5.4465
128.1     -5.45241
128.4     -5.45601
128.7     -5.46261
129.0     -5.46777
129.3     -5.47401
129.6     -5.47912
129.9     -5.48464
130.2     -5.49025
130.5     -5.49521
130.8     -5.50027
131.1     -5.50586
131.4     -5.51039
131.7     -5.51639
132.0     -5.52059
132.3     -5.52693
132.6     -5.53258
132.9     -5.53735
133.2     -5.54175
133.5     -5.54896
133.8     -5.5533
134.1     -5.55759
134.4     -5.56424
134.7     -5.56863
135.0     -5.57467
135.3     -5.57951
135.6     -5.58358
135.9     -5.58962
136.2     -5.59515
136.5     -5.5997
136.8     -5.60593
137.1     -5.61078
137.4     -5.61605
137.7     -5.6213
138.0     -5.62499
138.3     -5.63142
138.6     -5.63656
138.9     -5.64207
139.2     -5.64719
139.5     -5.65175
139.8     -5.65715
140.1     -5.66147
140.4     -5.66866
140.7     -5.67276
141.0     -5.67933
141.3     -5.68332
141.6     -5.68825
141.9     -5.69291
142.2     -5.6981
142.5     -5.7028
142.8     -5.70831
143.1     -5.71297
143.4     -5.7174
143.7     -5.72086
144.0     -5.72727
144.3     -5.73055
144.6     -5.73632
144.9     -5.74059
145.2     -5.74507
145.5     -5.74951
145.8     -5.75399
146.1     -5.75937
146.4     -5.76216
146.7     -5.76709
147.0     -5.77372
147.3     -5.77567
147.6     -5.78146
147.9     -5.78521
148.2     -5.79036
148.5     -5.79308
148.8     -5.79919
149.1     -5.80182
149.4     -5.80438
149.7     -5.80975
150.0     -5.81431
150.3     -5.81881
150.6     -5.82213
150.9     -5.82587
151.2     -5.83114
151.5     -5.83465
151.8     -5.83742
152.1     -5.84237
152.4     -5.84731
152.7     -5.85161
153.0     -5.85508
153.3     -5.85967
153.6     -5.86419
153.9     -5.86746
154.2     -5.87241
154.5     -5.87517
154.8     -5.8798
155.1     -5.88402
155.4     -5.88753
155.7     -5.89152
156.0     -5.89425
156.3     -5.90042
156.6     -5.90885
156.9     -5.91781
157.2     -5.92866
157.5     -5.93397
157.8     -5.94045
158.1     -5.9436
158.4     -5.94768
158.7     -5.95083
159.0     -5.95404
159.3     -5.95849
159.6     -5.9617
159.9     -5.96438
160.2     -5.96798
160.5     -5.9715
160.8     -5.97404
161.1     -5.97715
161.4     -5.98108
161.7     -5.98382
162.0     -5.98674
162.3     -5.99047
162.6     -5.99297
162.9     -5.99583
163.2     -5.99913
163.5     -6.00237
163.8     -6.00509
164.1     -6.00824
164.4     -6.01079
164.7     -6.01294
165.0     -6.01537
165.3     -6.0188
165.6     -6.02184
165.9     -6.02423
166.2     -6.02669
166.5     -6.02919
166.8     -6.02993
167.1     -6.033
167.4     -6.03595
167.7     -6.03733
168.0     -6.03979
168.3     -6.04203
168.6     -6.0439
168.9     -6.04607
169.2     -6.04829
169.5     -6.05031
169.8     -6.0524
170.1     -6.05426
170.4     -6.05659
170.7     -6.05855
171.0     -6.05987
171.3     -6.06165
171.6     -6.06435
171.9     -6.06549
172.2     -6.06653
172.5     -6.07056
172.8     -6.07047
173.1     -6.07363
173.4     -6.07593
173.7     -6.07706
174.0     -6.07848
174.3     -6.08085
174.6     -6.08421
174.9     -6.08563
175.2     -6.08848
175.5     -6.0901
175.8     -6.09312
176.1     -6.09542
176.4     -6.09651
176.7     -6.0983
177.0     -6.10023
177.3     -6.10173
177.6     -6.10412
177.9     -6.10529
178.2     -6.10657
178.5     -6.10797
178.8     -6.10876
179.1     -6.10962
179.4     -6.11091
179.7     -6.1118
180.0     -6.11371
