0.3     -4.11768
0.6     -4.1174
0.9     -4.11772
1.2     -4.11646
1.5     -4.11838
1.8     -4.11688
2.1     -4.11908
2.4     -4.11922
2.7     -4.11928
3.0     -4.12015
3.3     -4.1209
3.6     -4.12072
3.9     -4.12195
4.2     -4.12276
4.5     -4.12406
4.8     -4.12487
5.1     -4.12576
5.4     -4.1277
5.7     -4.12739
6.0     -4.12904
6.3     -4.13071
6.6     -4.131
6.9     -4.13296
7.2     -4.13335
7.5     -4.13676
7.8     -4.13738
8.1     -4.13807
8.4     -4.13852
8.7     -4.1405
9.0     -4.14267
9.3     -4.1432
9.6     -4.146
9.9     -4.14705
10.2     -4.14908
10.5     -4.15111
10.8     -4.15251
11.1     -4.15591
11.4     -4.1562
11.7     -4.15984
12.0     -4.16346
12.3     -4.1666
12.6     -4.16755
12.9     -4.1688
13.2     -4.17337
13.5     -4.17605
13.8     -4.17717
14.1     -4.17905
14.4     -4.18209
14.7     -4.1841
15.0     -4.18725
15.3     -4.18807
15.6     -4.1898
15.9     -4.19146
16.2     -4.19317
16.5     -4.19491
16.8     -4.19602
17.1     -4.19726
17.4     -4.19992
17.7     -4.20186
18.0     -4.20387
18.3     -4.20563
18.6     -4.20637
18.9     -4.20919
19.2     -4.21031
19.5     -4.21181
19.8     -4.2123
20.1     -4.21519
20.4     -4.21594
20.7     -4.21823
21.0     -4.21947
21.3     -4.22208
21.6     -4.22294
21.9     -4.22509
22.2     -4.22741
22.5     -4.22872
22.8     -4.23066
23.1     -4.23242
23.4     -4.23393
23.7     -4.23555
24.0     -4.23762
24.3     -4.23971
24.6     -4.24177
24.9     -4.24428
25.2     -4.24591
25.5     -4.24859
25.8     -4.25088
26.1     -4.25304
26.4     -4.25509
26.7     -4.25716
27.0     -4.25979
27.3     -4.2621
27.6     -4.26396
27.9     -4.26607
28.2     -4.26869
28.5     -4.27091
28.8     -4.27214
29.1     -4.27466
29.4     -4.2769
29.7     -4.27909
30.0     -4.28067
30.3     -4.28327
30.6     -4.28554
30.9     -4.28752
31.2     -4.29019
31.5     -4.29182
31.8     -4.29476
32.1     -4.29719
32.4     -4.30081
32.7     -4.30269
33.0     -4.30485
33.3     -4.3078
33.6     -4.31023
33.9     -4.31257
34.2     -4.31494
34.5     -4.31783
34.8     -4.32139
35.1     -4.32346
35.4     -4.32564
35.7     -4.32825
36.0     -4.33129
36.3     -4.33379
36.6     -4.33567
36.9     -4.33902
37.2     -4.34199
37.5     -4.34523
37.8     -4.34825
38.1     -4.35148
38.4     -4.35437
38.7     -4.35541
39.0     -4.35947
39.3     -4.36264
39.6     -4.36519
39.9     -4.36881
40.2     -4.37096
40.5     -4.37453
40.8     -4.37704
41.1     -4.3813
41.4     -4.38338
41.7     -4.38685
42.0     -4.39055
42.3     -4.39377
42.6     -4.39534
42.9     -4.39866
43.2     -4.40202
43.5     -4.40626
43.8     -4.40979
44.1     -4.41306
44.4     -4.41603
44.7     -4.41995
45.0     -4.42347
45.3     -4.42713
45.6     -4.43056
45.9     -4.43409
46.2     -4.43753
46.5     -4.44156
46.8     -4.44533
47.1     -4.44897
47.4     -4.45286
47.7     -4.45673
48.0     -4.46038
48.3     -4.46432
48.6     -4.46742
48.9     -4.47192
49.2     -4.47644
49.5     -4.48077
49.8     -4.48387
50.1     -4.48857
50.4     -4.49214
50.7     -4.49613
51.0     -4.5003
51.3     -4.50482
51.6     -4.50876
51.9     -4.51276
52.2     -4.51755
52.5     -4.52231
52.8     -4.52653
53.1     -4.53114
53.4     -4.53625
53.7     -4.54033
54.0     -4.54522
54.3     -4.5501
54.6     -4.55477
54.9     -4.55918
55.2     -4.56486
55.5     -4.56874
55.8     -4.57241
56.1     -4.57898
56.4     -4.5832
56.7     -4.58854
57.0     -4.59304
57.3     -4.59828
57.6     -4.60407
57.9     -4.60852
58.2     -4.61229
58.5     -4.61875
58.8     -4.62433
59.1     -4.62936
59.4     -4.633
59.7     -4.63944
60.0     -4.64448
60.3     -4.64806
60.6     -4.65456
60.9     -4.66002
61.2     -4.66448
61.5     -4.66997
61.8     -4.67608
62.1     -4.67991
62.4     -4.68551
62.7     -4.69045
63.0     -4.69584
63.3     -4.70208
63.6     -4.70645
63.9     -4.71118
64.2     -4.71672
64.5     -4.7234
64.8     -4.72842
65.1     -4.73354
65.4     -4.73819
65.7     -4.74338
66.0     -4.74967
66.3     -4.75616
66.6     -4.75957
66.9     -4.7662
67.2     -4.77256
67.5     -4.77841
67.8     -4.78432
68.1     -4.7899
68.4     -4.79731
68.7     -4.80406
69.0     -4.81016
69.3     -4.8156
69.6     -4.82194
69.9     -4.82836
70.2     -4.83588
70.5     -4.84032
70.8     -4.84742
71.1     -4.85506
71.4     -4.86088
71.7     -4.86661
72.0     -4.87305
72.3     -4.87957
72.6     -4.88759
72.9     -4.89343
73.2     -4.90057
73.5     -4.90446
73.8     -4.91159
74.1     -4.91928
74.4     -4.9261
74.7     -4.93033
75.0     -4.93905
75.3     -4.94433
75.6     -4.95175
75.9     -4.95798
76.2     -4.96568
76.5     -4.97337
76.8     -4.97954
77.1     -4.98687
77.4     -4.99108
77.7     -5.00016
78.0     -5.00609
78.3     -5.01387
78.6     -5.01952
78.9     -5.02917
79.2     -5.03632
79.5     -5.04188
79.8     -5.04726
80.1     -5.0573
80.4     -5.06221
80.7     -5.07318
81.0     -5.08166
81.3     -5.08641
81.6     -5.0934
81.9     -5.10138
82.2     -5.10503
82.5     -5.10039
82.8     -5.08672
83.1     -5.08694
83.4     -5.09588
83.7     -5.10151
84.0     -5.10867
84.3     -5.11545
84.6     -5.12392
84.9     -5.13095
85.2     -5.13896
85.5     -5.14637
85.8     -5.15314
86.1     -5.16181
86.4     -5.16908
86.7     -5.17676
87.0     -5.18356
87.3     -5.19149
87.6     -5.19951
87.9     -5.20758
88.2     -5.21428
88.5     -5.22226
88.8     -5.22979
89.1     -5.23732
89.4     -5.2456
89.7     -5.25301
90.0     -5.26116
90.3     -5.26975
90.6     -5.27679
90.9     -5.28431
91.2     -5.29185
91.5     -5.29925
91.8     -5.30804
92.1     -5.3144
92.4     -5.32401
92.7     -5.33192
93.0     -5.34135
93.3     -5.34889
93.6     -5.35653
93.9     -5.36627
94.2     -5.37204
94.5     -5.38138
94.8     -5.38943
95.1     -5.39723
95.4     -5.40705
95.7     -5.41354
96.0     -5.42239
96.3     -5.43284
96.6     -5.44089
96.9     -5.44392
97.2     -5.41524
97.5     -5.31012
97.8     -5.19915
98.1     -5.08704
98.4     -5.00664
98.7     -4.95872
99.0     -4.93075
99.3     -4.91514
99.6     -4.90136
99.9     -4.89416
100.2     -4.88296
100.5     -4.8762
100.8     -4.86935
101.1     -4.8605
101.4     -4.85495
101.7     -4.84873
102.0     -4.84456
102.3     -4.83879
102.6     -4.83345
102.9     -4.82916
103.2     -4.82186
103.5     -4.8161
103.8     -4.80971
104.1     -4.80353
104.4     -4.79745
104.7     -4.79161
105.0     -4.78308
105.3     -4.77781
105.6     -4.7726
105.9     -4.76935
106.2     -4.76006
106.5     -4.75644
106.8     -4.74841
107.1     -4.74332
107.4     -4.7384
107.7     -4.73206
108.0     -4.72541
108.3     -4.72026
108.6     -4.71297
108.9     -4.70845
109.2     -4.70324
109.5     -4.69666
109.8     -4.69182
110.1     -4.68656
110.4     -4.68046
110.7     -4.67569
111.0     -4.66859
111.3     -4.66428
111.6     -4.65791
111.9     -4.65416
112.2     -4.64801
112.5     -4.64294
112.8     -4.63871
113.1     -4.63205
113.4     -4.62771
113.7     -4.62233
114.0     -4.61744
114.3     -4.61326
114.6     -4.60825
114.9     -4.60006
115.2     -4.59625
115.5     -4.58964
115.8     -4.58349
116.1     -4.57843
116.4     -4.57615
116.7     -4.56611
117.0     -4.56583
117.3     -4.55773
117.6     -4.55435
117.9     -4.54715
118.2     -4.5444
118.5     -4.54131
118.8     -4.5345
119.1     -4.52699
119.4     -4.52005
119.7     -4.51242
120.0     -4.50243
120.3     -4.48831
120.6     -4.47752
120.9     -4.47287
121.2     -4.46965
121.5     -4.46633
121.8     -4.46351
122.1     -4.46009
122.4     -4.45802
122.7     -4.45646
123.0     -4.45279
123.3     -4.45166
123.6     -4.4468
123.9     -4.44424
124.2     -4.4417
124.5     -4.43759
124.8     -4.43527
125.1     -4.43161
125.4     -4.427
125.7     -4.42428
126.0     -4.4187
126.3     -4.41802
126.6     -4.41291
126.9     -4.41109
127.2     -4.4075
127.5     -4.40297
127.8     -4.3986
128.1     -4.39733
128.4     -4.39275
128.7     -4.38976
129.0     -4.38595
129.3     -4.38462
129.6     -4.3788
129.9     -4.37666
130.2     -4.37335
130.5     -4.37015
130.8     -4.36748
131.1     -4.3638
131.4     -4.36173
131.7     -4.35873
132.0     -4.35515
132.3     -4.35146
132.6     -4.34978
132.9     -4.34486
133.2     -4.34038
133.5     -4.33981
133.8     -4.33696
134.1     -4.33363
134.4     -4.33196
134.7     -4.32774
135.0     -4.32411
135.3     -4.32351
135.6     -4.31963
135.9     -4.31662
136.2     -4.31299
136.5     -4.31074
136.8     -4.3077
137.1     -4.30499
137.4     -4.30268
137.7     -4.29922
138.0     -4.29698
138.3     -4.29251
138.6     -4.29103
138.9     -4.28822
139.2     -4.28563
139.5     -4.28292
139.8     -4.28097
140.1     -4.27732
140.4     -4.27772
140.7     -4.27642
141.0     -4.27332
141.3     -4.26963
141.6     -4.26769
141.9     -4.26513
142.2     -4.26263
142.5     -4.26068
142.8     -4.25877
143.1     -4.25669
143.4     -4.25556
143.7     -4.25145
144.0     -4.25246
144.3     -4.24714
144.6     -4.24811
144.9     -4.24567
145.2     -4.24295
145.5     -4.24064
145.8     -4.24021
146.1     -4.23719
146.4     -4.23438
146.7     -4.23296
147.0     -4.23323
147.3     -4.23131
147.6     -4.22934
147.9     -4.22384
148.2     -4.22613
148.5     -4.22336
148.8     -4.21692
149.1     -4.21694
149.4     -4.21456
149.7     -4.21379
150.0     -4.21252
150.3     -4.21149
150.6     -4.20837
150.9     -4.20563
151.2     -4.20501
151.5     -4.20321
151.8     -4.20109
152.1     -4.19959
152.4     -4.19826
152.7     -4.19723
153.0     -4.19584
153.3     -4.19383
153.6     -4.19391
153.9     -4.19083
154.2     -4.19124
154.5     -4.18898
154.8     -4.18696
155.1     -4.18718
155.4     -4.18508
155.7     -4.18463
156.0     -4.18315
156.3     -4.18297
156.6     -4.18651
156.9     -4.18669
157.2     -4.18561
157.5     -4.18422
157.8     -4.18288
158.1     -4.18233
158.4     -4.18199
158.7     -4.18083
159.0     -4.18004
159.3     -4.17942
159.6     -4.17818
159.9     -4.17858
160.2     -4.17722
160.5     -4.1766
160.8     -4.1751
161.1     -4.17383
161.4     -4.17338
161.7     -4.17309
162.0     -4.17213
162.3     -4.17177
162.6     -4.1718
162.9     -4.17028
163.2     -4.17041
163.5     -4.16994
163.8     -4.16898
164.1     -4.16888
164.4     -4.1688
164.7     -4.16703
165.0     -4.16679
165.3     -4.16659
165.6     -4.16677
165.9     -4.16614
166.2     -4.16636
166.5     -4.16516
166.8     -4.16549
167.1     -4.16388
167.4     -4.16377
167.7     -4.16455
168.0     -4.16321
168.3     -4.16358
168.6     -4.16233
168.9     -4.16236
169.2     -4.16224
169.5     -4.16126
169.8     -4.16186
170.1     -4.16227
170.4     -4.16077
170.7     -4.16076
171.0     -4.15995
171.3     -4.15929
171.6     -4.15903
171.9     -4.1584
172.2     -4.1584
172.5     -4.15849
172.8     -4.15783
173.1     -4.15654
173.4     -4.15651
173.7     -4.15729
174.0     -4.15543
174.3     -4.15526
174.6     -4.15424
174.9     -4.15456
175.2     -4.15565
175.5     -4.1546
175.8     -4.154
176.1     -4.15339
176.4     -4.15364
176.7     -4.15383
177.0     -4.15319
177.3     -4.15317
177.6     -4.15327
177.9     -4.15432
178.2     -4.15334
178.5     -4.15308
178.8     -4.15299
179.1     -4.15338
179.4     -4.15301
179.7     -4.1537
180.0     -4.15459
