0.25     0.0
0.5     0.0
0.75     0.0
1.0     0.0
1.25     0.0
1.5     0.0
1.75     0.0
2.0     0.0
2.25     0.0
2.5     0.0
2.75     0.0
3.0     0.0
3.25     0.0
3.5     0.0
3.75     0.0
4.0     0.0
4.25     0.0
4.5     0.0
4.75     0.0
5.0     0.0
5.25     0.0
5.5     0.0
5.75     0.0
6.0     0.0
6.25     0.0
6.5     0.0
6.75     0.0
7.0     0.0
7.25     0.0
7.5     0.0
7.75     0.0
8.0     0.0
8.25     0.0
8.5     0.0
8.75     0.0
9.0     0.0
9.25     0.0
9.5     0.0
9.75     0.0
10.0     0.0
10.25     0.0
10.5     0.0
10.75     0.0
11.0     0.0
11.25     0.0
11.5     0.0
11.75     0.0
12.0     0.0
12.25     0.0
12.5     0.0
12.75     0.0
13.0     0.0
13.25     0.0
13.5     0.0
13.75     0.0
14.0     0.0
14.25     0.0
14.5     0.0
14.75     0.0
15.0     0.0
15.25     0.0
15.5     0.0
15.75     0.0
16.0     0.0
16.25     0.0
16.5     0.0
16.75     0.0
17.0     0.0
17.25     0.0
17.5     0.0
17.75     0.0
18.0     0.0
18.25     0.0
18.5     0.0
18.75     0.0
19.0     0.002
19.25     0.002
19.5     0.002
19.75     0.002
20.0     0.002
20.25     0.002
20.5     0.002
20.75     0.002
21.0     0.002
21.25     0.002
21.5     0.002
21.75     0.002
22.0     0.002
22.25     0.002
22.5     0.004
22.75     0.004
23.0     0.004
23.25     0.004
23.5     0.004
23.75     0.004
24.0     0.004
24.25     0.004
24.5     0.008
24.75     0.01
25.0     0.01
25.25     0.016
25.5     0.022
25.75     0.022
26.0     0.022
26.25     0.02
26.5     0.026
26.75     0.028
27.0     0.028
27.25     0.032
27.5     0.034
27.75     0.038
28.0     0.042
28.25     0.044
28.5     0.044
28.75     0.046
29.0     0.048
29.25     0.048
29.5     0.052
29.75     0.052
30.0     0.052
30.25     0.056
30.5     0.052
30.75     0.058
31.0     0.058
31.25     0.062
31.5     0.062
31.75     0.064
32.0     0.07
32.25     0.072
32.5     0.074
32.75     0.078
33.0     0.082
33.25     0.086
33.5     0.088
33.75     0.086
34.0     0.088
34.25     0.088
34.5     0.086
34.75     0.086
35.0     0.09
35.25     0.09
35.5     0.09
35.75     0.092
36.0     0.094
36.25     0.094
36.5     0.094
36.75     0.094
37.0     0.094
37.25     0.096
37.5     0.098
37.75     0.098
38.0     0.098
38.25     0.098
38.5     0.1
38.75     0.1
39.0     0.1
39.25     0.1
39.5     0.1
39.75     0.102
40.0     0.102
40.25     0.106
40.5     0.106
40.75     0.108
41.0     0.108
41.25     0.108
41.5     0.11
41.75     0.11
42.0     0.11
42.25     0.112
42.5     0.114
42.75     0.116
43.0     0.118
43.25     0.118
43.5     0.12
43.75     0.12
44.0     0.122
44.25     0.124
44.5     0.128
44.75     0.128
45.0     0.128
45.25     0.128
45.5     0.132
45.75     0.132
46.0     0.132
46.25     0.13
46.5     0.13
46.75     0.132
47.0     0.132
47.25     0.134
47.5     0.136
47.75     0.138
48.0     0.138
48.25     0.142
48.5     0.144
48.75     0.144
49.0     0.144
49.25     0.144
49.5     0.148
49.75     0.15
50.0     0.154
50.25     0.156
50.5     0.156
50.75     0.158
51.0     0.16
51.25     0.16
51.5     0.16
51.75     0.16
52.0     0.16
52.25     0.162
52.5     0.164
52.75     0.166
53.0     0.166
53.25     0.168
53.5     0.174
53.75     0.178
54.0     0.178
54.25     0.178
54.5     0.18
54.75     0.18
55.0     0.182
55.25     0.184
55.5     0.186
55.75     0.186
56.0     0.184
56.25     0.186
56.5     0.19
56.75     0.19
57.0     0.19
57.25     0.19
57.5     0.192
57.75     0.196
58.0     0.196
58.25     0.2
58.5     0.202
58.75     0.204
59.0     0.204
59.25     0.204
59.5     0.206
59.75     0.208
60.0     0.208
60.25     0.21
60.5     0.21
60.75     0.214
61.0     0.214
61.25     0.214
61.5     0.214
61.75     0.216
62.0     0.216
62.25     0.218
62.5     0.218
62.75     0.222
63.0     0.224
63.25     0.222
63.5     0.22
63.75     0.222
64.0     0.222
64.25     0.222
64.5     0.222
64.75     0.222
65.0     0.224
65.25     0.224
65.5     0.224
65.75     0.224
66.0     0.226
66.25     0.228
66.5     0.228
66.75     0.23
67.0     0.232
67.25     0.23
67.5     0.232
67.75     0.23
68.0     0.232
68.25     0.232
68.5     0.232
68.75     0.236
69.0     0.236
69.25     0.236
69.5     0.238
69.75     0.24
70.0     0.24
70.25     0.242
70.5     0.244
70.75     0.244
71.0     0.244
71.25     0.244
71.5     0.246
71.75     0.246
72.0     0.246
72.25     0.246
72.5     0.246
72.75     0.246
73.0     0.248
73.25     0.248
73.5     0.248
73.75     0.248
74.0     0.248
74.25     0.25
74.5     0.252
74.75     0.252
75.0     0.254
75.25     0.254
75.5     0.254
75.75     0.254
76.0     0.254
76.25     0.254
76.5     0.254
76.75     0.254
77.0     0.254
77.25     0.254
77.5     0.258
77.75     0.258
78.0     0.258
78.25     0.262
78.5     0.262
78.75     0.262
79.0     0.262
79.25     0.266
79.5     0.268
79.75     0.266
80.0     0.266
80.25     0.266
80.5     0.264
80.75     0.264
81.0     0.266
81.25     0.266
81.5     0.266
81.75     0.268
82.0     0.268
82.25     0.268
82.5     0.268
82.75     0.268
83.0     0.268
83.25     0.27
83.5     0.272
83.75     0.272
84.0     0.27
84.25     0.272
84.5     0.272
84.75     0.274
85.0     0.274
85.25     0.274
85.5     0.278
85.75     0.278
86.0     0.278
86.25     0.278
86.5     0.28
86.75     0.282
87.0     0.284
87.25     0.286
87.5     0.288
87.75     0.288
88.0     0.288
88.25     0.29
88.5     0.29
88.75     0.292
89.0     0.296
89.25     0.296
89.5     0.296
89.75     0.296
90.0     0.296
90.25     0.298
90.5     0.296
90.75     0.296
91.0     0.296
91.25     0.296
91.5     0.296
91.75     0.296
92.0     0.296
92.25     0.298
92.5     0.3
92.75     0.3
93.0     0.302
93.25     0.302
93.5     0.302
93.75     0.304
94.0     0.304
94.25     0.306
94.5     0.308
94.75     0.308
95.0     0.308
95.25     0.308
95.5     0.308
95.75     0.31
96.0     0.314
96.25     0.314
96.5     0.314
96.75     0.316
97.0     0.314
97.25     0.318
97.5     0.318
97.75     0.318
98.0     0.318
98.25     0.318
98.5     0.32
98.75     0.32
99.0     0.32
99.25     0.32
99.5     0.322
99.75     0.322
100.0     0.322
100.25     0.326
100.5     0.326
100.75     0.328
101.0     0.328
101.25     0.328
101.5     0.328
101.75     0.328
102.0     0.328
102.25     0.326
102.5     0.326
102.75     0.326
103.0     0.326
103.25     0.328
103.5     0.33
103.75     0.332
104.0     0.332
104.25     0.332
104.5     0.332
104.75     0.332
105.0     0.334
105.25     0.334
105.5     0.336
105.75     0.336
106.0     0.336
106.25     0.336
106.5     0.338
106.75     0.338
107.0     0.338
107.25     0.338
107.5     0.338
107.75     0.338
108.0     0.338
108.25     0.338
108.5     0.34
108.75     0.34
109.0     0.34
109.25     0.34
109.5     0.34
109.75     0.34
110.0     0.34
110.25     0.34
110.5     0.34
110.75     0.34
111.0     0.34
111.25     0.34
111.5     0.34
111.75     0.342
112.0     0.344
112.25     0.344
112.5     0.344
112.75     0.344
113.0     0.346
113.25     0.346
113.5     0.346
113.75     0.346
114.0     0.346
114.25     0.346
114.5     0.35
114.75     0.35
115.0     0.35
115.25     0.35
115.5     0.35
115.75     0.35
116.0     0.35
116.25     0.35
116.5     0.352
116.75     0.354
117.0     0.356
117.25     0.356
117.5     0.356
117.75     0.356
118.0     0.356
118.25     0.356
118.5     0.356
118.75     0.356
119.0     0.356
119.25     0.356
119.5     0.356
119.75     0.356
120.0     0.356
120.25     0.356
120.5     0.358
120.75     0.358
121.0     0.36
121.25     0.362
121.5     0.362
121.75     0.362
122.0     0.362
122.25     0.362
122.5     0.362
122.75     0.364
123.0     0.364
123.25     0.364
123.5     0.364
123.75     0.364
124.0     0.366
124.25     0.368
124.5     0.368
124.75     0.37
125.0     0.372
125.25     0.37
125.5     0.37
125.75     0.37
126.0     0.372
126.25     0.372
126.5     0.374
126.75     0.374
127.0     0.374
127.25     0.378
127.5     0.378
127.75     0.38
128.0     0.38
128.25     0.38
128.5     0.38
128.75     0.386
129.0     0.388
129.25     0.388
129.5     0.388
129.75     0.388
130.0     0.388
130.25     0.388
130.5     0.388
130.75     0.388
131.0     0.388
131.25     0.388
131.5     0.386
131.75     0.386
132.0     0.392
132.25     0.392
132.5     0.394
132.75     0.394
133.0     0.394
133.25     0.396
133.5     0.396
133.75     0.396
134.0     0.396
134.25     0.396
134.5     0.396
134.75     0.396
135.0     0.396
135.25     0.396
135.5     0.396
135.75     0.398
136.0     0.4
136.25     0.4
136.5     0.4
136.75     0.402
137.0     0.404
137.25     0.404
137.5     0.404
137.75     0.404
138.0     0.406
138.25     0.406
138.5     0.406
138.75     0.406
139.0     0.406
139.25     0.406
139.5     0.406
139.75     0.406
140.0     0.406
140.25     0.406
140.5     0.406
140.75     0.406
141.0     0.406
141.25     0.406
141.5     0.408
141.75     0.408
142.0     0.408
142.25     0.41
142.5     0.412
142.75     0.412
143.0     0.412
143.25     0.412
143.5     0.412
143.75     0.414
144.0     0.414
144.25     0.418
144.5     0.418
144.75     0.418
145.0     0.418
145.25     0.42
145.5     0.422
145.75     0.42
146.0     0.42
146.25     0.42
146.5     0.42
146.75     0.42
147.0     0.422
147.25     0.424
147.5     0.428
147.75     0.428
148.0     0.432
148.25     0.432
148.5     0.434
148.75     0.434
149.0     0.436
149.25     0.436
149.5     0.434
149.75     0.434
150.0     0.434
150.25     0.436
150.5     0.436
150.75     0.436
151.0     0.438
151.25     0.438
151.5     0.438
151.75     0.438
152.0     0.44
152.25     0.44
152.5     0.444
152.75     0.446
153.0     0.446
153.25     0.448
153.5     0.448
153.75     0.448
154.0     0.448
154.25     0.448
154.5     0.448
154.75     0.452
155.0     0.452
155.25     0.452
155.5     0.452
155.75     0.452
156.0     0.452
156.25     0.452
156.5     0.454
156.75     0.456
157.0     0.456
157.25     0.456
157.5     0.458
157.75     0.458
158.0     0.458
158.25     0.458
158.5     0.458
158.75     0.46
159.0     0.46
159.25     0.46
159.5     0.46
159.75     0.46
160.0     0.462
160.25     0.462
160.5     0.462
160.75     0.464
161.0     0.464
161.25     0.464
161.5     0.466
161.75     0.466
162.0     0.468
162.25     0.468
162.5     0.47
162.75     0.47
163.0     0.47
163.25     0.47
163.5     0.47
163.75     0.47
164.0     0.47
164.25     0.47
164.5     0.47
164.75     0.47
165.0     0.47
165.25     0.47
165.5     0.47
165.75     0.472
166.0     0.472
166.25     0.474
166.5     0.474
166.75     0.476
167.0     0.476
167.25     0.476
167.5     0.476
167.75     0.476
168.0     0.48
168.25     0.48
168.5     0.48
168.75     0.48
169.0     0.48
169.25     0.48
169.5     0.48
169.75     0.48
170.0     0.48
170.25     0.48
170.5     0.48
170.75     0.48
171.0     0.48
171.25     0.48
171.5     0.482
171.75     0.482
172.0     0.484
172.25     0.484
172.5     0.484
172.75     0.486
173.0     0.486
173.25     0.486
173.5     0.486
173.75     0.486
174.0     0.486
174.25     0.488
174.5     0.488
174.75     0.486
175.0     0.486
175.25     0.488
175.5     0.488
175.75     0.492
176.0     0.492
176.25     0.494
176.5     0.496
176.75     0.496
177.0     0.498
177.25     0.498
177.5     0.498
177.75     0.5
178.0     0.5
178.25     0.502
178.5     0.504
178.75     0.506
179.0     0.508
179.25     0.508
179.5     0.508
179.75     0.51
180.0     0.51
180.25     0.512
180.5     0.512
180.75     0.512
181.0     0.512
181.25     0.512
181.5     0.512
181.75     0.512
182.0     0.514
182.25     0.516
182.5     0.516
182.75     0.516
183.0     0.518
183.25     0.518
183.5     0.518
183.75     0.518
184.0     0.518
184.25     0.518
184.5     0.518
184.75     0.518
185.0     0.518
185.25     0.518
185.5     0.52
185.75     0.52
186.0     0.52
186.25     0.52
186.5     0.52
186.75     0.52
187.0     0.52
187.25     0.52
187.5     0.522
187.75     0.522
188.0     0.522
188.25     0.522
188.5     0.522
188.75     0.522
189.0     0.524
189.25     0.524
189.5     0.526
189.75     0.526
190.0     0.526
190.25     0.526
190.5     0.526
190.75     0.526
191.0     0.526
191.25     0.526
191.5     0.526
191.75     0.526
192.0     0.526
192.25     0.526
192.5     0.528
192.75     0.53
193.0     0.53
193.25     0.53
193.5     0.53
193.75     0.53
194.0     0.53
194.25     0.53
194.5     0.53
194.75     0.53
195.0     0.532
195.25     0.532
195.5     0.532
195.75     0.532
196.0     0.532
196.25     0.532
196.5     0.534
196.75     0.538
197.0     0.536
197.25     0.538
197.5     0.538
197.75     0.542
198.0     0.542
198.25     0.542
198.5     0.542
198.75     0.542
199.0     0.542
199.25     0.542
199.5     0.542
199.75     0.542
200.0     0.544
200.25     0.544
200.5     0.544
200.75     0.542
201.0     0.542
201.25     0.542
201.5     0.546
201.75     0.546
202.0     0.55
202.25     0.55
202.5     0.552
202.75     0.552
203.0     0.552
203.25     0.554
203.5     0.556
203.75     0.556
204.0     0.556
204.25     0.56
204.5     0.56
204.75     0.56
205.0     0.562
205.25     0.562
205.5     0.562
205.75     0.564
206.0     0.566
206.25     0.566
206.5     0.57
206.75     0.572
207.0     0.572
207.25     0.574
207.5     0.576
207.75     0.576
208.0     0.576
208.25     0.578
208.5     0.576
208.75     0.576
209.0     0.578
209.25     0.578
209.5     0.576
209.75     0.578
210.0     0.578
210.25     0.578
210.5     0.578
210.75     0.58
211.0     0.58
211.25     0.58
211.5     0.58
211.75     0.582
212.0     0.582
212.25     0.582
212.5     0.584
212.75     0.584
213.0     0.586
213.25     0.586
213.5     0.586
213.75     0.586
214.0     0.586
214.25     0.586
214.5     0.584
214.75     0.584
215.0     0.586
215.25     0.586
215.5     0.588
215.75     0.59
216.0     0.59
216.25     0.592
216.5     0.592
216.75     0.592
217.0     0.592
217.25     0.592
217.5     0.592
217.75     0.596
218.0     0.598
218.25     0.598
218.5     0.598
218.75     0.598
219.0     0.6
219.25     0.602
219.5     0.602
219.75     0.604
220.0     0.604
220.25     0.606
220.5     0.608
220.75     0.608
221.0     0.608
221.25     0.608
221.5     0.608
221.75     0.61
222.0     0.612
222.25     0.614
222.5     0.614
222.75     0.614
223.0     0.614
223.25     0.614
223.5     0.614
223.75     0.618
224.0     0.616
224.25     0.618
224.5     0.618
224.75     0.618
225.0     0.62
225.25     0.624
225.5     0.624
225.75     0.626
226.0     0.628
226.25     0.628
226.5     0.628
226.75     0.634
227.0     0.632
227.25     0.632
227.5     0.632
227.75     0.634
228.0     0.636
228.25     0.638
228.5     0.64
228.75     0.642
229.0     0.644
229.25     0.644
229.5     0.646
229.75     0.646
230.0     0.648
230.25     0.648
230.5     0.648
230.75     0.644
231.0     0.648
231.25     0.65
231.5     0.652
231.75     0.654
232.0     0.654
232.25     0.656
232.5     0.656
232.75     0.66
233.0     0.66
233.25     0.66
233.5     0.662
233.75     0.664
234.0     0.664
234.25     0.664
234.5     0.664
234.75     0.666
235.0     0.668
235.25     0.672
235.5     0.674
235.75     0.68
236.0     0.68
236.25     0.682
236.5     0.682
236.75     0.682
237.0     0.682
237.25     0.68
237.5     0.68
237.75     0.682
238.0     0.682
238.25     0.682
238.5     0.686
238.75     0.686
239.0     0.686
239.25     0.686
239.5     0.686
239.75     0.686
240.0     0.686
240.25     0.686
240.5     0.686
240.75     0.688
241.0     0.69
241.25     0.694
241.5     0.694
241.75     0.694
242.0     0.698
242.25     0.698
242.5     0.698
242.75     0.698
243.0     0.698
243.25     0.698
243.5     0.7
243.75     0.7
244.0     0.7
244.25     0.7
244.5     0.7
244.75     0.702
245.0     0.702
245.25     0.704
245.5     0.704
245.75     0.704
246.0     0.704
246.25     0.708
246.5     0.71
246.75     0.712
247.0     0.712
247.25     0.714
247.5     0.714
247.75     0.714
248.0     0.714
248.25     0.714
248.5     0.716
248.75     0.716
249.0     0.718
249.25     0.72
249.5     0.722
249.75     0.724
250.0     0.724
250.25     0.724
250.5     0.726
250.75     0.728
251.0     0.73
251.25     0.732
251.5     0.732
251.75     0.734
252.0     0.734
252.25     0.734
252.5     0.734
252.75     0.736
253.0     0.736
253.25     0.736
253.5     0.736
253.75     0.736
254.0     0.736
254.25     0.736
254.5     0.736
254.75     0.736
255.0     0.738
255.25     0.738
255.5     0.74
255.75     0.742
256.0     0.744
256.25     0.744
256.5     0.746
256.75     0.748
257.0     0.748
257.25     0.748
257.5     0.748
257.75     0.748
258.0     0.748
258.25     0.748
258.5     0.75
258.75     0.752
259.0     0.754
259.25     0.756
259.5     0.756
259.75     0.756
260.0     0.756
260.25     0.756
260.5     0.756
260.75     0.756
261.0     0.756
261.25     0.756
261.5     0.756
261.75     0.756
262.0     0.756
262.25     0.756
262.5     0.756
262.75     0.764
263.0     0.764
263.25     0.766
263.5     0.766
263.75     0.768
264.0     0.768
264.25     0.768
264.5     0.77
264.75     0.77
265.0     0.77
265.25     0.77
265.5     0.77
265.75     0.772
266.0     0.774
266.25     0.774
266.5     0.774
266.75     0.776
267.0     0.776
267.25     0.776
267.5     0.776
267.75     0.776
268.0     0.774
268.25     0.774
268.5     0.774
268.75     0.774
269.0     0.774
269.25     0.776
269.5     0.776
269.75     0.778
270.0     0.78
270.25     0.78
270.5     0.78
270.75     0.782
271.0     0.782
271.25     0.784
271.5     0.786
271.75     0.788
272.0     0.788
272.25     0.788
272.5     0.788
272.75     0.788
273.0     0.788
273.25     0.792
273.5     0.794
273.75     0.794
274.0     0.794
274.25     0.794
274.5     0.794
274.75     0.794
275.0     0.794
275.25     0.796
275.5     0.798
275.75     0.798
276.0     0.798
276.25     0.798
276.5     0.8
276.75     0.8
277.0     0.8
277.25     0.8
277.5     0.802
277.75     0.802
278.0     0.802
278.25     0.804
278.5     0.804
278.75     0.804
279.0     0.806
279.25     0.808
279.5     0.808
279.75     0.81
280.0     0.81
280.25     0.81
280.5     0.812
280.75     0.812
281.0     0.812
281.25     0.812
281.5     0.812
281.75     0.812
282.0     0.812
282.25     0.812
282.5     0.812
282.75     0.812
283.0     0.812
283.25     0.812
283.5     0.814
283.75     0.814
284.0     0.814
284.25     0.814
284.5     0.814
284.75     0.814
285.0     0.814
285.25     0.814
285.5     0.814
285.75     0.814
286.0     0.814
286.25     0.814
286.5     0.814
286.75     0.814
287.0     0.814
287.25     0.816
287.5     0.816
287.75     0.816
288.0     0.816
288.25     0.818
288.5     0.82
288.75     0.82
289.0     0.82
289.25     0.82
289.5     0.824
289.75     0.826
290.0     0.826
290.25     0.828
290.5     0.828
290.75     0.828
291.0     0.828
291.25     0.828
291.5     0.828
291.75     0.828
292.0     0.83
292.25     0.83
292.5     0.83
292.75     0.83
293.0     0.83
293.25     0.828
293.5     0.828
293.75     0.828
294.0     0.83
294.25     0.83
294.5     0.83
294.75     0.832
295.0     0.832
295.25     0.834
295.5     0.834
295.75     0.834
296.0     0.834
296.25     0.834
296.5     0.836
296.75     0.836
297.0     0.836
297.25     0.836
297.5     0.836
297.75     0.836
298.0     0.836
298.25     0.836
298.5     0.836
298.75     0.836
299.0     0.836
299.25     0.836
299.5     0.836
299.75     0.836
300.0     0.836
300.25     0.836
300.5     0.836
300.75     0.836
301.0     0.836
301.25     0.836
301.5     0.836
301.75     0.836
302.0     0.836
302.25     0.836
302.5     0.838
302.75     0.838
303.0     0.838
303.25     0.838
303.5     0.838
303.75     0.84
304.0     0.84
304.25     0.84
304.5     0.84
304.75     0.84
305.0     0.84
305.25     0.84
305.5     0.84
305.75     0.84
306.0     0.84
306.25     0.84
306.5     0.842
306.75     0.844
307.0     0.844
307.25     0.844
307.5     0.844
307.75     0.844
308.0     0.844
308.25     0.844
308.5     0.844
308.75     0.844
309.0     0.844
309.25     0.844
309.5     0.844
309.75     0.844
310.0     0.844
310.25     0.844
310.5     0.844
310.75     0.844
311.0     0.844
311.25     0.844
311.5     0.844
311.75     0.844
312.0     0.844
312.25     0.846
312.5     0.846
312.75     0.846
313.0     0.846
313.25     0.846
313.5     0.846
313.75     0.846
314.0     0.846
314.25     0.846
314.5     0.846
314.75     0.846
315.0     0.846
315.25     0.846
315.5     0.846
315.75     0.846
316.0     0.846
316.25     0.846
316.5     0.846
316.75     0.846
317.0     0.846
317.25     0.846
317.5     0.846
317.75     0.846
318.0     0.846
318.25     0.846
318.5     0.846
318.75     0.846
319.0     0.846
319.25     0.846
319.5     0.846
319.75     0.846
320.0     0.846
320.25     0.848
320.5     0.85
320.75     0.85
321.0     0.85
321.25     0.85
321.5     0.852
321.75     0.852
322.0     0.852
322.25     0.852
322.5     0.852
322.75     0.852
323.0     0.852
323.25     0.852
323.5     0.852
323.75     0.852
324.0     0.854
324.25     0.854
324.5     0.854
324.75     0.854
325.0     0.854
325.25     0.854
325.5     0.854
325.75     0.854
326.0     0.854
326.25     0.854
326.5     0.854
326.75     0.856
327.0     0.856
327.25     0.856
327.5     0.856
327.75     0.856
328.0     0.856
328.25     0.856
328.5     0.856
328.75     0.856
329.0     0.856
329.25     0.856
329.5     0.856
329.75     0.856
330.0     0.856
330.25     0.856
330.5     0.856
330.75     0.856
331.0     0.856
331.25     0.856
331.5     0.856
331.75     0.856
332.0     0.856
332.25     0.856
332.5     0.858
332.75     0.858
333.0     0.856
333.25     0.856
333.5     0.856
333.75     0.858
334.0     0.86
334.25     0.86
334.5     0.86
334.75     0.86
335.0     0.86
335.25     0.862
335.5     0.862
335.75     0.862
336.0     0.862
336.25     0.862
336.5     0.862
336.75     0.862
337.0     0.862
337.25     0.862
337.5     0.862
337.75     0.864
338.0     0.864
338.25     0.864
338.5     0.864
338.75     0.864
339.0     0.864
339.25     0.864
339.5     0.866
339.75     0.868
340.0     0.868
340.25     0.87
340.5     0.87
340.75     0.87
341.0     0.87
341.25     0.87
341.5     0.87
341.75     0.87
342.0     0.87
342.25     0.87
342.5     0.87
342.75     0.87
343.0     0.87
343.25     0.87
343.5     0.87
343.75     0.87
344.0     0.87
344.25     0.87
344.5     0.87
344.75     0.87
345.0     0.87
345.25     0.87
345.5     0.87
345.75     0.87
346.0     0.87
346.25     0.87
346.5     0.872
346.75     0.872
347.0     0.872
347.25     0.872
347.5     0.872
347.75     0.872
348.0     0.872
348.25     0.872
348.5     0.872
348.75     0.872
349.0     0.874
349.25     0.874
349.5     0.874
349.75     0.874
350.0     0.874
350.25     0.874
350.5     0.874
350.75     0.874
351.0     0.874
351.25     0.874
351.5     0.874
351.75     0.874
352.0     0.874
352.25     0.874
352.5     0.874
352.75     0.874
353.0     0.874
353.25     0.874
353.5     0.874
353.75     0.874
354.0     0.874
354.25     0.874
354.5     0.874
354.75     0.874
355.0     0.874
355.25     0.874
355.5     0.874
355.75     0.874
356.0     0.874
356.25     0.874
356.5     0.874
356.75     0.874
357.0     0.874
357.25     0.874
357.5     0.874
357.75     0.874
358.0     0.874
358.25     0.874
358.5     0.874
358.75     0.874
359.0     0.874
359.25     0.874
359.5     0.876
359.75     0.876
360.0     0.876
360.25     0.876
360.5     0.876
360.75     0.876
361.0     0.876
361.25     0.876
361.5     0.876
361.75     0.876
362.0     0.878
362.25     0.878
362.5     0.878
362.75     0.878
363.0     0.878
363.25     0.878
363.5     0.878
363.75     0.878
364.0     0.878
364.25     0.878
364.5     0.878
364.75     0.878
365.0     0.878
365.25     0.878
365.5     0.878
365.75     0.878
366.0     0.878
366.25     0.878
366.5     0.878
366.75     0.878
367.0     0.878
367.25     0.88
367.5     0.882
367.75     0.882
368.0     0.884
368.25     0.884
368.5     0.884
368.75     0.884
369.0     0.884
369.25     0.884
369.5     0.884
369.75     0.884
370.0     0.884
370.25     0.886
370.5     0.886
370.75     0.886
371.0     0.886
371.25     0.886
371.5     0.886
371.75     0.886
372.0     0.886
372.25     0.886
372.5     0.886
372.75     0.884
373.0     0.884
373.25     0.886
373.5     0.886
373.75     0.888
374.0     0.888
374.25     0.888
374.5     0.888
374.75     0.89
375.0     0.89
375.25     0.89
375.5     0.892
375.75     0.892
376.0     0.892
376.25     0.892
376.5     0.892
376.75     0.892
377.0     0.892
377.25     0.892
377.5     0.892
377.75     0.892
378.0     0.892
378.25     0.892
378.5     0.892
378.75     0.892
379.0     0.892
379.25     0.892
379.5     0.892
379.75     0.894
380.0     0.894
380.25     0.894
380.5     0.894
380.75     0.894
381.0     0.894
381.25     0.894
381.5     0.894
381.75     0.894
382.0     0.894
382.25     0.894
382.5     0.894
382.75     0.894
383.0     0.894
383.25     0.894
383.5     0.894
383.75     0.894
384.0     0.894
384.25     0.894
384.5     0.894
384.75     0.896
385.0     0.896
385.25     0.896
385.5     0.898
385.75     0.898
386.0     0.9
386.25     0.9
386.5     0.9
386.75     0.9
387.0     0.902
387.25     0.902
387.5     0.902
387.75     0.902
388.0     0.902
388.25     0.902
388.5     0.902
388.75     0.902
389.0     0.902
389.25     0.904
389.5     0.904
389.75     0.904
390.0     0.904
390.25     0.906
390.5     0.906
390.75     0.906
391.0     0.906
391.25     0.906
391.5     0.906
391.75     0.908
392.0     0.91
392.25     0.91
392.5     0.91
392.75     0.91
393.0     0.91
393.25     0.91
393.5     0.91
393.75     0.912
394.0     0.912
394.25     0.912
394.5     0.912
394.75     0.912
395.0     0.912
395.25     0.912
395.5     0.912
395.75     0.912
396.0     0.912
396.25     0.912
396.5     0.912
396.75     0.912
397.0     0.912
397.25     0.912
397.5     0.912
397.75     0.912
398.0     0.912
398.25     0.912
398.5     0.914
398.75     0.914
399.0     0.914
399.25     0.914
399.5     0.914
399.75     0.914
400.0     0.914
400.25     0.914
400.5     0.914
400.75     0.914
401.0     0.914
401.25     0.914
401.5     0.916
401.75     0.916
402.0     0.916
402.25     0.916
402.5     0.916
402.75     0.918
403.0     0.918
403.25     0.918
403.5     0.918
403.75     0.918
404.0     0.918
404.25     0.918
404.5     0.918
404.75     0.918
405.0     0.92
405.25     0.92
405.5     0.92
405.75     0.92
406.0     0.92
406.25     0.92
406.5     0.92
406.75     0.92
407.0     0.92
407.25     0.92
407.5     0.92
407.75     0.92
408.0     0.92
408.25     0.92
408.5     0.92
408.75     0.92
409.0     0.92
409.25     0.92
409.5     0.92
409.75     0.92
410.0     0.92
410.25     0.92
410.5     0.92
410.75     0.92
411.0     0.92
411.25     0.92
411.5     0.92
411.75     0.92
412.0     0.92
412.25     0.92
412.5     0.92
412.75     0.92
413.0     0.92
413.25     0.92
413.5     0.92
413.75     0.92
414.0     0.92
414.25     0.92
414.5     0.92
414.75     0.92
415.0     0.92
415.25     0.92
415.5     0.92
415.75     0.922
416.0     0.922
416.25     0.922
416.5     0.922
416.75     0.922
417.0     0.922
417.25     0.922
417.5     0.922
417.75     0.922
418.0     0.922
418.25     0.922
418.5     0.922
418.75     0.922
419.0     0.922
419.25     0.924
419.5     0.924
419.75     0.924
420.0     0.924
420.25     0.924
420.5     0.924
420.75     0.924
421.0     0.924
421.25     0.924
421.5     0.924
421.75     0.924
422.0     0.924
422.25     0.924
422.5     0.924
422.75     0.926
423.0     0.926
423.25     0.926
423.5     0.926
423.75     0.926
424.0     0.926
424.25     0.926
424.5     0.926
424.75     0.926
425.0     0.926
425.25     0.926
425.5     0.926
425.75     0.926
426.0     0.926
426.25     0.926
426.5     0.926
426.75     0.926
427.0     0.926
427.25     0.926
427.5     0.926
427.75     0.926
428.0     0.926
428.25     0.926
428.5     0.926
428.75     0.926
429.0     0.926
429.25     0.926
429.5     0.926
429.75     0.926
430.0     0.926
430.25     0.926
430.5     0.926
430.75     0.926
431.0     0.926
431.25     0.926
431.5     0.928
431.75     0.928
432.0     0.928
432.25     0.928
432.5     0.928
432.75     0.928
433.0     0.928
433.25     0.928
433.5     0.928
433.75     0.928
434.0     0.928
434.25     0.928
434.5     0.928
434.75     0.928
435.0     0.928
435.25     0.928
435.5     0.928
435.75     0.928
436.0     0.928
436.25     0.93
436.5     0.93
436.75     0.93
437.0     0.93
437.25     0.93
437.5     0.928
437.75     0.928
438.0     0.928
438.25     0.928
438.5     0.928
438.75     0.928
439.0     0.928
439.25     0.928
439.5     0.928
439.75     0.928
440.0     0.928
440.25     0.93
440.5     0.93
440.75     0.93
441.0     0.93
441.25     0.932
441.5     0.932
441.75     0.932
442.0     0.932
442.25     0.932
442.5     0.932
442.75     0.932
443.0     0.932
443.25     0.932
443.5     0.932
443.75     0.932
444.0     0.932
444.25     0.932
444.5     0.932
444.75     0.932
445.0     0.932
445.25     0.934
445.5     0.934
445.75     0.936
446.0     0.936
446.25     0.936
446.5     0.936
446.75     0.936
447.0     0.936
447.25     0.936
447.5     0.936
447.75     0.936
448.0     0.938
448.25     0.938
448.5     0.938
448.75     0.938
449.0     0.938
449.25     0.938
449.5     0.938
449.75     0.938
450.0     0.938
450.25     0.938
450.5     0.938
450.75     0.938
451.0     0.938
451.25     0.94
451.5     0.94
451.75     0.942
452.0     0.942
452.25     0.942
452.5     0.942
452.75     0.942
453.0     0.942
453.25     0.942
453.5     0.942
453.75     0.942
454.0     0.942
454.25     0.942
454.5     0.942
454.75     0.942
455.0     0.942
455.25     0.942
455.5     0.942
455.75     0.942
456.0     0.942
456.25     0.942
456.5     0.942
456.75     0.942
457.0     0.942
457.25     0.942
457.5     0.942
457.75     0.944
458.0     0.944
458.25     0.944
458.5     0.944
458.75     0.944
459.0     0.944
459.25     0.944
459.5     0.944
459.75     0.944
460.0     0.944
460.25     0.944
460.5     0.944
460.75     0.944
461.0     0.944
461.25     0.944
461.5     0.944
461.75     0.944
462.0     0.944
462.25     0.946
462.5     0.946
462.75     0.946
463.0     0.946
463.25     0.946
463.5     0.946
463.75     0.946
464.0     0.946
464.25     0.946
464.5     0.946
464.75     0.946
465.0     0.946
465.25     0.946
465.5     0.946
465.75     0.946
466.0     0.946
466.25     0.946
466.5     0.946
466.75     0.946
467.0     0.946
467.25     0.946
467.5     0.946
467.75     0.946
468.0     0.948
468.25     0.948
468.5     0.948
468.75     0.948
469.0     0.948
469.25     0.948
469.5     0.948
469.75     0.948
470.0     0.948
470.25     0.948
470.5     0.948
470.75     0.948
471.0     0.948
471.25     0.948
471.5     0.948
471.75     0.948
472.0     0.948
472.25     0.948
472.5     0.95
472.75     0.95
473.0     0.95
473.25     0.95
473.5     0.95
473.75     0.952
474.0     0.952
474.25     0.954
474.5     0.954
474.75     0.954
475.0     0.954
475.25     0.954
475.5     0.954
475.75     0.954
476.0     0.954
476.25     0.954
476.5     0.954
476.75     0.954
477.0     0.954
477.25     0.954
477.5     0.954
477.75     0.954
478.0     0.954
478.25     0.954
478.5     0.954
478.75     0.954
479.0     0.954
479.25     0.954
479.5     0.956
479.75     0.956
480.0     0.958
480.25     0.958
480.5     0.958
480.75     0.958
481.0     0.958
481.25     0.958
481.5     0.958
481.75     0.958
482.0     0.958
482.25     0.958
482.5     0.958
482.75     0.958
483.0     0.958
483.25     0.958
483.5     0.958
483.75     0.958
484.0     0.958
484.25     0.958
484.5     0.958
484.75     0.958
485.0     0.958
485.25     0.958
485.5     0.958
485.75     0.96
486.0     0.96
486.25     0.96
486.5     0.96
486.75     0.96
487.0     0.96
487.25     0.96
487.5     0.96
487.75     0.96
488.0     0.96
488.25     0.96
488.5     0.96
488.75     0.96
489.0     0.96
489.25     0.96
489.5     0.96
489.75     0.96
490.0     0.96
490.25     0.96
490.5     0.96
490.75     0.96
491.0     0.96
491.25     0.96
491.5     0.96
491.75     0.96
492.0     0.96
492.25     0.96
492.5     0.96
492.75     0.96
493.0     0.96
493.25     0.96
493.5     0.96
493.75     0.96
494.0     0.96
494.25     0.96
494.5     0.96
494.75     0.96
495.0     0.962
495.25     0.962
495.5     0.962
495.75     0.962
496.0     0.962
496.25     0.962
496.5     0.962
496.75     0.962
497.0     0.962
497.25     0.962
497.5     0.962
497.75     0.962
498.0     0.962
498.25     0.962
498.5     0.962
498.75     0.962
499.0     0.962
499.25     0.962
499.5     0.962
499.75     0.962
500.0     0.962
500.25     0.962
500.5     0.962
500.75     0.962
501.0     0.962
501.25     0.962
501.5     0.962
501.75     0.962
502.0     0.962
502.25     0.962
502.5     0.962
502.75     0.962
503.0     0.962
503.25     0.962
503.5     0.962
503.75     0.962
504.0     0.962
504.25     0.962
504.5     0.962
504.75     0.962
505.0     0.962
505.25     0.962
505.5     0.962
505.75     0.962
506.0     0.962
506.25     0.962
506.5     0.962
506.75     0.962
507.0     0.962
507.25     0.962
507.5     0.962
507.75     0.962
508.0     0.962
508.25     0.962
508.5     0.962
508.75     0.962
509.0     0.962
509.25     0.962
509.5     0.962
509.75     0.962
510.0     0.962
510.25     0.962
510.5     0.962
510.75     0.962
511.0     0.962
511.25     0.962
511.5     0.962
511.75     0.962
512.0     0.962
512.25     0.962
512.5     0.962
512.75     0.962
513.0     0.962
513.25     0.962
513.5     0.962
513.75     0.962
514.0     0.962
514.25     0.962
514.5     0.962
514.75     0.964
515.0     0.964
515.25     0.964
515.5     0.964
515.75     0.966
516.0     0.966
516.25     0.966
516.5     0.966
516.75     0.966
517.0     0.966
517.25     0.966
517.5     0.966
517.75     0.966
518.0     0.966
518.25     0.966
518.5     0.966
518.75     0.966
519.0     0.966
519.25     0.966
519.5     0.966
519.75     0.966
520.0     0.966
520.25     0.968
520.5     0.968
520.75     0.968
521.0     0.968
521.25     0.968
521.5     0.968
521.75     0.968
522.0     0.968
522.25     0.968
522.5     0.968
522.75     0.968
523.0     0.968
523.25     0.968
523.5     0.968
523.75     0.968
524.0     0.968
524.25     0.968
524.5     0.968
524.75     0.968
525.0     0.968
525.25     0.968
525.5     0.968
525.75     0.968
526.0     0.968
526.25     0.968
526.5     0.968
526.75     0.968
527.0     0.968
527.25     0.968
527.5     0.968
527.75     0.968
528.0     0.968
528.25     0.97
528.5     0.972
528.75     0.972
529.0     0.972
529.25     0.972
529.5     0.972
529.75     0.972
530.0     0.972
530.25     0.972
530.5     0.972
530.75     0.972
531.0     0.972
531.25     0.972
531.5     0.972
531.75     0.972
532.0     0.972
532.25     0.972
532.5     0.972
532.75     0.972
533.0     0.972
533.25     0.972
533.5     0.972
533.75     0.972
534.0     0.972
534.25     0.972
534.5     0.972
534.75     0.972
535.0     0.972
535.25     0.972
535.5     0.972
535.75     0.972
536.0     0.972
536.25     0.972
536.5     0.972
536.75     0.972
537.0     0.972
537.25     0.972
537.5     0.972
537.75     0.972
538.0     0.972
538.25     0.972
538.5     0.972
538.75     0.972
539.0     0.972
539.25     0.972
539.5     0.972
539.75     0.972
540.0     0.972
540.25     0.972
540.5     0.972
540.75     0.972
541.0     0.972
541.25     0.972
541.5     0.972
541.75     0.972
542.0     0.972
542.25     0.972
542.5     0.972
542.75     0.972
543.0     0.972
543.25     0.972
543.5     0.972
543.75     0.972
544.0     0.972
544.25     0.974
544.5     0.974
544.75     0.974
545.0     0.974
545.25     0.974
545.5     0.974
545.75     0.974
546.0     0.974
546.25     0.974
546.5     0.974
546.75     0.974
547.0     0.974
547.25     0.974
547.5     0.974
547.75     0.974
548.0     0.974
548.25     0.974
548.5     0.974
548.75     0.974
549.0     0.974
549.25     0.974
549.5     0.974
549.75     0.974
550.0     0.974
550.25     0.974
550.5     0.974
550.75     0.974
551.0     0.974
551.25     0.974
551.5     0.974
551.75     0.974
552.0     0.974
552.25     0.974
552.5     0.974
552.75     0.974
553.0     0.976
553.25     0.976
553.5     0.976
553.75     0.976
554.0     0.976
554.25     0.976
554.5     0.976
554.75     0.976
555.0     0.976
555.25     0.976
555.5     0.976
555.75     0.976
556.0     0.976
556.25     0.976
556.5     0.976
556.75     0.976
557.0     0.976
557.25     0.976
557.5     0.976
557.75     0.976
558.0     0.976
558.25     0.976
558.5     0.976
558.75     0.976
559.0     0.976
559.25     0.976
559.5     0.976
559.75     0.976
560.0     0.976
560.25     0.976
560.5     0.976
560.75     0.976
561.0     0.976
561.25     0.976
561.5     0.976
561.75     0.976
562.0     0.976
562.25     0.976
562.5     0.976
562.75     0.976
563.0     0.976
563.25     0.976
563.5     0.976
563.75     0.976
564.0     0.976
564.25     0.976
564.5     0.976
564.75     0.976
565.0     0.976
565.25     0.976
565.5     0.976
565.75     0.976
566.0     0.976
566.25     0.976
566.5     0.976
566.75     0.976
567.0     0.976
567.25     0.976
567.5     0.976
567.75     0.976
568.0     0.976
568.25     0.976
568.5     0.976
568.75     0.976
569.0     0.976
569.25     0.976
569.5     0.976
569.75     0.976
570.0     0.976
570.25     0.976
570.5     0.976
570.75     0.976
571.0     0.976
571.25     0.978
571.5     0.978
571.75     0.978
572.0     0.978
572.25     0.978
572.5     0.978
572.75     0.978
573.0     0.978
573.25     0.978
573.5     0.978
573.75     0.978
574.0     0.978
574.25     0.978
574.5     0.978
574.75     0.978
575.0     0.978
575.25     0.978
575.5     0.978
575.75     0.978
576.0     0.98
576.25     0.98
576.5     0.98
576.75     0.98
577.0     0.98
577.25     0.98
577.5     0.98
577.75     0.98
578.0     0.98
578.25     0.98
578.5     0.98
578.75     0.98
579.0     0.98
579.25     0.98
579.5     0.98
579.75     0.98
580.0     0.98
580.25     0.98
580.5     0.98
580.75     0.98
581.0     0.98
581.25     0.98
581.5     0.98
581.75     0.98
582.0     0.98
582.25     0.98
582.5     0.98
582.75     0.98
583.0     0.98
583.25     0.98
583.5     0.98
583.75     0.98
584.0     0.98
584.25     0.98
584.5     0.98
584.75     0.98
585.0     0.98
585.25     0.98
585.5     0.98
585.75     0.98
586.0     0.98
586.25     0.98
586.5     0.98
586.75     0.98
587.0     0.98
587.25     0.98
587.5     0.98
587.75     0.98
588.0     0.98
588.25     0.98
588.5     0.98
588.75     0.98
589.0     0.98
589.25     0.98
589.5     0.982
589.75     0.982
590.0     0.982
590.25     0.982
590.5     0.982
590.75     0.982
591.0     0.982
591.25     0.982
591.5     0.982
591.75     0.982
592.0     0.982
592.25     0.982
592.5     0.982
592.75     0.982
593.0     0.982
593.25     0.982
593.5     0.982
593.75     0.982
594.0     0.982
594.25     0.982
594.5     0.982
594.75     0.982
595.0     0.982
595.25     0.982
595.5     0.982
595.75     0.982
596.0     0.982
596.25     0.982
596.5     0.982
596.75     0.982
597.0     0.982
597.25     0.982
597.5     0.982
597.75     0.982
598.0     0.984
598.25     0.984
598.5     0.984
598.75     0.984
599.0     0.984
599.25     0.984
599.5     0.984
599.75     0.984
600.0     0.984
600.25     0.982
600.5     0.982
600.75     0.982
601.0     0.982
601.25     0.982
601.5     0.982
601.75     0.982
602.0     0.982
602.25     0.982
602.5     0.982
602.75     0.982
603.0     0.982
603.25     0.982
603.5     0.984
603.75     0.984
604.0     0.984
604.25     0.984
604.5     0.984
604.75     0.984
605.0     0.984
605.25     0.984
605.5     0.984
605.75     0.984
606.0     0.984
606.25     0.984
606.5     0.984
606.75     0.984
607.0     0.984
607.25     0.984
607.5     0.984
607.75     0.984
608.0     0.984
608.25     0.984
608.5     0.984
608.75     0.984
609.0     0.984
609.25     0.984
609.5     0.986
609.75     0.986
610.0     0.986
610.25     0.986
610.5     0.986
610.75     0.986
611.0     0.986
611.25     0.986
611.5     0.986
611.75     0.986
612.0     0.986
612.25     0.986
612.5     0.986
612.75     0.986
613.0     0.986
613.25     0.986
613.5     0.986
613.75     0.986
614.0     0.986
614.25     0.986
614.5     0.986
614.75     0.986
615.0     0.986
615.25     0.986
615.5     0.986
615.75     0.986
616.0     0.986
616.25     0.986
616.5     0.986
616.75     0.986
617.0     0.986
617.25     0.986
617.5     0.986
617.75     0.986
618.0     0.986
618.25     0.986
618.5     0.986
618.75     0.986
619.0     0.986
619.25     0.986
619.5     0.986
619.75     0.986
620.0     0.986
620.25     0.986
620.5     0.986
620.75     0.986
621.0     0.986
621.25     0.986
621.5     0.986
621.75     0.986
622.0     0.986
622.25     0.986
622.5     0.986
622.75     0.986
623.0     0.986
623.25     0.986
623.5     0.986
623.75     0.986
624.0     0.986
624.25     0.986
624.5     0.986
624.75     0.986
625.0     0.986
625.25     0.986
625.5     0.986
625.75     0.986
626.0     0.986
626.25     0.986
626.5     0.986
626.75     0.986
627.0     0.986
627.25     0.986
627.5     0.986
627.75     0.986
628.0     0.986
628.25     0.986
628.5     0.986
628.75     0.986
629.0     0.986
629.25     0.986
629.5     0.986
629.75     0.986
630.0     0.986
630.25     0.986
630.5     0.986
630.75     0.986
631.0     0.986
631.25     0.986
631.5     0.986
631.75     0.986
632.0     0.986
632.25     0.986
632.5     0.986
632.75     0.986
633.0     0.986
633.25     0.986
633.5     0.986
633.75     0.986
634.0     0.986
634.25     0.986
634.5     0.986
634.75     0.986
635.0     0.986
635.25     0.986
635.5     0.986
635.75     0.986
636.0     0.986
636.25     0.986
636.5     0.986
636.75     0.986
637.0     0.986
637.25     0.986
637.5     0.986
637.75     0.986
638.0     0.986
638.25     0.986
638.5     0.986
638.75     0.986
639.0     0.986
639.25     0.986
639.5     0.986
639.75     0.986
640.0     0.986
640.25     0.986
640.5     0.986
640.75     0.986
641.0     0.986
641.25     0.986
641.5     0.986
641.75     0.986
642.0     0.986
642.25     0.986
642.5     0.986
642.75     0.986
643.0     0.986
643.25     0.986
643.5     0.986
643.75     0.986
644.0     0.986
644.25     0.986
644.5     0.986
644.75     0.988
645.0     0.988
645.25     0.988
645.5     0.988
645.75     0.988
646.0     0.988
646.25     0.988
646.5     0.988
646.75     0.988
647.0     0.988
647.25     0.988
647.5     0.988
647.75     0.988
648.0     0.988
648.25     0.988
648.5     0.988
648.75     0.988
649.0     0.988
649.25     0.988
649.5     0.988
649.75     0.988
650.0     0.988
650.25     0.988
650.5     0.988
650.75     0.988
651.0     0.988
651.25     0.988
651.5     0.988
651.75     0.988
652.0     0.988
652.25     0.988
652.5     0.988
652.75     0.988
653.0     0.988
653.25     0.988
653.5     0.988
653.75     0.988
654.0     0.988
654.25     0.988
654.5     0.988
654.75     0.988
655.0     0.988
655.25     0.988
655.5     0.988
655.75     0.988
656.0     0.988
656.25     0.988
656.5     0.988
656.75     0.988
657.0     0.988
657.25     0.988
657.5     0.988
657.75     0.988
658.0     0.988
658.25     0.99
658.5     0.99
658.75     0.99
659.0     0.99
659.25     0.99
659.5     0.99
659.75     0.99
660.0     0.99
660.25     0.99
660.5     0.99
660.75     0.99
661.0     0.99
661.25     0.99
661.5     0.99
661.75     0.99
662.0     0.99
662.25     0.99
662.5     0.99
662.75     0.99
663.0     0.99
663.25     0.99
663.5     0.99
663.75     0.99
664.0     0.99
664.25     0.99
664.5     0.99
664.75     0.99
665.0     0.99
665.25     0.99
665.5     0.99
665.75     0.99
666.0     0.99
666.25     0.99
666.5     0.99
666.75     0.99
667.0     0.99
667.25     0.99
667.5     0.99
667.75     0.99
668.0     0.99
668.25     0.99
668.5     0.99
668.75     0.99
669.0     0.99
669.25     0.99
669.5     0.99
669.75     0.99
670.0     0.99
670.25     0.99
670.5     0.99
670.75     0.99
671.0     0.99
671.25     0.99
671.5     0.99
671.75     0.99
672.0     0.99
672.25     0.99
672.5     0.99
672.75     0.99
673.0     0.99
673.25     0.99
673.5     0.99
673.75     0.992
674.0     0.992
674.25     0.992
674.5     0.992
674.75     0.992
675.0     0.992
675.25     0.992
675.5     0.992
675.75     0.992
676.0     0.992
676.25     0.992
676.5     0.992
676.75     0.992
677.0     0.992
677.25     0.992
677.5     0.992
677.75     0.992
678.0     0.992
678.25     0.992
678.5     0.992
678.75     0.992
679.0     0.992
679.25     0.992
679.5     0.992
679.75     0.992
680.0     0.992
680.25     0.992
680.5     0.992
680.75     0.992
681.0     0.992
681.25     0.994
681.5     0.994
681.75     0.994
682.0     0.994
682.25     0.994
682.5     0.994
682.75     0.994
683.0     0.994
683.25     0.994
683.5     0.994
683.75     0.994
684.0     0.994
684.25     0.994
684.5     0.994
684.75     0.994
685.0     0.994
685.25     0.994
685.5     0.994
685.75     0.994
686.0     0.994
686.25     0.994
686.5     0.994
686.75     0.994
687.0     0.994
687.25     0.994
687.5     0.994
687.75     0.994
688.0     0.994
688.25     0.994
688.5     0.994
688.75     0.994
689.0     0.994
689.25     0.994
689.5     0.994
689.75     0.994
690.0     0.994
690.25     0.994
690.5     0.994
690.75     0.994
691.0     0.994
691.25     0.994
691.5     0.994
691.75     0.994
692.0     0.994
692.25     0.994
692.5     0.994
692.75     0.994
693.0     0.994
693.25     0.994
693.5     0.994
693.75     0.994
694.0     0.994
694.25     0.994
694.5     0.994
694.75     0.994
695.0     0.994
695.25     0.994
695.5     0.994
695.75     0.994
696.0     0.994
696.25     0.994
696.5     0.994
696.75     0.994
697.0     0.994
697.25     0.994
697.5     0.994
697.75     0.994
698.0     0.994
698.25     0.994
698.5     0.994
698.75     0.994
699.0     0.994
699.25     0.994
699.5     0.994
699.75     0.994
700.0     0.994
700.25     0.994
700.5     0.994
700.75     0.994
701.0     0.994
701.25     0.994
701.5     0.994
701.75     0.994
702.0     0.994
702.25     0.994
702.5     0.994
702.75     0.994
703.0     0.994
703.25     0.994
703.5     0.994
703.75     0.994
704.0     0.994
704.25     0.994
704.5     0.994
704.75     0.994
705.0     0.994
705.25     0.994
705.5     0.994
705.75     0.994
706.0     0.994
706.25     0.994
706.5     0.994
706.75     0.994
707.0     0.994
707.25     0.994
707.5     0.994
707.75     0.994
708.0     0.994
708.25     0.994
708.5     0.994
708.75     0.994
709.0     0.994
709.25     0.994
709.5     0.994
709.75     0.994
710.0     0.994
710.25     0.994
710.5     0.994
710.75     0.994
711.0     0.994
711.25     0.994
711.5     0.994
711.75     0.994
712.0     0.994
712.25     0.994
712.5     0.994
712.75     0.994
713.0     0.994
713.25     0.994
713.5     0.994
713.75     0.994
714.0     0.994
714.25     0.994
714.5     0.994
714.75     0.994
715.0     0.994
715.25     0.994
715.5     0.994
715.75     0.994
716.0     0.994
716.25     0.994
716.5     0.994
716.75     0.994
717.0     0.994
717.25     0.994
717.5     0.994
717.75     0.994
718.0     0.994
718.25     0.994
718.5     0.994
718.75     0.994
719.0     0.994
719.25     0.994
719.5     0.994
719.75     0.994
720.0     0.994
720.25     0.994
720.5     0.994
720.75     0.994
721.0     0.994
721.25     0.994
721.5     0.994
721.75     0.994
722.0     0.994
722.25     0.994
722.5     0.994
722.75     0.994
723.0     0.994
723.25     0.994
723.5     0.994
723.75     0.994
724.0     0.994
724.25     0.994
724.5     0.994
724.75     0.994
725.0     0.994
725.25     0.994
725.5     0.994
725.75     0.994
726.0     0.994
726.25     0.994
726.5     0.994
726.75     0.994
727.0     0.994
727.25     0.994
727.5     0.994
727.75     0.994
728.0     0.994
728.25     0.994
728.5     0.994
728.75     0.994
729.0     0.994
729.25     0.994
729.5     0.994
729.75     0.994
730.0     0.994
730.25     0.994
730.5     0.994
730.75     0.994
731.0     0.994
731.25     0.994
731.5     0.994
731.75     0.994
732.0     0.994
732.25     0.994
732.5     0.994
732.75     0.994
733.0     0.994
733.25     0.994
733.5     0.994
733.75     0.994
734.0     0.994
734.25     0.994
734.5     0.994
734.75     0.994
735.0     0.994
735.25     0.994
735.5     0.994
735.75     0.994
736.0     0.994
736.25     0.994
736.5     0.994
736.75     0.994
737.0     0.994
737.25     0.994
737.5     0.994
737.75     0.994
738.0     0.994
738.25     0.994
738.5     0.994
738.75     0.994
739.0     0.994
739.25     0.994
739.5     0.994
739.75     0.994
740.0     0.994
740.25     0.994
740.5     0.994
740.75     0.994
741.0     0.994
741.25     0.994
741.5     0.994
741.75     0.994
742.0     0.994
742.25     0.994
742.5     0.994
742.75     0.994
743.0     0.994
743.25     0.994
743.5     0.994
743.75     0.994
744.0     0.994
744.25     0.994
744.5     0.994
744.75     0.994
745.0     0.994
745.25     0.994
745.5     0.994
745.75     0.994
746.0     0.994
746.25     0.994
746.5     0.994
746.75     0.994
747.0     0.994
747.25     0.994
747.5     0.994
747.75     0.994
748.0     0.994
748.25     0.994
748.5     0.994
748.75     0.994
749.0     0.994
749.25     0.994
749.5     0.994
749.75     0.994
750.0     0.994
750.25     0.994
750.5     0.994
750.75     0.994
751.0     0.994
751.25     0.994
751.5     0.994
751.75     0.994
752.0     0.994
752.25     0.994
752.5     0.994
752.75     0.994
753.0     0.994
753.25     0.994
753.5     0.994
753.75     0.994
754.0     0.994
754.25     0.994
754.5     0.994
754.75     0.994
755.0     0.994
755.25     0.994
755.5     0.994
755.75     0.994
756.0     0.994
756.25     0.994
756.5     0.994
756.75     0.994
757.0     0.994
757.25     0.994
757.5     0.994
757.75     0.994
758.0     0.994
758.25     0.994
758.5     0.994
758.75     0.994
759.0     0.994
759.25     0.994
759.5     0.994
759.75     0.994
760.0     0.994
760.25     0.994
760.5     0.994
760.75     0.994
761.0     0.994
761.25     0.994
761.5     0.994
761.75     0.994
762.0     0.994
762.25     0.994
762.5     0.994
762.75     0.994
763.0     0.994
763.25     0.994
763.5     0.994
763.75     0.994
764.0     0.994
764.25     0.994
764.5     0.994
764.75     0.994
765.0     0.994
765.25     0.994
765.5     0.994
765.75     0.996
766.0     0.996
766.25     0.996
766.5     0.996
766.75     0.996
767.0     0.996
767.25     0.996
767.5     0.998
767.75     0.998
768.0     0.998
768.25     0.998
768.5     0.998
768.75     0.998
769.0     0.998
769.25     0.998
769.5     0.998
769.75     0.998
770.0     0.998
770.25     0.998
770.5     0.998
770.75     0.998
771.0     0.998
771.25     0.998
771.5     0.998
771.75     0.998
772.0     0.998
772.25     1.0
772.5     1.0
772.75     1.0
773.0     1.0
773.25     1.0
773.5     1.0
773.75     1.0
774.0     1.0
774.25     1.0
774.5     1.0
774.75     1.0
775.0     1.0
775.25     1.0
775.5     1.0
775.75     1.0
776.0     1.0
776.25     1.0
776.5     1.0
776.75     1.0
777.0     1.0
777.25     1.0
777.5     1.0
777.75     1.0
778.0     1.0
778.25     1.0
778.5     1.0
778.75     1.0
779.0     1.0
779.25     1.0
779.5     1.0
779.75     1.0
780.0     1.0
780.25     1.0
780.5     1.0
780.75     1.0
781.0     1.0
781.25     1.0
781.5     1.0
781.75     1.0
782.0     1.0
782.25     1.0
782.5     1.0
782.75     1.0
783.0     1.0
783.25     1.0
783.5     1.0
783.75     1.0
784.0     1.0
784.25     1.0
784.5     1.0
784.75     1.0
785.0     1.0
785.25     1.0
785.5     1.0
785.75     1.0
786.0     1.0
786.25     1.0
786.5     1.0
786.75     1.0
787.0     1.0
787.25     1.0
787.5     1.0
787.75     1.0
788.0     1.0
788.25     1.0
788.5     1.0
788.75     1.0
789.0     1.0
789.25     1.0
789.5     1.0
789.75     1.0
790.0     1.0
790.25     1.0
790.5     1.0
790.75     1.0
791.0     1.0
791.25     1.0
791.5     1.0
791.75     1.0
792.0     1.0
792.25     1.0
792.5     1.0
792.75     1.0
793.0     1.0
793.25     1.0
793.5     1.0
793.75     1.0
794.0     1.0
794.25     1.0
794.5     1.0
794.75     1.0
795.0     1.0
795.25     1.0
795.5     1.0
795.75     1.0
796.0     1.0
796.25     1.0
796.5     1.0
796.75     1.0
797.0     1.0
797.25     1.0
797.5     1.0
797.75     1.0
798.0     1.0
798.25     1.0
798.5     1.0
798.75     1.0
799.0     1.0
799.25     1.0
799.5     1.0
799.75     1.0
800.0     1.0
800.25     1.0
800.5     1.0
800.75     1.0
801.0     1.0
801.25     1.0
801.5     1.0
801.75     1.0
802.0     1.0
802.25     1.0
802.5     1.0
802.75     1.0
803.0     1.0
803.25     1.0
803.5     1.0
803.75     1.0
804.0     1.0
804.25     1.0
804.5     1.0
804.75     1.0
805.0     1.0
805.25     1.0
805.5     1.0
805.75     1.0
806.0     1.0
806.25     1.0
806.5     1.0
806.75     1.0
807.0     1.0
807.25     1.0
807.5     1.0
807.75     1.0
808.0     1.0
808.25     1.0
808.5     1.0
808.75     1.0
809.0     1.0
809.25     1.0
809.5     1.0
809.75     1.0
810.0     1.0
810.25     1.0
810.5     1.0
810.75     1.0
811.0     1.0
811.25     1.0
811.5     1.0
811.75     1.0
812.0     1.0
812.25     1.0
812.5     1.0
812.75     1.0
813.0     1.0
813.25     1.0
813.5     1.0
813.75     1.0
814.0     1.0
814.25     1.0
814.5     1.0
814.75     1.0
815.0     1.0
815.25     1.0
815.5     1.0
815.75     1.0
816.0     1.0
816.25     1.0
816.5     1.0
816.75     1.0
817.0     1.0
817.25     1.0
817.5     1.0
817.75     1.0
818.0     1.0
818.25     1.0
818.5     1.0
818.75     1.0
819.0     1.0
819.25     1.0
819.5     1.0
819.75     1.0
820.0     1.0
820.25     1.0
820.5     1.0
820.75     1.0
821.0     1.0
821.25     1.0
821.5     1.0
821.75     1.0
822.0     1.0
822.25     1.0
822.5     1.0
822.75     1.0
823.0     1.0
823.25     1.0
823.5     1.0
823.75     1.0
824.0     1.0
824.25     1.0
824.5     1.0
824.75     1.0
825.0     1.0
825.25     1.0
825.5     1.0
825.75     1.0
826.0     1.0
826.25     1.0
826.5     1.0
826.75     1.0
827.0     1.0
827.25     1.0
827.5     1.0
827.75     1.0
828.0     1.0
828.25     1.0
828.5     1.0
828.75     1.0
829.0     1.0
829.25     1.0
829.5     1.0
829.75     1.0
830.0     1.0
830.25     1.0
830.5     1.0
830.75     1.0
831.0     1.0
831.25     1.0
831.5     1.0
831.75     1.0
832.0     1.0
832.25     1.0
832.5     1.0
832.75     1.0
833.0     1.0
833.25     1.0
833.5     1.0
833.75     1.0
834.0     1.0
834.25     1.0
834.5     1.0
834.75     1.0
835.0     1.0
835.25     1.0
835.5     1.0
835.75     1.0
836.0     1.0
836.25     1.0
836.5     1.0
836.75     1.0
837.0     1.0
837.25     1.0
837.5     1.0
837.75     1.0
838.0     1.0
838.25     1.0
838.5     1.0
838.75     1.0
839.0     1.0
839.25     1.0
839.5     1.0
839.75     1.0
840.0     1.0
840.25     1.0
840.5     1.0
840.75     1.0
841.0     1.0
841.25     1.0
841.5     1.0
841.75     1.0
842.0     1.0
842.25     1.0
842.5     1.0
842.75     1.0
843.0     1.0
843.25     1.0
843.5     1.0
843.75     1.0
844.0     1.0
844.25     1.0
844.5     1.0
844.75     1.0
845.0     1.0
845.25     1.0
845.5     1.0
845.75     1.0
846.0     1.0
846.25     1.0
846.5     1.0
846.75     1.0
847.0     1.0
847.25     1.0
847.5     1.0
847.75     1.0
848.0     1.0
848.25     1.0
848.5     1.0
848.75     1.0
849.0     1.0
849.25     1.0
849.5     1.0
849.75     1.0
850.0     1.0
850.25     1.0
850.5     1.0
850.75     1.0
851.0     1.0
851.25     1.0
851.5     1.0
851.75     1.0
852.0     1.0
852.25     1.0
852.5     1.0
852.75     1.0
853.0     1.0
853.25     1.0
853.5     1.0
853.75     1.0
854.0     1.0
854.25     1.0
854.5     1.0
854.75     1.0
855.0     1.0
855.25     1.0
855.5     1.0
855.75     1.0
856.0     1.0
856.25     1.0
856.5     1.0
856.75     1.0
857.0     1.0
857.25     1.0
857.5     1.0
857.75     1.0
858.0     1.0
858.25     1.0
858.5     1.0
858.75     1.0
859.0     1.0
859.25     1.0
859.5     1.0
859.75     1.0
860.0     1.0
860.25     1.0
860.5     1.0
860.75     1.0
861.0     1.0
861.25     1.0
861.5     1.0
861.75     1.0
862.0     1.0
862.25     1.0
862.5     1.0
862.75     1.0
863.0     1.0
863.25     1.0
863.5     1.0
863.75     1.0
864.0     1.0
864.25     1.0
864.5     1.0
864.75     1.0
865.0     1.0
865.25     1.0
865.5     1.0
865.75     1.0
866.0     1.0
866.25     1.0
866.5     1.0
866.75     1.0
867.0     1.0
867.25     1.0
867.5     1.0
867.75     1.0
868.0     1.0
868.25     1.0
868.5     1.0
868.75     1.0
869.0     1.0
869.25     1.0
869.5     1.0
869.75     1.0
870.0     1.0
870.25     1.0
870.5     1.0
870.75     1.0
871.0     1.0
871.25     1.0
871.5     1.0
871.75     1.0
872.0     1.0
872.25     1.0
872.5     1.0
872.75     1.0
873.0     1.0
873.25     1.0
873.5     1.0
873.75     1.0
874.0     1.0
874.25     1.0
874.5     1.0
874.75     1.0
875.0     1.0
875.25     1.0
875.5     1.0
875.75     1.0
876.0     1.0
876.25     1.0
876.5     1.0
876.75     1.0
877.0     1.0
877.25     1.0
877.5     1.0
877.75     1.0
878.0     1.0
878.25     1.0
878.5     1.0
878.75     1.0
879.0     1.0
879.25     1.0
879.5     1.0
879.75     1.0
880.0     1.0
880.25     1.0
880.5     1.0
880.75     1.0
881.0     1.0
881.25     1.0
881.5     1.0
881.75     1.0
882.0     1.0
882.25     1.0
882.5     1.0
882.75     1.0
883.0     1.0
883.25     1.0
883.5     1.0
883.75     1.0
884.0     1.0
884.25     1.0
884.5     1.0
884.75     1.0
885.0     1.0
885.25     1.0
885.5     1.0
885.75     1.0
886.0     1.0
886.25     1.0
886.5     1.0
886.75     1.0
887.0     1.0
887.25     1.0
887.5     1.0
887.75     1.0
888.0     1.0
888.25     1.0
888.5     1.0
888.75     1.0
889.0     1.0
889.25     1.0
889.5     1.0
889.75     1.0
890.0     1.0
890.25     1.0
890.5     1.0
890.75     1.0
891.0     1.0
891.25     1.0
891.5     1.0
891.75     1.0
892.0     1.0
892.25     1.0
892.5     1.0
892.75     1.0
893.0     1.0
893.25     1.0
893.5     1.0
893.75     1.0
894.0     1.0
894.25     1.0
894.5     1.0
894.75     1.0
895.0     1.0
895.25     1.0
895.5     1.0
895.75     1.0
896.0     1.0
896.25     1.0
896.5     1.0
896.75     1.0
897.0     1.0
897.25     1.0
897.5     1.0
897.75     1.0
898.0     1.0
898.25     1.0
898.5     1.0
898.75     1.0
899.0     1.0
899.25     1.0
899.5     1.0
899.75     1.0
900.0     1.0
900.25     1.0
900.5     1.0
900.75     1.0
901.0     1.0
901.25     1.0
901.5     1.0
901.75     1.0
902.0     1.0
902.25     1.0
902.5     1.0
902.75     1.0
903.0     1.0
903.25     1.0
903.5     1.0
903.75     1.0
904.0     1.0
904.25     1.0
904.5     1.0
904.75     1.0
905.0     1.0
905.25     1.0
905.5     1.0
905.75     1.0
906.0     1.0
906.25     1.0
906.5     1.0
906.75     1.0
907.0     1.0
907.25     1.0
907.5     1.0
907.75     1.0
908.0     1.0
908.25     1.0
908.5     1.0
908.75     1.0
909.0     1.0
909.25     1.0
909.5     1.0
909.75     1.0
910.0     1.0
910.25     1.0
910.5     1.0
910.75     1.0
911.0     1.0
911.25     1.0
911.5     1.0
911.75     1.0
912.0     1.0
912.25     1.0
912.5     1.0
912.75     1.0
913.0     1.0
913.25     1.0
913.5     1.0
913.75     1.0
914.0     1.0
914.25     1.0
914.5     1.0
914.75     1.0
915.0     1.0
915.25     1.0
915.5     1.0
915.75     1.0
916.0     1.0
916.25     1.0
916.5     1.0
916.75     1.0
917.0     1.0
917.25     1.0
917.5     1.0
917.75     1.0
918.0     1.0
918.25     1.0
918.5     1.0
918.75     1.0
919.0     1.0
919.25     1.0
919.5     1.0
919.75     1.0
920.0     1.0
920.25     1.0
920.5     1.0
920.75     1.0
921.0     1.0
921.25     1.0
921.5     1.0
921.75     1.0
922.0     1.0
922.25     1.0
922.5     1.0
922.75     1.0
923.0     1.0
923.25     1.0
923.5     1.0
923.75     1.0
924.0     1.0
924.25     1.0
924.5     1.0
924.75     1.0
925.0     1.0
925.25     1.0
925.5     1.0
925.75     1.0
926.0     1.0
926.25     1.0
926.5     1.0
926.75     1.0
927.0     1.0
927.25     1.0
927.5     1.0
927.75     1.0
928.0     1.0
928.25     1.0
928.5     1.0
928.75     1.0
929.0     1.0
929.25     1.0
929.5     1.0
929.75     1.0
930.0     1.0
930.25     1.0
930.5     1.0
930.75     1.0
931.0     1.0
931.25     1.0
931.5     1.0
931.75     1.0
932.0     1.0
932.25     1.0
932.5     1.0
932.75     1.0
933.0     1.0
933.25     1.0
933.5     1.0
933.75     1.0
934.0     1.0
934.25     1.0
934.5     1.0
934.75     1.0
935.0     1.0
935.25     1.0
935.5     1.0
935.75     1.0
936.0     1.0
936.25     1.0
936.5     1.0
936.75     1.0
937.0     1.0
937.25     1.0
937.5     1.0
937.75     1.0
938.0     1.0
938.25     1.0
938.5     1.0
938.75     1.0
939.0     1.0
939.25     1.0
939.5     1.0
939.75     1.0
940.0     1.0
940.25     1.0
940.5     1.0
940.75     1.0
941.0     1.0
941.25     1.0
941.5     1.0
941.75     1.0
942.0     1.0
942.25     1.0
942.5     1.0
942.75     1.0
943.0     1.0
943.25     1.0
943.5     1.0
943.75     1.0
944.0     1.0
944.25     1.0
944.5     1.0
944.75     1.0
945.0     1.0
945.25     1.0
945.5     1.0
945.75     1.0
946.0     1.0
946.25     1.0
946.5     1.0
946.75     1.0
947.0     1.0
947.25     1.0
947.5     1.0
947.75     1.0
948.0     1.0
948.25     1.0
948.5     1.0
948.75     1.0
949.0     1.0
949.25     1.0
949.5     1.0
949.75     1.0
950.0     1.0
950.25     1.0
950.5     1.0
950.75     1.0
951.0     1.0
951.25     1.0
951.5     1.0
951.75     1.0
952.0     1.0
952.25     1.0
952.5     1.0
952.75     1.0
953.0     1.0
953.25     1.0
953.5     1.0
953.75     1.0
954.0     1.0
954.25     1.0
954.5     1.0
954.75     1.0
955.0     1.0
955.25     1.0
955.5     1.0
955.75     1.0
956.0     1.0
956.25     1.0
956.5     1.0
956.75     1.0
957.0     1.0
957.25     1.0
957.5     1.0
957.75     1.0
958.0     1.0
958.25     1.0
958.5     1.0
958.75     1.0
959.0     1.0
959.25     1.0
959.5     1.0
959.75     1.0
960.0     1.0
960.25     1.0
960.5     1.0
960.75     1.0
961.0     1.0
961.25     1.0
961.5     1.0
961.75     1.0
962.0     1.0
962.25     1.0
962.5     1.0
962.75     1.0
963.0     1.0
963.25     1.0
963.5     1.0
963.75     1.0
964.0     1.0
964.25     1.0
964.5     1.0
964.75     1.0
965.0     1.0
965.25     1.0
965.5     1.0
965.75     1.0
966.0     1.0
966.25     1.0
966.5     1.0
966.75     1.0
967.0     1.0
967.25     1.0
967.5     1.0
967.75     1.0
968.0     1.0
968.25     1.0
968.5     1.0
968.75     1.0
969.0     1.0
969.25     1.0
969.5     1.0
969.75     1.0
970.0     1.0
970.25     1.0
970.5     1.0
970.75     1.0
971.0     1.0
971.25     1.0
971.5     1.0
971.75     1.0
972.0     1.0
972.25     1.0
972.5     1.0
972.75     1.0
973.0     1.0
973.25     1.0
973.5     1.0
973.75     1.0
974.0     1.0
974.25     1.0
974.5     1.0
974.75     1.0
975.0     1.0
975.25     1.0
975.5     1.0
975.75     1.0
976.0     1.0
976.25     1.0
976.5     1.0
976.75     1.0
977.0     1.0
977.25     1.0
977.5     1.0
977.75     1.0
978.0     1.0
978.25     1.0
978.5     1.0
978.75     1.0
979.0     1.0
979.25     1.0
979.5     1.0
979.75     1.0
980.0     1.0
980.25     1.0
980.5     1.0
980.75     1.0
981.0     1.0
981.25     1.0
981.5     1.0
981.75     1.0
982.0     1.0
982.25     1.0
982.5     1.0
982.75     1.0
983.0     1.0
983.25     1.0
983.5     1.0
983.75     1.0
984.0     1.0
984.25     1.0
984.5     1.0
984.75     1.0
985.0     1.0
985.25     1.0
985.5     1.0
985.75     1.0
986.0     1.0
986.25     1.0
986.5     1.0
986.75     1.0
987.0     1.0
987.25     1.0
987.5     1.0
987.75     1.0
988.0     1.0
988.25     1.0
988.5     1.0
988.75     1.0
989.0     1.0
989.25     1.0
989.5     1.0
989.75     1.0
990.0     1.0
990.25     1.0
990.5     1.0
990.75     1.0
991.0     1.0
991.25     1.0
991.5     0.998
991.75     0.998
992.0     0.998
992.25     0.998
992.5     0.998
992.75     0.998
993.0     0.998
993.25     0.998
993.5     0.998
993.75     0.998
994.0     0.998
994.25     0.998
994.5     0.998
994.75     0.998
995.0     0.998
995.25     0.998
995.5     0.998
995.75     0.998
996.0     0.998
996.25     0.998
996.5     0.998
996.75     0.998
997.0     0.998
997.25     0.998
997.5     0.998
997.75     0.998
998.0     0.998
998.25     0.998
998.5     0.998
998.75     0.998
999.0     0.998
999.25     0.998
999.5     0.998
999.75     0.998
1000.0     0.998
