0.25     1.0
0.5     1.0
0.75     1.0
1.0     1.0
1.25     1.0
1.5     1.0
1.75     1.0
2.0     1.0
2.25     1.0
2.5     1.0
2.75     1.0
3.0     1.0
3.25     1.0
3.5     1.0
3.75     1.0
4.0     1.0
4.25     1.0
4.5     1.0
4.75     1.0
5.0     1.0
5.25     1.0
5.5     1.0
5.75     1.0
6.0     1.0
6.25     1.0
6.5     1.0
6.75     1.0
7.0     1.0
7.25     1.0
7.5     1.0
7.75     1.0
8.0     1.0
8.25     1.0
8.5     1.0
8.75     1.0
9.0     1.0
9.25     1.0
9.5     1.0
9.75     1.0
10.0     1.0
10.25     1.0
10.5     1.0
10.75     1.0
11.0     1.0
11.25     1.0
11.5     1.0
11.75     1.0
12.0     1.0
12.25     1.0
12.5     1.0
12.75     1.0
13.0     1.0
13.25     1.0
13.5     1.0
13.75     1.0
14.0     1.0
14.25     1.0
14.5     1.0
14.75     1.0
15.0     1.0
15.25     1.0
15.5     1.0
15.75     1.0
16.0     1.0
16.25     1.0
16.5     1.0
16.75     1.0
17.0     1.0
17.25     1.0
17.5     1.0
17.75     1.0
18.0     1.0
18.25     1.0
18.5     1.0
18.75     1.0
19.0     0.998
19.25     0.998
19.5     0.998
19.75     0.998
20.0     0.998
20.25     0.998
20.5     0.998
20.75     0.998
21.0     0.998
21.25     0.998
21.5     0.998
21.75     0.998
22.0     0.998
22.25     0.998
22.5     0.996
22.75     0.996
23.0     0.996
23.25     0.996
23.5     0.996
23.75     0.996
24.0     0.996
24.25     0.996
24.5     0.992
24.75     0.99
25.0     0.99
25.25     0.984
25.5     0.978
25.75     0.978
26.0     0.978
26.25     0.98
26.5     0.974
26.75     0.972
27.0     0.972
27.25     0.968
27.5     0.966
27.75     0.962
28.0     0.958
28.25     0.956
28.5     0.956
28.75     0.954
29.0     0.952
29.25     0.952
29.5     0.948
29.75     0.948
30.0     0.948
30.25     0.944
30.5     0.948
30.75     0.942
31.0     0.942
31.25     0.938
31.5     0.938
31.75     0.936
32.0     0.93
32.25     0.928
32.5     0.926
32.75     0.922
33.0     0.918
33.25     0.914
33.5     0.912
33.75     0.914
34.0     0.912
34.25     0.912
34.5     0.914
34.75     0.914
35.0     0.91
35.25     0.91
35.5     0.91
35.75     0.908
36.0     0.906
36.25     0.906
36.5     0.906
36.75     0.906
37.0     0.906
37.25     0.904
37.5     0.902
37.75     0.902
38.0     0.902
38.25     0.902
38.5     0.9
38.75     0.9
39.0     0.9
39.25     0.9
39.5     0.9
39.75     0.898
40.0     0.898
40.25     0.894
40.5     0.894
40.75     0.892
41.0     0.892
41.25     0.892
41.5     0.89
41.75     0.89
42.0     0.89
42.25     0.888
42.5     0.886
42.75     0.884
43.0     0.882
43.25     0.882
43.5     0.88
43.75     0.88
44.0     0.878
44.25     0.876
44.5     0.872
44.75     0.872
45.0     0.872
45.25     0.872
45.5     0.868
45.75     0.868
46.0     0.868
46.25     0.87
46.5     0.87
46.75     0.868
47.0     0.868
47.25     0.866
47.5     0.864
47.75     0.862
48.0     0.862
48.25     0.858
48.5     0.856
48.75     0.856
49.0     0.856
49.25     0.856
49.5     0.852
49.75     0.85
50.0     0.846
50.25     0.844
50.5     0.844
50.75     0.842
51.0     0.84
51.25     0.84
51.5     0.84
51.75     0.84
52.0     0.84
52.25     0.838
52.5     0.836
52.75     0.834
53.0     0.834
53.25     0.832
53.5     0.826
53.75     0.822
54.0     0.822
54.25     0.822
54.5     0.82
54.75     0.82
55.0     0.818
55.25     0.816
55.5     0.814
55.75     0.814
56.0     0.816
56.25     0.814
56.5     0.81
56.75     0.81
57.0     0.81
57.25     0.81
57.5     0.808
57.75     0.804
58.0     0.804
58.25     0.8
58.5     0.798
58.75     0.796
59.0     0.796
59.25     0.796
59.5     0.794
59.75     0.792
60.0     0.792
60.25     0.79
60.5     0.79
60.75     0.786
61.0     0.786
61.25     0.786
61.5     0.786
61.75     0.784
62.0     0.784
62.25     0.782
62.5     0.782
62.75     0.778
63.0     0.776
63.25     0.778
63.5     0.78
63.75     0.778
64.0     0.778
64.25     0.778
64.5     0.778
64.75     0.778
65.0     0.776
65.25     0.776
65.5     0.776
65.75     0.776
66.0     0.774
66.25     0.772
66.5     0.772
66.75     0.77
67.0     0.768
67.25     0.77
67.5     0.768
67.75     0.77
68.0     0.768
68.25     0.768
68.5     0.768
68.75     0.764
69.0     0.764
69.25     0.764
69.5     0.762
69.75     0.76
70.0     0.76
70.25     0.758
70.5     0.756
70.75     0.756
71.0     0.756
71.25     0.756
71.5     0.754
71.75     0.754
72.0     0.754
72.25     0.754
72.5     0.754
72.75     0.754
73.0     0.752
73.25     0.752
73.5     0.752
73.75     0.752
74.0     0.752
74.25     0.75
74.5     0.748
74.75     0.748
75.0     0.746
75.25     0.746
75.5     0.746
75.75     0.746
76.0     0.746
76.25     0.746
76.5     0.746
76.75     0.746
77.0     0.746
77.25     0.746
77.5     0.742
77.75     0.742
78.0     0.742
78.25     0.738
78.5     0.738
78.75     0.738
79.0     0.738
79.25     0.734
79.5     0.732
79.75     0.734
80.0     0.734
80.25     0.734
80.5     0.736
80.75     0.736
81.0     0.734
81.25     0.734
81.5     0.734
81.75     0.732
82.0     0.732
82.25     0.732
82.5     0.732
82.75     0.732
83.0     0.732
83.25     0.73
83.5     0.728
83.75     0.728
84.0     0.73
84.25     0.728
84.5     0.728
84.75     0.726
85.0     0.726
85.25     0.726
85.5     0.722
85.75     0.722
86.0     0.722
86.25     0.722
86.5     0.72
86.75     0.718
87.0     0.716
87.25     0.714
87.5     0.712
87.75     0.712
88.0     0.712
88.25     0.71
88.5     0.71
88.75     0.708
89.0     0.704
89.25     0.704
89.5     0.704
89.75     0.704
90.0     0.704
90.25     0.702
90.5     0.704
90.75     0.704
91.0     0.704
91.25     0.704
91.5     0.704
91.75     0.704
92.0     0.704
92.25     0.702
92.5     0.7
92.75     0.7
93.0     0.698
93.25     0.698
93.5     0.698
93.75     0.696
94.0     0.696
94.25     0.694
94.5     0.692
94.75     0.692
95.0     0.692
95.25     0.692
95.5     0.692
95.75     0.69
96.0     0.686
96.25     0.686
96.5     0.686
96.75     0.684
97.0     0.686
97.25     0.682
97.5     0.682
97.75     0.682
98.0     0.682
98.25     0.682
98.5     0.68
98.75     0.68
99.0     0.68
99.25     0.68
99.5     0.678
99.75     0.678
100.0     0.678
100.25     0.674
100.5     0.674
100.75     0.672
101.0     0.672
101.25     0.672
101.5     0.672
101.75     0.672
102.0     0.672
102.25     0.674
102.5     0.674
102.75     0.674
103.0     0.674
103.25     0.672
103.5     0.67
103.75     0.668
104.0     0.668
104.25     0.668
104.5     0.668
104.75     0.668
105.0     0.666
105.25     0.666
105.5     0.664
105.75     0.664
106.0     0.664
106.25     0.664
106.5     0.662
106.75     0.662
107.0     0.662
107.25     0.662
107.5     0.662
107.75     0.662
108.0     0.662
108.25     0.662
108.5     0.66
108.75     0.66
109.0     0.66
109.25     0.66
109.5     0.66
109.75     0.66
110.0     0.66
110.25     0.66
110.5     0.66
110.75     0.66
111.0     0.66
111.25     0.66
111.5     0.66
111.75     0.658
112.0     0.656
112.25     0.656
112.5     0.656
112.75     0.656
113.0     0.654
113.25     0.654
113.5     0.654
113.75     0.654
114.0     0.654
114.25     0.654
114.5     0.65
114.75     0.65
115.0     0.65
115.25     0.65
115.5     0.65
115.75     0.65
116.0     0.65
116.25     0.65
116.5     0.648
116.75     0.646
117.0     0.644
117.25     0.644
117.5     0.644
117.75     0.644
118.0     0.644
118.25     0.644
118.5     0.644
118.75     0.644
119.0     0.644
119.25     0.644
119.5     0.644
119.75     0.644
120.0     0.644
120.25     0.644
120.5     0.642
120.75     0.642
121.0     0.64
121.25     0.638
121.5     0.638
121.75     0.638
122.0     0.638
122.25     0.638
122.5     0.638
122.75     0.636
123.0     0.636
123.25     0.636
123.5     0.636
123.75     0.636
124.0     0.634
124.25     0.632
124.5     0.632
124.75     0.63
125.0     0.628
125.25     0.63
125.5     0.63
125.75     0.63
126.0     0.628
126.25     0.628
126.5     0.626
126.75     0.626
127.0     0.626
127.25     0.622
127.5     0.622
127.75     0.62
128.0     0.62
128.25     0.62
128.5     0.62
128.75     0.614
129.0     0.612
129.25     0.612
129.5     0.612
129.75     0.612
130.0     0.612
130.25     0.612
130.5     0.612
130.75     0.612
131.0     0.612
131.25     0.612
131.5     0.614
131.75     0.614
132.0     0.608
132.25     0.608
132.5     0.606
132.75     0.606
133.0     0.606
133.25     0.604
133.5     0.604
133.75     0.604
134.0     0.604
134.25     0.604
134.5     0.604
134.75     0.604
135.0     0.604
135.25     0.604
135.5     0.604
135.75     0.602
136.0     0.6
136.25     0.6
136.5     0.6
136.75     0.598
137.0     0.596
137.25     0.596
137.5     0.596
137.75     0.596
138.0     0.594
138.25     0.594
138.5     0.594
138.75     0.594
139.0     0.594
139.25     0.594
139.5     0.594
139.75     0.594
140.0     0.594
140.25     0.594
140.5     0.594
140.75     0.594
141.0     0.594
141.25     0.594
141.5     0.592
141.75     0.592
142.0     0.592
142.25     0.59
142.5     0.588
142.75     0.588
143.0     0.588
143.25     0.588
143.5     0.588
143.75     0.586
144.0     0.586
144.25     0.582
144.5     0.582
144.75     0.582
145.0     0.582
145.25     0.58
145.5     0.578
145.75     0.58
146.0     0.58
146.25     0.58
146.5     0.58
146.75     0.58
147.0     0.578
147.25     0.576
147.5     0.572
147.75     0.572
148.0     0.568
148.25     0.568
148.5     0.566
148.75     0.566
149.0     0.564
149.25     0.564
149.5     0.566
149.75     0.566
150.0     0.566
150.25     0.564
150.5     0.564
150.75     0.564
151.0     0.562
151.25     0.562
151.5     0.562
151.75     0.562
152.0     0.56
152.25     0.56
152.5     0.556
152.75     0.554
153.0     0.554
153.25     0.552
153.5     0.552
153.75     0.552
154.0     0.552
154.25     0.552
154.5     0.552
154.75     0.548
155.0     0.548
155.25     0.548
155.5     0.548
155.75     0.548
156.0     0.548
156.25     0.548
156.5     0.546
156.75     0.544
157.0     0.544
157.25     0.544
157.5     0.542
157.75     0.542
158.0     0.542
158.25     0.542
158.5     0.542
158.75     0.54
159.0     0.54
159.25     0.54
159.5     0.54
159.75     0.54
160.0     0.538
160.25     0.538
160.5     0.538
160.75     0.536
161.0     0.536
161.25     0.536
161.5     0.534
161.75     0.534
162.0     0.532
162.25     0.532
162.5     0.53
162.75     0.53
163.0     0.53
163.25     0.53
163.5     0.53
163.75     0.53
164.0     0.53
164.25     0.53
164.5     0.53
164.75     0.53
165.0     0.53
165.25     0.53
165.5     0.53
165.75     0.528
166.0     0.528
166.25     0.526
166.5     0.526
166.75     0.524
167.0     0.524
167.25     0.524
167.5     0.524
167.75     0.524
168.0     0.52
168.25     0.52
168.5     0.52
168.75     0.52
169.0     0.52
169.25     0.52
169.5     0.52
169.75     0.52
170.0     0.52
170.25     0.52
170.5     0.52
170.75     0.52
171.0     0.52
171.25     0.52
171.5     0.518
171.75     0.518
172.0     0.516
172.25     0.516
172.5     0.516
172.75     0.514
173.0     0.514
173.25     0.514
173.5     0.514
173.75     0.514
174.0     0.514
174.25     0.512
174.5     0.512
174.75     0.514
175.0     0.514
175.25     0.512
175.5     0.512
175.75     0.508
176.0     0.508
176.25     0.506
176.5     0.504
176.75     0.504
177.0     0.502
177.25     0.502
177.5     0.502
177.75     0.5
178.0     0.5
178.25     0.498
178.5     0.496
178.75     0.494
179.0     0.492
179.25     0.492
179.5     0.492
179.75     0.49
180.0     0.49
180.25     0.488
180.5     0.488
180.75     0.488
181.0     0.488
181.25     0.488
181.5     0.488
181.75     0.488
182.0     0.486
182.25     0.484
182.5     0.484
182.75     0.484
183.0     0.482
183.25     0.482
183.5     0.482
183.75     0.482
184.0     0.482
184.25     0.482
184.5     0.482
184.75     0.482
185.0     0.482
185.25     0.482
185.5     0.48
185.75     0.48
186.0     0.48
186.25     0.48
186.5     0.48
186.75     0.48
187.0     0.48
187.25     0.48
187.5     0.478
187.75     0.478
188.0     0.478
188.25     0.478
188.5     0.478
188.75     0.478
189.0     0.476
189.25     0.476
189.5     0.474
189.75     0.474
190.0     0.474
190.25     0.474
190.5     0.474
190.75     0.474
191.0     0.474
191.25     0.474
191.5     0.474
191.75     0.474
192.0     0.474
192.25     0.474
192.5     0.472
192.75     0.47
193.0     0.47
193.25     0.47
193.5     0.47
193.75     0.47
194.0     0.47
194.25     0.47
194.5     0.47
194.75     0.47
195.0     0.468
195.25     0.468
195.5     0.468
195.75     0.468
196.0     0.468
196.25     0.468
196.5     0.466
196.75     0.462
197.0     0.464
197.25     0.462
197.5     0.462
197.75     0.458
198.0     0.458
198.25     0.458
198.5     0.458
198.75     0.458
199.0     0.458
199.25     0.458
199.5     0.458
199.75     0.458
200.0     0.456
200.25     0.456
200.5     0.456
200.75     0.458
201.0     0.458
201.25     0.458
201.5     0.454
201.75     0.454
202.0     0.45
202.25     0.45
202.5     0.448
202.75     0.448
203.0     0.448
203.25     0.446
203.5     0.444
203.75     0.444
204.0     0.444
204.25     0.44
204.5     0.44
204.75     0.44
205.0     0.438
205.25     0.438
205.5     0.438
205.75     0.436
206.0     0.434
206.25     0.434
206.5     0.43
206.75     0.428
207.0     0.428
207.25     0.426
207.5     0.424
207.75     0.424
208.0     0.424
208.25     0.422
208.5     0.424
208.75     0.424
209.0     0.422
209.25     0.422
209.5     0.424
209.75     0.422
210.0     0.422
210.25     0.422
210.5     0.422
210.75     0.42
211.0     0.42
211.25     0.42
211.5     0.42
211.75     0.418
212.0     0.418
212.25     0.418
212.5     0.416
212.75     0.416
213.0     0.414
213.25     0.414
213.5     0.414
213.75     0.414
214.0     0.414
214.25     0.414
214.5     0.416
214.75     0.416
215.0     0.414
215.25     0.414
215.5     0.412
215.75     0.41
216.0     0.41
216.25     0.408
216.5     0.408
216.75     0.408
217.0     0.408
217.25     0.408
217.5     0.408
217.75     0.404
218.0     0.402
218.25     0.402
218.5     0.402
218.75     0.402
219.0     0.4
219.25     0.398
219.5     0.398
219.75     0.396
220.0     0.396
220.25     0.394
220.5     0.392
220.75     0.392
221.0     0.392
221.25     0.392
221.5     0.392
221.75     0.39
222.0     0.388
222.25     0.386
222.5     0.386
222.75     0.386
223.0     0.386
223.25     0.386
223.5     0.386
223.75     0.382
224.0     0.384
224.25     0.382
224.5     0.382
224.75     0.382
225.0     0.38
225.25     0.376
225.5     0.376
225.75     0.374
226.0     0.372
226.25     0.372
226.5     0.372
226.75     0.366
227.0     0.368
227.25     0.368
227.5     0.368
227.75     0.366
228.0     0.364
228.25     0.362
228.5     0.36
228.75     0.358
229.0     0.356
229.25     0.356
229.5     0.354
229.75     0.354
230.0     0.352
230.25     0.352
230.5     0.352
230.75     0.356
231.0     0.352
231.25     0.35
231.5     0.348
231.75     0.346
232.0     0.346
232.25     0.344
232.5     0.344
232.75     0.34
233.0     0.34
233.25     0.34
233.5     0.338
233.75     0.336
234.0     0.336
234.25     0.336
234.5     0.336
234.75     0.334
235.0     0.332
235.25     0.328
235.5     0.326
235.75     0.32
236.0     0.32
236.25     0.318
236.5     0.318
236.75     0.318
237.0     0.318
237.25     0.32
237.5     0.32
237.75     0.318
238.0     0.318
238.25     0.318
238.5     0.314
238.75     0.314
239.0     0.314
239.25     0.314
239.5     0.314
239.75     0.314
240.0     0.314
240.25     0.314
240.5     0.314
240.75     0.312
241.0     0.31
241.25     0.306
241.5     0.306
241.75     0.306
242.0     0.302
242.25     0.302
242.5     0.302
242.75     0.302
243.0     0.302
243.25     0.302
243.5     0.3
243.75     0.3
244.0     0.3
244.25     0.3
244.5     0.3
244.75     0.298
245.0     0.298
245.25     0.296
245.5     0.296
245.75     0.296
246.0     0.296
246.25     0.292
246.5     0.29
246.75     0.288
247.0     0.288
247.25     0.286
247.5     0.286
247.75     0.286
248.0     0.286
248.25     0.286
248.5     0.284
248.75     0.284
249.0     0.282
249.25     0.28
249.5     0.278
249.75     0.276
250.0     0.276
250.25     0.276
250.5     0.274
250.75     0.272
251.0     0.27
251.25     0.268
251.5     0.268
251.75     0.266
252.0     0.266
252.25     0.266
252.5     0.266
252.75     0.264
253.0     0.264
253.25     0.264
253.5     0.264
253.75     0.264
254.0     0.264
254.25     0.264
254.5     0.264
254.75     0.264
255.0     0.262
255.25     0.262
255.5     0.26
255.75     0.258
256.0     0.256
256.25     0.256
256.5     0.254
256.75     0.252
257.0     0.252
257.25     0.252
257.5     0.252
257.75     0.252
258.0     0.252
258.25     0.252
258.5     0.25
258.75     0.248
259.0     0.246
259.25     0.244
259.5     0.244
259.75     0.244
260.0     0.244
260.25     0.244
260.5     0.244
260.75     0.244
261.0     0.244
261.25     0.244
261.5     0.244
261.75     0.244
262.0     0.244
262.25     0.244
262.5     0.244
262.75     0.236
263.0     0.236
263.25     0.234
263.5     0.234
263.75     0.232
264.0     0.232
264.25     0.232
264.5     0.23
264.75     0.23
265.0     0.23
265.25     0.23
265.5     0.23
265.75     0.228
266.0     0.226
266.25     0.226
266.5     0.226
266.75     0.224
267.0     0.224
267.25     0.224
267.5     0.224
267.75     0.224
268.0     0.226
268.25     0.226
268.5     0.226
268.75     0.226
269.0     0.226
269.25     0.224
269.5     0.224
269.75     0.222
270.0     0.22
270.25     0.22
270.5     0.22
270.75     0.218
271.0     0.218
271.25     0.216
271.5     0.214
271.75     0.212
272.0     0.212
272.25     0.212
272.5     0.212
272.75     0.212
273.0     0.212
273.25     0.208
273.5     0.206
273.75     0.206
274.0     0.206
274.25     0.206
274.5     0.206
274.75     0.206
275.0     0.206
275.25     0.204
275.5     0.202
275.75     0.202
276.0     0.202
276.25     0.202
276.5     0.2
276.75     0.2
277.0     0.2
277.25     0.2
277.5     0.198
277.75     0.198
278.0     0.198
278.25     0.196
278.5     0.196
278.75     0.196
279.0     0.194
279.25     0.192
279.5     0.192
279.75     0.19
280.0     0.19
280.25     0.19
280.5     0.188
280.75     0.188
281.0     0.188
281.25     0.188
281.5     0.188
281.75     0.188
282.0     0.188
282.25     0.188
282.5     0.188
282.75     0.188
283.0     0.188
283.25     0.188
283.5     0.186
283.75     0.186
284.0     0.186
284.25     0.186
284.5     0.186
284.75     0.186
285.0     0.186
285.25     0.186
285.5     0.186
285.75     0.186
286.0     0.186
286.25     0.186
286.5     0.186
286.75     0.186
287.0     0.186
287.25     0.184
287.5     0.184
287.75     0.184
288.0     0.184
288.25     0.182
288.5     0.18
288.75     0.18
289.0     0.18
289.25     0.18
289.5     0.176
289.75     0.174
290.0     0.174
290.25     0.172
290.5     0.172
290.75     0.172
291.0     0.172
291.25     0.172
291.5     0.172
291.75     0.172
292.0     0.17
292.25     0.17
292.5     0.17
292.75     0.17
293.0     0.17
293.25     0.172
293.5     0.172
293.75     0.172
294.0     0.17
294.25     0.17
294.5     0.17
294.75     0.168
295.0     0.168
295.25     0.166
295.5     0.166
295.75     0.166
296.0     0.166
296.25     0.166
296.5     0.164
296.75     0.164
297.0     0.164
297.25     0.164
297.5     0.164
297.75     0.164
298.0     0.164
298.25     0.164
298.5     0.164
298.75     0.164
299.0     0.164
299.25     0.164
299.5     0.164
299.75     0.164
300.0     0.164
300.25     0.164
300.5     0.164
300.75     0.164
301.0     0.164
301.25     0.164
301.5     0.164
301.75     0.164
302.0     0.164
302.25     0.164
302.5     0.162
302.75     0.162
303.0     0.162
303.25     0.162
303.5     0.162
303.75     0.16
304.0     0.16
304.25     0.16
304.5     0.16
304.75     0.16
305.0     0.16
305.25     0.16
305.5     0.16
305.75     0.16
306.0     0.16
306.25     0.16
306.5     0.158
306.75     0.156
307.0     0.156
307.25     0.156
307.5     0.156
307.75     0.156
308.0     0.156
308.25     0.156
308.5     0.156
308.75     0.156
309.0     0.156
309.25     0.156
309.5     0.156
309.75     0.156
310.0     0.156
310.25     0.156
310.5     0.156
310.75     0.156
311.0     0.156
311.25     0.156
311.5     0.156
311.75     0.156
312.0     0.156
312.25     0.154
312.5     0.154
312.75     0.154
313.0     0.154
313.25     0.154
313.5     0.154
313.75     0.154
314.0     0.154
314.25     0.154
314.5     0.154
314.75     0.154
315.0     0.154
315.25     0.154
315.5     0.154
315.75     0.154
316.0     0.154
316.25     0.154
316.5     0.154
316.75     0.154
317.0     0.154
317.25     0.154
317.5     0.154
317.75     0.154
318.0     0.154
318.25     0.154
318.5     0.154
318.75     0.154
319.0     0.154
319.25     0.154
319.5     0.154
319.75     0.154
320.0     0.154
320.25     0.152
320.5     0.15
320.75     0.15
321.0     0.15
321.25     0.15
321.5     0.148
321.75     0.148
322.0     0.148
322.25     0.148
322.5     0.148
322.75     0.148
323.0     0.148
323.25     0.148
323.5     0.148
323.75     0.148
324.0     0.146
324.25     0.146
324.5     0.146
324.75     0.146
325.0     0.146
325.25     0.146
325.5     0.146
325.75     0.146
326.0     0.146
326.25     0.146
326.5     0.146
326.75     0.144
327.0     0.144
327.25     0.144
327.5     0.144
327.75     0.144
328.0     0.144
328.25     0.144
328.5     0.144
328.75     0.144
329.0     0.144
329.25     0.144
329.5     0.144
329.75     0.144
330.0     0.144
330.25     0.144
330.5     0.144
330.75     0.144
331.0     0.144
331.25     0.144
331.5     0.144
331.75     0.144
332.0     0.144
332.25     0.144
332.5     0.142
332.75     0.142
333.0     0.144
333.25     0.144
333.5     0.144
333.75     0.142
334.0     0.14
334.25     0.14
334.5     0.14
334.75     0.14
335.0     0.14
335.25     0.138
335.5     0.138
335.75     0.138
336.0     0.138
336.25     0.138
336.5     0.138
336.75     0.138
337.0     0.138
337.25     0.138
337.5     0.138
337.75     0.136
338.0     0.136
338.25     0.136
338.5     0.136
338.75     0.136
339.0     0.136
339.25     0.136
339.5     0.134
339.75     0.132
340.0     0.132
340.25     0.13
340.5     0.13
340.75     0.13
341.0     0.13
341.25     0.13
341.5     0.13
341.75     0.13
342.0     0.13
342.25     0.13
342.5     0.13
342.75     0.13
343.0     0.13
343.25     0.13
343.5     0.13
343.75     0.13
344.0     0.13
344.25     0.13
344.5     0.13
344.75     0.13
345.0     0.13
345.25     0.13
345.5     0.13
345.75     0.13
346.0     0.13
346.25     0.13
346.5     0.128
346.75     0.128
347.0     0.128
347.25     0.128
347.5     0.128
347.75     0.128
348.0     0.128
348.25     0.128
348.5     0.128
348.75     0.128
349.0     0.126
349.25     0.126
349.5     0.126
349.75     0.126
350.0     0.126
350.25     0.126
350.5     0.126
350.75     0.126
351.0     0.126
351.25     0.126
351.5     0.126
351.75     0.126
352.0     0.126
352.25     0.126
352.5     0.126
352.75     0.126
353.0     0.126
353.25     0.126
353.5     0.126
353.75     0.126
354.0     0.126
354.25     0.126
354.5     0.126
354.75     0.126
355.0     0.126
355.25     0.126
355.5     0.126
355.75     0.126
356.0     0.126
356.25     0.126
356.5     0.126
356.75     0.126
357.0     0.126
357.25     0.126
357.5     0.126
357.75     0.126
358.0     0.126
358.25     0.126
358.5     0.126
358.75     0.126
359.0     0.126
359.25     0.126
359.5     0.124
359.75     0.124
360.0     0.124
360.25     0.124
360.5     0.124
360.75     0.124
361.0     0.124
361.25     0.124
361.5     0.124
361.75     0.124
362.0     0.122
362.25     0.122
362.5     0.122
362.75     0.122
363.0     0.122
363.25     0.122
363.5     0.122
363.75     0.122
364.0     0.122
364.25     0.122
364.5     0.122
364.75     0.122
365.0     0.122
365.25     0.122
365.5     0.122
365.75     0.122
366.0     0.122
366.25     0.122
366.5     0.122
366.75     0.122
367.0     0.122
367.25     0.12
367.5     0.118
367.75     0.118
368.0     0.116
368.25     0.116
368.5     0.116
368.75     0.116
369.0     0.116
369.25     0.116
369.5     0.116
369.75     0.116
370.0     0.116
370.25     0.114
370.5     0.114
370.75     0.114
371.0     0.114
371.25     0.114
371.5     0.114
371.75     0.114
372.0     0.114
372.25     0.114
372.5     0.114
372.75     0.116
373.0     0.116
373.25     0.114
373.5     0.114
373.75     0.112
374.0     0.112
374.25     0.112
374.5     0.112
374.75     0.11
375.0     0.11
375.25     0.11
375.5     0.108
375.75     0.108
376.0     0.108
376.25     0.108
376.5     0.108
376.75     0.108
377.0     0.108
377.25     0.108
377.5     0.108
377.75     0.108
378.0     0.108
378.25     0.108
378.5     0.108
378.75     0.108
379.0     0.108
379.25     0.108
379.5     0.108
379.75     0.106
380.0     0.106
380.25     0.106
380.5     0.106
380.75     0.106
381.0     0.106
381.25     0.106
381.5     0.106
381.75     0.106
382.0     0.106
382.25     0.106
382.5     0.106
382.75     0.106
383.0     0.106
383.25     0.106
383.5     0.106
383.75     0.106
384.0     0.106
384.25     0.106
384.5     0.106
384.75     0.104
385.0     0.104
385.25     0.104
385.5     0.102
385.75     0.102
386.0     0.1
386.25     0.1
386.5     0.1
386.75     0.1
387.0     0.098
387.25     0.098
387.5     0.098
387.75     0.098
388.0     0.098
388.25     0.098
388.5     0.098
388.75     0.098
389.0     0.098
389.25     0.096
389.5     0.096
389.75     0.096
390.0     0.096
390.25     0.094
390.5     0.094
390.75     0.094
391.0     0.094
391.25     0.094
391.5     0.094
391.75     0.092
392.0     0.09
392.25     0.09
392.5     0.09
392.75     0.09
393.0     0.09
393.25     0.09
393.5     0.09
393.75     0.088
394.0     0.088
394.25     0.088
394.5     0.088
394.75     0.088
395.0     0.088
395.25     0.088
395.5     0.088
395.75     0.088
396.0     0.088
396.25     0.088
396.5     0.088
396.75     0.088
397.0     0.088
397.25     0.088
397.5     0.088
397.75     0.088
398.0     0.088
398.25     0.088
398.5     0.086
398.75     0.086
399.0     0.086
399.25     0.086
399.5     0.086
399.75     0.086
400.0     0.086
400.25     0.086
400.5     0.086
400.75     0.086
401.0     0.086
401.25     0.086
401.5     0.084
401.75     0.084
402.0     0.084
402.25     0.084
402.5     0.084
402.75     0.082
403.0     0.082
403.25     0.082
403.5     0.082
403.75     0.082
404.0     0.082
404.25     0.082
404.5     0.082
404.75     0.082
405.0     0.08
405.25     0.08
405.5     0.08
405.75     0.08
406.0     0.08
406.25     0.08
406.5     0.08
406.75     0.08
407.0     0.08
407.25     0.08
407.5     0.08
407.75     0.08
408.0     0.08
408.25     0.08
408.5     0.08
408.75     0.08
409.0     0.08
409.25     0.08
409.5     0.08
409.75     0.08
410.0     0.08
410.25     0.08
410.5     0.08
410.75     0.08
411.0     0.08
411.25     0.08
411.5     0.08
411.75     0.08
412.0     0.08
412.25     0.08
412.5     0.08
412.75     0.08
413.0     0.08
413.25     0.08
413.5     0.08
413.75     0.08
414.0     0.08
414.25     0.08
414.5     0.08
414.75     0.08
415.0     0.08
415.25     0.08
415.5     0.08
415.75     0.078
416.0     0.078
416.25     0.078
416.5     0.078
416.75     0.078
417.0     0.078
417.25     0.078
417.5     0.078
417.75     0.078
418.0     0.078
418.25     0.078
418.5     0.078
418.75     0.078
419.0     0.078
419.25     0.076
419.5     0.076
419.75     0.076
420.0     0.076
420.25     0.076
420.5     0.076
420.75     0.076
421.0     0.076
421.25     0.076
421.5     0.076
421.75     0.076
422.0     0.076
422.25     0.076
422.5     0.076
422.75     0.074
423.0     0.074
423.25     0.074
423.5     0.074
423.75     0.074
424.0     0.074
424.25     0.074
424.5     0.074
424.75     0.074
425.0     0.074
425.25     0.074
425.5     0.074
425.75     0.074
426.0     0.074
426.25     0.074
426.5     0.074
426.75     0.074
427.0     0.074
427.25     0.074
427.5     0.074
427.75     0.074
428.0     0.074
428.25     0.074
428.5     0.074
428.75     0.074
429.0     0.074
429.25     0.074
429.5     0.074
429.75     0.074
430.0     0.074
430.25     0.074
430.5     0.074
430.75     0.074
431.0     0.074
431.25     0.074
431.5     0.072
431.75     0.072
432.0     0.072
432.25     0.072
432.5     0.072
432.75     0.072
433.0     0.072
433.25     0.072
433.5     0.072
433.75     0.072
434.0     0.072
434.25     0.072
434.5     0.072
434.75     0.072
435.0     0.072
435.25     0.072
435.5     0.072
435.75     0.072
436.0     0.072
436.25     0.07
436.5     0.07
436.75     0.07
437.0     0.07
437.25     0.07
437.5     0.072
437.75     0.072
438.0     0.072
438.25     0.072
438.5     0.072
438.75     0.072
439.0     0.072
439.25     0.072
439.5     0.072
439.75     0.072
440.0     0.072
440.25     0.07
440.5     0.07
440.75     0.07
441.0     0.07
441.25     0.068
441.5     0.068
441.75     0.068
442.0     0.068
442.25     0.068
442.5     0.068
442.75     0.068
443.0     0.068
443.25     0.068
443.5     0.068
443.75     0.068
444.0     0.068
444.25     0.068
444.5     0.068
444.75     0.068
445.0     0.068
445.25     0.066
445.5     0.066
445.75     0.064
446.0     0.064
446.25     0.064
446.5     0.064
446.75     0.064
447.0     0.064
447.25     0.064
447.5     0.064
447.75     0.064
448.0     0.062
448.25     0.062
448.5     0.062
448.75     0.062
449.0     0.062
449.25     0.062
449.5     0.062
449.75     0.062
450.0     0.062
450.25     0.062
450.5     0.062
450.75     0.062
451.0     0.062
451.25     0.06
451.5     0.06
451.75     0.058
452.0     0.058
452.25     0.058
452.5     0.058
452.75     0.058
453.0     0.058
453.25     0.058
453.5     0.058
453.75     0.058
454.0     0.058
454.25     0.058
454.5     0.058
454.75     0.058
455.0     0.058
455.25     0.058
455.5     0.058
455.75     0.058
456.0     0.058
456.25     0.058
456.5     0.058
456.75     0.058
457.0     0.058
457.25     0.058
457.5     0.058
457.75     0.056
458.0     0.056
458.25     0.056
458.5     0.056
458.75     0.056
459.0     0.056
459.25     0.056
459.5     0.056
459.75     0.056
460.0     0.056
460.25     0.056
460.5     0.056
460.75     0.056
461.0     0.056
461.25     0.056
461.5     0.056
461.75     0.056
462.0     0.056
462.25     0.054
462.5     0.054
462.75     0.054
463.0     0.054
463.25     0.054
463.5     0.054
463.75     0.054
464.0     0.054
464.25     0.054
464.5     0.054
464.75     0.054
465.0     0.054
465.25     0.054
465.5     0.054
465.75     0.054
466.0     0.054
466.25     0.054
466.5     0.054
466.75     0.054
467.0     0.054
467.25     0.054
467.5     0.054
467.75     0.054
468.0     0.052
468.25     0.052
468.5     0.052
468.75     0.052
469.0     0.052
469.25     0.052
469.5     0.052
469.75     0.052
470.0     0.052
470.25     0.052
470.5     0.052
470.75     0.052
471.0     0.052
471.25     0.052
471.5     0.052
471.75     0.052
472.0     0.052
472.25     0.052
472.5     0.05
472.75     0.05
473.0     0.05
473.25     0.05
473.5     0.05
473.75     0.048
474.0     0.048
474.25     0.046
474.5     0.046
474.75     0.046
475.0     0.046
475.25     0.046
475.5     0.046
475.75     0.046
476.0     0.046
476.25     0.046
476.5     0.046
476.75     0.046
477.0     0.046
477.25     0.046
477.5     0.046
477.75     0.046
478.0     0.046
478.25     0.046
478.5     0.046
478.75     0.046
479.0     0.046
479.25     0.046
479.5     0.044
479.75     0.044
480.0     0.042
480.25     0.042
480.5     0.042
480.75     0.042
481.0     0.042
481.25     0.042
481.5     0.042
481.75     0.042
482.0     0.042
482.25     0.042
482.5     0.042
482.75     0.042
483.0     0.042
483.25     0.042
483.5     0.042
483.75     0.042
484.0     0.042
484.25     0.042
484.5     0.042
484.75     0.042
485.0     0.042
485.25     0.042
485.5     0.042
485.75     0.04
486.0     0.04
486.25     0.04
486.5     0.04
486.75     0.04
487.0     0.04
487.25     0.04
487.5     0.04
487.75     0.04
488.0     0.04
488.25     0.04
488.5     0.04
488.75     0.04
489.0     0.04
489.25     0.04
489.5     0.04
489.75     0.04
490.0     0.04
490.25     0.04
490.5     0.04
490.75     0.04
491.0     0.04
491.25     0.04
491.5     0.04
491.75     0.04
492.0     0.04
492.25     0.04
492.5     0.04
492.75     0.04
493.0     0.04
493.25     0.04
493.5     0.04
493.75     0.04
494.0     0.04
494.25     0.04
494.5     0.04
494.75     0.04
495.0     0.038
495.25     0.038
495.5     0.038
495.75     0.038
496.0     0.038
496.25     0.038
496.5     0.038
496.75     0.038
497.0     0.038
497.25     0.038
497.5     0.038
497.75     0.038
498.0     0.038
498.25     0.038
498.5     0.038
498.75     0.038
499.0     0.038
499.25     0.038
499.5     0.038
499.75     0.038
500.0     0.038
500.25     0.038
500.5     0.038
500.75     0.038
501.0     0.038
501.25     0.038
501.5     0.038
501.75     0.038
502.0     0.038
502.25     0.038
502.5     0.038
502.75     0.038
503.0     0.038
503.25     0.038
503.5     0.038
503.75     0.038
504.0     0.038
504.25     0.038
504.5     0.038
504.75     0.038
505.0     0.038
505.25     0.038
505.5     0.038
505.75     0.038
506.0     0.038
506.25     0.038
506.5     0.038
506.75     0.038
507.0     0.038
507.25     0.038
507.5     0.038
507.75     0.038
508.0     0.038
508.25     0.038
508.5     0.038
508.75     0.038
509.0     0.038
509.25     0.038
509.5     0.038
509.75     0.038
510.0     0.038
510.25     0.038
510.5     0.038
510.75     0.038
511.0     0.038
511.25     0.038
511.5     0.038
511.75     0.038
512.0     0.038
512.25     0.038
512.5     0.038
512.75     0.038
513.0     0.038
513.25     0.038
513.5     0.038
513.75     0.038
514.0     0.038
514.25     0.038
514.5     0.038
514.75     0.036
515.0     0.036
515.25     0.036
515.5     0.036
515.75     0.034
516.0     0.034
516.25     0.034
516.5     0.034
516.75     0.034
517.0     0.034
517.25     0.034
517.5     0.034
517.75     0.034
518.0     0.034
518.25     0.034
518.5     0.034
518.75     0.034
519.0     0.034
519.25     0.034
519.5     0.034
519.75     0.034
520.0     0.034
520.25     0.032
520.5     0.032
520.75     0.032
521.0     0.032
521.25     0.032
521.5     0.032
521.75     0.032
522.0     0.032
522.25     0.032
522.5     0.032
522.75     0.032
523.0     0.032
523.25     0.032
523.5     0.032
523.75     0.032
524.0     0.032
524.25     0.032
524.5     0.032
524.75     0.032
525.0     0.032
525.25     0.032
525.5     0.032
525.75     0.032
526.0     0.032
526.25     0.032
526.5     0.032
526.75     0.032
527.0     0.032
527.25     0.032
527.5     0.032
527.75     0.032
528.0     0.032
528.25     0.03
528.5     0.028
528.75     0.028
529.0     0.028
529.25     0.028
529.5     0.028
529.75     0.028
530.0     0.028
530.25     0.028
530.5     0.028
530.75     0.028
531.0     0.028
531.25     0.028
531.5     0.028
531.75     0.028
532.0     0.028
532.25     0.028
532.5     0.028
532.75     0.028
533.0     0.028
533.25     0.028
533.5     0.028
533.75     0.028
534.0     0.028
534.25     0.028
534.5     0.028
534.75     0.028
535.0     0.028
535.25     0.028
535.5     0.028
535.75     0.028
536.0     0.028
536.25     0.028
536.5     0.028
536.75     0.028
537.0     0.028
537.25     0.028
537.5     0.028
537.75     0.028
538.0     0.028
538.25     0.028
538.5     0.028
538.75     0.028
539.0     0.028
539.25     0.028
539.5     0.028
539.75     0.028
540.0     0.028
540.25     0.028
540.5     0.028
540.75     0.028
541.0     0.028
541.25     0.028
541.5     0.028
541.75     0.028
542.0     0.028
542.25     0.028
542.5     0.028
542.75     0.028
543.0     0.028
543.25     0.028
543.5     0.028
543.75     0.028
544.0     0.028
544.25     0.026
544.5     0.026
544.75     0.026
545.0     0.026
545.25     0.026
545.5     0.026
545.75     0.026
546.0     0.026
546.25     0.026
546.5     0.026
546.75     0.026
547.0     0.026
547.25     0.026
547.5     0.026
547.75     0.026
548.0     0.026
548.25     0.026
548.5     0.026
548.75     0.026
549.0     0.026
549.25     0.026
549.5     0.026
549.75     0.026
550.0     0.026
550.25     0.026
550.5     0.026
550.75     0.026
551.0     0.026
551.25     0.026
551.5     0.026
551.75     0.026
552.0     0.026
552.25     0.026
552.5     0.026
552.75     0.026
553.0     0.024
553.25     0.024
553.5     0.024
553.75     0.024
554.0     0.024
554.25     0.024
554.5     0.024
554.75     0.024
555.0     0.024
555.25     0.024
555.5     0.024
555.75     0.024
556.0     0.024
556.25     0.024
556.5     0.024
556.75     0.024
557.0     0.024
557.25     0.024
557.5     0.024
557.75     0.024
558.0     0.024
558.25     0.024
558.5     0.024
558.75     0.024
559.0     0.024
559.25     0.024
559.5     0.024
559.75     0.024
560.0     0.024
560.25     0.024
560.5     0.024
560.75     0.024
561.0     0.024
561.25     0.024
561.5     0.024
561.75     0.024
562.0     0.024
562.25     0.024
562.5     0.024
562.75     0.024
563.0     0.024
563.25     0.024
563.5     0.024
563.75     0.024
564.0     0.024
564.25     0.024
564.5     0.024
564.75     0.024
565.0     0.024
565.25     0.024
565.5     0.024
565.75     0.024
566.0     0.024
566.25     0.024
566.5     0.024
566.75     0.024
567.0     0.024
567.25     0.024
567.5     0.024
567.75     0.024
568.0     0.024
568.25     0.024
568.5     0.024
568.75     0.024
569.0     0.024
569.25     0.024
569.5     0.024
569.75     0.024
570.0     0.024
570.25     0.024
570.5     0.024
570.75     0.024
571.0     0.024
571.25     0.022
571.5     0.022
571.75     0.022
572.0     0.022
572.25     0.022
572.5     0.022
572.75     0.022
573.0     0.022
573.25     0.022
573.5     0.022
573.75     0.022
574.0     0.022
574.25     0.022
574.5     0.022
574.75     0.022
575.0     0.022
575.25     0.022
575.5     0.022
575.75     0.022
576.0     0.02
576.25     0.02
576.5     0.02
576.75     0.02
577.0     0.02
577.25     0.02
577.5     0.02
577.75     0.02
578.0     0.02
578.25     0.02
578.5     0.02
578.75     0.02
579.0     0.02
579.25     0.02
579.5     0.02
579.75     0.02
580.0     0.02
580.25     0.02
580.5     0.02
580.75     0.02
581.0     0.02
581.25     0.02
581.5     0.02
581.75     0.02
582.0     0.02
582.25     0.02
582.5     0.02
582.75     0.02
583.0     0.02
583.25     0.02
583.5     0.02
583.75     0.02
584.0     0.02
584.25     0.02
584.5     0.02
584.75     0.02
585.0     0.02
585.25     0.02
585.5     0.02
585.75     0.02
586.0     0.02
586.25     0.02
586.5     0.02
586.75     0.02
587.0     0.02
587.25     0.02
587.5     0.02
587.75     0.02
588.0     0.02
588.25     0.02
588.5     0.02
588.75     0.02
589.0     0.02
589.25     0.02
589.5     0.018
589.75     0.018
590.0     0.018
590.25     0.018
590.5     0.018
590.75     0.018
591.0     0.018
591.25     0.018
591.5     0.018
591.75     0.018
592.0     0.018
592.25     0.018
592.5     0.018
592.75     0.018
593.0     0.018
593.25     0.018
593.5     0.018
593.75     0.018
594.0     0.018
594.25     0.018
594.5     0.018
594.75     0.018
595.0     0.018
595.25     0.018
595.5     0.018
595.75     0.018
596.0     0.018
596.25     0.018
596.5     0.018
596.75     0.018
597.0     0.018
597.25     0.018
597.5     0.018
597.75     0.018
598.0     0.016
598.25     0.016
598.5     0.016
598.75     0.016
599.0     0.016
599.25     0.016
599.5     0.016
599.75     0.016
600.0     0.016
600.25     0.018
600.5     0.018
600.75     0.018
601.0     0.018
601.25     0.018
601.5     0.018
601.75     0.018
602.0     0.018
602.25     0.018
602.5     0.018
602.75     0.018
603.0     0.018
603.25     0.018
603.5     0.016
603.75     0.016
604.0     0.016
604.25     0.016
604.5     0.016
604.75     0.016
605.0     0.016
605.25     0.016
605.5     0.016
605.75     0.016
606.0     0.016
606.25     0.016
606.5     0.016
606.75     0.016
607.0     0.016
607.25     0.016
607.5     0.016
607.75     0.016
608.0     0.016
608.25     0.016
608.5     0.016
608.75     0.016
609.0     0.016
609.25     0.016
609.5     0.014
609.75     0.014
610.0     0.014
610.25     0.014
610.5     0.014
610.75     0.014
611.0     0.014
611.25     0.014
611.5     0.014
611.75     0.014
612.0     0.014
612.25     0.014
612.5     0.014
612.75     0.014
613.0     0.014
613.25     0.014
613.5     0.014
613.75     0.014
614.0     0.014
614.25     0.014
614.5     0.014
614.75     0.014
615.0     0.014
615.25     0.014
615.5     0.014
615.75     0.014
616.0     0.014
616.25     0.014
616.5     0.014
616.75     0.014
617.0     0.014
617.25     0.014
617.5     0.014
617.75     0.014
618.0     0.014
618.25     0.014
618.5     0.014
618.75     0.014
619.0     0.014
619.25     0.014
619.5     0.014
619.75     0.014
620.0     0.014
620.25     0.014
620.5     0.014
620.75     0.014
621.0     0.014
621.25     0.014
621.5     0.014
621.75     0.014
622.0     0.014
622.25     0.014
622.5     0.014
622.75     0.014
623.0     0.014
623.25     0.014
623.5     0.014
623.75     0.014
624.0     0.014
624.25     0.014
624.5     0.014
624.75     0.014
625.0     0.014
625.25     0.014
625.5     0.014
625.75     0.014
626.0     0.014
626.25     0.014
626.5     0.014
626.75     0.014
627.0     0.014
627.25     0.014
627.5     0.014
627.75     0.014
628.0     0.014
628.25     0.014
628.5     0.014
628.75     0.014
629.0     0.014
629.25     0.014
629.5     0.014
629.75     0.014
630.0     0.014
630.25     0.014
630.5     0.014
630.75     0.014
631.0     0.014
631.25     0.014
631.5     0.014
631.75     0.014
632.0     0.014
632.25     0.014
632.5     0.014
632.75     0.014
633.0     0.014
633.25     0.014
633.5     0.014
633.75     0.014
634.0     0.014
634.25     0.014
634.5     0.014
634.75     0.014
635.0     0.014
635.25     0.014
635.5     0.014
635.75     0.014
636.0     0.014
636.25     0.014
636.5     0.014
636.75     0.014
637.0     0.014
637.25     0.014
637.5     0.014
637.75     0.014
638.0     0.014
638.25     0.014
638.5     0.014
638.75     0.014
639.0     0.014
639.25     0.014
639.5     0.014
639.75     0.014
640.0     0.014
640.25     0.014
640.5     0.014
640.75     0.014
641.0     0.014
641.25     0.014
641.5     0.014
641.75     0.014
642.0     0.014
642.25     0.014
642.5     0.014
642.75     0.014
643.0     0.014
643.25     0.014
643.5     0.014
643.75     0.014
644.0     0.014
644.25     0.014
644.5     0.014
644.75     0.012
645.0     0.012
645.25     0.012
645.5     0.012
645.75     0.012
646.0     0.012
646.25     0.012
646.5     0.012
646.75     0.012
647.0     0.012
647.25     0.012
647.5     0.012
647.75     0.012
648.0     0.012
648.25     0.012
648.5     0.012
648.75     0.012
649.0     0.012
649.25     0.012
649.5     0.012
649.75     0.012
650.0     0.012
650.25     0.012
650.5     0.012
650.75     0.012
651.0     0.012
651.25     0.012
651.5     0.012
651.75     0.012
652.0     0.012
652.25     0.012
652.5     0.012
652.75     0.012
653.0     0.012
653.25     0.012
653.5     0.012
653.75     0.012
654.0     0.012
654.25     0.012
654.5     0.012
654.75     0.012
655.0     0.012
655.25     0.012
655.5     0.012
655.75     0.012
656.0     0.012
656.25     0.012
656.5     0.012
656.75     0.012
657.0     0.012
657.25     0.012
657.5     0.012
657.75     0.012
658.0     0.012
658.25     0.01
658.5     0.01
658.75     0.01
659.0     0.01
659.25     0.01
659.5     0.01
659.75     0.01
660.0     0.01
660.25     0.01
660.5     0.01
660.75     0.01
661.0     0.01
661.25     0.01
661.5     0.01
661.75     0.01
662.0     0.01
662.25     0.01
662.5     0.01
662.75     0.01
663.0     0.01
663.25     0.01
663.5     0.01
663.75     0.01
664.0     0.01
664.25     0.01
664.5     0.01
664.75     0.01
665.0     0.01
665.25     0.01
665.5     0.01
665.75     0.01
666.0     0.01
666.25     0.01
666.5     0.01
666.75     0.01
667.0     0.01
667.25     0.01
667.5     0.01
667.75     0.01
668.0     0.01
668.25     0.01
668.5     0.01
668.75     0.01
669.0     0.01
669.25     0.01
669.5     0.01
669.75     0.01
670.0     0.01
670.25     0.01
670.5     0.01
670.75     0.01
671.0     0.01
671.25     0.01
671.5     0.01
671.75     0.01
672.0     0.01
672.25     0.01
672.5     0.01
672.75     0.01
673.0     0.01
673.25     0.01
673.5     0.01
673.75     0.008
674.0     0.008
674.25     0.008
674.5     0.008
674.75     0.008
675.0     0.008
675.25     0.008
675.5     0.008
675.75     0.008
676.0     0.008
676.25     0.008
676.5     0.008
676.75     0.008
677.0     0.008
677.25     0.008
677.5     0.008
677.75     0.008
678.0     0.008
678.25     0.008
678.5     0.008
678.75     0.008
679.0     0.008
679.25     0.008
679.5     0.008
679.75     0.008
680.0     0.008
680.25     0.008
680.5     0.008
680.75     0.008
681.0     0.008
681.25     0.006
681.5     0.006
681.75     0.006
682.0     0.006
682.25     0.006
682.5     0.006
682.75     0.006
683.0     0.006
683.25     0.006
683.5     0.006
683.75     0.006
684.0     0.006
684.25     0.006
684.5     0.006
684.75     0.006
685.0     0.006
685.25     0.006
685.5     0.006
685.75     0.006
686.0     0.006
686.25     0.006
686.5     0.006
686.75     0.006
687.0     0.006
687.25     0.006
687.5     0.006
687.75     0.006
688.0     0.006
688.25     0.006
688.5     0.006
688.75     0.006
689.0     0.006
689.25     0.006
689.5     0.006
689.75     0.006
690.0     0.006
690.25     0.006
690.5     0.006
690.75     0.006
691.0     0.006
691.25     0.006
691.5     0.006
691.75     0.006
692.0     0.006
692.25     0.006
692.5     0.006
692.75     0.006
693.0     0.006
693.25     0.006
693.5     0.006
693.75     0.006
694.0     0.006
694.25     0.006
694.5     0.006
694.75     0.006
695.0     0.006
695.25     0.006
695.5     0.006
695.75     0.006
696.0     0.006
696.25     0.006
696.5     0.006
696.75     0.006
697.0     0.006
697.25     0.006
697.5     0.006
697.75     0.006
698.0     0.006
698.25     0.006
698.5     0.006
698.75     0.006
699.0     0.006
699.25     0.006
699.5     0.006
699.75     0.006
700.0     0.006
700.25     0.006
700.5     0.006
700.75     0.006
701.0     0.006
701.25     0.006
701.5     0.006
701.75     0.006
702.0     0.006
702.25     0.006
702.5     0.006
702.75     0.006
703.0     0.006
703.25     0.006
703.5     0.006
703.75     0.006
704.0     0.006
704.25     0.006
704.5     0.006
704.75     0.006
705.0     0.006
705.25     0.006
705.5     0.006
705.75     0.006
706.0     0.006
706.25     0.006
706.5     0.006
706.75     0.006
707.0     0.006
707.25     0.006
707.5     0.006
707.75     0.006
708.0     0.006
708.25     0.006
708.5     0.006
708.75     0.006
709.0     0.006
709.25     0.006
709.5     0.006
709.75     0.006
710.0     0.006
710.25     0.006
710.5     0.006
710.75     0.006
711.0     0.006
711.25     0.006
711.5     0.006
711.75     0.006
712.0     0.006
712.25     0.006
712.5     0.006
712.75     0.006
713.0     0.006
713.25     0.006
713.5     0.006
713.75     0.006
714.0     0.006
714.25     0.006
714.5     0.006
714.75     0.006
715.0     0.006
715.25     0.006
715.5     0.006
715.75     0.006
716.0     0.006
716.25     0.006
716.5     0.006
716.75     0.006
717.0     0.006
717.25     0.006
717.5     0.006
717.75     0.006
718.0     0.006
718.25     0.006
718.5     0.006
718.75     0.006
719.0     0.006
719.25     0.006
719.5     0.006
719.75     0.006
720.0     0.006
720.25     0.006
720.5     0.006
720.75     0.006
721.0     0.006
721.25     0.006
721.5     0.006
721.75     0.006
722.0     0.006
722.25     0.006
722.5     0.006
722.75     0.006
723.0     0.006
723.25     0.006
723.5     0.006
723.75     0.006
724.0     0.006
724.25     0.006
724.5     0.006
724.75     0.006
725.0     0.006
725.25     0.006
725.5     0.006
725.75     0.006
726.0     0.006
726.25     0.006
726.5     0.006
726.75     0.006
727.0     0.006
727.25     0.006
727.5     0.006
727.75     0.006
728.0     0.006
728.25     0.006
728.5     0.006
728.75     0.006
729.0     0.006
729.25     0.006
729.5     0.006
729.75     0.006
730.0     0.006
730.25     0.006
730.5     0.006
730.75     0.006
731.0     0.006
731.25     0.006
731.5     0.006
731.75     0.006
732.0     0.006
732.25     0.006
732.5     0.006
732.75     0.006
733.0     0.006
733.25     0.006
733.5     0.006
733.75     0.006
734.0     0.006
734.25     0.006
734.5     0.006
734.75     0.006
735.0     0.006
735.25     0.006
735.5     0.006
735.75     0.006
736.0     0.006
736.25     0.006
736.5     0.006
736.75     0.006
737.0     0.006
737.25     0.006
737.5     0.006
737.75     0.006
738.0     0.006
738.25     0.006
738.5     0.006
738.75     0.006
739.0     0.006
739.25     0.006
739.5     0.006
739.75     0.006
740.0     0.006
740.25     0.006
740.5     0.006
740.75     0.006
741.0     0.006
741.25     0.006
741.5     0.006
741.75     0.006
742.0     0.006
742.25     0.006
742.5     0.006
742.75     0.006
743.0     0.006
743.25     0.006
743.5     0.006
743.75     0.006
744.0     0.006
744.25     0.006
744.5     0.006
744.75     0.006
745.0     0.006
745.25     0.006
745.5     0.006
745.75     0.006
746.0     0.006
746.25     0.006
746.5     0.006
746.75     0.006
747.0     0.006
747.25     0.006
747.5     0.006
747.75     0.006
748.0     0.006
748.25     0.006
748.5     0.006
748.75     0.006
749.0     0.006
749.25     0.006
749.5     0.006
749.75     0.006
750.0     0.006
750.25     0.006
750.5     0.006
750.75     0.006
751.0     0.006
751.25     0.006
751.5     0.006
751.75     0.006
752.0     0.006
752.25     0.006
752.5     0.006
752.75     0.006
753.0     0.006
753.25     0.006
753.5     0.006
753.75     0.006
754.0     0.006
754.25     0.006
754.5     0.006
754.75     0.006
755.0     0.006
755.25     0.006
755.5     0.006
755.75     0.006
756.0     0.006
756.25     0.006
756.5     0.006
756.75     0.006
757.0     0.006
757.25     0.006
757.5     0.006
757.75     0.006
758.0     0.006
758.25     0.006
758.5     0.006
758.75     0.006
759.0     0.006
759.25     0.006
759.5     0.006
759.75     0.006
760.0     0.006
760.25     0.006
760.5     0.006
760.75     0.006
761.0     0.006
761.25     0.006
761.5     0.006
761.75     0.006
762.0     0.006
762.25     0.006
762.5     0.006
762.75     0.006
763.0     0.006
763.25     0.006
763.5     0.006
763.75     0.006
764.0     0.006
764.25     0.006
764.5     0.006
764.75     0.006
765.0     0.006
765.25     0.006
765.5     0.006
765.75     0.004
766.0     0.004
766.25     0.004
766.5     0.004
766.75     0.004
767.0     0.004
767.25     0.004
767.5     0.002
767.75     0.002
768.0     0.002
768.25     0.002
768.5     0.002
768.75     0.002
769.0     0.002
769.25     0.002
769.5     0.002
769.75     0.002
770.0     0.002
770.25     0.002
770.5     0.002
770.75     0.002
771.0     0.002
771.25     0.002
771.5     0.002
771.75     0.002
772.0     0.002
772.25     0.0
772.5     0.0
772.75     0.0
773.0     0.0
773.25     0.0
773.5     0.0
773.75     0.0
774.0     0.0
774.25     0.0
774.5     0.0
774.75     0.0
775.0     0.0
775.25     0.0
775.5     0.0
775.75     0.0
776.0     0.0
776.25     0.0
776.5     0.0
776.75     0.0
777.0     0.0
777.25     0.0
777.5     0.0
777.75     0.0
778.0     0.0
778.25     0.0
778.5     0.0
778.75     0.0
779.0     0.0
779.25     0.0
779.5     0.0
779.75     0.0
780.0     0.0
780.25     0.0
780.5     0.0
780.75     0.0
781.0     0.0
781.25     0.0
781.5     0.0
781.75     0.0
782.0     0.0
782.25     0.0
782.5     0.0
782.75     0.0
783.0     0.0
783.25     0.0
783.5     0.0
783.75     0.0
784.0     0.0
784.25     0.0
784.5     0.0
784.75     0.0
785.0     0.0
785.25     0.0
785.5     0.0
785.75     0.0
786.0     0.0
786.25     0.0
786.5     0.0
786.75     0.0
787.0     0.0
787.25     0.0
787.5     0.0
787.75     0.0
788.0     0.0
788.25     0.0
788.5     0.0
788.75     0.0
789.0     0.0
789.25     0.0
789.5     0.0
789.75     0.0
790.0     0.0
790.25     0.0
790.5     0.0
790.75     0.0
791.0     0.0
791.25     0.0
791.5     0.0
791.75     0.0
792.0     0.0
792.25     0.0
792.5     0.0
792.75     0.0
793.0     0.0
793.25     0.0
793.5     0.0
793.75     0.0
794.0     0.0
794.25     0.0
794.5     0.0
794.75     0.0
795.0     0.0
795.25     0.0
795.5     0.0
795.75     0.0
796.0     0.0
796.25     0.0
796.5     0.0
796.75     0.0
797.0     0.0
797.25     0.0
797.5     0.0
797.75     0.0
798.0     0.0
798.25     0.0
798.5     0.0
798.75     0.0
799.0     0.0
799.25     0.0
799.5     0.0
799.75     0.0
800.0     0.0
800.25     0.0
800.5     0.0
800.75     0.0
801.0     0.0
801.25     0.0
801.5     0.0
801.75     0.0
802.0     0.0
802.25     0.0
802.5     0.0
802.75     0.0
803.0     0.0
803.25     0.0
803.5     0.0
803.75     0.0
804.0     0.0
804.25     0.0
804.5     0.0
804.75     0.0
805.0     0.0
805.25     0.0
805.5     0.0
805.75     0.0
806.0     0.0
806.25     0.0
806.5     0.0
806.75     0.0
807.0     0.0
807.25     0.0
807.5     0.0
807.75     0.0
808.0     0.0
808.25     0.0
808.5     0.0
808.75     0.0
809.0     0.0
809.25     0.0
809.5     0.0
809.75     0.0
810.0     0.0
810.25     0.0
810.5     0.0
810.75     0.0
811.0     0.0
811.25     0.0
811.5     0.0
811.75     0.0
812.0     0.0
812.25     0.0
812.5     0.0
812.75     0.0
813.0     0.0
813.25     0.0
813.5     0.0
813.75     0.0
814.0     0.0
814.25     0.0
814.5     0.0
814.75     0.0
815.0     0.0
815.25     0.0
815.5     0.0
815.75     0.0
816.0     0.0
816.25     0.0
816.5     0.0
816.75     0.0
817.0     0.0
817.25     0.0
817.5     0.0
817.75     0.0
818.0     0.0
818.25     0.0
818.5     0.0
818.75     0.0
819.0     0.0
819.25     0.0
819.5     0.0
819.75     0.0
820.0     0.0
820.25     0.0
820.5     0.0
820.75     0.0
821.0     0.0
821.25     0.0
821.5     0.0
821.75     0.0
822.0     0.0
822.25     0.0
822.5     0.0
822.75     0.0
823.0     0.0
823.25     0.0
823.5     0.0
823.75     0.0
824.0     0.0
824.25     0.0
824.5     0.0
824.75     0.0
825.0     0.0
825.25     0.0
825.5     0.0
825.75     0.0
826.0     0.0
826.25     0.0
826.5     0.0
826.75     0.0
827.0     0.0
827.25     0.0
827.5     0.0
827.75     0.0
828.0     0.0
828.25     0.0
828.5     0.0
828.75     0.0
829.0     0.0
829.25     0.0
829.5     0.0
829.75     0.0
830.0     0.0
830.25     0.0
830.5     0.0
830.75     0.0
831.0     0.0
831.25     0.0
831.5     0.0
831.75     0.0
832.0     0.0
832.25     0.0
832.5     0.0
832.75     0.0
833.0     0.0
833.25     0.0
833.5     0.0
833.75     0.0
834.0     0.0
834.25     0.0
834.5     0.0
834.75     0.0
835.0     0.0
835.25     0.0
835.5     0.0
835.75     0.0
836.0     0.0
836.25     0.0
836.5     0.0
836.75     0.0
837.0     0.0
837.25     0.0
837.5     0.0
837.75     0.0
838.0     0.0
838.25     0.0
838.5     0.0
838.75     0.0
839.0     0.0
839.25     0.0
839.5     0.0
839.75     0.0
840.0     0.0
840.25     0.0
840.5     0.0
840.75     0.0
841.0     0.0
841.25     0.0
841.5     0.0
841.75     0.0
842.0     0.0
842.25     0.0
842.5     0.0
842.75     0.0
843.0     0.0
843.25     0.0
843.5     0.0
843.75     0.0
844.0     0.0
844.25     0.0
844.5     0.0
844.75     0.0
845.0     0.0
845.25     0.0
845.5     0.0
845.75     0.0
846.0     0.0
846.25     0.0
846.5     0.0
846.75     0.0
847.0     0.0
847.25     0.0
847.5     0.0
847.75     0.0
848.0     0.0
848.25     0.0
848.5     0.0
848.75     0.0
849.0     0.0
849.25     0.0
849.5     0.0
849.75     0.0
850.0     0.0
850.25     0.0
850.5     0.0
850.75     0.0
851.0     0.0
851.25     0.0
851.5     0.0
851.75     0.0
852.0     0.0
852.25     0.0
852.5     0.0
852.75     0.0
853.0     0.0
853.25     0.0
853.5     0.0
853.75     0.0
854.0     0.0
854.25     0.0
854.5     0.0
854.75     0.0
855.0     0.0
855.25     0.0
855.5     0.0
855.75     0.0
856.0     0.0
856.25     0.0
856.5     0.0
856.75     0.0
857.0     0.0
857.25     0.0
857.5     0.0
857.75     0.0
858.0     0.0
858.25     0.0
858.5     0.0
858.75     0.0
859.0     0.0
859.25     0.0
859.5     0.0
859.75     0.0
860.0     0.0
860.25     0.0
860.5     0.0
860.75     0.0
861.0     0.0
861.25     0.0
861.5     0.0
861.75     0.0
862.0     0.0
862.25     0.0
862.5     0.0
862.75     0.0
863.0     0.0
863.25     0.0
863.5     0.0
863.75     0.0
864.0     0.0
864.25     0.0
864.5     0.0
864.75     0.0
865.0     0.0
865.25     0.0
865.5     0.0
865.75     0.0
866.0     0.0
866.25     0.0
866.5     0.0
866.75     0.0
867.0     0.0
867.25     0.0
867.5     0.0
867.75     0.0
868.0     0.0
868.25     0.0
868.5     0.0
868.75     0.0
869.0     0.0
869.25     0.0
869.5     0.0
869.75     0.0
870.0     0.0
870.25     0.0
870.5     0.0
870.75     0.0
871.0     0.0
871.25     0.0
871.5     0.0
871.75     0.0
872.0     0.0
872.25     0.0
872.5     0.0
872.75     0.0
873.0     0.0
873.25     0.0
873.5     0.0
873.75     0.0
874.0     0.0
874.25     0.0
874.5     0.0
874.75     0.0
875.0     0.0
875.25     0.0
875.5     0.0
875.75     0.0
876.0     0.0
876.25     0.0
876.5     0.0
876.75     0.0
877.0     0.0
877.25     0.0
877.5     0.0
877.75     0.0
878.0     0.0
878.25     0.0
878.5     0.0
878.75     0.0
879.0     0.0
879.25     0.0
879.5     0.0
879.75     0.0
880.0     0.0
880.25     0.0
880.5     0.0
880.75     0.0
881.0     0.0
881.25     0.0
881.5     0.0
881.75     0.0
882.0     0.0
882.25     0.0
882.5     0.0
882.75     0.0
883.0     0.0
883.25     0.0
883.5     0.0
883.75     0.0
884.0     0.0
884.25     0.0
884.5     0.0
884.75     0.0
885.0     0.0
885.25     0.0
885.5     0.0
885.75     0.0
886.0     0.0
886.25     0.0
886.5     0.0
886.75     0.0
887.0     0.0
887.25     0.0
887.5     0.0
887.75     0.0
888.0     0.0
888.25     0.0
888.5     0.0
888.75     0.0
889.0     0.0
889.25     0.0
889.5     0.0
889.75     0.0
890.0     0.0
890.25     0.0
890.5     0.0
890.75     0.0
891.0     0.0
891.25     0.0
891.5     0.0
891.75     0.0
892.0     0.0
892.25     0.0
892.5     0.0
892.75     0.0
893.0     0.0
893.25     0.0
893.5     0.0
893.75     0.0
894.0     0.0
894.25     0.0
894.5     0.0
894.75     0.0
895.0     0.0
895.25     0.0
895.5     0.0
895.75     0.0
896.0     0.0
896.25     0.0
896.5     0.0
896.75     0.0
897.0     0.0
897.25     0.0
897.5     0.0
897.75     0.0
898.0     0.0
898.25     0.0
898.5     0.0
898.75     0.0
899.0     0.0
899.25     0.0
899.5     0.0
899.75     0.0
900.0     0.0
900.25     0.0
900.5     0.0
900.75     0.0
901.0     0.0
901.25     0.0
901.5     0.0
901.75     0.0
902.0     0.0
902.25     0.0
902.5     0.0
902.75     0.0
903.0     0.0
903.25     0.0
903.5     0.0
903.75     0.0
904.0     0.0
904.25     0.0
904.5     0.0
904.75     0.0
905.0     0.0
905.25     0.0
905.5     0.0
905.75     0.0
906.0     0.0
906.25     0.0
906.5     0.0
906.75     0.0
907.0     0.0
907.25     0.0
907.5     0.0
907.75     0.0
908.0     0.0
908.25     0.0
908.5     0.0
908.75     0.0
909.0     0.0
909.25     0.0
909.5     0.0
909.75     0.0
910.0     0.0
910.25     0.0
910.5     0.0
910.75     0.0
911.0     0.0
911.25     0.0
911.5     0.0
911.75     0.0
912.0     0.0
912.25     0.0
912.5     0.0
912.75     0.0
913.0     0.0
913.25     0.0
913.5     0.0
913.75     0.0
914.0     0.0
914.25     0.0
914.5     0.0
914.75     0.0
915.0     0.0
915.25     0.0
915.5     0.0
915.75     0.0
916.0     0.0
916.25     0.0
916.5     0.0
916.75     0.0
917.0     0.0
917.25     0.0
917.5     0.0
917.75     0.0
918.0     0.0
918.25     0.0
918.5     0.0
918.75     0.0
919.0     0.0
919.25     0.0
919.5     0.0
919.75     0.0
920.0     0.0
920.25     0.0
920.5     0.0
920.75     0.0
921.0     0.0
921.25     0.0
921.5     0.0
921.75     0.0
922.0     0.0
922.25     0.0
922.5     0.0
922.75     0.0
923.0     0.0
923.25     0.0
923.5     0.0
923.75     0.0
924.0     0.0
924.25     0.0
924.5     0.0
924.75     0.0
925.0     0.0
925.25     0.0
925.5     0.0
925.75     0.0
926.0     0.0
926.25     0.0
926.5     0.0
926.75     0.0
927.0     0.0
927.25     0.0
927.5     0.0
927.75     0.0
928.0     0.0
928.25     0.0
928.5     0.0
928.75     0.0
929.0     0.0
929.25     0.0
929.5     0.0
929.75     0.0
930.0     0.0
930.25     0.0
930.5     0.0
930.75     0.0
931.0     0.0
931.25     0.0
931.5     0.0
931.75     0.0
932.0     0.0
932.25     0.0
932.5     0.0
932.75     0.0
933.0     0.0
933.25     0.0
933.5     0.0
933.75     0.0
934.0     0.0
934.25     0.0
934.5     0.0
934.75     0.0
935.0     0.0
935.25     0.0
935.5     0.0
935.75     0.0
936.0     0.0
936.25     0.0
936.5     0.0
936.75     0.0
937.0     0.0
937.25     0.0
937.5     0.0
937.75     0.0
938.0     0.0
938.25     0.0
938.5     0.0
938.75     0.0
939.0     0.0
939.25     0.0
939.5     0.0
939.75     0.0
940.0     0.0
940.25     0.0
940.5     0.0
940.75     0.0
941.0     0.0
941.25     0.0
941.5     0.0
941.75     0.0
942.0     0.0
942.25     0.0
942.5     0.0
942.75     0.0
943.0     0.0
943.25     0.0
943.5     0.0
943.75     0.0
944.0     0.0
944.25     0.0
944.5     0.0
944.75     0.0
945.0     0.0
945.25     0.0
945.5     0.0
945.75     0.0
946.0     0.0
946.25     0.0
946.5     0.0
946.75     0.0
947.0     0.0
947.25     0.0
947.5     0.0
947.75     0.0
948.0     0.0
948.25     0.0
948.5     0.0
948.75     0.0
949.0     0.0
949.25     0.0
949.5     0.0
949.75     0.0
950.0     0.0
950.25     0.0
950.5     0.0
950.75     0.0
951.0     0.0
951.25     0.0
951.5     0.0
951.75     0.0
952.0     0.0
952.25     0.0
952.5     0.0
952.75     0.0
953.0     0.0
953.25     0.0
953.5     0.0
953.75     0.0
954.0     0.0
954.25     0.0
954.5     0.0
954.75     0.0
955.0     0.0
955.25     0.0
955.5     0.0
955.75     0.0
956.0     0.0
956.25     0.0
956.5     0.0
956.75     0.0
957.0     0.0
957.25     0.0
957.5     0.0
957.75     0.0
958.0     0.0
958.25     0.0
958.5     0.0
958.75     0.0
959.0     0.0
959.25     0.0
959.5     0.0
959.75     0.0
960.0     0.0
960.25     0.0
960.5     0.0
960.75     0.0
961.0     0.0
961.25     0.0
961.5     0.0
961.75     0.0
962.0     0.0
962.25     0.0
962.5     0.0
962.75     0.0
963.0     0.0
963.25     0.0
963.5     0.0
963.75     0.0
964.0     0.0
964.25     0.0
964.5     0.0
964.75     0.0
965.0     0.0
965.25     0.0
965.5     0.0
965.75     0.0
966.0     0.0
966.25     0.0
966.5     0.0
966.75     0.0
967.0     0.0
967.25     0.0
967.5     0.0
967.75     0.0
968.0     0.0
968.25     0.0
968.5     0.0
968.75     0.0
969.0     0.0
969.25     0.0
969.5     0.0
969.75     0.0
970.0     0.0
970.25     0.0
970.5     0.0
970.75     0.0
971.0     0.0
971.25     0.0
971.5     0.0
971.75     0.0
972.0     0.0
972.25     0.0
972.5     0.0
972.75     0.0
973.0     0.0
973.25     0.0
973.5     0.0
973.75     0.0
974.0     0.0
974.25     0.0
974.5     0.0
974.75     0.0
975.0     0.0
975.25     0.0
975.5     0.0
975.75     0.0
976.0     0.0
976.25     0.0
976.5     0.0
976.75     0.0
977.0     0.0
977.25     0.0
977.5     0.0
977.75     0.0
978.0     0.0
978.25     0.0
978.5     0.0
978.75     0.0
979.0     0.0
979.25     0.0
979.5     0.0
979.75     0.0
980.0     0.0
980.25     0.0
980.5     0.0
980.75     0.0
981.0     0.0
981.25     0.0
981.5     0.0
981.75     0.0
982.0     0.0
982.25     0.0
982.5     0.0
982.75     0.0
983.0     0.0
983.25     0.0
983.5     0.0
983.75     0.0
984.0     0.0
984.25     0.0
984.5     0.0
984.75     0.0
985.0     0.0
985.25     0.0
985.5     0.0
985.75     0.0
986.0     0.0
986.25     0.0
986.5     0.0
986.75     0.0
987.0     0.0
987.25     0.0
987.5     0.0
987.75     0.0
988.0     0.0
988.25     0.0
988.5     0.0
988.75     0.0
989.0     0.0
989.25     0.0
989.5     0.0
989.75     0.0
990.0     0.0
990.25     0.0
990.5     0.0
990.75     0.0
991.0     0.0
991.25     0.0
991.5     0.002
991.75     0.002
992.0     0.002
992.25     0.002
992.5     0.002
992.75     0.002
993.0     0.002
993.25     0.002
993.5     0.002
993.75     0.002
994.0     0.002
994.25     0.002
994.5     0.002
994.75     0.002
995.0     0.002
995.25     0.002
995.5     0.002
995.75     0.002
996.0     0.002
996.25     0.002
996.5     0.002
996.75     0.002
997.0     0.002
997.25     0.002
997.5     0.002
997.75     0.002
998.0     0.002
998.25     0.002
998.5     0.002
998.75     0.002
999.0     0.002
999.25     0.002
999.5     0.002
999.75     0.002
1000.0     0.002
