0.25     0.0
0.5     0.0
0.75     0.0
1.0     0.0
1.25     0.0
1.5     0.0
1.75     0.0
2.0     0.0
2.25     0.0
2.5     0.0
2.75     0.0
3.0     0.0
3.25     0.0
3.5     0.0
3.75     0.0
4.0     0.0
4.25     0.0
4.5     0.0
4.75     0.0
5.0     0.0
5.25     0.0
5.5     0.0
5.75     0.0
6.0     0.0
6.25     0.0
6.5     0.0
6.75     0.0
7.0     0.0
7.25     0.0
7.5     0.0
7.75     0.0
8.0     0.0
8.25     0.0
8.5     0.0
8.75     0.0
9.0     0.0
9.25     0.0
9.5     0.0
9.75     0.0
10.0     0.0
10.25     0.0
10.5     0.0
10.75     0.0
11.0     0.0
11.25     0.0
11.5     0.0
11.75     0.0
12.0     0.0
12.25     0.0
12.5     0.0
12.75     0.0
13.0     0.0
13.25     0.0
13.5     0.0
13.75     0.0
14.0     0.0
14.25     0.0
14.5     0.0
14.75     0.0
15.0     0.0
15.25     0.0
15.5     0.0
15.75     0.0
16.0     0.0
16.25     0.0
16.5     0.0
16.75     0.0
17.0     0.0
17.25     0.0
17.5     0.0
17.75     0.0
18.0     0.0
18.25     0.0
18.5     0.0
18.75     0.0
19.0     0.0
19.25     0.0
19.5     0.0
19.75     0.0
20.0     0.0
20.25     0.0
20.5     0.0
20.75     0.0
21.0     0.0
21.25     0.002
21.5     0.002
21.75     0.002
22.0     0.004
22.25     0.004
22.5     0.006
22.75     0.006
23.0     0.006
23.25     0.004
23.5     0.006
23.75     0.008
24.0     0.006
24.25     0.008
24.5     0.01
24.75     0.01
25.0     0.012
25.25     0.014
25.5     0.02
25.75     0.026
26.0     0.03
26.25     0.03
26.5     0.032
26.75     0.03
27.0     0.032
27.25     0.032
27.5     0.036
27.75     0.042
28.0     0.05
28.25     0.052
28.5     0.06
28.75     0.058
29.0     0.058
29.25     0.06
29.5     0.062
29.75     0.066
30.0     0.078
30.25     0.086
30.5     0.092
30.75     0.092
31.0     0.106
31.25     0.114
31.5     0.12
31.75     0.124
32.0     0.124
32.25     0.128
32.5     0.124
32.75     0.132
33.0     0.132
33.25     0.138
33.5     0.14
33.75     0.142
34.0     0.142
34.25     0.15
34.5     0.154
34.75     0.152
35.0     0.156
35.25     0.156
35.5     0.156
35.75     0.158
36.0     0.162
36.25     0.164
36.5     0.168
36.75     0.172
37.0     0.178
37.25     0.18
37.5     0.182
37.75     0.18
38.0     0.182
38.25     0.182
38.5     0.182
38.75     0.182
39.0     0.182
39.25     0.182
39.5     0.182
39.75     0.184
40.0     0.184
40.25     0.186
40.5     0.184
40.75     0.186
41.0     0.188
41.25     0.19
41.5     0.19
41.75     0.192
42.0     0.196
42.25     0.202
42.5     0.2
42.75     0.202
43.0     0.202
43.25     0.204
43.5     0.204
43.75     0.204
44.0     0.204
44.25     0.206
44.5     0.208
44.75     0.216
45.0     0.218
45.25     0.222
45.5     0.23
45.75     0.232
46.0     0.232
46.25     0.232
46.5     0.234
46.75     0.234
47.0     0.236
47.25     0.234
47.5     0.238
47.75     0.24
48.0     0.24
48.25     0.24
48.5     0.24
48.75     0.242
49.0     0.244
49.25     0.248
49.5     0.25
49.75     0.252
50.0     0.258
50.25     0.268
50.5     0.276
50.75     0.276
51.0     0.274
51.25     0.276
51.5     0.28
51.75     0.282
52.0     0.284
52.25     0.286
52.5     0.294
52.75     0.294
53.0     0.294
53.25     0.298
53.5     0.302
53.75     0.308
54.0     0.308
54.25     0.312
54.5     0.316
54.75     0.32
55.0     0.32
55.25     0.32
55.5     0.322
55.75     0.322
56.0     0.328
56.25     0.334
56.5     0.338
56.75     0.34
57.0     0.342
57.25     0.348
57.5     0.35
57.75     0.35
58.0     0.352
58.25     0.354
58.5     0.356
58.75     0.356
59.0     0.356
59.25     0.356
59.5     0.356
59.75     0.358
60.0     0.362
60.25     0.366
60.5     0.37
60.75     0.37
61.0     0.37
61.25     0.372
61.5     0.376
61.75     0.38
62.0     0.384
62.25     0.386
62.5     0.386
62.75     0.388
63.0     0.388
63.25     0.392
63.5     0.396
63.75     0.396
64.0     0.396
64.25     0.396
64.5     0.398
64.75     0.4
65.0     0.402
65.25     0.402
65.5     0.404
65.75     0.406
66.0     0.412
66.25     0.41
66.5     0.41
66.75     0.41
67.0     0.416
67.25     0.416
67.5     0.418
67.75     0.424
68.0     0.428
68.25     0.43
68.5     0.428
68.75     0.43
69.0     0.43
69.25     0.43
69.5     0.434
69.75     0.436
70.0     0.44
70.25     0.44
70.5     0.44
70.75     0.442
71.0     0.444
71.25     0.444
71.5     0.444
71.75     0.446
72.0     0.446
72.25     0.448
72.5     0.45
72.75     0.452
73.0     0.454
73.25     0.454
73.5     0.454
73.75     0.454
74.0     0.454
74.25     0.454
74.5     0.458
74.75     0.458
75.0     0.46
75.25     0.462
75.5     0.464
75.75     0.464
76.0     0.464
76.25     0.47
76.5     0.468
76.75     0.472
77.0     0.476
77.25     0.476
77.5     0.48
77.75     0.482
78.0     0.482
78.25     0.484
78.5     0.482
78.75     0.484
79.0     0.484
79.25     0.484
79.5     0.486
79.75     0.486
80.0     0.488
80.25     0.488
80.5     0.488
80.75     0.49
81.0     0.49
81.25     0.49
81.5     0.49
81.75     0.49
82.0     0.488
82.25     0.49
82.5     0.49
82.75     0.49
83.0     0.492
83.25     0.492
83.5     0.492
83.75     0.492
84.0     0.492
84.25     0.492
84.5     0.492
84.75     0.492
85.0     0.492
85.25     0.494
85.5     0.494
85.75     0.494
86.0     0.494
86.25     0.494
86.5     0.494
86.75     0.494
87.0     0.496
87.25     0.496
87.5     0.496
87.75     0.498
88.0     0.498
88.25     0.498
88.5     0.498
88.75     0.498
89.0     0.498
89.25     0.498
89.5     0.498
89.75     0.498
90.0     0.498
90.25     0.498
90.5     0.5
90.75     0.502
91.0     0.504
91.25     0.504
91.5     0.504
91.75     0.506
92.0     0.508
92.25     0.508
92.5     0.51
92.75     0.51
93.0     0.512
93.25     0.512
93.5     0.514
93.75     0.514
94.0     0.514
94.25     0.514
94.5     0.514
94.75     0.516
95.0     0.52
95.25     0.52
95.5     0.52
95.75     0.522
96.0     0.522
96.25     0.522
96.5     0.522
96.75     0.522
97.0     0.524
97.25     0.524
97.5     0.524
97.75     0.524
98.0     0.524
98.25     0.524
98.5     0.524
98.75     0.524
99.0     0.524
99.25     0.524
99.5     0.524
99.75     0.526
100.0     0.528
100.25     0.53
100.5     0.53
100.75     0.532
101.0     0.532
101.25     0.532
101.5     0.532
101.75     0.532
102.0     0.532
102.25     0.532
102.5     0.532
102.75     0.532
103.0     0.532
103.25     0.534
103.5     0.534
103.75     0.532
104.0     0.532
104.25     0.532
104.5     0.532
104.75     0.532
105.0     0.532
105.25     0.534
105.5     0.538
105.75     0.538
106.0     0.54
106.25     0.54
106.5     0.54
106.75     0.54
107.0     0.542
107.25     0.542
107.5     0.542
107.75     0.542
108.0     0.542
108.25     0.542
108.5     0.542
108.75     0.542
109.0     0.544
109.25     0.544
109.5     0.544
109.75     0.544
110.0     0.544
110.25     0.544
110.5     0.544
110.75     0.544
111.0     0.544
111.25     0.546
111.5     0.546
111.75     0.546
112.0     0.548
112.25     0.548
112.5     0.548
112.75     0.548
113.0     0.55
113.25     0.55
113.5     0.55
113.75     0.55
114.0     0.55
114.25     0.55
114.5     0.552
114.75     0.556
115.0     0.556
115.25     0.556
115.5     0.556
115.75     0.556
116.0     0.56
116.25     0.562
116.5     0.562
116.75     0.562
117.0     0.564
117.25     0.564
117.5     0.564
117.75     0.564
118.0     0.564
118.25     0.566
118.5     0.568
118.75     0.568
119.0     0.572
119.25     0.572
119.5     0.572
119.75     0.572
120.0     0.572
120.25     0.574
120.5     0.574
120.75     0.576
121.0     0.576
121.25     0.576
121.5     0.576
121.75     0.578
122.0     0.578
122.25     0.58
122.5     0.58
122.75     0.58
123.0     0.58
123.25     0.582
123.5     0.582
123.75     0.584
124.0     0.584
124.25     0.584
124.5     0.584
124.75     0.586
125.0     0.588
125.25     0.588
125.5     0.588
125.75     0.59
126.0     0.59
126.25     0.594
126.5     0.596
126.75     0.596
127.0     0.596
127.25     0.602
127.5     0.602
127.75     0.602
128.0     0.602
128.25     0.602
128.5     0.602
128.75     0.602
129.0     0.602
129.25     0.608
129.5     0.61
129.75     0.612
130.0     0.612
130.25     0.614
130.5     0.614
130.75     0.616
131.0     0.616
131.25     0.616
131.5     0.616
131.75     0.618
132.0     0.618
132.25     0.618
132.5     0.618
132.75     0.618
133.0     0.62
133.25     0.62
133.5     0.62
133.75     0.622
134.0     0.624
134.25     0.624
134.5     0.624
134.75     0.624
135.0     0.624
135.25     0.624
135.5     0.624
135.75     0.624
136.0     0.624
136.25     0.624
136.5     0.628
136.75     0.63
137.0     0.632
137.25     0.632
137.5     0.634
137.75     0.634
138.0     0.636
138.25     0.638
138.5     0.64
138.75     0.64
139.0     0.64
139.25     0.638
139.5     0.64
139.75     0.642
140.0     0.644
140.25     0.646
140.5     0.648
140.75     0.648
141.0     0.648
141.25     0.648
141.5     0.65
141.75     0.652
142.0     0.654
142.25     0.656
142.5     0.658
142.75     0.658
143.0     0.66
143.25     0.662
143.5     0.662
143.75     0.664
144.0     0.664
144.25     0.664
144.5     0.666
144.75     0.668
145.0     0.674
145.25     0.674
145.5     0.674
145.75     0.674
146.0     0.676
146.25     0.676
146.5     0.676
146.75     0.676
147.0     0.676
147.25     0.676
147.5     0.676
147.75     0.676
148.0     0.676
148.25     0.676
148.5     0.676
148.75     0.678
149.0     0.678
149.25     0.678
149.5     0.68
149.75     0.68
150.0     0.68
150.25     0.68
150.5     0.68
150.75     0.68
151.0     0.68
151.25     0.68
151.5     0.68
151.75     0.68
152.0     0.68
152.25     0.68
152.5     0.68
152.75     0.682
153.0     0.682
153.25     0.682
153.5     0.684
153.75     0.684
154.0     0.686
154.25     0.686
154.5     0.686
154.75     0.686
155.0     0.686
155.25     0.686
155.5     0.686
155.75     0.686
156.0     0.686
156.25     0.686
156.5     0.688
156.75     0.688
157.0     0.69
157.25     0.69
157.5     0.69
157.75     0.692
158.0     0.694
158.25     0.694
158.5     0.692
158.75     0.692
159.0     0.692
159.25     0.692
159.5     0.692
159.75     0.692
160.0     0.694
160.25     0.694
160.5     0.694
160.75     0.698
161.0     0.698
161.25     0.7
161.5     0.702
161.75     0.702
162.0     0.702
162.25     0.704
162.5     0.704
162.75     0.704
163.0     0.706
163.25     0.708
163.5     0.708
163.75     0.708
164.0     0.708
164.25     0.708
164.5     0.708
164.75     0.71
165.0     0.71
165.25     0.71
165.5     0.71
165.75     0.71
166.0     0.71
166.25     0.712
166.5     0.712
166.75     0.714
167.0     0.712
167.25     0.712
167.5     0.712
167.75     0.714
168.0     0.714
168.25     0.714
168.5     0.716
168.75     0.718
169.0     0.718
169.25     0.72
169.5     0.72
169.75     0.72
170.0     0.72
170.25     0.72
170.5     0.722
170.75     0.722
171.0     0.722
171.25     0.722
171.5     0.726
171.75     0.726
172.0     0.726
172.25     0.726
172.5     0.726
172.75     0.726
173.0     0.726
173.25     0.726
173.5     0.726
173.75     0.728
174.0     0.728
174.25     0.728
174.5     0.73
174.75     0.73
175.0     0.73
175.25     0.732
175.5     0.732
175.75     0.732
176.0     0.734
176.25     0.734
176.5     0.734
176.75     0.734
177.0     0.734
177.25     0.734
177.5     0.734
177.75     0.732
178.0     0.732
178.25     0.734
178.5     0.736
178.75     0.736
179.0     0.736
179.25     0.736
179.5     0.736
179.75     0.738
180.0     0.74
180.25     0.74
180.5     0.74
180.75     0.74
181.0     0.742
181.25     0.742
181.5     0.742
181.75     0.742
182.0     0.742
182.25     0.742
182.5     0.742
182.75     0.742
183.0     0.742
183.25     0.742
183.5     0.744
183.75     0.746
184.0     0.746
184.25     0.748
184.5     0.748
184.75     0.748
185.0     0.748
185.25     0.748
185.5     0.75
185.75     0.75
186.0     0.75
186.25     0.752
186.5     0.754
186.75     0.754
187.0     0.754
187.25     0.754
187.5     0.752
187.75     0.754
188.0     0.758
188.25     0.758
188.5     0.76
188.75     0.762
189.0     0.762
189.25     0.762
189.5     0.762
189.75     0.762
190.0     0.762
190.25     0.76
190.5     0.76
190.75     0.76
191.0     0.76
191.25     0.762
191.5     0.764
191.75     0.762
192.0     0.762
192.25     0.762
192.5     0.762
192.75     0.762
193.0     0.762
193.25     0.762
193.5     0.762
193.75     0.762
194.0     0.762
194.25     0.764
194.5     0.764
194.75     0.764
195.0     0.764
195.25     0.764
195.5     0.766
195.75     0.768
196.0     0.77
196.25     0.77
196.5     0.768
196.75     0.768
197.0     0.768
197.25     0.768
197.5     0.772
197.75     0.778
198.0     0.78
198.25     0.78
198.5     0.776
198.75     0.778
199.0     0.78
199.25     0.78
199.5     0.78
199.75     0.78
200.0     0.78
200.25     0.784
200.5     0.784
200.75     0.786
201.0     0.786
201.25     0.786
201.5     0.786
201.75     0.788
202.0     0.788
202.25     0.788
202.5     0.788
202.75     0.788
203.0     0.79
203.25     0.792
203.5     0.792
203.75     0.796
204.0     0.796
204.25     0.794
204.5     0.794
204.75     0.796
205.0     0.796
205.25     0.796
205.5     0.796
205.75     0.798
206.0     0.798
206.25     0.798
206.5     0.798
206.75     0.798
207.0     0.798
207.25     0.798
207.5     0.798
207.75     0.8
208.0     0.8
208.25     0.8
208.5     0.8
208.75     0.802
209.0     0.802
209.25     0.802
209.5     0.802
209.75     0.802
210.0     0.802
210.25     0.802
210.5     0.802
210.75     0.806
211.0     0.806
211.25     0.808
211.5     0.81
211.75     0.808
212.0     0.808
212.25     0.808
212.5     0.808
212.75     0.808
213.0     0.806
213.25     0.808
213.5     0.81
213.75     0.812
214.0     0.812
214.25     0.812
214.5     0.812
214.75     0.814
215.0     0.818
215.25     0.818
215.5     0.818
215.75     0.82
216.0     0.824
216.25     0.824
216.5     0.824
216.75     0.824
217.0     0.824
217.25     0.824
217.5     0.826
217.75     0.828
218.0     0.83
218.25     0.83
218.5     0.83
218.75     0.83
219.0     0.83
219.25     0.83
219.5     0.83
219.75     0.83
220.0     0.83
220.25     0.83
220.5     0.83
220.75     0.83
221.0     0.83
221.25     0.83
221.5     0.83
221.75     0.83
222.0     0.83
222.25     0.83
222.5     0.83
222.75     0.83
223.0     0.832
223.25     0.832
223.5     0.832
223.75     0.832
224.0     0.832
224.25     0.832
224.5     0.832
224.75     0.834
225.0     0.836
225.25     0.836
225.5     0.836
225.75     0.836
226.0     0.836
226.25     0.838
226.5     0.84
226.75     0.84
227.0     0.838
227.25     0.838
227.5     0.838
227.75     0.838
228.0     0.842
228.25     0.848
228.5     0.848
228.75     0.848
229.0     0.848
229.25     0.848
229.5     0.848
229.75     0.848
230.0     0.852
230.25     0.854
230.5     0.858
230.75     0.858
231.0     0.858
231.25     0.858
231.5     0.858
231.75     0.86
232.0     0.858
232.25     0.86
232.5     0.864
232.75     0.866
233.0     0.864
233.25     0.864
233.5     0.864
233.75     0.866
234.0     0.866
234.25     0.866
234.5     0.868
234.75     0.868
235.0     0.868
235.25     0.868
235.5     0.868
235.75     0.868
236.0     0.868
236.25     0.868
236.5     0.87
236.75     0.87
237.0     0.87
237.25     0.87
237.5     0.87
237.75     0.87
238.0     0.87
238.25     0.87
238.5     0.87
238.75     0.87
239.0     0.87
239.25     0.87
239.5     0.87
239.75     0.87
240.0     0.87
240.25     0.87
240.5     0.874
240.75     0.874
241.0     0.874
241.25     0.876
241.5     0.878
241.75     0.878
242.0     0.88
242.25     0.88
242.5     0.88
242.75     0.88
243.0     0.88
243.25     0.882
243.5     0.882
243.75     0.882
244.0     0.886
244.25     0.886
244.5     0.886
244.75     0.886
245.0     0.886
245.25     0.886
245.5     0.886
245.75     0.884
246.0     0.884
246.25     0.886
246.5     0.886
246.75     0.886
247.0     0.886
247.25     0.886
247.5     0.888
247.75     0.888
248.0     0.892
248.25     0.892
248.5     0.896
248.75     0.898
249.0     0.898
249.25     0.898
249.5     0.898
249.75     0.898
250.0     0.9
250.25     0.898
250.5     0.896
250.75     0.896
251.0     0.896
251.25     0.896
251.5     0.896
251.75     0.896
252.0     0.896
252.25     0.896
252.5     0.896
252.75     0.896
253.0     0.896
253.25     0.896
253.5     0.896
253.75     0.896
254.0     0.896
254.25     0.896
254.5     0.896
254.75     0.896
255.0     0.896
255.25     0.896
255.5     0.896
255.75     0.896
256.0     0.896
256.25     0.896
256.5     0.896
256.75     0.896
257.0     0.896
257.25     0.896
257.5     0.896
257.75     0.896
258.0     0.896
258.25     0.896
258.5     0.896
258.75     0.896
259.0     0.898
259.25     0.9
259.5     0.9
259.75     0.9
260.0     0.9
260.25     0.9
260.5     0.9
260.75     0.9
261.0     0.9
261.25     0.9
261.5     0.902
261.75     0.902
262.0     0.902
262.25     0.902
262.5     0.902
262.75     0.902
263.0     0.904
263.25     0.904
263.5     0.904
263.75     0.904
264.0     0.904
264.25     0.904
264.5     0.904
264.75     0.904
265.0     0.904
265.25     0.906
265.5     0.906
265.75     0.906
266.0     0.906
266.25     0.906
266.5     0.906
266.75     0.906
267.0     0.906
267.25     0.906
267.5     0.906
267.75     0.906
268.0     0.906
268.25     0.906
268.5     0.906
268.75     0.908
269.0     0.908
269.25     0.908
269.5     0.91
269.75     0.91
270.0     0.91
270.25     0.912
270.5     0.912
270.75     0.912
271.0     0.912
271.25     0.91
271.5     0.91
271.75     0.91
272.0     0.91
272.25     0.91
272.5     0.91
272.75     0.91
273.0     0.91
273.25     0.91
273.5     0.91
273.75     0.91
274.0     0.91
274.25     0.91
274.5     0.91
274.75     0.91
275.0     0.91
275.25     0.91
275.5     0.908
275.75     0.908
276.0     0.908
276.25     0.906
276.5     0.906
276.75     0.906
277.0     0.906
277.25     0.906
277.5     0.906
277.75     0.906
278.0     0.908
278.25     0.908
278.5     0.91
278.75     0.91
279.0     0.914
279.25     0.916
279.5     0.918
279.75     0.918
280.0     0.918
280.25     0.92
280.5     0.92
280.75     0.92
281.0     0.92
281.25     0.922
281.5     0.924
281.75     0.924
282.0     0.924
282.25     0.924
282.5     0.924
282.75     0.926
283.0     0.926
283.25     0.926
283.5     0.926
283.75     0.926
284.0     0.926
284.25     0.926
284.5     0.926
284.75     0.928
285.0     0.928
285.25     0.928
285.5     0.928
285.75     0.928
286.0     0.928
286.25     0.928
286.5     0.928
286.75     0.93
287.0     0.93
287.25     0.93
287.5     0.93
287.75     0.93
288.0     0.93
288.25     0.93
288.5     0.93
288.75     0.93
289.0     0.93
289.25     0.93
289.5     0.93
289.75     0.93
290.0     0.93
290.25     0.93
290.5     0.93
290.75     0.93
291.0     0.93
291.25     0.932
291.5     0.932
291.75     0.932
292.0     0.93
292.25     0.93
292.5     0.932
292.75     0.932
293.0     0.932
293.25     0.932
293.5     0.932
293.75     0.934
294.0     0.934
294.25     0.936
294.5     0.936
294.75     0.936
295.0     0.936
295.25     0.936
295.5     0.936
295.75     0.936
296.0     0.936
296.25     0.938
296.5     0.938
296.75     0.938
297.0     0.938
297.25     0.94
297.5     0.94
297.75     0.94
298.0     0.94
298.25     0.94
298.5     0.94
298.75     0.94
299.0     0.94
299.25     0.94
299.5     0.94
299.75     0.942
300.0     0.942
300.25     0.942
300.5     0.942
300.75     0.942
301.0     0.942
301.25     0.942
301.5     0.942
301.75     0.942
302.0     0.942
302.25     0.942
302.5     0.942
302.75     0.942
303.0     0.942
303.25     0.942
303.5     0.942
303.75     0.942
304.0     0.942
304.25     0.942
304.5     0.942
304.75     0.942
305.0     0.942
305.25     0.942
305.5     0.944
305.75     0.944
306.0     0.944
306.25     0.944
306.5     0.944
306.75     0.944
307.0     0.944
307.25     0.946
307.5     0.948
307.75     0.948
308.0     0.948
308.25     0.948
308.5     0.948
308.75     0.948
309.0     0.948
309.25     0.948
309.5     0.948
309.75     0.948
310.0     0.948
310.25     0.948
310.5     0.948
310.75     0.948
311.0     0.948
311.25     0.948
311.5     0.948
311.75     0.948
312.0     0.948
312.25     0.948
312.5     0.948
312.75     0.948
313.0     0.948
313.25     0.948
313.5     0.948
313.75     0.948
314.0     0.948
314.25     0.948
314.5     0.948
314.75     0.948
315.0     0.948
315.25     0.948
315.5     0.948
315.75     0.948
316.0     0.948
316.25     0.948
316.5     0.948
316.75     0.948
317.0     0.948
317.25     0.948
317.5     0.948
317.75     0.948
318.0     0.948
318.25     0.948
318.5     0.948
318.75     0.948
319.0     0.948
319.25     0.948
319.5     0.948
319.75     0.948
320.0     0.948
320.25     0.948
320.5     0.948
320.75     0.948
321.0     0.948
321.25     0.948
321.5     0.948
321.75     0.948
322.0     0.948
322.25     0.948
322.5     0.948
322.75     0.948
323.0     0.948
323.25     0.948
323.5     0.948
323.75     0.95
324.0     0.952
324.25     0.952
324.5     0.952
324.75     0.952
325.0     0.952
325.25     0.952
325.5     0.952
325.75     0.952
326.0     0.952
326.25     0.952
326.5     0.952
326.75     0.952
327.0     0.952
327.25     0.952
327.5     0.952
327.75     0.952
328.0     0.952
328.25     0.952
328.5     0.952
328.75     0.952
329.0     0.952
329.25     0.952
329.5     0.952
329.75     0.952
330.0     0.952
330.25     0.952
330.5     0.952
330.75     0.952
331.0     0.952
331.25     0.952
331.5     0.952
331.75     0.952
332.0     0.952
332.25     0.952
332.5     0.952
332.75     0.954
333.0     0.954
333.25     0.954
333.5     0.954
333.75     0.954
334.0     0.954
334.25     0.956
334.5     0.956
334.75     0.956
335.0     0.956
335.25     0.956
335.5     0.956
335.75     0.956
336.0     0.958
336.25     0.958
336.5     0.958
336.75     0.958
337.0     0.958
337.25     0.958
337.5     0.958
337.75     0.96
338.0     0.96
338.25     0.96
338.5     0.96
338.75     0.96
339.0     0.96
339.25     0.96
339.5     0.962
339.75     0.962
340.0     0.962
340.25     0.962
340.5     0.962
340.75     0.962
341.0     0.962
341.25     0.964
341.5     0.966
341.75     0.966
342.0     0.966
342.25     0.966
342.5     0.966
342.75     0.966
343.0     0.966
343.25     0.966
343.5     0.968
343.75     0.968
344.0     0.968
344.25     0.968
344.5     0.968
344.75     0.968
345.0     0.968
345.25     0.968
345.5     0.968
345.75     0.968
346.0     0.968
346.25     0.968
346.5     0.968
346.75     0.968
347.0     0.968
347.25     0.968
347.5     0.968
347.75     0.968
348.0     0.968
348.25     0.968
348.5     0.968
348.75     0.968
349.0     0.968
349.25     0.968
349.5     0.968
349.75     0.968
350.0     0.968
350.25     0.968
350.5     0.968
350.75     0.968
351.0     0.97
351.25     0.97
351.5     0.97
351.75     0.97
352.0     0.97
352.25     0.97
352.5     0.97
352.75     0.97
353.0     0.97
353.25     0.97
353.5     0.97
353.75     0.97
354.0     0.97
354.25     0.97
354.5     0.97
354.75     0.97
355.0     0.97
355.25     0.97
355.5     0.97
355.75     0.97
356.0     0.97
356.25     0.97
356.5     0.97
356.75     0.97
357.0     0.97
357.25     0.97
357.5     0.97
357.75     0.97
358.0     0.97
358.25     0.97
358.5     0.97
358.75     0.97
359.0     0.97
359.25     0.97
359.5     0.97
359.75     0.97
360.0     0.97
360.25     0.97
360.5     0.97
360.75     0.97
361.0     0.97
361.25     0.97
361.5     0.97
361.75     0.97
362.0     0.97
362.25     0.97
362.5     0.97
362.75     0.97
363.0     0.97
363.25     0.97
363.5     0.97
363.75     0.97
364.0     0.97
364.25     0.97
364.5     0.97
364.75     0.97
365.0     0.97
365.25     0.97
365.5     0.97
365.75     0.97
366.0     0.972
366.25     0.972
366.5     0.972
366.75     0.972
367.0     0.972
367.25     0.972
367.5     0.972
367.75     0.972
368.0     0.972
368.25     0.972
368.5     0.972
368.75     0.972
369.0     0.972
369.25     0.972
369.5     0.972
369.75     0.972
370.0     0.972
370.25     0.972
370.5     0.972
370.75     0.972
371.0     0.972
371.25     0.972
371.5     0.972
371.75     0.972
372.0     0.972
372.25     0.972
372.5     0.972
372.75     0.972
373.0     0.972
373.25     0.972
373.5     0.972
373.75     0.972
374.0     0.972
374.25     0.972
374.5     0.972
374.75     0.972
375.0     0.972
375.25     0.972
375.5     0.972
375.75     0.972
376.0     0.972
376.25     0.972
376.5     0.972
376.75     0.972
377.0     0.972
377.25     0.972
377.5     0.972
377.75     0.972
378.0     0.972
378.25     0.972
378.5     0.972
378.75     0.972
379.0     0.972
379.25     0.972
379.5     0.972
379.75     0.972
380.0     0.974
380.25     0.974
380.5     0.974
380.75     0.974
381.0     0.974
381.25     0.974
381.5     0.974
381.75     0.974
382.0     0.974
382.25     0.974
382.5     0.974
382.75     0.974
383.0     0.974
383.25     0.974
383.5     0.974
383.75     0.974
384.0     0.974
384.25     0.974
384.5     0.974
384.75     0.974
385.0     0.974
385.25     0.974
385.5     0.974
385.75     0.974
386.0     0.974
386.25     0.972
386.5     0.972
386.75     0.972
387.0     0.972
387.25     0.972
387.5     0.972
387.75     0.972
388.0     0.972
388.25     0.974
388.5     0.974
388.75     0.974
389.0     0.974
389.25     0.976
389.5     0.976
389.75     0.976
390.0     0.976
390.25     0.976
390.5     0.976
390.75     0.976
391.0     0.976
391.25     0.976
391.5     0.976
391.75     0.976
392.0     0.976
392.25     0.976
392.5     0.976
392.75     0.976
393.0     0.976
393.25     0.976
393.5     0.978
393.75     0.98
394.0     0.98
394.25     0.98
394.5     0.98
394.75     0.98
395.0     0.98
395.25     0.98
395.5     0.982
395.75     0.984
396.0     0.984
396.25     0.984
396.5     0.984
396.75     0.984
397.0     0.984
397.25     0.984
397.5     0.984
397.75     0.984
398.0     0.984
398.25     0.984
398.5     0.984
398.75     0.984
399.0     0.984
399.25     0.984
399.5     0.984
399.75     0.984
400.0     0.984
400.25     0.984
400.5     0.984
400.75     0.984
401.0     0.984
401.25     0.984
401.5     0.984
401.75     0.984
402.0     0.984
402.25     0.984
402.5     0.984
402.75     0.984
403.0     0.984
403.25     0.984
403.5     0.984
403.75     0.984
404.0     0.984
404.25     0.984
404.5     0.984
404.75     0.984
405.0     0.984
405.25     0.984
405.5     0.984
405.75     0.984
406.0     0.984
406.25     0.984
406.5     0.984
406.75     0.984
407.0     0.984
407.25     0.984
407.5     0.984
407.75     0.984
408.0     0.984
408.25     0.984
408.5     0.984
408.75     0.984
409.0     0.984
409.25     0.984
409.5     0.984
409.75     0.984
410.0     0.984
410.25     0.984
410.5     0.984
410.75     0.984
411.0     0.984
411.25     0.984
411.5     0.984
411.75     0.984
412.0     0.984
412.25     0.984
412.5     0.984
412.75     0.984
413.0     0.984
413.25     0.984
413.5     0.984
413.75     0.984
414.0     0.984
414.25     0.984
414.5     0.984
414.75     0.984
415.0     0.986
415.25     0.986
415.5     0.986
415.75     0.986
416.0     0.986
416.25     0.986
416.5     0.986
416.75     0.986
417.0     0.986
417.25     0.986
417.5     0.986
417.75     0.986
418.0     0.986
418.25     0.986
418.5     0.986
418.75     0.986
419.0     0.986
419.25     0.986
419.5     0.986
419.75     0.986
420.0     0.986
420.25     0.986
420.5     0.986
420.75     0.986
421.0     0.986
421.25     0.986
421.5     0.986
421.75     0.986
422.0     0.986
422.25     0.986
422.5     0.986
422.75     0.986
423.0     0.986
423.25     0.986
423.5     0.986
423.75     0.986
424.0     0.986
424.25     0.986
424.5     0.986
424.75     0.986
425.0     0.986
425.25     0.986
425.5     0.986
425.75     0.986
426.0     0.986
426.25     0.988
426.5     0.988
426.75     0.988
427.0     0.988
427.25     0.988
427.5     0.988
427.75     0.988
428.0     0.988
428.25     0.988
428.5     0.988
428.75     0.988
429.0     0.988
429.25     0.988
429.5     0.988
429.75     0.988
430.0     0.988
430.25     0.988
430.5     0.988
430.75     0.988
431.0     0.988
431.25     0.988
431.5     0.988
431.75     0.988
432.0     0.988
432.25     0.988
432.5     0.988
432.75     0.988
433.0     0.988
433.25     0.988
433.5     0.988
433.75     0.988
434.0     0.988
434.25     0.988
434.5     0.988
434.75     0.988
435.0     0.988
435.25     0.988
435.5     0.988
435.75     0.988
436.0     0.988
436.25     0.988
436.5     0.988
436.75     0.988
437.0     0.988
437.25     0.988
437.5     0.988
437.75     0.99
438.0     0.99
438.25     0.99
438.5     0.99
438.75     0.99
439.0     0.99
439.25     0.99
439.5     0.99
439.75     0.99
440.0     0.99
440.25     0.99
440.5     0.99
440.75     0.99
441.0     0.99
441.25     0.99
441.5     0.99
441.75     0.99
442.0     0.99
442.25     0.992
442.5     0.992
442.75     0.992
443.0     0.992
443.25     0.992
443.5     0.992
443.75     0.992
444.0     0.992
444.25     0.992
444.5     0.992
444.75     0.992
445.0     0.992
445.25     0.992
445.5     0.992
445.75     0.992
446.0     0.992
446.25     0.992
446.5     0.992
446.75     0.992
447.0     0.992
447.25     0.992
447.5     0.992
447.75     0.992
448.0     0.992
448.25     0.992
448.5     0.992
448.75     0.992
449.0     0.992
449.25     0.992
449.5     0.992
449.75     0.992
450.0     0.992
450.25     0.992
450.5     0.992
450.75     0.992
451.0     0.992
451.25     0.992
451.5     0.992
451.75     0.992
452.0     0.992
452.25     0.992
452.5     0.992
452.75     0.992
453.0     0.992
453.25     0.992
453.5     0.992
453.75     0.992
454.0     0.992
454.25     0.992
454.5     0.992
454.75     0.992
455.0     0.992
455.25     0.992
455.5     0.992
455.75     0.992
456.0     0.992
456.25     0.992
456.5     0.994
456.75     0.994
457.0     0.994
457.25     0.994
457.5     0.994
457.75     0.994
458.0     0.994
458.25     0.994
458.5     0.994
458.75     0.994
459.0     0.994
459.25     0.994
459.5     0.994
459.75     0.994
460.0     0.994
460.25     0.994
460.5     0.994
460.75     0.994
461.0     0.994
461.25     0.994
461.5     0.994
461.75     0.994
462.0     0.994
462.25     0.994
462.5     0.994
462.75     0.994
463.0     0.994
463.25     0.994
463.5     0.994
463.75     0.994
464.0     0.994
464.25     0.994
464.5     0.994
464.75     0.994
465.0     0.994
465.25     0.994
465.5     0.994
465.75     0.994
466.0     0.994
466.25     0.994
466.5     0.994
466.75     0.994
467.0     0.994
467.25     0.994
467.5     0.994
467.75     0.994
468.0     0.994
468.25     0.994
468.5     0.994
468.75     0.994
469.0     0.994
469.25     0.994
469.5     0.994
469.75     0.994
470.0     0.994
470.25     0.994
470.5     0.994
470.75     0.994
471.0     0.994
471.25     0.994
471.5     0.994
471.75     0.994
472.0     0.994
472.25     0.994
472.5     0.994
472.75     0.994
473.0     0.994
473.25     0.994
473.5     0.994
473.75     0.994
474.0     0.996
474.25     0.996
474.5     0.996
474.75     0.996
475.0     0.996
475.25     0.996
475.5     0.996
475.75     0.996
476.0     0.996
476.25     0.996
476.5     0.996
476.75     0.996
477.0     0.996
477.25     0.996
477.5     0.998
477.75     0.998
478.0     0.998
478.25     0.998
478.5     0.998
478.75     0.998
479.0     0.998
479.25     0.998
479.5     0.998
479.75     0.998
480.0     0.998
480.25     0.998
480.5     0.998
480.75     0.998
481.0     0.998
481.25     0.998
481.5     0.998
481.75     0.998
482.0     0.998
482.25     0.998
482.5     0.998
482.75     0.998
483.0     0.998
483.25     0.998
483.5     0.998
483.75     0.998
484.0     0.998
484.25     0.998
484.5     0.998
484.75     0.998
485.0     0.998
485.25     0.998
485.5     0.998
485.75     0.998
486.0     0.998
486.25     0.998
486.5     0.998
486.75     0.998
487.0     0.998
487.25     0.998
487.5     0.998
487.75     0.998
488.0     0.998
488.25     0.998
488.5     0.998
488.75     0.998
489.0     0.998
489.25     0.998
489.5     0.998
489.75     0.998
490.0     0.998
490.25     0.998
490.5     0.998
490.75     0.998
491.0     0.998
491.25     0.998
491.5     0.998
491.75     0.998
492.0     0.998
492.25     0.998
492.5     0.998
492.75     0.998
493.0     0.998
493.25     0.998
493.5     0.998
493.75     0.998
494.0     0.998
494.25     0.998
494.5     0.998
494.75     0.998
495.0     0.998
495.25     0.998
495.5     0.998
495.75     0.998
496.0     0.998
496.25     0.998
496.5     0.998
496.75     0.998
497.0     0.998
497.25     0.998
497.5     0.998
497.75     0.998
498.0     0.998
498.25     0.998
498.5     0.998
498.75     0.998
499.0     0.998
499.25     0.998
499.5     0.998
499.75     0.998
500.0     0.998
500.25     0.998
500.5     0.998
500.75     0.998
501.0     0.998
501.25     0.998
501.5     0.998
501.75     0.998
502.0     0.998
502.25     0.998
502.5     0.998
502.75     0.998
503.0     0.998
503.25     0.998
503.5     0.998
503.75     0.998
504.0     0.998
504.25     0.998
504.5     0.998
504.75     0.998
505.0     0.998
505.25     0.998
505.5     0.998
505.75     0.998
506.0     0.998
506.25     0.998
506.5     0.998
506.75     0.998
507.0     0.998
507.25     0.998
507.5     0.998
507.75     0.998
508.0     0.998
508.25     0.998
508.5     0.998
508.75     0.998
509.0     0.998
509.25     0.998
509.5     0.998
509.75     0.998
510.0     0.998
510.25     0.998
510.5     0.998
510.75     0.998
511.0     0.998
511.25     0.998
511.5     0.998
511.75     0.998
512.0     0.998
512.25     0.998
512.5     0.998
512.75     0.998
513.0     0.998
513.25     0.998
513.5     0.998
513.75     0.998
514.0     0.998
514.25     0.998
514.5     0.998
514.75     0.998
515.0     0.998
515.25     0.998
515.5     0.998
515.75     0.998
516.0     0.998
516.25     0.998
516.5     0.998
516.75     0.998
517.0     0.998
517.25     0.998
517.5     0.998
517.75     0.998
518.0     0.998
518.25     0.998
518.5     0.998
518.75     0.998
519.0     0.998
519.25     0.998
519.5     0.998
519.75     0.998
520.0     0.998
520.25     0.998
520.5     0.998
520.75     0.998
521.0     0.998
521.25     0.998
521.5     0.998
521.75     0.998
522.0     0.998
522.25     0.998
522.5     0.998
522.75     0.998
523.0     0.998
523.25     0.998
523.5     0.998
523.75     0.998
524.0     0.998
524.25     0.998
524.5     0.998
524.75     0.998
525.0     0.998
525.25     0.998
525.5     0.998
525.75     0.998
526.0     0.998
526.25     0.998
526.5     0.998
526.75     0.998
527.0     0.998
527.25     0.998
527.5     0.998
527.75     0.998
528.0     0.998
528.25     0.998
528.5     0.998
528.75     0.998
529.0     0.998
529.25     0.998
529.5     0.998
529.75     0.998
530.0     0.998
530.25     0.998
530.5     0.998
530.75     0.998
531.0     0.998
531.25     0.998
531.5     0.998
531.75     0.998
532.0     0.998
532.25     0.998
532.5     0.998
532.75     0.998
533.0     0.998
533.25     0.998
533.5     0.998
533.75     0.998
534.0     0.998
534.25     0.998
534.5     0.998
534.75     0.998
535.0     0.998
535.25     0.998
535.5     0.998
535.75     0.998
536.0     0.998
536.25     0.998
536.5     0.998
536.75     0.998
537.0     0.998
537.25     0.998
537.5     0.998
537.75     0.998
538.0     0.998
538.25     0.998
538.5     0.998
538.75     0.998
539.0     0.998
539.25     0.998
539.5     0.998
539.75     0.998
540.0     0.998
540.25     0.998
540.5     0.998
540.75     0.998
541.0     0.998
541.25     0.998
541.5     0.998
541.75     0.998
542.0     0.998
542.25     0.998
542.5     0.998
542.75     0.998
543.0     0.998
543.25     0.998
543.5     0.998
543.75     0.998
544.0     0.998
544.25     0.998
544.5     0.998
544.75     0.998
545.0     0.998
545.25     0.998
545.5     0.998
545.75     0.998
546.0     0.998
546.25     0.998
546.5     0.998
546.75     0.998
547.0     0.998
547.25     0.998
547.5     0.998
547.75     0.998
548.0     0.998
548.25     0.998
548.5     0.998
548.75     0.998
549.0     0.998
549.25     0.998
549.5     0.998
549.75     0.998
550.0     0.998
550.25     0.998
550.5     0.998
550.75     0.998
551.0     0.998
551.25     0.998
551.5     0.998
551.75     0.998
552.0     0.998
552.25     0.998
552.5     0.998
552.75     0.998
553.0     0.998
553.25     0.998
553.5     0.998
553.75     0.998
554.0     0.998
554.25     0.998
554.5     0.998
554.75     0.998
555.0     0.998
555.25     0.998
555.5     0.998
555.75     0.998
556.0     0.998
556.25     0.998
556.5     0.998
556.75     0.998
557.0     0.998
557.25     0.998
557.5     0.998
557.75     0.998
558.0     0.998
558.25     0.998
558.5     0.998
558.75     0.998
559.0     0.998
559.25     0.998
559.5     0.998
559.75     0.998
560.0     0.998
560.25     0.998
560.5     0.998
560.75     0.998
561.0     0.998
561.25     0.998
561.5     0.998
561.75     0.998
562.0     0.998
562.25     0.998
562.5     0.998
562.75     0.998
563.0     0.998
563.25     0.998
563.5     0.998
563.75     0.998
564.0     0.998
564.25     0.998
564.5     0.998
564.75     0.998
565.0     0.998
565.25     0.998
565.5     0.998
565.75     0.998
566.0     0.998
566.25     0.998
566.5     0.998
566.75     0.998
567.0     0.998
567.25     0.998
567.5     0.998
567.75     0.998
568.0     0.998
568.25     0.998
568.5     0.998
568.75     0.998
569.0     0.998
569.25     0.998
569.5     0.998
569.75     0.998
570.0     0.998
570.25     0.998
570.5     0.998
570.75     0.998
571.0     0.998
571.25     0.998
571.5     0.998
571.75     0.998
572.0     0.998
572.25     0.998
572.5     0.998
572.75     0.998
573.0     0.998
573.25     0.998
573.5     0.998
573.75     0.998
574.0     0.998
574.25     0.998
574.5     0.998
574.75     0.998
575.0     0.998
575.25     0.998
575.5     0.998
575.75     0.998
576.0     0.998
576.25     0.998
576.5     0.998
576.75     0.998
577.0     0.998
577.25     0.998
577.5     0.998
577.75     0.998
578.0     0.998
578.25     0.998
578.5     0.998
578.75     0.998
579.0     0.998
579.25     0.998
579.5     0.998
579.75     0.998
580.0     0.998
580.25     0.998
580.5     0.998
580.75     0.998
581.0     0.998
581.25     0.998
581.5     0.998
581.75     0.998
582.0     0.998
582.25     0.998
582.5     0.998
582.75     0.998
583.0     0.998
583.25     0.998
583.5     0.998
583.75     0.998
584.0     0.998
584.25     0.998
584.5     0.998
584.75     0.998
585.0     0.998
585.25     0.998
585.5     0.998
585.75     0.998
586.0     0.998
586.25     0.998
586.5     0.998
586.75     0.998
587.0     0.998
587.25     0.998
587.5     0.998
587.75     0.998
588.0     0.998
588.25     0.998
588.5     0.998
588.75     0.998
589.0     0.998
589.25     0.998
589.5     0.998
589.75     0.998
590.0     0.998
590.25     0.998
590.5     0.998
590.75     0.998
591.0     0.998
591.25     0.998
591.5     0.998
591.75     0.998
592.0     0.998
592.25     0.998
592.5     0.998
592.75     0.998
593.0     0.998
593.25     0.998
593.5     0.998
593.75     0.998
594.0     0.998
594.25     0.998
594.5     0.998
594.75     0.998
595.0     0.998
595.25     0.998
595.5     0.998
595.75     0.998
596.0     0.998
596.25     0.998
596.5     0.998
596.75     0.998
597.0     0.998
597.25     0.998
597.5     0.998
597.75     0.998
598.0     0.998
598.25     0.998
598.5     0.998
598.75     0.998
599.0     0.998
599.25     0.998
599.5     0.998
599.75     0.998
600.0     0.998
600.25     0.998
600.5     0.998
600.75     0.998
601.0     0.998
601.25     0.998
601.5     0.998
601.75     0.998
602.0     0.998
602.25     0.998
602.5     0.998
602.75     0.998
603.0     0.998
603.25     0.998
603.5     0.998
603.75     0.998
604.0     0.998
604.25     0.998
604.5     0.998
604.75     0.998
605.0     0.998
605.25     0.998
605.5     0.998
605.75     0.998
606.0     0.998
606.25     0.998
606.5     0.998
606.75     0.998
607.0     0.998
607.25     0.998
607.5     0.998
607.75     0.998
608.0     0.998
608.25     0.998
608.5     0.998
608.75     0.998
609.0     0.998
609.25     0.998
609.5     0.998
609.75     0.998
610.0     0.998
610.25     0.998
610.5     0.998
610.75     0.998
611.0     0.998
611.25     0.998
611.5     0.998
611.75     0.998
612.0     0.998
612.25     0.998
612.5     0.998
612.75     0.998
613.0     0.998
613.25     0.998
613.5     0.998
613.75     0.998
614.0     0.998
614.25     0.998
614.5     0.998
614.75     0.998
615.0     0.998
615.25     0.998
615.5     0.998
615.75     0.998
616.0     0.998
616.25     0.998
616.5     0.998
616.75     0.998
617.0     0.998
617.25     0.998
617.5     0.998
617.75     0.998
618.0     0.998
618.25     0.998
618.5     0.998
618.75     0.998
619.0     0.998
619.25     0.998
619.5     0.998
619.75     0.998
620.0     0.998
620.25     0.998
620.5     0.998
620.75     0.998
621.0     0.998
621.25     0.998
621.5     0.998
621.75     0.998
622.0     0.998
622.25     0.998
622.5     0.998
622.75     0.998
623.0     0.998
623.25     0.998
623.5     0.998
623.75     0.998
624.0     0.998
624.25     0.998
624.5     0.998
624.75     0.998
625.0     0.998
625.25     0.998
625.5     0.998
625.75     0.998
626.0     0.998
626.25     0.998
626.5     0.998
626.75     0.998
627.0     0.998
627.25     0.998
627.5     0.998
627.75     0.998
628.0     0.998
628.25     0.998
628.5     0.998
628.75     0.998
629.0     0.998
629.25     0.998
629.5     0.998
629.75     0.998
630.0     0.998
630.25     0.998
630.5     0.998
630.75     0.998
631.0     0.998
631.25     0.998
631.5     0.998
631.75     0.998
632.0     0.998
632.25     0.998
632.5     0.998
632.75     0.998
633.0     0.998
633.25     0.998
633.5     0.998
633.75     0.998
634.0     0.998
634.25     0.998
634.5     0.998
634.75     0.998
635.0     0.998
635.25     0.998
635.5     0.998
635.75     0.998
636.0     0.998
636.25     0.998
636.5     0.998
636.75     0.998
637.0     0.998
637.25     0.998
637.5     0.998
637.75     0.998
638.0     0.998
638.25     0.998
638.5     0.998
638.75     0.998
639.0     0.998
639.25     0.998
639.5     0.998
639.75     0.998
640.0     0.998
640.25     0.998
640.5     0.998
640.75     0.998
641.0     0.998
641.25     0.998
641.5     0.998
641.75     0.998
642.0     0.998
642.25     0.998
642.5     0.998
642.75     0.998
643.0     0.998
643.25     0.998
643.5     0.998
643.75     0.998
644.0     0.998
644.25     0.998
644.5     0.998
644.75     0.998
645.0     0.998
645.25     0.998
645.5     0.998
645.75     0.998
646.0     0.998
646.25     0.998
646.5     0.998
646.75     0.998
647.0     0.998
647.25     0.998
647.5     0.998
647.75     0.998
648.0     0.998
648.25     0.998
648.5     0.998
648.75     0.998
649.0     0.998
649.25     0.998
649.5     0.998
649.75     0.998
650.0     0.998
650.25     0.998
650.5     0.998
650.75     0.998
651.0     0.998
651.25     0.998
651.5     0.998
651.75     0.998
652.0     0.998
652.25     0.998
652.5     0.998
652.75     0.998
653.0     0.998
653.25     0.998
653.5     0.998
653.75     0.998
654.0     0.998
654.25     0.998
654.5     0.998
654.75     0.998
655.0     0.998
655.25     0.998
655.5     0.998
655.75     0.998
656.0     0.998
656.25     0.998
656.5     0.998
656.75     0.998
657.0     0.998
657.25     0.998
657.5     0.998
657.75     0.998
658.0     0.998
658.25     0.998
658.5     0.998
658.75     0.998
659.0     0.998
659.25     0.998
659.5     0.998
659.75     0.998
660.0     0.998
660.25     0.998
660.5     0.998
660.75     0.998
661.0     0.998
661.25     0.998
661.5     0.998
661.75     0.998
662.0     0.998
662.25     0.998
662.5     0.998
662.75     0.998
663.0     0.998
663.25     0.998
663.5     0.998
663.75     0.998
664.0     0.998
664.25     0.998
664.5     0.998
664.75     0.998
665.0     0.998
665.25     0.998
665.5     0.998
665.75     0.998
666.0     0.998
666.25     0.998
666.5     0.998
666.75     0.998
667.0     0.998
667.25     0.998
667.5     0.998
667.75     0.998
668.0     0.998
668.25     0.998
668.5     0.998
668.75     0.998
669.0     0.998
669.25     0.998
669.5     0.998
669.75     0.998
670.0     0.998
670.25     0.998
670.5     0.998
670.75     0.998
671.0     0.998
671.25     0.998
671.5     0.998
671.75     0.998
672.0     0.998
672.25     0.998
672.5     0.998
672.75     0.998
673.0     0.998
673.25     0.998
673.5     0.998
673.75     0.998
674.0     0.998
674.25     0.998
674.5     0.998
674.75     0.998
675.0     0.998
675.25     0.998
675.5     0.998
675.75     0.998
676.0     0.998
676.25     0.998
676.5     0.998
676.75     0.998
677.0     0.998
677.25     0.998
677.5     0.998
677.75     0.998
678.0     0.998
678.25     0.998
678.5     0.998
678.75     0.998
679.0     0.998
679.25     0.998
679.5     0.998
679.75     0.998
680.0     0.998
680.25     0.998
680.5     0.998
680.75     0.998
681.0     0.998
681.25     0.998
681.5     0.998
681.75     0.998
682.0     0.998
682.25     0.998
682.5     0.998
682.75     0.998
683.0     0.998
683.25     0.998
683.5     0.998
683.75     0.998
684.0     0.998
684.25     0.998
684.5     0.998
684.75     0.998
685.0     0.998
685.25     0.998
685.5     0.998
685.75     0.998
686.0     0.998
686.25     0.998
686.5     0.998
686.75     0.998
687.0     0.998
687.25     0.998
687.5     0.998
687.75     0.998
688.0     0.998
688.25     0.998
688.5     0.998
688.75     0.998
689.0     0.998
689.25     0.998
689.5     0.998
689.75     0.998
690.0     0.998
690.25     0.998
690.5     0.998
690.75     0.998
691.0     0.998
691.25     0.998
691.5     0.998
691.75     0.998
692.0     0.998
692.25     0.998
692.5     0.998
692.75     0.998
693.0     0.998
693.25     0.998
693.5     0.998
693.75     0.998
694.0     0.998
694.25     0.998
694.5     0.998
694.75     0.998
695.0     0.998
695.25     0.998
695.5     0.998
695.75     0.998
696.0     0.998
696.25     0.998
696.5     0.998
696.75     0.998
697.0     0.998
697.25     0.998
697.5     0.998
697.75     0.998
698.0     0.998
698.25     0.998
698.5     0.998
698.75     0.998
699.0     0.998
699.25     0.998
699.5     0.998
699.75     0.998
700.0     0.998
700.25     0.998
700.5     0.998
700.75     0.998
701.0     0.998
701.25     0.998
701.5     0.998
701.75     0.998
702.0     0.998
702.25     0.998
702.5     0.998
702.75     0.998
703.0     0.998
703.25     0.998
703.5     0.998
703.75     0.998
704.0     0.998
704.25     0.998
704.5     0.998
704.75     0.998
705.0     0.998
705.25     0.998
705.5     0.998
705.75     0.998
706.0     0.998
706.25     0.998
706.5     0.998
706.75     0.998
707.0     0.998
707.25     0.998
707.5     0.998
707.75     0.998
708.0     0.998
708.25     0.998
708.5     0.998
708.75     0.998
709.0     0.998
709.25     0.998
709.5     0.998
709.75     0.998
710.0     0.998
710.25     0.998
710.5     0.998
710.75     0.998
711.0     0.998
711.25     0.998
711.5     0.998
711.75     0.998
712.0     0.998
712.25     0.998
712.5     0.998
712.75     0.998
713.0     0.998
713.25     0.998
713.5     0.998
713.75     0.998
714.0     0.998
714.25     0.998
714.5     0.998
714.75     0.998
715.0     0.998
715.25     0.998
715.5     0.998
715.75     0.998
716.0     0.998
716.25     0.998
716.5     0.998
716.75     0.998
717.0     0.998
717.25     0.998
717.5     0.998
717.75     0.998
718.0     0.998
718.25     0.998
718.5     0.998
718.75     0.998
719.0     0.998
719.25     0.998
719.5     0.998
719.75     0.998
720.0     0.998
720.25     0.998
720.5     0.998
720.75     0.998
721.0     0.998
721.25     0.998
721.5     0.998
721.75     0.998
722.0     0.998
722.25     0.998
722.5     0.998
722.75     0.998
723.0     0.998
723.25     0.998
723.5     0.998
723.75     0.998
724.0     0.998
724.25     0.998
724.5     0.998
724.75     0.998
725.0     0.998
725.25     0.998
725.5     0.998
725.75     0.998
726.0     0.998
726.25     0.998
726.5     0.998
726.75     0.998
727.0     0.998
727.25     0.998
727.5     0.998
727.75     0.998
728.0     0.998
728.25     0.998
728.5     0.998
728.75     0.998
729.0     0.998
729.25     0.998
729.5     0.998
729.75     0.998
730.0     0.998
730.25     0.998
730.5     0.998
730.75     0.998
731.0     0.998
731.25     0.998
731.5     0.998
731.75     0.998
732.0     0.998
732.25     0.998
732.5     0.998
732.75     0.998
733.0     0.998
733.25     0.998
733.5     0.998
733.75     0.998
734.0     0.998
734.25     0.998
734.5     0.998
734.75     0.998
735.0     0.998
735.25     0.998
735.5     0.998
735.75     0.998
736.0     0.998
736.25     0.998
736.5     0.998
736.75     0.998
737.0     0.998
737.25     0.998
737.5     0.998
737.75     0.998
738.0     0.998
738.25     0.998
738.5     0.998
738.75     0.998
739.0     0.998
739.25     0.998
739.5     0.998
739.75     0.998
740.0     0.998
740.25     0.998
740.5     0.998
740.75     0.998
741.0     0.998
741.25     0.998
741.5     0.998
741.75     0.998
742.0     0.998
742.25     0.998
742.5     0.998
742.75     0.998
743.0     0.998
743.25     0.998
743.5     0.998
743.75     0.998
744.0     0.998
744.25     0.998
744.5     0.998
744.75     0.998
745.0     0.998
745.25     0.998
745.5     0.998
745.75     0.998
746.0     0.998
746.25     0.998
746.5     0.998
746.75     0.998
747.0     0.998
747.25     0.998
747.5     0.998
747.75     0.998
748.0     0.998
748.25     0.998
748.5     0.998
748.75     0.998
749.0     0.998
749.25     0.998
749.5     0.998
749.75     0.998
750.0     0.998
750.25     0.998
750.5     0.998
750.75     0.998
751.0     0.998
751.25     0.998
751.5     0.998
751.75     0.998
752.0     0.998
752.25     0.998
752.5     0.998
752.75     0.998
753.0     0.998
753.25     0.998
753.5     0.998
753.75     0.998
754.0     0.998
754.25     0.998
754.5     0.998
754.75     0.998
755.0     0.998
755.25     0.998
755.5     0.998
755.75     0.998
756.0     0.998
756.25     0.998
756.5     0.998
756.75     0.998
757.0     0.998
757.25     0.998
757.5     0.998
757.75     0.998
758.0     0.998
758.25     0.998
758.5     0.998
758.75     0.998
759.0     0.998
759.25     0.998
759.5     0.998
759.75     0.998
760.0     0.998
760.25     0.998
760.5     0.998
760.75     0.998
761.0     0.998
761.25     0.998
761.5     0.998
761.75     0.998
762.0     0.998
762.25     0.998
762.5     0.998
762.75     0.998
763.0     0.998
763.25     0.998
763.5     0.998
763.75     0.998
764.0     0.998
764.25     0.998
764.5     0.998
764.75     0.998
765.0     0.998
765.25     0.998
765.5     0.998
765.75     0.998
766.0     0.998
766.25     0.998
766.5     0.998
766.75     0.998
767.0     0.998
767.25     0.998
767.5     0.998
767.75     0.998
768.0     0.998
768.25     0.998
768.5     0.998
768.75     0.998
769.0     0.998
769.25     0.998
769.5     0.998
769.75     0.998
770.0     0.998
770.25     0.998
770.5     0.998
770.75     0.998
771.0     0.998
771.25     0.998
771.5     0.998
771.75     0.998
772.0     0.998
772.25     0.998
772.5     0.998
772.75     0.998
773.0     0.998
773.25     0.998
773.5     0.998
773.75     0.998
774.0     0.998
774.25     0.998
774.5     0.998
774.75     0.998
775.0     0.998
775.25     0.998
775.5     0.998
775.75     0.998
776.0     0.998
776.25     0.998
776.5     0.998
776.75     0.998
777.0     0.998
777.25     0.998
777.5     0.998
777.75     0.998
778.0     0.998
778.25     0.998
778.5     0.998
778.75     0.998
779.0     0.998
779.25     0.998
779.5     0.998
779.75     0.998
780.0     0.998
780.25     0.998
780.5     0.998
780.75     0.998
781.0     0.998
781.25     0.998
781.5     0.998
781.75     0.998
782.0     0.998
782.25     0.998
782.5     0.998
782.75     0.998
783.0     0.998
783.25     0.998
783.5     0.998
783.75     0.998
784.0     0.998
784.25     0.998
784.5     0.998
784.75     0.998
785.0     0.998
785.25     0.998
785.5     0.998
785.75     0.998
786.0     0.998
786.25     0.998
786.5     0.998
786.75     0.998
787.0     0.998
787.25     0.998
787.5     0.998
787.75     0.998
788.0     0.998
788.25     0.998
788.5     0.998
788.75     0.998
789.0     0.998
789.25     0.998
789.5     0.998
789.75     0.998
790.0     0.998
790.25     0.998
790.5     0.998
790.75     0.998
791.0     0.998
791.25     0.998
791.5     0.998
791.75     0.998
792.0     0.998
792.25     0.998
792.5     0.998
792.75     0.998
793.0     0.998
793.25     0.998
793.5     0.998
793.75     0.998
794.0     0.998
794.25     0.998
794.5     0.998
794.75     0.998
795.0     0.998
795.25     0.998
795.5     0.998
795.75     0.998
796.0     0.998
796.25     0.998
796.5     0.998
796.75     0.998
797.0     0.998
797.25     0.998
797.5     0.998
797.75     0.998
798.0     0.998
798.25     0.998
798.5     0.998
798.75     0.998
799.0     0.998
799.25     0.998
799.5     0.998
799.75     0.998
800.0     0.998
800.25     0.998
800.5     0.998
800.75     0.998
801.0     0.998
801.25     0.998
801.5     0.998
801.75     0.998
802.0     0.998
802.25     0.998
802.5     0.998
802.75     0.998
803.0     0.998
803.25     0.998
803.5     0.998
803.75     0.998
804.0     0.998
804.25     0.998
804.5     0.998
804.75     0.998
805.0     0.998
805.25     0.998
805.5     0.998
805.75     0.998
806.0     0.998
806.25     0.998
806.5     0.998
806.75     0.998
807.0     0.998
807.25     0.998
807.5     0.998
807.75     0.998
808.0     0.998
808.25     0.998
808.5     0.998
808.75     0.998
809.0     0.998
809.25     0.998
809.5     0.998
809.75     0.998
810.0     0.998
810.25     0.998
810.5     0.998
810.75     0.998
811.0     0.998
811.25     0.998
811.5     0.998
811.75     0.998
812.0     0.998
812.25     0.998
812.5     0.998
812.75     0.998
813.0     0.998
813.25     0.998
813.5     0.998
813.75     0.998
814.0     0.998
814.25     0.998
814.5     0.998
814.75     0.998
815.0     0.998
815.25     0.998
815.5     0.998
815.75     0.998
816.0     0.998
816.25     0.998
816.5     0.998
816.75     0.998
817.0     0.998
817.25     0.998
817.5     0.998
817.75     0.998
818.0     0.998
818.25     0.998
818.5     0.998
818.75     0.998
819.0     0.998
819.25     0.998
819.5     0.998
819.75     0.998
820.0     0.998
820.25     0.998
820.5     0.998
820.75     0.998
821.0     0.998
821.25     0.998
821.5     0.998
821.75     0.998
822.0     0.998
822.25     0.998
822.5     0.998
822.75     0.998
823.0     0.998
823.25     0.998
823.5     0.998
823.75     0.998
824.0     0.998
824.25     0.998
824.5     0.998
824.75     0.998
825.0     0.998
825.25     0.998
825.5     0.998
825.75     0.998
826.0     0.998
826.25     0.998
826.5     0.998
826.75     0.998
827.0     0.998
827.25     0.998
827.5     0.998
827.75     0.998
828.0     0.998
828.25     0.998
828.5     0.998
828.75     0.998
829.0     0.998
829.25     0.998
829.5     0.998
829.75     0.998
830.0     0.998
830.25     0.998
830.5     0.998
830.75     0.998
831.0     0.998
831.25     0.998
831.5     0.998
831.75     0.998
832.0     0.998
832.25     0.998
832.5     0.998
832.75     0.998
833.0     0.998
833.25     0.998
833.5     0.998
833.75     0.998
834.0     0.998
834.25     0.998
834.5     0.998
834.75     0.998
835.0     0.998
835.25     0.998
835.5     0.998
835.75     0.998
836.0     0.998
836.25     0.998
836.5     0.998
836.75     0.998
837.0     0.998
837.25     0.998
837.5     0.998
837.75     0.998
838.0     0.998
838.25     0.998
838.5     0.998
838.75     0.998
839.0     0.998
839.25     0.998
839.5     0.998
839.75     0.998
840.0     0.998
840.25     0.998
840.5     0.998
840.75     0.998
841.0     0.998
841.25     0.998
841.5     0.998
841.75     0.998
842.0     0.998
842.25     0.998
842.5     0.998
842.75     0.998
843.0     0.998
843.25     0.998
843.5     0.998
843.75     0.998
844.0     0.998
844.25     0.998
844.5     0.998
844.75     0.998
845.0     0.998
845.25     0.998
845.5     0.998
845.75     0.998
846.0     0.998
846.25     0.998
846.5     0.998
846.75     0.998
847.0     0.998
847.25     0.998
847.5     0.998
847.75     0.998
848.0     0.998
848.25     0.998
848.5     0.998
848.75     0.998
849.0     0.998
849.25     0.998
849.5     0.998
849.75     0.998
850.0     0.998
850.25     0.998
850.5     0.998
850.75     0.998
851.0     0.998
851.25     0.998
851.5     0.998
851.75     0.998
852.0     0.998
852.25     0.998
852.5     0.998
852.75     0.998
853.0     0.998
853.25     0.998
853.5     0.998
853.75     0.998
854.0     0.998
854.25     0.998
854.5     0.998
854.75     0.998
855.0     0.998
855.25     0.998
855.5     0.998
855.75     0.998
856.0     0.998
856.25     0.998
856.5     0.998
856.75     0.998
857.0     0.998
857.25     0.998
857.5     0.998
857.75     0.998
858.0     0.998
858.25     0.998
858.5     0.998
858.75     0.998
859.0     0.998
859.25     0.998
859.5     0.998
859.75     0.998
860.0     0.998
860.25     0.998
860.5     0.998
860.75     0.998
861.0     0.998
861.25     0.998
861.5     0.998
861.75     0.998
862.0     0.998
862.25     0.998
862.5     0.998
862.75     0.998
863.0     0.998
863.25     0.998
863.5     0.998
863.75     0.998
864.0     0.998
864.25     0.998
864.5     0.998
864.75     0.998
865.0     0.998
865.25     0.998
865.5     0.998
865.75     0.998
866.0     0.998
866.25     0.998
866.5     0.998
866.75     0.998
867.0     0.998
867.25     0.998
867.5     0.998
867.75     0.998
868.0     0.998
868.25     0.998
868.5     0.998
868.75     0.998
869.0     0.998
869.25     0.998
869.5     0.998
869.75     0.998
870.0     0.998
870.25     0.998
870.5     0.998
870.75     0.998
871.0     0.998
871.25     0.998
871.5     0.998
871.75     0.998
872.0     0.998
872.25     0.998
872.5     0.998
872.75     0.998
873.0     0.998
873.25     0.998
873.5     0.998
873.75     0.998
874.0     0.998
874.25     0.998
874.5     0.998
874.75     0.998
875.0     0.998
875.25     0.998
875.5     0.998
875.75     0.998
876.0     0.998
876.25     0.998
876.5     0.998
876.75     0.998
877.0     0.998
877.25     0.998
877.5     0.998
877.75     0.998
878.0     0.998
878.25     0.998
878.5     0.998
878.75     0.998
879.0     0.998
879.25     0.998
879.5     0.998
879.75     0.998
880.0     0.998
880.25     0.998
880.5     0.998
880.75     0.998
881.0     0.998
881.25     0.998
881.5     0.998
881.75     0.998
882.0     0.998
882.25     0.998
882.5     0.998
882.75     0.998
883.0     0.998
883.25     0.998
883.5     0.998
883.75     0.998
884.0     0.998
884.25     0.998
884.5     0.998
884.75     0.998
885.0     0.998
885.25     0.998
885.5     0.998
885.75     0.998
886.0     0.998
886.25     0.998
886.5     0.998
886.75     0.998
887.0     0.998
887.25     0.998
887.5     0.998
887.75     0.998
888.0     0.998
888.25     0.998
888.5     0.998
888.75     0.998
889.0     0.998
889.25     0.998
889.5     0.998
889.75     0.998
890.0     0.998
890.25     0.998
890.5     0.998
890.75     0.998
891.0     0.998
891.25     0.998
891.5     0.998
891.75     0.998
892.0     0.998
892.25     0.998
892.5     0.998
892.75     0.998
893.0     0.998
893.25     0.998
893.5     0.998
893.75     0.998
894.0     0.998
894.25     0.998
894.5     0.998
894.75     0.998
895.0     0.998
895.25     0.998
895.5     0.998
895.75     0.998
896.0     0.998
896.25     0.998
896.5     0.998
896.75     0.998
897.0     0.998
897.25     0.998
897.5     0.998
897.75     0.998
898.0     0.998
898.25     0.998
898.5     0.998
898.75     0.998
899.0     0.998
899.25     0.998
899.5     0.998
899.75     0.998
900.0     0.998
900.25     0.998
900.5     0.998
900.75     0.998
901.0     0.998
901.25     0.998
901.5     0.998
901.75     0.998
902.0     0.998
902.25     0.998
902.5     0.998
902.75     0.998
903.0     0.998
903.25     0.998
903.5     0.998
903.75     0.998
904.0     0.998
904.25     0.998
904.5     0.998
904.75     0.998
905.0     0.998
905.25     0.998
905.5     0.998
905.75     0.998
906.0     0.998
906.25     0.998
906.5     0.998
906.75     0.998
907.0     0.998
907.25     0.998
907.5     0.998
907.75     0.998
908.0     0.998
908.25     0.998
908.5     0.998
908.75     0.998
909.0     0.998
909.25     0.998
909.5     0.998
909.75     0.998
910.0     0.998
910.25     0.998
910.5     0.998
910.75     0.998
911.0     0.998
911.25     0.998
911.5     0.998
911.75     0.998
912.0     0.998
912.25     0.998
912.5     0.998
912.75     0.998
913.0     0.998
913.25     0.998
913.5     0.998
913.75     0.998
914.0     0.998
914.25     0.998
914.5     0.998
914.75     0.998
915.0     0.998
915.25     0.998
915.5     0.998
915.75     0.998
916.0     0.998
916.25     0.998
916.5     0.998
916.75     0.998
917.0     0.998
917.25     0.998
917.5     0.998
917.75     0.998
918.0     0.998
918.25     0.998
918.5     0.998
918.75     0.998
919.0     0.998
919.25     0.998
919.5     0.998
919.75     0.998
920.0     0.998
920.25     0.998
920.5     0.998
920.75     0.998
921.0     0.998
921.25     0.998
921.5     0.998
921.75     0.998
922.0     0.998
922.25     0.998
922.5     0.998
922.75     0.998
923.0     0.998
923.25     0.998
923.5     0.998
923.75     0.998
924.0     0.998
924.25     0.998
924.5     0.998
924.75     0.998
925.0     0.998
925.25     0.998
925.5     0.998
925.75     0.998
926.0     0.998
926.25     0.998
926.5     0.998
926.75     0.998
927.0     0.998
927.25     0.998
927.5     0.998
927.75     0.998
928.0     0.998
928.25     0.998
928.5     0.998
928.75     0.998
929.0     0.998
929.25     0.998
929.5     0.998
929.75     0.998
930.0     0.998
930.25     0.998
930.5     0.998
930.75     0.998
931.0     0.998
931.25     0.998
931.5     0.998
931.75     0.998
932.0     0.998
932.25     0.998
932.5     0.998
932.75     0.998
933.0     0.998
933.25     0.998
933.5     0.998
933.75     0.998
934.0     0.998
934.25     0.998
934.5     0.998
934.75     0.998
935.0     0.998
935.25     0.998
935.5     0.998
935.75     0.998
936.0     0.998
936.25     0.998
936.5     0.998
936.75     0.998
937.0     0.998
937.25     0.998
937.5     0.998
937.75     0.998
938.0     0.998
938.25     0.998
938.5     0.998
938.75     0.998
939.0     0.998
939.25     0.998
939.5     0.998
939.75     0.998
940.0     0.998
940.25     0.998
940.5     0.998
940.75     0.998
941.0     0.998
941.25     0.998
941.5     0.998
941.75     0.998
942.0     0.998
942.25     0.998
942.5     0.998
942.75     0.998
943.0     0.998
943.25     0.998
943.5     0.998
943.75     0.998
944.0     0.998
944.25     0.998
944.5     0.998
944.75     0.998
945.0     0.998
945.25     0.998
945.5     0.998
945.75     0.998
946.0     0.998
946.25     0.998
946.5     0.998
946.75     0.998
947.0     0.998
947.25     0.998
947.5     0.998
947.75     0.998
948.0     0.998
948.25     0.998
948.5     0.998
948.75     0.998
949.0     0.998
949.25     0.998
949.5     0.998
949.75     0.998
950.0     0.998
950.25     0.998
950.5     0.998
950.75     0.998
951.0     0.998
951.25     0.998
951.5     0.998
951.75     0.998
952.0     0.998
952.25     0.998
952.5     0.998
952.75     0.998
953.0     0.998
953.25     0.998
953.5     0.998
953.75     0.998
954.0     0.998
954.25     0.998
954.5     0.998
954.75     0.998
955.0     0.998
955.25     0.998
955.5     0.998
955.75     0.998
956.0     0.998
956.25     0.998
956.5     0.998
956.75     0.998
957.0     0.998
957.25     0.998
957.5     0.998
957.75     0.998
958.0     0.998
958.25     0.998
958.5     0.998
958.75     0.998
959.0     0.998
959.25     0.998
959.5     0.998
959.75     0.998
960.0     0.998
960.25     0.998
960.5     0.998
960.75     0.998
961.0     0.998
961.25     0.998
961.5     0.998
961.75     0.998
962.0     0.998
962.25     0.998
962.5     0.998
962.75     0.998
963.0     0.998
963.25     0.998
963.5     0.998
963.75     0.998
964.0     0.998
964.25     0.998
964.5     0.998
964.75     0.998
965.0     0.998
965.25     0.998
965.5     0.998
965.75     0.998
966.0     0.998
966.25     0.998
966.5     0.998
966.75     0.998
967.0     0.998
967.25     0.998
967.5     0.998
967.75     0.998
968.0     0.998
968.25     0.998
968.5     0.998
968.75     0.998
969.0     0.998
969.25     0.998
969.5     0.998
969.75     0.998
970.0     0.998
970.25     0.998
970.5     0.998
970.75     0.998
971.0     0.998
971.25     0.998
971.5     0.998
971.75     0.998
972.0     0.998
972.25     0.998
972.5     0.998
972.75     0.998
973.0     0.998
973.25     0.998
973.5     0.998
973.75     0.998
974.0     0.998
974.25     0.998
974.5     0.998
974.75     0.998
975.0     0.998
975.25     0.998
975.5     0.998
975.75     0.998
976.0     0.998
976.25     0.998
976.5     0.998
976.75     0.998
977.0     0.998
977.25     0.998
977.5     0.998
977.75     0.998
978.0     0.998
978.25     0.998
978.5     0.998
978.75     0.998
979.0     0.998
979.25     0.998
979.5     0.998
979.75     0.998
980.0     0.998
980.25     0.998
980.5     0.998
980.75     0.998
981.0     0.998
981.25     0.998
981.5     0.998
981.75     0.998
982.0     0.998
982.25     0.998
982.5     0.998
982.75     0.998
983.0     0.998
983.25     0.998
983.5     0.998
983.75     0.998
984.0     0.998
984.25     0.998
984.5     0.998
984.75     0.998
985.0     0.998
985.25     0.998
985.5     0.998
985.75     0.998
986.0     0.998
986.25     0.998
986.5     0.998
986.75     0.998
987.0     0.998
987.25     0.998
987.5     0.998
987.75     0.998
988.0     0.998
988.25     0.998
988.5     0.998
988.75     0.998
989.0     0.998
989.25     0.998
989.5     0.998
989.75     0.998
990.0     0.998
990.25     0.998
990.5     0.998
990.75     0.998
991.0     0.998
991.25     0.998
991.5     0.998
991.75     0.998
992.0     0.998
992.25     0.998
992.5     0.998
992.75     0.998
993.0     0.998
993.25     0.998
993.5     0.998
993.75     0.998
994.0     0.998
994.25     0.998
994.5     0.998
994.75     0.998
995.0     0.998
995.25     0.998
995.5     0.998
995.75     0.998
996.0     0.998
996.25     0.998
996.5     0.998
996.75     0.998
997.0     0.998
997.25     0.998
997.5     0.998
997.75     0.998
998.0     0.998
998.25     0.998
998.5     0.998
998.75     0.998
999.0     0.998
999.25     0.998
999.5     0.998
999.75     0.998
1000.0     0.998
