0.25     1.0
0.5     1.0
0.75     1.0
1.0     1.0
1.25     1.0
1.5     1.0
1.75     1.0
2.0     1.0
2.25     1.0
2.5     1.0
2.75     1.0
3.0     1.0
3.25     1.0
3.5     1.0
3.75     1.0
4.0     1.0
4.25     1.0
4.5     1.0
4.75     1.0
5.0     1.0
5.25     1.0
5.5     1.0
5.75     1.0
6.0     1.0
6.25     1.0
6.5     1.0
6.75     1.0
7.0     1.0
7.25     1.0
7.5     1.0
7.75     1.0
8.0     1.0
8.25     1.0
8.5     1.0
8.75     1.0
9.0     1.0
9.25     1.0
9.5     1.0
9.75     1.0
10.0     1.0
10.25     1.0
10.5     1.0
10.75     1.0
11.0     1.0
11.25     1.0
11.5     1.0
11.75     1.0
12.0     1.0
12.25     1.0
12.5     1.0
12.75     1.0
13.0     1.0
13.25     1.0
13.5     1.0
13.75     1.0
14.0     1.0
14.25     1.0
14.5     1.0
14.75     1.0
15.0     1.0
15.25     1.0
15.5     1.0
15.75     1.0
16.0     1.0
16.25     1.0
16.5     1.0
16.75     1.0
17.0     1.0
17.25     1.0
17.5     1.0
17.75     1.0
18.0     1.0
18.25     1.0
18.5     1.0
18.75     1.0
19.0     1.0
19.25     1.0
19.5     1.0
19.75     1.0
20.0     1.0
20.25     1.0
20.5     1.0
20.75     1.0
21.0     1.0
21.25     0.998
21.5     0.998
21.75     0.998
22.0     0.996
22.25     0.996
22.5     0.994
22.75     0.994
23.0     0.994
23.25     0.996
23.5     0.994
23.75     0.992
24.0     0.994
24.25     0.992
24.5     0.99
24.75     0.99
25.0     0.988
25.25     0.986
25.5     0.98
25.75     0.974
26.0     0.97
26.25     0.97
26.5     0.968
26.75     0.97
27.0     0.968
27.25     0.968
27.5     0.964
27.75     0.958
28.0     0.95
28.25     0.948
28.5     0.94
28.75     0.942
29.0     0.942
29.25     0.94
29.5     0.938
29.75     0.934
30.0     0.922
30.25     0.914
30.5     0.908
30.75     0.908
31.0     0.894
31.25     0.886
31.5     0.88
31.75     0.876
32.0     0.876
32.25     0.872
32.5     0.876
32.75     0.868
33.0     0.868
33.25     0.862
33.5     0.86
33.75     0.858
34.0     0.858
34.25     0.85
34.5     0.846
34.75     0.848
35.0     0.844
35.25     0.844
35.5     0.844
35.75     0.842
36.0     0.838
36.25     0.836
36.5     0.832
36.75     0.828
37.0     0.822
37.25     0.82
37.5     0.818
37.75     0.82
38.0     0.818
38.25     0.818
38.5     0.818
38.75     0.818
39.0     0.818
39.25     0.818
39.5     0.818
39.75     0.816
40.0     0.816
40.25     0.814
40.5     0.816
40.75     0.814
41.0     0.812
41.25     0.81
41.5     0.81
41.75     0.808
42.0     0.804
42.25     0.798
42.5     0.8
42.75     0.798
43.0     0.798
43.25     0.796
43.5     0.796
43.75     0.796
44.0     0.796
44.25     0.794
44.5     0.792
44.75     0.784
45.0     0.782
45.25     0.778
45.5     0.77
45.75     0.768
46.0     0.768
46.25     0.768
46.5     0.766
46.75     0.766
47.0     0.764
47.25     0.766
47.5     0.762
47.75     0.76
48.0     0.76
48.25     0.76
48.5     0.76
48.75     0.758
49.0     0.756
49.25     0.752
49.5     0.75
49.75     0.748
50.0     0.742
50.25     0.732
50.5     0.724
50.75     0.724
51.0     0.726
51.25     0.724
51.5     0.72
51.75     0.718
52.0     0.716
52.25     0.714
52.5     0.706
52.75     0.706
53.0     0.706
53.25     0.702
53.5     0.698
53.75     0.692
54.0     0.692
54.25     0.688
54.5     0.684
54.75     0.68
55.0     0.68
55.25     0.68
55.5     0.678
55.75     0.678
56.0     0.672
56.25     0.666
56.5     0.662
56.75     0.66
57.0     0.658
57.25     0.652
57.5     0.65
57.75     0.65
58.0     0.648
58.25     0.646
58.5     0.644
58.75     0.644
59.0     0.644
59.25     0.644
59.5     0.644
59.75     0.642
60.0     0.638
60.25     0.634
60.5     0.63
60.75     0.63
61.0     0.63
61.25     0.628
61.5     0.624
61.75     0.62
62.0     0.616
62.25     0.614
62.5     0.614
62.75     0.612
63.0     0.612
63.25     0.608
63.5     0.604
63.75     0.604
64.0     0.604
64.25     0.604
64.5     0.602
64.75     0.6
65.0     0.598
65.25     0.598
65.5     0.596
65.75     0.594
66.0     0.588
66.25     0.59
66.5     0.59
66.75     0.59
67.0     0.584
67.25     0.584
67.5     0.582
67.75     0.576
68.0     0.572
68.25     0.57
68.5     0.572
68.75     0.57
69.0     0.57
69.25     0.57
69.5     0.566
69.75     0.564
70.0     0.56
70.25     0.56
70.5     0.56
70.75     0.558
71.0     0.556
71.25     0.556
71.5     0.556
71.75     0.554
72.0     0.554
72.25     0.552
72.5     0.55
72.75     0.548
73.0     0.546
73.25     0.546
73.5     0.546
73.75     0.546
74.0     0.546
74.25     0.546
74.5     0.542
74.75     0.542
75.0     0.54
75.25     0.538
75.5     0.536
75.75     0.536
76.0     0.536
76.25     0.53
76.5     0.532
76.75     0.528
77.0     0.524
77.25     0.524
77.5     0.52
77.75     0.518
78.0     0.518
78.25     0.516
78.5     0.518
78.75     0.516
79.0     0.516
79.25     0.516
79.5     0.514
79.75     0.514
80.0     0.512
80.25     0.512
80.5     0.512
80.75     0.51
81.0     0.51
81.25     0.51
81.5     0.51
81.75     0.51
82.0     0.512
82.25     0.51
82.5     0.51
82.75     0.51
83.0     0.508
83.25     0.508
83.5     0.508
83.75     0.508
84.0     0.508
84.25     0.508
84.5     0.508
84.75     0.508
85.0     0.508
85.25     0.506
85.5     0.506
85.75     0.506
86.0     0.506
86.25     0.506
86.5     0.506
86.75     0.506
87.0     0.504
87.25     0.504
87.5     0.504
87.75     0.502
88.0     0.502
88.25     0.502
88.5     0.502
88.75     0.502
89.0     0.502
89.25     0.502
89.5     0.502
89.75     0.502
90.0     0.502
90.25     0.502
90.5     0.5
90.75     0.498
91.0     0.496
91.25     0.496
91.5     0.496
91.75     0.494
92.0     0.492
92.25     0.492
92.5     0.49
92.75     0.49
93.0     0.488
93.25     0.488
93.5     0.486
93.75     0.486
94.0     0.486
94.25     0.486
94.5     0.486
94.75     0.484
95.0     0.48
95.25     0.48
95.5     0.48
95.75     0.478
96.0     0.478
96.25     0.478
96.5     0.478
96.75     0.478
97.0     0.476
97.25     0.476
97.5     0.476
97.75     0.476
98.0     0.476
98.25     0.476
98.5     0.476
98.75     0.476
99.0     0.476
99.25     0.476
99.5     0.476
99.75     0.474
100.0     0.472
100.25     0.47
100.5     0.47
100.75     0.468
101.0     0.468
101.25     0.468
101.5     0.468
101.75     0.468
102.0     0.468
102.25     0.468
102.5     0.468
102.75     0.468
103.0     0.468
103.25     0.466
103.5     0.466
103.75     0.468
104.0     0.468
104.25     0.468
104.5     0.468
104.75     0.468
105.0     0.468
105.25     0.466
105.5     0.462
105.75     0.462
106.0     0.46
106.25     0.46
106.5     0.46
106.75     0.46
107.0     0.458
107.25     0.458
107.5     0.458
107.75     0.458
108.0     0.458
108.25     0.458
108.5     0.458
108.75     0.458
109.0     0.456
109.25     0.456
109.5     0.456
109.75     0.456
110.0     0.456
110.25     0.456
110.5     0.456
110.75     0.456
111.0     0.456
111.25     0.454
111.5     0.454
111.75     0.454
112.0     0.452
112.25     0.452
112.5     0.452
112.75     0.452
113.0     0.45
113.25     0.45
113.5     0.45
113.75     0.45
114.0     0.45
114.25     0.45
114.5     0.448
114.75     0.444
115.0     0.444
115.25     0.444
115.5     0.444
115.75     0.444
116.0     0.44
116.25     0.438
116.5     0.438
116.75     0.438
117.0     0.436
117.25     0.436
117.5     0.436
117.75     0.436
118.0     0.436
118.25     0.434
118.5     0.432
118.75     0.432
119.0     0.428
119.25     0.428
119.5     0.428
119.75     0.428
120.0     0.428
120.25     0.426
120.5     0.426
120.75     0.424
121.0     0.424
121.25     0.424
121.5     0.424
121.75     0.422
122.0     0.422
122.25     0.42
122.5     0.42
122.75     0.42
123.0     0.42
123.25     0.418
123.5     0.418
123.75     0.416
124.0     0.416
124.25     0.416
124.5     0.416
124.75     0.414
125.0     0.412
125.25     0.412
125.5     0.412
125.75     0.41
126.0     0.41
126.25     0.406
126.5     0.404
126.75     0.404
127.0     0.404
127.25     0.398
127.5     0.398
127.75     0.398
128.0     0.398
128.25     0.398
128.5     0.398
128.75     0.398
129.0     0.398
129.25     0.392
129.5     0.39
129.75     0.388
130.0     0.388
130.25     0.386
130.5     0.386
130.75     0.384
131.0     0.384
131.25     0.384
131.5     0.384
131.75     0.382
132.0     0.382
132.25     0.382
132.5     0.382
132.75     0.382
133.0     0.38
133.25     0.38
133.5     0.38
133.75     0.378
134.0     0.376
134.25     0.376
134.5     0.376
134.75     0.376
135.0     0.376
135.25     0.376
135.5     0.376
135.75     0.376
136.0     0.376
136.25     0.376
136.5     0.372
136.75     0.37
137.0     0.368
137.25     0.368
137.5     0.366
137.75     0.366
138.0     0.364
138.25     0.362
138.5     0.36
138.75     0.36
139.0     0.36
139.25     0.362
139.5     0.36
139.75     0.358
140.0     0.356
140.25     0.354
140.5     0.352
140.75     0.352
141.0     0.352
141.25     0.352
141.5     0.35
141.75     0.348
142.0     0.346
142.25     0.344
142.5     0.342
142.75     0.342
143.0     0.34
143.25     0.338
143.5     0.338
143.75     0.336
144.0     0.336
144.25     0.336
144.5     0.334
144.75     0.332
145.0     0.326
145.25     0.326
145.5     0.326
145.75     0.326
146.0     0.324
146.25     0.324
146.5     0.324
146.75     0.324
147.0     0.324
147.25     0.324
147.5     0.324
147.75     0.324
148.0     0.324
148.25     0.324
148.5     0.324
148.75     0.322
149.0     0.322
149.25     0.322
149.5     0.32
149.75     0.32
150.0     0.32
150.25     0.32
150.5     0.32
150.75     0.32
151.0     0.32
151.25     0.32
151.5     0.32
151.75     0.32
152.0     0.32
152.25     0.32
152.5     0.32
152.75     0.318
153.0     0.318
153.25     0.318
153.5     0.316
153.75     0.316
154.0     0.314
154.25     0.314
154.5     0.314
154.75     0.314
155.0     0.314
155.25     0.314
155.5     0.314
155.75     0.314
156.0     0.314
156.25     0.314
156.5     0.312
156.75     0.312
157.0     0.31
157.25     0.31
157.5     0.31
157.75     0.308
158.0     0.306
158.25     0.306
158.5     0.308
158.75     0.308
159.0     0.308
159.25     0.308
159.5     0.308
159.75     0.308
160.0     0.306
160.25     0.306
160.5     0.306
160.75     0.302
161.0     0.302
161.25     0.3
161.5     0.298
161.75     0.298
162.0     0.298
162.25     0.296
162.5     0.296
162.75     0.296
163.0     0.294
163.25     0.292
163.5     0.292
163.75     0.292
164.0     0.292
164.25     0.292
164.5     0.292
164.75     0.29
165.0     0.29
165.25     0.29
165.5     0.29
165.75     0.29
166.0     0.29
166.25     0.288
166.5     0.288
166.75     0.286
167.0     0.288
167.25     0.288
167.5     0.288
167.75     0.286
168.0     0.286
168.25     0.286
168.5     0.284
168.75     0.282
169.0     0.282
169.25     0.28
169.5     0.28
169.75     0.28
170.0     0.28
170.25     0.28
170.5     0.278
170.75     0.278
171.0     0.278
171.25     0.278
171.5     0.274
171.75     0.274
172.0     0.274
172.25     0.274
172.5     0.274
172.75     0.274
173.0     0.274
173.25     0.274
173.5     0.274
173.75     0.272
174.0     0.272
174.25     0.272
174.5     0.27
174.75     0.27
175.0     0.27
175.25     0.268
175.5     0.268
175.75     0.268
176.0     0.266
176.25     0.266
176.5     0.266
176.75     0.266
177.0     0.266
177.25     0.266
177.5     0.266
177.75     0.268
178.0     0.268
178.25     0.266
178.5     0.264
178.75     0.264
179.0     0.264
179.25     0.264
179.5     0.264
179.75     0.262
180.0     0.26
180.25     0.26
180.5     0.26
180.75     0.26
181.0     0.258
181.25     0.258
181.5     0.258
181.75     0.258
182.0     0.258
182.25     0.258
182.5     0.258
182.75     0.258
183.0     0.258
183.25     0.258
183.5     0.256
183.75     0.254
184.0     0.254
184.25     0.252
184.5     0.252
184.75     0.252
185.0     0.252
185.25     0.252
185.5     0.25
185.75     0.25
186.0     0.25
186.25     0.248
186.5     0.246
186.75     0.246
187.0     0.246
187.25     0.246
187.5     0.248
187.75     0.246
188.0     0.242
188.25     0.242
188.5     0.24
188.75     0.238
189.0     0.238
189.25     0.238
189.5     0.238
189.75     0.238
190.0     0.238
190.25     0.24
190.5     0.24
190.75     0.24
191.0     0.24
191.25     0.238
191.5     0.236
191.75     0.238
192.0     0.238
192.25     0.238
192.5     0.238
192.75     0.238
193.0     0.238
193.25     0.238
193.5     0.238
193.75     0.238
194.0     0.238
194.25     0.236
194.5     0.236
194.75     0.236
195.0     0.236
195.25     0.236
195.5     0.234
195.75     0.232
196.0     0.23
196.25     0.23
196.5     0.232
196.75     0.232
197.0     0.232
197.25     0.232
197.5     0.228
197.75     0.222
198.0     0.22
198.25     0.22
198.5     0.224
198.75     0.222
199.0     0.22
199.25     0.22
199.5     0.22
199.75     0.22
200.0     0.22
200.25     0.216
200.5     0.216
200.75     0.214
201.0     0.214
201.25     0.214
201.5     0.214
201.75     0.212
202.0     0.212
202.25     0.212
202.5     0.212
202.75     0.212
203.0     0.21
203.25     0.208
203.5     0.208
203.75     0.204
204.0     0.204
204.25     0.206
204.5     0.206
204.75     0.204
205.0     0.204
205.25     0.204
205.5     0.204
205.75     0.202
206.0     0.202
206.25     0.202
206.5     0.202
206.75     0.202
207.0     0.202
207.25     0.202
207.5     0.202
207.75     0.2
208.0     0.2
208.25     0.2
208.5     0.2
208.75     0.198
209.0     0.198
209.25     0.198
209.5     0.198
209.75     0.198
210.0     0.198
210.25     0.198
210.5     0.198
210.75     0.194
211.0     0.194
211.25     0.192
211.5     0.19
211.75     0.192
212.0     0.192
212.25     0.192
212.5     0.192
212.75     0.192
213.0     0.194
213.25     0.192
213.5     0.19
213.75     0.188
214.0     0.188
214.25     0.188
214.5     0.188
214.75     0.186
215.0     0.182
215.25     0.182
215.5     0.182
215.75     0.18
216.0     0.176
216.25     0.176
216.5     0.176
216.75     0.176
217.0     0.176
217.25     0.176
217.5     0.174
217.75     0.172
218.0     0.17
218.25     0.17
218.5     0.17
218.75     0.17
219.0     0.17
219.25     0.17
219.5     0.17
219.75     0.17
220.0     0.17
220.25     0.17
220.5     0.17
220.75     0.17
221.0     0.17
221.25     0.17
221.5     0.17
221.75     0.17
222.0     0.17
222.25     0.17
222.5     0.17
222.75     0.17
223.0     0.168
223.25     0.168
223.5     0.168
223.75     0.168
224.0     0.168
224.25     0.168
224.5     0.168
224.75     0.166
225.0     0.164
225.25     0.164
225.5     0.164
225.75     0.164
226.0     0.164
226.25     0.162
226.5     0.16
226.75     0.16
227.0     0.162
227.25     0.162
227.5     0.162
227.75     0.162
228.0     0.158
228.25     0.152
228.5     0.152
228.75     0.152
229.0     0.152
229.25     0.152
229.5     0.152
229.75     0.152
230.0     0.148
230.25     0.146
230.5     0.142
230.75     0.142
231.0     0.142
231.25     0.142
231.5     0.142
231.75     0.14
232.0     0.142
232.25     0.14
232.5     0.136
232.75     0.134
233.0     0.136
233.25     0.136
233.5     0.136
233.75     0.134
234.0     0.134
234.25     0.134
234.5     0.132
234.75     0.132
235.0     0.132
235.25     0.132
235.5     0.132
235.75     0.132
236.0     0.132
236.25     0.132
236.5     0.13
236.75     0.13
237.0     0.13
237.25     0.13
237.5     0.13
237.75     0.13
238.0     0.13
238.25     0.13
238.5     0.13
238.75     0.13
239.0     0.13
239.25     0.13
239.5     0.13
239.75     0.13
240.0     0.13
240.25     0.13
240.5     0.126
240.75     0.126
241.0     0.126
241.25     0.124
241.5     0.122
241.75     0.122
242.0     0.12
242.25     0.12
242.5     0.12
242.75     0.12
243.0     0.12
243.25     0.118
243.5     0.118
243.75     0.118
244.0     0.114
244.25     0.114
244.5     0.114
244.75     0.114
245.0     0.114
245.25     0.114
245.5     0.114
245.75     0.116
246.0     0.116
246.25     0.114
246.5     0.114
246.75     0.114
247.0     0.114
247.25     0.114
247.5     0.112
247.75     0.112
248.0     0.108
248.25     0.108
248.5     0.104
248.75     0.102
249.0     0.102
249.25     0.102
249.5     0.102
249.75     0.102
250.0     0.1
250.25     0.102
250.5     0.104
250.75     0.104
251.0     0.104
251.25     0.104
251.5     0.104
251.75     0.104
252.0     0.104
252.25     0.104
252.5     0.104
252.75     0.104
253.0     0.104
253.25     0.104
253.5     0.104
253.75     0.104
254.0     0.104
254.25     0.104
254.5     0.104
254.75     0.104
255.0     0.104
255.25     0.104
255.5     0.104
255.75     0.104
256.0     0.104
256.25     0.104
256.5     0.104
256.75     0.104
257.0     0.104
257.25     0.104
257.5     0.104
257.75     0.104
258.0     0.104
258.25     0.104
258.5     0.104
258.75     0.104
259.0     0.102
259.25     0.1
259.5     0.1
259.75     0.1
260.0     0.1
260.25     0.1
260.5     0.1
260.75     0.1
261.0     0.1
261.25     0.1
261.5     0.098
261.75     0.098
262.0     0.098
262.25     0.098
262.5     0.098
262.75     0.098
263.0     0.096
263.25     0.096
263.5     0.096
263.75     0.096
264.0     0.096
264.25     0.096
264.5     0.096
264.75     0.096
265.0     0.096
265.25     0.094
265.5     0.094
265.75     0.094
266.0     0.094
266.25     0.094
266.5     0.094
266.75     0.094
267.0     0.094
267.25     0.094
267.5     0.094
267.75     0.094
268.0     0.094
268.25     0.094
268.5     0.094
268.75     0.092
269.0     0.092
269.25     0.092
269.5     0.09
269.75     0.09
270.0     0.09
270.25     0.088
270.5     0.088
270.75     0.088
271.0     0.088
271.25     0.09
271.5     0.09
271.75     0.09
272.0     0.09
272.25     0.09
272.5     0.09
272.75     0.09
273.0     0.09
273.25     0.09
273.5     0.09
273.75     0.09
274.0     0.09
274.25     0.09
274.5     0.09
274.75     0.09
275.0     0.09
275.25     0.09
275.5     0.092
275.75     0.092
276.0     0.092
276.25     0.094
276.5     0.094
276.75     0.094
277.0     0.094
277.25     0.094
277.5     0.094
277.75     0.094
278.0     0.092
278.25     0.092
278.5     0.09
278.75     0.09
279.0     0.086
279.25     0.084
279.5     0.082
279.75     0.082
280.0     0.082
280.25     0.08
280.5     0.08
280.75     0.08
281.0     0.08
281.25     0.078
281.5     0.076
281.75     0.076
282.0     0.076
282.25     0.076
282.5     0.076
282.75     0.074
283.0     0.074
283.25     0.074
283.5     0.074
283.75     0.074
284.0     0.074
284.25     0.074
284.5     0.074
284.75     0.072
285.0     0.072
285.25     0.072
285.5     0.072
285.75     0.072
286.0     0.072
286.25     0.072
286.5     0.072
286.75     0.07
287.0     0.07
287.25     0.07
287.5     0.07
287.75     0.07
288.0     0.07
288.25     0.07
288.5     0.07
288.75     0.07
289.0     0.07
289.25     0.07
289.5     0.07
289.75     0.07
290.0     0.07
290.25     0.07
290.5     0.07
290.75     0.07
291.0     0.07
291.25     0.068
291.5     0.068
291.75     0.068
292.0     0.07
292.25     0.07
292.5     0.068
292.75     0.068
293.0     0.068
293.25     0.068
293.5     0.068
293.75     0.066
294.0     0.066
294.25     0.064
294.5     0.064
294.75     0.064
295.0     0.064
295.25     0.064
295.5     0.064
295.75     0.064
296.0     0.064
296.25     0.062
296.5     0.062
296.75     0.062
297.0     0.062
297.25     0.06
297.5     0.06
297.75     0.06
298.0     0.06
298.25     0.06
298.5     0.06
298.75     0.06
299.0     0.06
299.25     0.06
299.5     0.06
299.75     0.058
300.0     0.058
300.25     0.058
300.5     0.058
300.75     0.058
301.0     0.058
301.25     0.058
301.5     0.058
301.75     0.058
302.0     0.058
302.25     0.058
302.5     0.058
302.75     0.058
303.0     0.058
303.25     0.058
303.5     0.058
303.75     0.058
304.0     0.058
304.25     0.058
304.5     0.058
304.75     0.058
305.0     0.058
305.25     0.058
305.5     0.056
305.75     0.056
306.0     0.056
306.25     0.056
306.5     0.056
306.75     0.056
307.0     0.056
307.25     0.054
307.5     0.052
307.75     0.052
308.0     0.052
308.25     0.052
308.5     0.052
308.75     0.052
309.0     0.052
309.25     0.052
309.5     0.052
309.75     0.052
310.0     0.052
310.25     0.052
310.5     0.052
310.75     0.052
311.0     0.052
311.25     0.052
311.5     0.052
311.75     0.052
312.0     0.052
312.25     0.052
312.5     0.052
312.75     0.052
313.0     0.052
313.25     0.052
313.5     0.052
313.75     0.052
314.0     0.052
314.25     0.052
314.5     0.052
314.75     0.052
315.0     0.052
315.25     0.052
315.5     0.052
315.75     0.052
316.0     0.052
316.25     0.052
316.5     0.052
316.75     0.052
317.0     0.052
317.25     0.052
317.5     0.052
317.75     0.052
318.0     0.052
318.25     0.052
318.5     0.052
318.75     0.052
319.0     0.052
319.25     0.052
319.5     0.052
319.75     0.052
320.0     0.052
320.25     0.052
320.5     0.052
320.75     0.052
321.0     0.052
321.25     0.052
321.5     0.052
321.75     0.052
322.0     0.052
322.25     0.052
322.5     0.052
322.75     0.052
323.0     0.052
323.25     0.052
323.5     0.052
323.75     0.05
324.0     0.048
324.25     0.048
324.5     0.048
324.75     0.048
325.0     0.048
325.25     0.048
325.5     0.048
325.75     0.048
326.0     0.048
326.25     0.048
326.5     0.048
326.75     0.048
327.0     0.048
327.25     0.048
327.5     0.048
327.75     0.048
328.0     0.048
328.25     0.048
328.5     0.048
328.75     0.048
329.0     0.048
329.25     0.048
329.5     0.048
329.75     0.048
330.0     0.048
330.25     0.048
330.5     0.048
330.75     0.048
331.0     0.048
331.25     0.048
331.5     0.048
331.75     0.048
332.0     0.048
332.25     0.048
332.5     0.048
332.75     0.046
333.0     0.046
333.25     0.046
333.5     0.046
333.75     0.046
334.0     0.046
334.25     0.044
334.5     0.044
334.75     0.044
335.0     0.044
335.25     0.044
335.5     0.044
335.75     0.044
336.0     0.042
336.25     0.042
336.5     0.042
336.75     0.042
337.0     0.042
337.25     0.042
337.5     0.042
337.75     0.04
338.0     0.04
338.25     0.04
338.5     0.04
338.75     0.04
339.0     0.04
339.25     0.04
339.5     0.038
339.75     0.038
340.0     0.038
340.25     0.038
340.5     0.038
340.75     0.038
341.0     0.038
341.25     0.036
341.5     0.034
341.75     0.034
342.0     0.034
342.25     0.034
342.5     0.034
342.75     0.034
343.0     0.034
343.25     0.034
343.5     0.032
343.75     0.032
344.0     0.032
344.25     0.032
344.5     0.032
344.75     0.032
345.0     0.032
345.25     0.032
345.5     0.032
345.75     0.032
346.0     0.032
346.25     0.032
346.5     0.032
346.75     0.032
347.0     0.032
347.25     0.032
347.5     0.032
347.75     0.032
348.0     0.032
348.25     0.032
348.5     0.032
348.75     0.032
349.0     0.032
349.25     0.032
349.5     0.032
349.75     0.032
350.0     0.032
350.25     0.032
350.5     0.032
350.75     0.032
351.0     0.03
351.25     0.03
351.5     0.03
351.75     0.03
352.0     0.03
352.25     0.03
352.5     0.03
352.75     0.03
353.0     0.03
353.25     0.03
353.5     0.03
353.75     0.03
354.0     0.03
354.25     0.03
354.5     0.03
354.75     0.03
355.0     0.03
355.25     0.03
355.5     0.03
355.75     0.03
356.0     0.03
356.25     0.03
356.5     0.03
356.75     0.03
357.0     0.03
357.25     0.03
357.5     0.03
357.75     0.03
358.0     0.03
358.25     0.03
358.5     0.03
358.75     0.03
359.0     0.03
359.25     0.03
359.5     0.03
359.75     0.03
360.0     0.03
360.25     0.03
360.5     0.03
360.75     0.03
361.0     0.03
361.25     0.03
361.5     0.03
361.75     0.03
362.0     0.03
362.25     0.03
362.5     0.03
362.75     0.03
363.0     0.03
363.25     0.03
363.5     0.03
363.75     0.03
364.0     0.03
364.25     0.03
364.5     0.03
364.75     0.03
365.0     0.03
365.25     0.03
365.5     0.03
365.75     0.03
366.0     0.028
366.25     0.028
366.5     0.028
366.75     0.028
367.0     0.028
367.25     0.028
367.5     0.028
367.75     0.028
368.0     0.028
368.25     0.028
368.5     0.028
368.75     0.028
369.0     0.028
369.25     0.028
369.5     0.028
369.75     0.028
370.0     0.028
370.25     0.028
370.5     0.028
370.75     0.028
371.0     0.028
371.25     0.028
371.5     0.028
371.75     0.028
372.0     0.028
372.25     0.028
372.5     0.028
372.75     0.028
373.0     0.028
373.25     0.028
373.5     0.028
373.75     0.028
374.0     0.028
374.25     0.028
374.5     0.028
374.75     0.028
375.0     0.028
375.25     0.028
375.5     0.028
375.75     0.028
376.0     0.028
376.25     0.028
376.5     0.028
376.75     0.028
377.0     0.028
377.25     0.028
377.5     0.028
377.75     0.028
378.0     0.028
378.25     0.028
378.5     0.028
378.75     0.028
379.0     0.028
379.25     0.028
379.5     0.028
379.75     0.028
380.0     0.026
380.25     0.026
380.5     0.026
380.75     0.026
381.0     0.026
381.25     0.026
381.5     0.026
381.75     0.026
382.0     0.026
382.25     0.026
382.5     0.026
382.75     0.026
383.0     0.026
383.25     0.026
383.5     0.026
383.75     0.026
384.0     0.026
384.25     0.026
384.5     0.026
384.75     0.026
385.0     0.026
385.25     0.026
385.5     0.026
385.75     0.026
386.0     0.026
386.25     0.028
386.5     0.028
386.75     0.028
387.0     0.028
387.25     0.028
387.5     0.028
387.75     0.028
388.0     0.028
388.25     0.026
388.5     0.026
388.75     0.026
389.0     0.026
389.25     0.024
389.5     0.024
389.75     0.024
390.0     0.024
390.25     0.024
390.5     0.024
390.75     0.024
391.0     0.024
391.25     0.024
391.5     0.024
391.75     0.024
392.0     0.024
392.25     0.024
392.5     0.024
392.75     0.024
393.0     0.024
393.25     0.024
393.5     0.022
393.75     0.02
394.0     0.02
394.25     0.02
394.5     0.02
394.75     0.02
395.0     0.02
395.25     0.02
395.5     0.018
395.75     0.016
396.0     0.016
396.25     0.016
396.5     0.016
396.75     0.016
397.0     0.016
397.25     0.016
397.5     0.016
397.75     0.016
398.0     0.016
398.25     0.016
398.5     0.016
398.75     0.016
399.0     0.016
399.25     0.016
399.5     0.016
399.75     0.016
400.0     0.016
400.25     0.016
400.5     0.016
400.75     0.016
401.0     0.016
401.25     0.016
401.5     0.016
401.75     0.016
402.0     0.016
402.25     0.016
402.5     0.016
402.75     0.016
403.0     0.016
403.25     0.016
403.5     0.016
403.75     0.016
404.0     0.016
404.25     0.016
404.5     0.016
404.75     0.016
405.0     0.016
405.25     0.016
405.5     0.016
405.75     0.016
406.0     0.016
406.25     0.016
406.5     0.016
406.75     0.016
407.0     0.016
407.25     0.016
407.5     0.016
407.75     0.016
408.0     0.016
408.25     0.016
408.5     0.016
408.75     0.016
409.0     0.016
409.25     0.016
409.5     0.016
409.75     0.016
410.0     0.016
410.25     0.016
410.5     0.016
410.75     0.016
411.0     0.016
411.25     0.016
411.5     0.016
411.75     0.016
412.0     0.016
412.25     0.016
412.5     0.016
412.75     0.016
413.0     0.016
413.25     0.016
413.5     0.016
413.75     0.016
414.0     0.016
414.25     0.016
414.5     0.016
414.75     0.016
415.0     0.014
415.25     0.014
415.5     0.014
415.75     0.014
416.0     0.014
416.25     0.014
416.5     0.014
416.75     0.014
417.0     0.014
417.25     0.014
417.5     0.014
417.75     0.014
418.0     0.014
418.25     0.014
418.5     0.014
418.75     0.014
419.0     0.014
419.25     0.014
419.5     0.014
419.75     0.014
420.0     0.014
420.25     0.014
420.5     0.014
420.75     0.014
421.0     0.014
421.25     0.014
421.5     0.014
421.75     0.014
422.0     0.014
422.25     0.014
422.5     0.014
422.75     0.014
423.0     0.014
423.25     0.014
423.5     0.014
423.75     0.014
424.0     0.014
424.25     0.014
424.5     0.014
424.75     0.014
425.0     0.014
425.25     0.014
425.5     0.014
425.75     0.014
426.0     0.014
426.25     0.012
426.5     0.012
426.75     0.012
427.0     0.012
427.25     0.012
427.5     0.012
427.75     0.012
428.0     0.012
428.25     0.012
428.5     0.012
428.75     0.012
429.0     0.012
429.25     0.012
429.5     0.012
429.75     0.012
430.0     0.012
430.25     0.012
430.5     0.012
430.75     0.012
431.0     0.012
431.25     0.012
431.5     0.012
431.75     0.012
432.0     0.012
432.25     0.012
432.5     0.012
432.75     0.012
433.0     0.012
433.25     0.012
433.5     0.012
433.75     0.012
434.0     0.012
434.25     0.012
434.5     0.012
434.75     0.012
435.0     0.012
435.25     0.012
435.5     0.012
435.75     0.012
436.0     0.012
436.25     0.012
436.5     0.012
436.75     0.012
437.0     0.012
437.25     0.012
437.5     0.012
437.75     0.01
438.0     0.01
438.25     0.01
438.5     0.01
438.75     0.01
439.0     0.01
439.25     0.01
439.5     0.01
439.75     0.01
440.0     0.01
440.25     0.01
440.5     0.01
440.75     0.01
441.0     0.01
441.25     0.01
441.5     0.01
441.75     0.01
442.0     0.01
442.25     0.008
442.5     0.008
442.75     0.008
443.0     0.008
443.25     0.008
443.5     0.008
443.75     0.008
444.0     0.008
444.25     0.008
444.5     0.008
444.75     0.008
445.0     0.008
445.25     0.008
445.5     0.008
445.75     0.008
446.0     0.008
446.25     0.008
446.5     0.008
446.75     0.008
447.0     0.008
447.25     0.008
447.5     0.008
447.75     0.008
448.0     0.008
448.25     0.008
448.5     0.008
448.75     0.008
449.0     0.008
449.25     0.008
449.5     0.008
449.75     0.008
450.0     0.008
450.25     0.008
450.5     0.008
450.75     0.008
451.0     0.008
451.25     0.008
451.5     0.008
451.75     0.008
452.0     0.008
452.25     0.008
452.5     0.008
452.75     0.008
453.0     0.008
453.25     0.008
453.5     0.008
453.75     0.008
454.0     0.008
454.25     0.008
454.5     0.008
454.75     0.008
455.0     0.008
455.25     0.008
455.5     0.008
455.75     0.008
456.0     0.008
456.25     0.008
456.5     0.006
456.75     0.006
457.0     0.006
457.25     0.006
457.5     0.006
457.75     0.006
458.0     0.006
458.25     0.006
458.5     0.006
458.75     0.006
459.0     0.006
459.25     0.006
459.5     0.006
459.75     0.006
460.0     0.006
460.25     0.006
460.5     0.006
460.75     0.006
461.0     0.006
461.25     0.006
461.5     0.006
461.75     0.006
462.0     0.006
462.25     0.006
462.5     0.006
462.75     0.006
463.0     0.006
463.25     0.006
463.5     0.006
463.75     0.006
464.0     0.006
464.25     0.006
464.5     0.006
464.75     0.006
465.0     0.006
465.25     0.006
465.5     0.006
465.75     0.006
466.0     0.006
466.25     0.006
466.5     0.006
466.75     0.006
467.0     0.006
467.25     0.006
467.5     0.006
467.75     0.006
468.0     0.006
468.25     0.006
468.5     0.006
468.75     0.006
469.0     0.006
469.25     0.006
469.5     0.006
469.75     0.006
470.0     0.006
470.25     0.006
470.5     0.006
470.75     0.006
471.0     0.006
471.25     0.006
471.5     0.006
471.75     0.006
472.0     0.006
472.25     0.006
472.5     0.006
472.75     0.006
473.0     0.006
473.25     0.006
473.5     0.006
473.75     0.006
474.0     0.004
474.25     0.004
474.5     0.004
474.75     0.004
475.0     0.004
475.25     0.004
475.5     0.004
475.75     0.004
476.0     0.004
476.25     0.004
476.5     0.004
476.75     0.004
477.0     0.004
477.25     0.004
477.5     0.002
477.75     0.002
478.0     0.002
478.25     0.002
478.5     0.002
478.75     0.002
479.0     0.002
479.25     0.002
479.5     0.002
479.75     0.002
480.0     0.002
480.25     0.002
480.5     0.002
480.75     0.002
481.0     0.002
481.25     0.002
481.5     0.002
481.75     0.002
482.0     0.002
482.25     0.002
482.5     0.002
482.75     0.002
483.0     0.002
483.25     0.002
483.5     0.002
483.75     0.002
484.0     0.002
484.25     0.002
484.5     0.002
484.75     0.002
485.0     0.002
485.25     0.002
485.5     0.002
485.75     0.002
486.0     0.002
486.25     0.002
486.5     0.002
486.75     0.002
487.0     0.002
487.25     0.002
487.5     0.002
487.75     0.002
488.0     0.002
488.25     0.002
488.5     0.002
488.75     0.002
489.0     0.002
489.25     0.002
489.5     0.002
489.75     0.002
490.0     0.002
490.25     0.002
490.5     0.002
490.75     0.002
491.0     0.002
491.25     0.002
491.5     0.002
491.75     0.002
492.0     0.002
492.25     0.002
492.5     0.002
492.75     0.002
493.0     0.002
493.25     0.002
493.5     0.002
493.75     0.002
494.0     0.002
494.25     0.002
494.5     0.002
494.75     0.002
495.0     0.002
495.25     0.002
495.5     0.002
495.75     0.002
496.0     0.002
496.25     0.002
496.5     0.002
496.75     0.002
497.0     0.002
497.25     0.002
497.5     0.002
497.75     0.002
498.0     0.002
498.25     0.002
498.5     0.002
498.75     0.002
499.0     0.002
499.25     0.002
499.5     0.002
499.75     0.002
500.0     0.002
500.25     0.002
500.5     0.002
500.75     0.002
501.0     0.002
501.25     0.002
501.5     0.002
501.75     0.002
502.0     0.002
502.25     0.002
502.5     0.002
502.75     0.002
503.0     0.002
503.25     0.002
503.5     0.002
503.75     0.002
504.0     0.002
504.25     0.002
504.5     0.002
504.75     0.002
505.0     0.002
505.25     0.002
505.5     0.002
505.75     0.002
506.0     0.002
506.25     0.002
506.5     0.002
506.75     0.002
507.0     0.002
507.25     0.002
507.5     0.002
507.75     0.002
508.0     0.002
508.25     0.002
508.5     0.002
508.75     0.002
509.0     0.002
509.25     0.002
509.5     0.002
509.75     0.002
510.0     0.002
510.25     0.002
510.5     0.002
510.75     0.002
511.0     0.002
511.25     0.002
511.5     0.002
511.75     0.002
512.0     0.002
512.25     0.002
512.5     0.002
512.75     0.002
513.0     0.002
513.25     0.002
513.5     0.002
513.75     0.002
514.0     0.002
514.25     0.002
514.5     0.002
514.75     0.002
515.0     0.002
515.25     0.002
515.5     0.002
515.75     0.002
516.0     0.002
516.25     0.002
516.5     0.002
516.75     0.002
517.0     0.002
517.25     0.002
517.5     0.002
517.75     0.002
518.0     0.002
518.25     0.002
518.5     0.002
518.75     0.002
519.0     0.002
519.25     0.002
519.5     0.002
519.75     0.002
520.0     0.002
520.25     0.002
520.5     0.002
520.75     0.002
521.0     0.002
521.25     0.002
521.5     0.002
521.75     0.002
522.0     0.002
522.25     0.002
522.5     0.002
522.75     0.002
523.0     0.002
523.25     0.002
523.5     0.002
523.75     0.002
524.0     0.002
524.25     0.002
524.5     0.002
524.75     0.002
525.0     0.002
525.25     0.002
525.5     0.002
525.75     0.002
526.0     0.002
526.25     0.002
526.5     0.002
526.75     0.002
527.0     0.002
527.25     0.002
527.5     0.002
527.75     0.002
528.0     0.002
528.25     0.002
528.5     0.002
528.75     0.002
529.0     0.002
529.25     0.002
529.5     0.002
529.75     0.002
530.0     0.002
530.25     0.002
530.5     0.002
530.75     0.002
531.0     0.002
531.25     0.002
531.5     0.002
531.75     0.002
532.0     0.002
532.25     0.002
532.5     0.002
532.75     0.002
533.0     0.002
533.25     0.002
533.5     0.002
533.75     0.002
534.0     0.002
534.25     0.002
534.5     0.002
534.75     0.002
535.0     0.002
535.25     0.002
535.5     0.002
535.75     0.002
536.0     0.002
536.25     0.002
536.5     0.002
536.75     0.002
537.0     0.002
537.25     0.002
537.5     0.002
537.75     0.002
538.0     0.002
538.25     0.002
538.5     0.002
538.75     0.002
539.0     0.002
539.25     0.002
539.5     0.002
539.75     0.002
540.0     0.002
540.25     0.002
540.5     0.002
540.75     0.002
541.0     0.002
541.25     0.002
541.5     0.002
541.75     0.002
542.0     0.002
542.25     0.002
542.5     0.002
542.75     0.002
543.0     0.002
543.25     0.002
543.5     0.002
543.75     0.002
544.0     0.002
544.25     0.002
544.5     0.002
544.75     0.002
545.0     0.002
545.25     0.002
545.5     0.002
545.75     0.002
546.0     0.002
546.25     0.002
546.5     0.002
546.75     0.002
547.0     0.002
547.25     0.002
547.5     0.002
547.75     0.002
548.0     0.002
548.25     0.002
548.5     0.002
548.75     0.002
549.0     0.002
549.25     0.002
549.5     0.002
549.75     0.002
550.0     0.002
550.25     0.002
550.5     0.002
550.75     0.002
551.0     0.002
551.25     0.002
551.5     0.002
551.75     0.002
552.0     0.002
552.25     0.002
552.5     0.002
552.75     0.002
553.0     0.002
553.25     0.002
553.5     0.002
553.75     0.002
554.0     0.002
554.25     0.002
554.5     0.002
554.75     0.002
555.0     0.002
555.25     0.002
555.5     0.002
555.75     0.002
556.0     0.002
556.25     0.002
556.5     0.002
556.75     0.002
557.0     0.002
557.25     0.002
557.5     0.002
557.75     0.002
558.0     0.002
558.25     0.002
558.5     0.002
558.75     0.002
559.0     0.002
559.25     0.002
559.5     0.002
559.75     0.002
560.0     0.002
560.25     0.002
560.5     0.002
560.75     0.002
561.0     0.002
561.25     0.002
561.5     0.002
561.75     0.002
562.0     0.002
562.25     0.002
562.5     0.002
562.75     0.002
563.0     0.002
563.25     0.002
563.5     0.002
563.75     0.002
564.0     0.002
564.25     0.002
564.5     0.002
564.75     0.002
565.0     0.002
565.25     0.002
565.5     0.002
565.75     0.002
566.0     0.002
566.25     0.002
566.5     0.002
566.75     0.002
567.0     0.002
567.25     0.002
567.5     0.002
567.75     0.002
568.0     0.002
568.25     0.002
568.5     0.002
568.75     0.002
569.0     0.002
569.25     0.002
569.5     0.002
569.75     0.002
570.0     0.002
570.25     0.002
570.5     0.002
570.75     0.002
571.0     0.002
571.25     0.002
571.5     0.002
571.75     0.002
572.0     0.002
572.25     0.002
572.5     0.002
572.75     0.002
573.0     0.002
573.25     0.002
573.5     0.002
573.75     0.002
574.0     0.002
574.25     0.002
574.5     0.002
574.75     0.002
575.0     0.002
575.25     0.002
575.5     0.002
575.75     0.002
576.0     0.002
576.25     0.002
576.5     0.002
576.75     0.002
577.0     0.002
577.25     0.002
577.5     0.002
577.75     0.002
578.0     0.002
578.25     0.002
578.5     0.002
578.75     0.002
579.0     0.002
579.25     0.002
579.5     0.002
579.75     0.002
580.0     0.002
580.25     0.002
580.5     0.002
580.75     0.002
581.0     0.002
581.25     0.002
581.5     0.002
581.75     0.002
582.0     0.002
582.25     0.002
582.5     0.002
582.75     0.002
583.0     0.002
583.25     0.002
583.5     0.002
583.75     0.002
584.0     0.002
584.25     0.002
584.5     0.002
584.75     0.002
585.0     0.002
585.25     0.002
585.5     0.002
585.75     0.002
586.0     0.002
586.25     0.002
586.5     0.002
586.75     0.002
587.0     0.002
587.25     0.002
587.5     0.002
587.75     0.002
588.0     0.002
588.25     0.002
588.5     0.002
588.75     0.002
589.0     0.002
589.25     0.002
589.5     0.002
589.75     0.002
590.0     0.002
590.25     0.002
590.5     0.002
590.75     0.002
591.0     0.002
591.25     0.002
591.5     0.002
591.75     0.002
592.0     0.002
592.25     0.002
592.5     0.002
592.75     0.002
593.0     0.002
593.25     0.002
593.5     0.002
593.75     0.002
594.0     0.002
594.25     0.002
594.5     0.002
594.75     0.002
595.0     0.002
595.25     0.002
595.5     0.002
595.75     0.002
596.0     0.002
596.25     0.002
596.5     0.002
596.75     0.002
597.0     0.002
597.25     0.002
597.5     0.002
597.75     0.002
598.0     0.002
598.25     0.002
598.5     0.002
598.75     0.002
599.0     0.002
599.25     0.002
599.5     0.002
599.75     0.002
600.0     0.002
600.25     0.002
600.5     0.002
600.75     0.002
601.0     0.002
601.25     0.002
601.5     0.002
601.75     0.002
602.0     0.002
602.25     0.002
602.5     0.002
602.75     0.002
603.0     0.002
603.25     0.002
603.5     0.002
603.75     0.002
604.0     0.002
604.25     0.002
604.5     0.002
604.75     0.002
605.0     0.002
605.25     0.002
605.5     0.002
605.75     0.002
606.0     0.002
606.25     0.002
606.5     0.002
606.75     0.002
607.0     0.002
607.25     0.002
607.5     0.002
607.75     0.002
608.0     0.002
608.25     0.002
608.5     0.002
608.75     0.002
609.0     0.002
609.25     0.002
609.5     0.002
609.75     0.002
610.0     0.002
610.25     0.002
610.5     0.002
610.75     0.002
611.0     0.002
611.25     0.002
611.5     0.002
611.75     0.002
612.0     0.002
612.25     0.002
612.5     0.002
612.75     0.002
613.0     0.002
613.25     0.002
613.5     0.002
613.75     0.002
614.0     0.002
614.25     0.002
614.5     0.002
614.75     0.002
615.0     0.002
615.25     0.002
615.5     0.002
615.75     0.002
616.0     0.002
616.25     0.002
616.5     0.002
616.75     0.002
617.0     0.002
617.25     0.002
617.5     0.002
617.75     0.002
618.0     0.002
618.25     0.002
618.5     0.002
618.75     0.002
619.0     0.002
619.25     0.002
619.5     0.002
619.75     0.002
620.0     0.002
620.25     0.002
620.5     0.002
620.75     0.002
621.0     0.002
621.25     0.002
621.5     0.002
621.75     0.002
622.0     0.002
622.25     0.002
622.5     0.002
622.75     0.002
623.0     0.002
623.25     0.002
623.5     0.002
623.75     0.002
624.0     0.002
624.25     0.002
624.5     0.002
624.75     0.002
625.0     0.002
625.25     0.002
625.5     0.002
625.75     0.002
626.0     0.002
626.25     0.002
626.5     0.002
626.75     0.002
627.0     0.002
627.25     0.002
627.5     0.002
627.75     0.002
628.0     0.002
628.25     0.002
628.5     0.002
628.75     0.002
629.0     0.002
629.25     0.002
629.5     0.002
629.75     0.002
630.0     0.002
630.25     0.002
630.5     0.002
630.75     0.002
631.0     0.002
631.25     0.002
631.5     0.002
631.75     0.002
632.0     0.002
632.25     0.002
632.5     0.002
632.75     0.002
633.0     0.002
633.25     0.002
633.5     0.002
633.75     0.002
634.0     0.002
634.25     0.002
634.5     0.002
634.75     0.002
635.0     0.002
635.25     0.002
635.5     0.002
635.75     0.002
636.0     0.002
636.25     0.002
636.5     0.002
636.75     0.002
637.0     0.002
637.25     0.002
637.5     0.002
637.75     0.002
638.0     0.002
638.25     0.002
638.5     0.002
638.75     0.002
639.0     0.002
639.25     0.002
639.5     0.002
639.75     0.002
640.0     0.002
640.25     0.002
640.5     0.002
640.75     0.002
641.0     0.002
641.25     0.002
641.5     0.002
641.75     0.002
642.0     0.002
642.25     0.002
642.5     0.002
642.75     0.002
643.0     0.002
643.25     0.002
643.5     0.002
643.75     0.002
644.0     0.002
644.25     0.002
644.5     0.002
644.75     0.002
645.0     0.002
645.25     0.002
645.5     0.002
645.75     0.002
646.0     0.002
646.25     0.002
646.5     0.002
646.75     0.002
647.0     0.002
647.25     0.002
647.5     0.002
647.75     0.002
648.0     0.002
648.25     0.002
648.5     0.002
648.75     0.002
649.0     0.002
649.25     0.002
649.5     0.002
649.75     0.002
650.0     0.002
650.25     0.002
650.5     0.002
650.75     0.002
651.0     0.002
651.25     0.002
651.5     0.002
651.75     0.002
652.0     0.002
652.25     0.002
652.5     0.002
652.75     0.002
653.0     0.002
653.25     0.002
653.5     0.002
653.75     0.002
654.0     0.002
654.25     0.002
654.5     0.002
654.75     0.002
655.0     0.002
655.25     0.002
655.5     0.002
655.75     0.002
656.0     0.002
656.25     0.002
656.5     0.002
656.75     0.002
657.0     0.002
657.25     0.002
657.5     0.002
657.75     0.002
658.0     0.002
658.25     0.002
658.5     0.002
658.75     0.002
659.0     0.002
659.25     0.002
659.5     0.002
659.75     0.002
660.0     0.002
660.25     0.002
660.5     0.002
660.75     0.002
661.0     0.002
661.25     0.002
661.5     0.002
661.75     0.002
662.0     0.002
662.25     0.002
662.5     0.002
662.75     0.002
663.0     0.002
663.25     0.002
663.5     0.002
663.75     0.002
664.0     0.002
664.25     0.002
664.5     0.002
664.75     0.002
665.0     0.002
665.25     0.002
665.5     0.002
665.75     0.002
666.0     0.002
666.25     0.002
666.5     0.002
666.75     0.002
667.0     0.002
667.25     0.002
667.5     0.002
667.75     0.002
668.0     0.002
668.25     0.002
668.5     0.002
668.75     0.002
669.0     0.002
669.25     0.002
669.5     0.002
669.75     0.002
670.0     0.002
670.25     0.002
670.5     0.002
670.75     0.002
671.0     0.002
671.25     0.002
671.5     0.002
671.75     0.002
672.0     0.002
672.25     0.002
672.5     0.002
672.75     0.002
673.0     0.002
673.25     0.002
673.5     0.002
673.75     0.002
674.0     0.002
674.25     0.002
674.5     0.002
674.75     0.002
675.0     0.002
675.25     0.002
675.5     0.002
675.75     0.002
676.0     0.002
676.25     0.002
676.5     0.002
676.75     0.002
677.0     0.002
677.25     0.002
677.5     0.002
677.75     0.002
678.0     0.002
678.25     0.002
678.5     0.002
678.75     0.002
679.0     0.002
679.25     0.002
679.5     0.002
679.75     0.002
680.0     0.002
680.25     0.002
680.5     0.002
680.75     0.002
681.0     0.002
681.25     0.002
681.5     0.002
681.75     0.002
682.0     0.002
682.25     0.002
682.5     0.002
682.75     0.002
683.0     0.002
683.25     0.002
683.5     0.002
683.75     0.002
684.0     0.002
684.25     0.002
684.5     0.002
684.75     0.002
685.0     0.002
685.25     0.002
685.5     0.002
685.75     0.002
686.0     0.002
686.25     0.002
686.5     0.002
686.75     0.002
687.0     0.002
687.25     0.002
687.5     0.002
687.75     0.002
688.0     0.002
688.25     0.002
688.5     0.002
688.75     0.002
689.0     0.002
689.25     0.002
689.5     0.002
689.75     0.002
690.0     0.002
690.25     0.002
690.5     0.002
690.75     0.002
691.0     0.002
691.25     0.002
691.5     0.002
691.75     0.002
692.0     0.002
692.25     0.002
692.5     0.002
692.75     0.002
693.0     0.002
693.25     0.002
693.5     0.002
693.75     0.002
694.0     0.002
694.25     0.002
694.5     0.002
694.75     0.002
695.0     0.002
695.25     0.002
695.5     0.002
695.75     0.002
696.0     0.002
696.25     0.002
696.5     0.002
696.75     0.002
697.0     0.002
697.25     0.002
697.5     0.002
697.75     0.002
698.0     0.002
698.25     0.002
698.5     0.002
698.75     0.002
699.0     0.002
699.25     0.002
699.5     0.002
699.75     0.002
700.0     0.002
700.25     0.002
700.5     0.002
700.75     0.002
701.0     0.002
701.25     0.002
701.5     0.002
701.75     0.002
702.0     0.002
702.25     0.002
702.5     0.002
702.75     0.002
703.0     0.002
703.25     0.002
703.5     0.002
703.75     0.002
704.0     0.002
704.25     0.002
704.5     0.002
704.75     0.002
705.0     0.002
705.25     0.002
705.5     0.002
705.75     0.002
706.0     0.002
706.25     0.002
706.5     0.002
706.75     0.002
707.0     0.002
707.25     0.002
707.5     0.002
707.75     0.002
708.0     0.002
708.25     0.002
708.5     0.002
708.75     0.002
709.0     0.002
709.25     0.002
709.5     0.002
709.75     0.002
710.0     0.002
710.25     0.002
710.5     0.002
710.75     0.002
711.0     0.002
711.25     0.002
711.5     0.002
711.75     0.002
712.0     0.002
712.25     0.002
712.5     0.002
712.75     0.002
713.0     0.002
713.25     0.002
713.5     0.002
713.75     0.002
714.0     0.002
714.25     0.002
714.5     0.002
714.75     0.002
715.0     0.002
715.25     0.002
715.5     0.002
715.75     0.002
716.0     0.002
716.25     0.002
716.5     0.002
716.75     0.002
717.0     0.002
717.25     0.002
717.5     0.002
717.75     0.002
718.0     0.002
718.25     0.002
718.5     0.002
718.75     0.002
719.0     0.002
719.25     0.002
719.5     0.002
719.75     0.002
720.0     0.002
720.25     0.002
720.5     0.002
720.75     0.002
721.0     0.002
721.25     0.002
721.5     0.002
721.75     0.002
722.0     0.002
722.25     0.002
722.5     0.002
722.75     0.002
723.0     0.002
723.25     0.002
723.5     0.002
723.75     0.002
724.0     0.002
724.25     0.002
724.5     0.002
724.75     0.002
725.0     0.002
725.25     0.002
725.5     0.002
725.75     0.002
726.0     0.002
726.25     0.002
726.5     0.002
726.75     0.002
727.0     0.002
727.25     0.002
727.5     0.002
727.75     0.002
728.0     0.002
728.25     0.002
728.5     0.002
728.75     0.002
729.0     0.002
729.25     0.002
729.5     0.002
729.75     0.002
730.0     0.002
730.25     0.002
730.5     0.002
730.75     0.002
731.0     0.002
731.25     0.002
731.5     0.002
731.75     0.002
732.0     0.002
732.25     0.002
732.5     0.002
732.75     0.002
733.0     0.002
733.25     0.002
733.5     0.002
733.75     0.002
734.0     0.002
734.25     0.002
734.5     0.002
734.75     0.002
735.0     0.002
735.25     0.002
735.5     0.002
735.75     0.002
736.0     0.002
736.25     0.002
736.5     0.002
736.75     0.002
737.0     0.002
737.25     0.002
737.5     0.002
737.75     0.002
738.0     0.002
738.25     0.002
738.5     0.002
738.75     0.002
739.0     0.002
739.25     0.002
739.5     0.002
739.75     0.002
740.0     0.002
740.25     0.002
740.5     0.002
740.75     0.002
741.0     0.002
741.25     0.002
741.5     0.002
741.75     0.002
742.0     0.002
742.25     0.002
742.5     0.002
742.75     0.002
743.0     0.002
743.25     0.002
743.5     0.002
743.75     0.002
744.0     0.002
744.25     0.002
744.5     0.002
744.75     0.002
745.0     0.002
745.25     0.002
745.5     0.002
745.75     0.002
746.0     0.002
746.25     0.002
746.5     0.002
746.75     0.002
747.0     0.002
747.25     0.002
747.5     0.002
747.75     0.002
748.0     0.002
748.25     0.002
748.5     0.002
748.75     0.002
749.0     0.002
749.25     0.002
749.5     0.002
749.75     0.002
750.0     0.002
750.25     0.002
750.5     0.002
750.75     0.002
751.0     0.002
751.25     0.002
751.5     0.002
751.75     0.002
752.0     0.002
752.25     0.002
752.5     0.002
752.75     0.002
753.0     0.002
753.25     0.002
753.5     0.002
753.75     0.002
754.0     0.002
754.25     0.002
754.5     0.002
754.75     0.002
755.0     0.002
755.25     0.002
755.5     0.002
755.75     0.002
756.0     0.002
756.25     0.002
756.5     0.002
756.75     0.002
757.0     0.002
757.25     0.002
757.5     0.002
757.75     0.002
758.0     0.002
758.25     0.002
758.5     0.002
758.75     0.002
759.0     0.002
759.25     0.002
759.5     0.002
759.75     0.002
760.0     0.002
760.25     0.002
760.5     0.002
760.75     0.002
761.0     0.002
761.25     0.002
761.5     0.002
761.75     0.002
762.0     0.002
762.25     0.002
762.5     0.002
762.75     0.002
763.0     0.002
763.25     0.002
763.5     0.002
763.75     0.002
764.0     0.002
764.25     0.002
764.5     0.002
764.75     0.002
765.0     0.002
765.25     0.002
765.5     0.002
765.75     0.002
766.0     0.002
766.25     0.002
766.5     0.002
766.75     0.002
767.0     0.002
767.25     0.002
767.5     0.002
767.75     0.002
768.0     0.002
768.25     0.002
768.5     0.002
768.75     0.002
769.0     0.002
769.25     0.002
769.5     0.002
769.75     0.002
770.0     0.002
770.25     0.002
770.5     0.002
770.75     0.002
771.0     0.002
771.25     0.002
771.5     0.002
771.75     0.002
772.0     0.002
772.25     0.002
772.5     0.002
772.75     0.002
773.0     0.002
773.25     0.002
773.5     0.002
773.75     0.002
774.0     0.002
774.25     0.002
774.5     0.002
774.75     0.002
775.0     0.002
775.25     0.002
775.5     0.002
775.75     0.002
776.0     0.002
776.25     0.002
776.5     0.002
776.75     0.002
777.0     0.002
777.25     0.002
777.5     0.002
777.75     0.002
778.0     0.002
778.25     0.002
778.5     0.002
778.75     0.002
779.0     0.002
779.25     0.002
779.5     0.002
779.75     0.002
780.0     0.002
780.25     0.002
780.5     0.002
780.75     0.002
781.0     0.002
781.25     0.002
781.5     0.002
781.75     0.002
782.0     0.002
782.25     0.002
782.5     0.002
782.75     0.002
783.0     0.002
783.25     0.002
783.5     0.002
783.75     0.002
784.0     0.002
784.25     0.002
784.5     0.002
784.75     0.002
785.0     0.002
785.25     0.002
785.5     0.002
785.75     0.002
786.0     0.002
786.25     0.002
786.5     0.002
786.75     0.002
787.0     0.002
787.25     0.002
787.5     0.002
787.75     0.002
788.0     0.002
788.25     0.002
788.5     0.002
788.75     0.002
789.0     0.002
789.25     0.002
789.5     0.002
789.75     0.002
790.0     0.002
790.25     0.002
790.5     0.002
790.75     0.002
791.0     0.002
791.25     0.002
791.5     0.002
791.75     0.002
792.0     0.002
792.25     0.002
792.5     0.002
792.75     0.002
793.0     0.002
793.25     0.002
793.5     0.002
793.75     0.002
794.0     0.002
794.25     0.002
794.5     0.002
794.75     0.002
795.0     0.002
795.25     0.002
795.5     0.002
795.75     0.002
796.0     0.002
796.25     0.002
796.5     0.002
796.75     0.002
797.0     0.002
797.25     0.002
797.5     0.002
797.75     0.002
798.0     0.002
798.25     0.002
798.5     0.002
798.75     0.002
799.0     0.002
799.25     0.002
799.5     0.002
799.75     0.002
800.0     0.002
800.25     0.002
800.5     0.002
800.75     0.002
801.0     0.002
801.25     0.002
801.5     0.002
801.75     0.002
802.0     0.002
802.25     0.002
802.5     0.002
802.75     0.002
803.0     0.002
803.25     0.002
803.5     0.002
803.75     0.002
804.0     0.002
804.25     0.002
804.5     0.002
804.75     0.002
805.0     0.002
805.25     0.002
805.5     0.002
805.75     0.002
806.0     0.002
806.25     0.002
806.5     0.002
806.75     0.002
807.0     0.002
807.25     0.002
807.5     0.002
807.75     0.002
808.0     0.002
808.25     0.002
808.5     0.002
808.75     0.002
809.0     0.002
809.25     0.002
809.5     0.002
809.75     0.002
810.0     0.002
810.25     0.002
810.5     0.002
810.75     0.002
811.0     0.002
811.25     0.002
811.5     0.002
811.75     0.002
812.0     0.002
812.25     0.002
812.5     0.002
812.75     0.002
813.0     0.002
813.25     0.002
813.5     0.002
813.75     0.002
814.0     0.002
814.25     0.002
814.5     0.002
814.75     0.002
815.0     0.002
815.25     0.002
815.5     0.002
815.75     0.002
816.0     0.002
816.25     0.002
816.5     0.002
816.75     0.002
817.0     0.002
817.25     0.002
817.5     0.002
817.75     0.002
818.0     0.002
818.25     0.002
818.5     0.002
818.75     0.002
819.0     0.002
819.25     0.002
819.5     0.002
819.75     0.002
820.0     0.002
820.25     0.002
820.5     0.002
820.75     0.002
821.0     0.002
821.25     0.002
821.5     0.002
821.75     0.002
822.0     0.002
822.25     0.002
822.5     0.002
822.75     0.002
823.0     0.002
823.25     0.002
823.5     0.002
823.75     0.002
824.0     0.002
824.25     0.002
824.5     0.002
824.75     0.002
825.0     0.002
825.25     0.002
825.5     0.002
825.75     0.002
826.0     0.002
826.25     0.002
826.5     0.002
826.75     0.002
827.0     0.002
827.25     0.002
827.5     0.002
827.75     0.002
828.0     0.002
828.25     0.002
828.5     0.002
828.75     0.002
829.0     0.002
829.25     0.002
829.5     0.002
829.75     0.002
830.0     0.002
830.25     0.002
830.5     0.002
830.75     0.002
831.0     0.002
831.25     0.002
831.5     0.002
831.75     0.002
832.0     0.002
832.25     0.002
832.5     0.002
832.75     0.002
833.0     0.002
833.25     0.002
833.5     0.002
833.75     0.002
834.0     0.002
834.25     0.002
834.5     0.002
834.75     0.002
835.0     0.002
835.25     0.002
835.5     0.002
835.75     0.002
836.0     0.002
836.25     0.002
836.5     0.002
836.75     0.002
837.0     0.002
837.25     0.002
837.5     0.002
837.75     0.002
838.0     0.002
838.25     0.002
838.5     0.002
838.75     0.002
839.0     0.002
839.25     0.002
839.5     0.002
839.75     0.002
840.0     0.002
840.25     0.002
840.5     0.002
840.75     0.002
841.0     0.002
841.25     0.002
841.5     0.002
841.75     0.002
842.0     0.002
842.25     0.002
842.5     0.002
842.75     0.002
843.0     0.002
843.25     0.002
843.5     0.002
843.75     0.002
844.0     0.002
844.25     0.002
844.5     0.002
844.75     0.002
845.0     0.002
845.25     0.002
845.5     0.002
845.75     0.002
846.0     0.002
846.25     0.002
846.5     0.002
846.75     0.002
847.0     0.002
847.25     0.002
847.5     0.002
847.75     0.002
848.0     0.002
848.25     0.002
848.5     0.002
848.75     0.002
849.0     0.002
849.25     0.002
849.5     0.002
849.75     0.002
850.0     0.002
850.25     0.002
850.5     0.002
850.75     0.002
851.0     0.002
851.25     0.002
851.5     0.002
851.75     0.002
852.0     0.002
852.25     0.002
852.5     0.002
852.75     0.002
853.0     0.002
853.25     0.002
853.5     0.002
853.75     0.002
854.0     0.002
854.25     0.002
854.5     0.002
854.75     0.002
855.0     0.002
855.25     0.002
855.5     0.002
855.75     0.002
856.0     0.002
856.25     0.002
856.5     0.002
856.75     0.002
857.0     0.002
857.25     0.002
857.5     0.002
857.75     0.002
858.0     0.002
858.25     0.002
858.5     0.002
858.75     0.002
859.0     0.002
859.25     0.002
859.5     0.002
859.75     0.002
860.0     0.002
860.25     0.002
860.5     0.002
860.75     0.002
861.0     0.002
861.25     0.002
861.5     0.002
861.75     0.002
862.0     0.002
862.25     0.002
862.5     0.002
862.75     0.002
863.0     0.002
863.25     0.002
863.5     0.002
863.75     0.002
864.0     0.002
864.25     0.002
864.5     0.002
864.75     0.002
865.0     0.002
865.25     0.002
865.5     0.002
865.75     0.002
866.0     0.002
866.25     0.002
866.5     0.002
866.75     0.002
867.0     0.002
867.25     0.002
867.5     0.002
867.75     0.002
868.0     0.002
868.25     0.002
868.5     0.002
868.75     0.002
869.0     0.002
869.25     0.002
869.5     0.002
869.75     0.002
870.0     0.002
870.25     0.002
870.5     0.002
870.75     0.002
871.0     0.002
871.25     0.002
871.5     0.002
871.75     0.002
872.0     0.002
872.25     0.002
872.5     0.002
872.75     0.002
873.0     0.002
873.25     0.002
873.5     0.002
873.75     0.002
874.0     0.002
874.25     0.002
874.5     0.002
874.75     0.002
875.0     0.002
875.25     0.002
875.5     0.002
875.75     0.002
876.0     0.002
876.25     0.002
876.5     0.002
876.75     0.002
877.0     0.002
877.25     0.002
877.5     0.002
877.75     0.002
878.0     0.002
878.25     0.002
878.5     0.002
878.75     0.002
879.0     0.002
879.25     0.002
879.5     0.002
879.75     0.002
880.0     0.002
880.25     0.002
880.5     0.002
880.75     0.002
881.0     0.002
881.25     0.002
881.5     0.002
881.75     0.002
882.0     0.002
882.25     0.002
882.5     0.002
882.75     0.002
883.0     0.002
883.25     0.002
883.5     0.002
883.75     0.002
884.0     0.002
884.25     0.002
884.5     0.002
884.75     0.002
885.0     0.002
885.25     0.002
885.5     0.002
885.75     0.002
886.0     0.002
886.25     0.002
886.5     0.002
886.75     0.002
887.0     0.002
887.25     0.002
887.5     0.002
887.75     0.002
888.0     0.002
888.25     0.002
888.5     0.002
888.75     0.002
889.0     0.002
889.25     0.002
889.5     0.002
889.75     0.002
890.0     0.002
890.25     0.002
890.5     0.002
890.75     0.002
891.0     0.002
891.25     0.002
891.5     0.002
891.75     0.002
892.0     0.002
892.25     0.002
892.5     0.002
892.75     0.002
893.0     0.002
893.25     0.002
893.5     0.002
893.75     0.002
894.0     0.002
894.25     0.002
894.5     0.002
894.75     0.002
895.0     0.002
895.25     0.002
895.5     0.002
895.75     0.002
896.0     0.002
896.25     0.002
896.5     0.002
896.75     0.002
897.0     0.002
897.25     0.002
897.5     0.002
897.75     0.002
898.0     0.002
898.25     0.002
898.5     0.002
898.75     0.002
899.0     0.002
899.25     0.002
899.5     0.002
899.75     0.002
900.0     0.002
900.25     0.002
900.5     0.002
900.75     0.002
901.0     0.002
901.25     0.002
901.5     0.002
901.75     0.002
902.0     0.002
902.25     0.002
902.5     0.002
902.75     0.002
903.0     0.002
903.25     0.002
903.5     0.002
903.75     0.002
904.0     0.002
904.25     0.002
904.5     0.002
904.75     0.002
905.0     0.002
905.25     0.002
905.5     0.002
905.75     0.002
906.0     0.002
906.25     0.002
906.5     0.002
906.75     0.002
907.0     0.002
907.25     0.002
907.5     0.002
907.75     0.002
908.0     0.002
908.25     0.002
908.5     0.002
908.75     0.002
909.0     0.002
909.25     0.002
909.5     0.002
909.75     0.002
910.0     0.002
910.25     0.002
910.5     0.002
910.75     0.002
911.0     0.002
911.25     0.002
911.5     0.002
911.75     0.002
912.0     0.002
912.25     0.002
912.5     0.002
912.75     0.002
913.0     0.002
913.25     0.002
913.5     0.002
913.75     0.002
914.0     0.002
914.25     0.002
914.5     0.002
914.75     0.002
915.0     0.002
915.25     0.002
915.5     0.002
915.75     0.002
916.0     0.002
916.25     0.002
916.5     0.002
916.75     0.002
917.0     0.002
917.25     0.002
917.5     0.002
917.75     0.002
918.0     0.002
918.25     0.002
918.5     0.002
918.75     0.002
919.0     0.002
919.25     0.002
919.5     0.002
919.75     0.002
920.0     0.002
920.25     0.002
920.5     0.002
920.75     0.002
921.0     0.002
921.25     0.002
921.5     0.002
921.75     0.002
922.0     0.002
922.25     0.002
922.5     0.002
922.75     0.002
923.0     0.002
923.25     0.002
923.5     0.002
923.75     0.002
924.0     0.002
924.25     0.002
924.5     0.002
924.75     0.002
925.0     0.002
925.25     0.002
925.5     0.002
925.75     0.002
926.0     0.002
926.25     0.002
926.5     0.002
926.75     0.002
927.0     0.002
927.25     0.002
927.5     0.002
927.75     0.002
928.0     0.002
928.25     0.002
928.5     0.002
928.75     0.002
929.0     0.002
929.25     0.002
929.5     0.002
929.75     0.002
930.0     0.002
930.25     0.002
930.5     0.002
930.75     0.002
931.0     0.002
931.25     0.002
931.5     0.002
931.75     0.002
932.0     0.002
932.25     0.002
932.5     0.002
932.75     0.002
933.0     0.002
933.25     0.002
933.5     0.002
933.75     0.002
934.0     0.002
934.25     0.002
934.5     0.002
934.75     0.002
935.0     0.002
935.25     0.002
935.5     0.002
935.75     0.002
936.0     0.002
936.25     0.002
936.5     0.002
936.75     0.002
937.0     0.002
937.25     0.002
937.5     0.002
937.75     0.002
938.0     0.002
938.25     0.002
938.5     0.002
938.75     0.002
939.0     0.002
939.25     0.002
939.5     0.002
939.75     0.002
940.0     0.002
940.25     0.002
940.5     0.002
940.75     0.002
941.0     0.002
941.25     0.002
941.5     0.002
941.75     0.002
942.0     0.002
942.25     0.002
942.5     0.002
942.75     0.002
943.0     0.002
943.25     0.002
943.5     0.002
943.75     0.002
944.0     0.002
944.25     0.002
944.5     0.002
944.75     0.002
945.0     0.002
945.25     0.002
945.5     0.002
945.75     0.002
946.0     0.002
946.25     0.002
946.5     0.002
946.75     0.002
947.0     0.002
947.25     0.002
947.5     0.002
947.75     0.002
948.0     0.002
948.25     0.002
948.5     0.002
948.75     0.002
949.0     0.002
949.25     0.002
949.5     0.002
949.75     0.002
950.0     0.002
950.25     0.002
950.5     0.002
950.75     0.002
951.0     0.002
951.25     0.002
951.5     0.002
951.75     0.002
952.0     0.002
952.25     0.002
952.5     0.002
952.75     0.002
953.0     0.002
953.25     0.002
953.5     0.002
953.75     0.002
954.0     0.002
954.25     0.002
954.5     0.002
954.75     0.002
955.0     0.002
955.25     0.002
955.5     0.002
955.75     0.002
956.0     0.002
956.25     0.002
956.5     0.002
956.75     0.002
957.0     0.002
957.25     0.002
957.5     0.002
957.75     0.002
958.0     0.002
958.25     0.002
958.5     0.002
958.75     0.002
959.0     0.002
959.25     0.002
959.5     0.002
959.75     0.002
960.0     0.002
960.25     0.002
960.5     0.002
960.75     0.002
961.0     0.002
961.25     0.002
961.5     0.002
961.75     0.002
962.0     0.002
962.25     0.002
962.5     0.002
962.75     0.002
963.0     0.002
963.25     0.002
963.5     0.002
963.75     0.002
964.0     0.002
964.25     0.002
964.5     0.002
964.75     0.002
965.0     0.002
965.25     0.002
965.5     0.002
965.75     0.002
966.0     0.002
966.25     0.002
966.5     0.002
966.75     0.002
967.0     0.002
967.25     0.002
967.5     0.002
967.75     0.002
968.0     0.002
968.25     0.002
968.5     0.002
968.75     0.002
969.0     0.002
969.25     0.002
969.5     0.002
969.75     0.002
970.0     0.002
970.25     0.002
970.5     0.002
970.75     0.002
971.0     0.002
971.25     0.002
971.5     0.002
971.75     0.002
972.0     0.002
972.25     0.002
972.5     0.002
972.75     0.002
973.0     0.002
973.25     0.002
973.5     0.002
973.75     0.002
974.0     0.002
974.25     0.002
974.5     0.002
974.75     0.002
975.0     0.002
975.25     0.002
975.5     0.002
975.75     0.002
976.0     0.002
976.25     0.002
976.5     0.002
976.75     0.002
977.0     0.002
977.25     0.002
977.5     0.002
977.75     0.002
978.0     0.002
978.25     0.002
978.5     0.002
978.75     0.002
979.0     0.002
979.25     0.002
979.5     0.002
979.75     0.002
980.0     0.002
980.25     0.002
980.5     0.002
980.75     0.002
981.0     0.002
981.25     0.002
981.5     0.002
981.75     0.002
982.0     0.002
982.25     0.002
982.5     0.002
982.75     0.002
983.0     0.002
983.25     0.002
983.5     0.002
983.75     0.002
984.0     0.002
984.25     0.002
984.5     0.002
984.75     0.002
985.0     0.002
985.25     0.002
985.5     0.002
985.75     0.002
986.0     0.002
986.25     0.002
986.5     0.002
986.75     0.002
987.0     0.002
987.25     0.002
987.5     0.002
987.75     0.002
988.0     0.002
988.25     0.002
988.5     0.002
988.75     0.002
989.0     0.002
989.25     0.002
989.5     0.002
989.75     0.002
990.0     0.002
990.25     0.002
990.5     0.002
990.75     0.002
991.0     0.002
991.25     0.002
991.5     0.002
991.75     0.002
992.0     0.002
992.25     0.002
992.5     0.002
992.75     0.002
993.0     0.002
993.25     0.002
993.5     0.002
993.75     0.002
994.0     0.002
994.25     0.002
994.5     0.002
994.75     0.002
995.0     0.002
995.25     0.002
995.5     0.002
995.75     0.002
996.0     0.002
996.25     0.002
996.5     0.002
996.75     0.002
997.0     0.002
997.25     0.002
997.5     0.002
997.75     0.002
998.0     0.002
998.25     0.002
998.5     0.002
998.75     0.002
999.0     0.002
999.25     0.002
999.5     0.002
999.75     0.002
1000.0     0.002
