0.25     0.0
0.5     0.0
0.75     0.0
1.0     0.0
1.25     0.0
1.5     0.0
1.75     0.0
2.0     0.0
2.25     0.0
2.5     0.0
2.75     0.0
3.0     0.0
3.25     0.0
3.5     0.0
3.75     0.0
4.0     0.0
4.25     0.0
4.5     0.0
4.75     0.0
5.0     0.0
5.25     0.0
5.5     0.0
5.75     0.0
6.0     0.0
6.25     0.0
6.5     0.0
6.75     0.0
7.0     0.0
7.25     0.0
7.5     0.0
7.75     0.0
8.0     0.0
8.25     0.0
8.5     0.0
8.75     0.0
9.0     0.0
9.25     0.0
9.5     0.0
9.75     0.0
10.0     0.0
10.25     0.0
10.5     0.0
10.75     0.0
11.0     0.0
11.25     0.0
11.5     0.0
11.75     0.0
12.0     0.0
12.25     0.0
12.5     0.0
12.75     0.0
13.0     0.0
13.25     0.0
13.5     0.0
13.75     0.0
14.0     0.0
14.25     0.0
14.5     0.0
14.75     0.0
15.0     0.0
15.25     0.0
15.5     0.0
15.75     0.0
16.0     0.0
16.25     0.0
16.5     0.0
16.75     0.0
17.0     0.0
17.25     0.0
17.5     0.0
17.75     0.0
18.0     0.0
18.25     0.0
18.5     0.0
18.75     0.0
19.0     0.0
19.25     0.0
19.5     0.0
19.75     0.0
20.0     0.0
20.25     0.0
20.5     0.0
20.75     0.0
21.0     0.0
21.25     0.0
21.5     0.0
21.75     0.0
22.0     0.0
22.25     0.0
22.5     0.0
22.75     0.0
23.0     0.0
23.25     0.0
23.5     0.0
23.75     0.0
24.0     0.0
24.25     0.0
24.5     0.0
24.75     0.0
25.0     0.0
25.25     0.0
25.5     0.0
25.75     0.0
26.0     0.0
26.25     0.0
26.5     0.0
26.75     0.0
27.0     0.0
27.25     0.0
27.5     0.0
27.75     0.0
28.0     0.0
28.25     0.0
28.5     0.0
28.75     0.0
29.0     0.0
29.25     0.0
29.5     0.0
29.75     0.0
30.0     0.0
30.25     0.0
30.5     0.0
30.75     0.0
31.0     0.0
31.25     0.0
31.5     0.0
31.75     0.0
32.0     0.0
32.25     0.0
32.5     0.0
32.75     -0.002
33.0     -0.002
33.25     -0.002
33.5     0.002
33.75     0.002
34.0     0.002
34.25     0.002
34.5     0.002
34.75     0.002
35.0     0.002
35.25     0.002
35.5     0.002
35.75     0.002
36.0     0.002
36.25     0.004
36.5     0.008
36.75     0.008
37.0     0.008
37.25     0.008
37.5     0.008
37.75     0.008
38.0     0.008
38.25     0.008
38.5     0.008
38.75     0.008
39.0     0.008
39.25     0.008
39.5     0.008
39.75     0.008
40.0     0.008
40.25     0.008
40.5     0.008
40.75     0.014
41.0     0.02
41.25     0.02
41.5     0.02
41.75     0.02
42.0     0.018
42.25     0.018
42.5     0.018
42.75     0.02
43.0     0.02
43.25     0.022
43.5     0.022
43.75     0.024
44.0     0.024
44.25     0.026
44.5     0.028
44.75     0.028
45.0     0.028
45.25     0.028
45.5     0.028
45.75     0.028
46.0     0.028
46.25     0.028
46.5     0.028
46.75     0.028
47.0     0.028
47.25     0.03
47.5     0.03
47.75     0.03
48.0     0.03
48.25     0.032
48.5     0.036
48.75     0.036
49.0     0.038
49.25     0.038
49.5     0.036
49.75     0.04
50.0     0.04
50.25     0.04
50.5     0.04
50.75     0.042
51.0     0.042
51.25     0.044
51.5     0.044
51.75     0.048
52.0     0.048
52.25     0.05
52.5     0.05
52.75     0.052
53.0     0.052
53.25     0.056
53.5     0.056
53.75     0.054
54.0     0.054
54.25     0.054
54.5     0.054
54.75     0.056
55.0     0.056
55.25     0.06
55.5     0.06
55.75     0.062
56.0     0.062
56.25     0.062
56.5     0.062
56.75     0.064
57.0     0.066
57.25     0.066
57.5     0.066
57.75     0.066
58.0     0.066
58.25     0.066
58.5     0.068
58.75     0.068
59.0     0.068
59.25     0.068
59.5     0.07
59.75     0.074
60.0     0.074
60.25     0.076
60.5     0.078
60.75     0.078
61.0     0.078
61.25     0.078
61.5     0.082
61.75     0.082
62.0     0.082
62.25     0.082
62.5     0.082
62.75     0.084
63.0     0.086
63.25     0.088
63.5     0.088
63.75     0.09
64.0     0.09
64.25     0.09
64.5     0.09
64.75     0.09
65.0     0.09
65.25     0.09
65.5     0.09
65.75     0.09
66.0     0.09
66.25     0.09
66.5     0.09
66.75     0.094
67.0     0.094
67.25     0.094
67.5     0.094
67.75     0.094
68.0     0.096
68.25     0.098
68.5     0.098
68.75     0.098
69.0     0.098
69.25     0.098
69.5     0.098
69.75     0.098
70.0     0.1
70.25     0.098
70.5     0.1
70.75     0.1
71.0     0.1
71.25     0.102
71.5     0.104
71.75     0.104
72.0     0.104
72.25     0.104
72.5     0.104
72.75     0.106
73.0     0.106
73.25     0.106
73.5     0.106
73.75     0.106
74.0     0.108
74.25     0.108
74.5     0.108
74.75     0.108
75.0     0.11
75.25     0.11
75.5     0.11
75.75     0.11
76.0     0.11
76.25     0.11
76.5     0.11
76.75     0.11
77.0     0.11
77.25     0.11
77.5     0.11
77.75     0.112
78.0     0.112
78.25     0.112
78.5     0.112
78.75     0.112
79.0     0.112
79.25     0.112
79.5     0.112
79.75     0.112
80.0     0.114
80.25     0.116
80.5     0.116
80.75     0.116
81.0     0.118
81.25     0.118
81.5     0.118
81.75     0.118
82.0     0.118
82.25     0.118
82.5     0.118
82.75     0.118
83.0     0.118
83.25     0.118
83.5     0.118
83.75     0.12
84.0     0.12
84.25     0.12
84.5     0.12
84.75     0.122
85.0     0.122
85.25     0.122
85.5     0.122
85.75     0.122
86.0     0.122
86.25     0.126
86.5     0.126
86.75     0.128
87.0     0.128
87.25     0.128
87.5     0.128
87.75     0.128
88.0     0.13
88.25     0.13
88.5     0.13
88.75     0.132
89.0     0.132
89.25     0.132
89.5     0.134
89.75     0.134
90.0     0.136
90.25     0.138
90.5     0.14
90.75     0.142
91.0     0.142
91.25     0.142
91.5     0.142
91.75     0.142
92.0     0.142
92.25     0.144
92.5     0.144
92.75     0.144
93.0     0.144
93.25     0.144
93.5     0.146
93.75     0.148
94.0     0.148
94.25     0.148
94.5     0.148
94.75     0.148
95.0     0.148
95.25     0.152
95.5     0.152
95.75     0.156
96.0     0.156
96.25     0.156
96.5     0.156
96.75     0.158
97.0     0.158
97.25     0.158
97.5     0.16
97.75     0.16
98.0     0.162
98.25     0.162
98.5     0.162
98.75     0.162
99.0     0.162
99.25     0.162
99.5     0.162
99.75     0.162
100.0     0.162
100.25     0.162
100.5     0.162
100.75     0.164
101.0     0.164
101.25     0.164
101.5     0.164
101.75     0.164
102.0     0.164
102.25     0.166
102.5     0.166
102.75     0.166
103.0     0.166
103.25     0.166
103.5     0.166
103.75     0.168
104.0     0.17
104.25     0.17
104.5     0.17
104.75     0.17
105.0     0.17
105.25     0.17
105.5     0.17
105.75     0.17
106.0     0.174
106.25     0.174
106.5     0.172
106.75     0.172
107.0     0.172
107.25     0.172
107.5     0.174
107.75     0.174
108.0     0.174
108.25     0.174
108.5     0.178
108.75     0.178
109.0     0.178
109.25     0.178
109.5     0.178
109.75     0.178
110.0     0.18
110.25     0.18
110.5     0.18
110.75     0.182
111.0     0.182
111.25     0.184
111.5     0.188
111.75     0.188
112.0     0.19
112.25     0.19
112.5     0.192
112.75     0.194
113.0     0.194
113.25     0.196
113.5     0.198
113.75     0.2
114.0     0.202
114.25     0.202
114.5     0.204
114.75     0.206
115.0     0.206
115.25     0.208
115.5     0.21
115.75     0.21
116.0     0.214
116.25     0.214
116.5     0.214
116.75     0.214
117.0     0.214
117.25     0.214
117.5     0.214
117.75     0.216
118.0     0.216
118.25     0.218
118.5     0.218
118.75     0.218
119.0     0.218
119.25     0.218
119.5     0.22
119.75     0.22
120.0     0.22
120.25     0.222
120.5     0.222
120.75     0.222
121.0     0.224
121.25     0.224
121.5     0.224
121.75     0.224
122.0     0.224
122.25     0.226
122.5     0.226
122.75     0.226
123.0     0.226
123.25     0.226
123.5     0.226
123.75     0.226
124.0     0.226
124.25     0.228
124.5     0.228
124.75     0.228
125.0     0.228
125.25     0.228
125.5     0.23
125.75     0.232
126.0     0.232
126.25     0.23
126.5     0.23
126.75     0.23
127.0     0.232
127.25     0.232
127.5     0.234
127.75     0.234
128.0     0.236
128.25     0.236
128.5     0.236
128.75     0.236
129.0     0.236
129.25     0.236
129.5     0.236
129.75     0.236
130.0     0.236
130.25     0.238
130.5     0.238
130.75     0.238
131.0     0.24
131.25     0.24
131.5     0.24
131.75     0.242
132.0     0.242
132.25     0.242
132.5     0.242
132.75     0.242
133.0     0.242
133.25     0.242
133.5     0.242
133.75     0.242
134.0     0.244
134.25     0.244
134.5     0.244
134.75     0.244
135.0     0.244
135.25     0.244
135.5     0.244
135.75     0.244
136.0     0.244
136.25     0.244
136.5     0.244
136.75     0.244
137.0     0.246
137.25     0.246
137.5     0.25
137.75     0.252
138.0     0.252
138.25     0.254
138.5     0.254
138.75     0.254
139.0     0.254
139.25     0.254
139.5     0.254
139.75     0.254
140.0     0.254
140.25     0.254
140.5     0.254
140.75     0.254
141.0     0.254
141.25     0.254
141.5     0.256
141.75     0.256
142.0     0.256
142.25     0.26
142.5     0.26
142.75     0.26
143.0     0.26
143.25     0.26
143.5     0.26
143.75     0.26
144.0     0.26
144.25     0.26
144.5     0.26
144.75     0.26
145.0     0.262
145.25     0.266
145.5     0.266
145.75     0.266
146.0     0.268
146.25     0.268
146.5     0.268
146.75     0.268
147.0     0.268
147.25     0.268
147.5     0.268
147.75     0.268
148.0     0.268
148.25     0.268
148.5     0.27
148.75     0.272
149.0     0.272
149.25     0.272
149.5     0.274
149.75     0.276
150.0     0.278
150.25     0.278
150.5     0.278
150.75     0.278
151.0     0.278
151.25     0.278
151.5     0.278
151.75     0.278
152.0     0.278
152.25     0.28
152.5     0.28
152.75     0.28
153.0     0.28
153.25     0.28
153.5     0.282
153.75     0.282
154.0     0.282
154.25     0.282
154.5     0.282
154.75     0.282
155.0     0.284
155.25     0.286
155.5     0.286
155.75     0.286
156.0     0.286
156.25     0.288
156.5     0.288
156.75     0.288
157.0     0.29
157.25     0.292
157.5     0.292
157.75     0.292
158.0     0.292
158.25     0.292
158.5     0.294
158.75     0.294
159.0     0.294
159.25     0.294
159.5     0.298
159.75     0.298
160.0     0.298
160.25     0.298
160.5     0.3
160.75     0.3
161.0     0.3
161.25     0.3
161.5     0.3
161.75     0.306
162.0     0.306
162.25     0.306
162.5     0.306
162.75     0.308
163.0     0.308
163.25     0.308
163.5     0.312
163.75     0.312
164.0     0.312
164.25     0.312
164.5     0.312
164.75     0.31
165.0     0.31
165.25     0.31
165.5     0.308
165.75     0.308
166.0     0.31
166.25     0.31
166.5     0.31
166.75     0.31
167.0     0.312
167.25     0.312
167.5     0.312
167.75     0.314
168.0     0.314
168.25     0.314
168.5     0.318
168.75     0.32
169.0     0.32
169.25     0.32
169.5     0.322
169.75     0.322
170.0     0.322
170.25     0.322
170.5     0.322
170.75     0.322
171.0     0.322
171.25     0.322
171.5     0.326
171.75     0.328
172.0     0.328
172.25     0.33
172.5     0.33
172.75     0.33
173.0     0.332
173.25     0.334
173.5     0.334
173.75     0.34
174.0     0.34
174.25     0.34
174.5     0.34
174.75     0.342
175.0     0.342
175.25     0.342
175.5     0.344
175.75     0.346
176.0     0.348
176.25     0.348
176.5     0.35
176.75     0.35
177.0     0.35
177.25     0.35
177.5     0.35
177.75     0.35
178.0     0.35
178.25     0.35
178.5     0.352
178.75     0.354
179.0     0.356
179.25     0.36
179.5     0.36
179.75     0.36
180.0     0.36
180.25     0.36
180.5     0.362
180.75     0.362
181.0     0.364
181.25     0.364
181.5     0.366
181.75     0.368
182.0     0.368
182.25     0.368
182.5     0.37
182.75     0.37
183.0     0.37
183.25     0.37
183.5     0.37
183.75     0.37
184.0     0.372
184.25     0.376
184.5     0.378
184.75     0.38
185.0     0.38
185.25     0.384
185.5     0.384
185.75     0.384
186.0     0.386
186.25     0.386
186.5     0.386
186.75     0.386
187.0     0.388
187.25     0.39
187.5     0.39
187.75     0.39
188.0     0.392
188.25     0.392
188.5     0.392
188.75     0.394
189.0     0.394
189.25     0.396
189.5     0.396
189.75     0.398
190.0     0.398
190.25     0.398
190.5     0.4
190.75     0.4
191.0     0.4
191.25     0.4
191.5     0.402
191.75     0.402
192.0     0.402
192.25     0.402
192.5     0.404
192.75     0.406
193.0     0.406
193.25     0.406
193.5     0.408
193.75     0.408
194.0     0.408
194.25     0.408
194.5     0.408
194.75     0.408
195.0     0.408
195.25     0.408
195.5     0.408
195.75     0.408
196.0     0.408
196.25     0.408
196.5     0.408
196.75     0.41
197.0     0.41
197.25     0.412
197.5     0.412
197.75     0.412
198.0     0.412
198.25     0.414
198.5     0.416
198.75     0.418
199.0     0.418
199.25     0.418
199.5     0.418
199.75     0.42
200.0     0.422
200.25     0.424
200.5     0.424
200.75     0.424
201.0     0.424
201.25     0.424
201.5     0.424
201.75     0.424
202.0     0.424
202.25     0.424
202.5     0.424
202.75     0.424
203.0     0.428
203.25     0.43
203.5     0.432
203.75     0.434
204.0     0.434
204.25     0.434
204.5     0.434
204.75     0.434
205.0     0.434
205.25     0.436
205.5     0.438
205.75     0.438
206.0     0.438
206.25     0.438
206.5     0.438
206.75     0.438
207.0     0.44
207.25     0.44
207.5     0.44
207.75     0.442
208.0     0.442
208.25     0.442
208.5     0.442
208.75     0.442
209.0     0.444
209.25     0.444
209.5     0.444
209.75     0.444
210.0     0.444
210.25     0.444
210.5     0.444
210.75     0.446
211.0     0.446
211.25     0.446
211.5     0.446
211.75     0.446
212.0     0.448
212.25     0.448
212.5     0.45
212.75     0.45
213.0     0.45
213.25     0.45
213.5     0.452
213.75     0.452
214.0     0.452
214.25     0.452
214.5     0.452
214.75     0.452
215.0     0.452
215.25     0.454
215.5     0.454
215.75     0.454
216.0     0.454
216.25     0.454
216.5     0.454
216.75     0.454
217.0     0.454
217.25     0.454
217.5     0.454
217.75     0.454
218.0     0.456
218.25     0.456
218.5     0.456
218.75     0.456
219.0     0.458
219.25     0.458
219.5     0.46
219.75     0.462
220.0     0.464
220.25     0.464
220.5     0.464
220.75     0.464
221.0     0.464
221.25     0.464
221.5     0.466
221.75     0.466
222.0     0.466
222.25     0.466
222.5     0.466
222.75     0.466
223.0     0.466
223.25     0.466
223.5     0.466
223.75     0.466
224.0     0.466
224.25     0.47
224.5     0.47
224.75     0.47
225.0     0.47
225.25     0.47
225.5     0.47
225.75     0.47
226.0     0.47
226.25     0.47
226.5     0.47
226.75     0.47
227.0     0.47
227.25     0.47
227.5     0.47
227.75     0.47
228.0     0.47
228.25     0.47
228.5     0.474
228.75     0.474
229.0     0.474
229.25     0.474
229.5     0.474
229.75     0.474
230.0     0.474
230.25     0.474
230.5     0.476
230.75     0.476
231.0     0.476
231.25     0.476
231.5     0.476
231.75     0.478
232.0     0.478
232.25     0.478
232.5     0.478
232.75     0.478
233.0     0.478
233.25     0.478
233.5     0.478
233.75     0.478
234.0     0.478
234.25     0.478
234.5     0.478
234.75     0.478
235.0     0.478
235.25     0.478
235.5     0.478
235.75     0.478
236.0     0.478
236.25     0.478
236.5     0.478
236.75     0.478
237.0     0.478
237.25     0.48
237.5     0.48
237.75     0.48
238.0     0.48
238.25     0.48
238.5     0.48
238.75     0.48
239.0     0.48
239.25     0.48
239.5     0.48
239.75     0.482
240.0     0.484
240.25     0.484
240.5     0.484
240.75     0.486
241.0     0.486
241.25     0.486
241.5     0.486
241.75     0.486
242.0     0.486
242.25     0.488
242.5     0.488
242.75     0.494
243.0     0.494
243.25     0.494
243.5     0.494
243.75     0.496
244.0     0.496
244.25     0.498
244.5     0.502
244.75     0.506
245.0     0.506
245.25     0.506
245.5     0.506
245.75     0.506
246.0     0.506
246.25     0.506
246.5     0.506
246.75     0.506
247.0     0.506
247.25     0.506
247.5     0.506
247.75     0.508
248.0     0.508
248.25     0.508
248.5     0.51
248.75     0.512
249.0     0.51
249.25     0.51
249.5     0.512
249.75     0.514
250.0     0.514
250.25     0.514
250.5     0.514
250.75     0.514
251.0     0.514
251.25     0.516
251.5     0.516
251.75     0.516
252.0     0.518
252.25     0.518
252.5     0.518
252.75     0.518
253.0     0.518
253.25     0.518
253.5     0.518
253.75     0.518
254.0     0.522
254.25     0.522
254.5     0.524
254.75     0.526
255.0     0.528
255.25     0.53
255.5     0.53
255.75     0.53
256.0     0.532
256.25     0.532
256.5     0.532
256.75     0.534
257.0     0.536
257.25     0.536
257.5     0.536
257.75     0.536
258.0     0.536
258.25     0.536
258.5     0.538
258.75     0.538
259.0     0.538
259.25     0.54
259.5     0.538
259.75     0.538
260.0     0.538
260.25     0.538
260.5     0.538
260.75     0.538
261.0     0.538
261.25     0.538
261.5     0.538
261.75     0.538
262.0     0.538
262.25     0.538
262.5     0.54
262.75     0.54
263.0     0.54
263.25     0.544
263.5     0.544
263.75     0.544
264.0     0.544
264.25     0.544
264.5     0.544
264.75     0.546
265.0     0.546
265.25     0.546
265.5     0.546
265.75     0.546
266.0     0.546
266.25     0.546
266.5     0.548
266.75     0.55
267.0     0.55
267.25     0.55
267.5     0.55
267.75     0.55
268.0     0.55
268.25     0.55
268.5     0.552
268.75     0.552
269.0     0.552
269.25     0.552
269.5     0.552
269.75     0.552
270.0     0.552
270.25     0.552
270.5     0.552
270.75     0.552
271.0     0.552
271.25     0.554
271.5     0.556
271.75     0.558
272.0     0.558
272.25     0.558
272.5     0.558
272.75     0.558
273.0     0.558
273.25     0.558
273.5     0.558
273.75     0.558
274.0     0.562
274.25     0.562
274.5     0.562
274.75     0.562
275.0     0.562
275.25     0.562
275.5     0.562
275.75     0.564
276.0     0.564
276.25     0.568
276.5     0.57
276.75     0.57
277.0     0.57
277.25     0.57
277.5     0.57
277.75     0.57
278.0     0.57
278.25     0.57
278.5     0.57
278.75     0.57
279.0     0.572
279.25     0.572
279.5     0.574
279.75     0.578
280.0     0.578
280.25     0.578
280.5     0.578
280.75     0.58
281.0     0.58
281.25     0.58
281.5     0.584
281.75     0.586
282.0     0.586
282.25     0.588
282.5     0.588
282.75     0.588
283.0     0.59
283.25     0.59
283.5     0.59
283.75     0.592
284.0     0.592
284.25     0.594
284.5     0.594
284.75     0.596
285.0     0.596
285.25     0.596
285.5     0.594
285.75     0.592
286.0     0.594
286.25     0.594
286.5     0.594
286.75     0.594
287.0     0.596
287.25     0.598
287.5     0.6
287.75     0.6
288.0     0.602
288.25     0.604
288.5     0.606
288.75     0.606
289.0     0.606
289.25     0.606
289.5     0.606
289.75     0.606
290.0     0.606
290.25     0.606
290.5     0.606
290.75     0.606
291.0     0.606
291.25     0.606
291.5     0.606
291.75     0.606
292.0     0.608
292.25     0.608
292.5     0.608
292.75     0.61
293.0     0.61
293.25     0.61
293.5     0.612
293.75     0.612
294.0     0.612
294.25     0.612
294.5     0.612
294.75     0.612
295.0     0.612
295.25     0.612
295.5     0.612
295.75     0.612
296.0     0.612
296.25     0.612
296.5     0.612
296.75     0.614
297.0     0.618
297.25     0.62
297.5     0.622
297.75     0.622
298.0     0.624
298.25     0.624
298.5     0.624
298.75     0.626
299.0     0.628
299.25     0.628
299.5     0.628
299.75     0.628
300.0     0.628
300.25     0.628
300.5     0.628
300.75     0.628
301.0     0.628
301.25     0.626
301.5     0.626
301.75     0.628
302.0     0.628
302.25     0.626
302.5     0.628
302.75     0.628
303.0     0.628
303.25     0.632
303.5     0.632
303.75     0.634
304.0     0.636
304.25     0.636
304.5     0.638
304.75     0.638
305.0     0.638
305.25     0.638
305.5     0.638
305.75     0.64
306.0     0.644
306.25     0.644
306.5     0.646
306.75     0.646
307.0     0.646
307.25     0.648
307.5     0.65
307.75     0.65
308.0     0.652
308.25     0.654
308.5     0.654
308.75     0.654
309.0     0.654
309.25     0.654
309.5     0.654
309.75     0.654
310.0     0.654
310.25     0.656
310.5     0.656
310.75     0.658
311.0     0.658
311.25     0.66
311.5     0.66
311.75     0.66
312.0     0.66
312.25     0.66
312.5     0.66
312.75     0.66
313.0     0.66
313.25     0.66
313.5     0.66
313.75     0.66
314.0     0.66
314.25     0.662
314.5     0.66
314.75     0.66
315.0     0.66
315.25     0.66
315.5     0.66
315.75     0.66
316.0     0.66
316.25     0.66
316.5     0.66
316.75     0.66
317.0     0.66
317.25     0.66
317.5     0.66
317.75     0.66
318.0     0.662
318.25     0.666
318.5     0.666
318.75     0.666
319.0     0.666
319.25     0.666
319.5     0.666
319.75     0.666
320.0     0.666
320.25     0.666
320.5     0.668
320.75     0.668
321.0     0.674
321.25     0.674
321.5     0.676
321.75     0.676
322.0     0.682
322.25     0.684
322.5     0.684
322.75     0.686
323.0     0.686
323.25     0.686
323.5     0.688
323.75     0.688
324.0     0.69
324.25     0.69
324.5     0.692
324.75     0.694
325.0     0.694
325.25     0.696
325.5     0.696
325.75     0.698
326.0     0.698
326.25     0.698
326.5     0.7
326.75     0.7
327.0     0.7
327.25     0.704
327.5     0.704
327.75     0.704
328.0     0.706
328.25     0.706
328.5     0.706
328.75     0.706
329.0     0.706
329.25     0.706
329.5     0.706
329.75     0.706
330.0     0.706
330.25     0.706
330.5     0.706
330.75     0.706
331.0     0.706
331.25     0.706
331.5     0.706
331.75     0.706
332.0     0.708
332.25     0.71
332.5     0.71
332.75     0.714
333.0     0.714
333.25     0.714
333.5     0.714
333.75     0.716
334.0     0.716
334.25     0.716
334.5     0.716
334.75     0.716
335.0     0.716
335.25     0.714
335.5     0.716
335.75     0.716
336.0     0.716
336.25     0.718
336.5     0.718
336.75     0.722
337.0     0.722
337.25     0.722
337.5     0.722
337.75     0.722
338.0     0.722
338.25     0.722
338.5     0.722
338.75     0.722
339.0     0.722
339.25     0.724
339.5     0.724
339.75     0.724
340.0     0.726
340.25     0.726
340.5     0.726
340.75     0.728
341.0     0.73
341.25     0.73
341.5     0.73
341.75     0.732
342.0     0.734
342.25     0.736
342.5     0.738
342.75     0.738
343.0     0.74
343.25     0.742
343.5     0.742
343.75     0.742
344.0     0.744
344.25     0.744
344.5     0.744
344.75     0.744
345.0     0.744
345.25     0.744
345.5     0.744
345.75     0.744
346.0     0.744
346.25     0.744
346.5     0.746
346.75     0.748
347.0     0.748
347.25     0.748
347.5     0.75
347.75     0.75
348.0     0.752
348.25     0.752
348.5     0.752
348.75     0.752
349.0     0.752
349.25     0.754
349.5     0.754
349.75     0.754
350.0     0.756
350.25     0.756
350.5     0.756
350.75     0.756
351.0     0.758
351.25     0.758
351.5     0.76
351.75     0.76
352.0     0.76
352.25     0.758
352.5     0.758
352.75     0.76
353.0     0.762
353.25     0.762
353.5     0.762
353.75     0.762
354.0     0.762
354.25     0.762
354.5     0.762
354.75     0.764
355.0     0.764
355.25     0.764
355.5     0.764
355.75     0.764
356.0     0.764
356.25     0.764
356.5     0.764
356.75     0.766
357.0     0.766
357.25     0.766
357.5     0.768
357.75     0.768
358.0     0.768
358.25     0.77
358.5     0.77
358.75     0.77
359.0     0.77
359.25     0.77
359.5     0.77
359.75     0.77
360.0     0.77
360.25     0.77
360.5     0.77
360.75     0.77
361.0     0.77
361.25     0.77
361.5     0.77
361.75     0.77
362.0     0.77
362.25     0.77
362.5     0.77
362.75     0.77
363.0     0.77
363.25     0.77
363.5     0.77
363.75     0.77
364.0     0.77
364.25     0.77
364.5     0.77
364.75     0.77
365.0     0.77
365.25     0.77
365.5     0.772
365.75     0.772
366.0     0.772
366.25     0.772
366.5     0.776
366.75     0.776
367.0     0.776
367.25     0.776
367.5     0.776
367.75     0.776
368.0     0.776
368.25     0.778
368.5     0.778
368.75     0.778
369.0     0.778
369.25     0.776
369.5     0.776
369.75     0.776
370.0     0.776
370.25     0.78
370.5     0.78
370.75     0.78
371.0     0.782
371.25     0.784
371.5     0.784
371.75     0.784
372.0     0.784
372.25     0.784
372.5     0.784
372.75     0.784
373.0     0.784
373.25     0.784
373.5     0.786
373.75     0.786
374.0     0.788
374.25     0.788
374.5     0.79
374.75     0.79
375.0     0.792
375.25     0.792
375.5     0.792
375.75     0.794
376.0     0.794
376.25     0.794
376.5     0.796
376.75     0.796
377.0     0.796
377.25     0.796
377.5     0.796
377.75     0.796
378.0     0.796
378.25     0.798
378.5     0.798
378.75     0.798
379.0     0.798
379.25     0.798
379.5     0.798
379.75     0.8
380.0     0.8
380.25     0.8
380.5     0.8
380.75     0.8
381.0     0.802
381.25     0.802
381.5     0.802
381.75     0.802
382.0     0.802
382.25     0.802
382.5     0.804
382.75     0.802
383.0     0.802
383.25     0.802
383.5     0.802
383.75     0.802
384.0     0.804
384.25     0.806
384.5     0.806
384.75     0.806
385.0     0.808
385.25     0.808
385.5     0.808
385.75     0.808
386.0     0.808
386.25     0.808
386.5     0.808
386.75     0.808
387.0     0.808
387.25     0.81
387.5     0.81
387.75     0.81
388.0     0.814
388.25     0.814
388.5     0.814
388.75     0.814
389.0     0.816
389.25     0.814
389.5     0.814
389.75     0.816
390.0     0.816
390.25     0.816
390.5     0.818
390.75     0.818
391.0     0.818
391.25     0.818
391.5     0.818
391.75     0.82
392.0     0.82
392.25     0.82
392.5     0.822
392.75     0.822
393.0     0.822
393.25     0.822
393.5     0.822
393.75     0.822
394.0     0.822
394.25     0.824
394.5     0.824
394.75     0.824
395.0     0.824
395.25     0.824
395.5     0.824
395.75     0.822
396.0     0.824
396.25     0.824
396.5     0.826
396.75     0.826
397.0     0.826
397.25     0.828
397.5     0.828
397.75     0.828
398.0     0.83
398.25     0.83
398.5     0.832
398.75     0.832
399.0     0.832
399.25     0.832
399.5     0.832
399.75     0.832
400.0     0.832
400.25     0.832
400.5     0.832
400.75     0.832
401.0     0.832
401.25     0.832
401.5     0.834
401.75     0.834
402.0     0.836
402.25     0.836
402.5     0.836
402.75     0.836
403.0     0.836
403.25     0.836
403.5     0.836
403.75     0.836
404.0     0.836
404.25     0.838
404.5     0.84
404.75     0.84
405.0     0.84
405.25     0.84
405.5     0.84
405.75     0.84
406.0     0.84
406.25     0.84
406.5     0.84
406.75     0.84
407.0     0.84
407.25     0.84
407.5     0.84
407.75     0.842
408.0     0.842
408.25     0.844
408.5     0.846
408.75     0.846
409.0     0.846
409.25     0.846
409.5     0.846
409.75     0.846
410.0     0.846
410.25     0.848
410.5     0.848
410.75     0.85
411.0     0.85
411.25     0.85
411.5     0.85
411.75     0.852
412.0     0.852
412.25     0.852
412.5     0.854
412.75     0.854
413.0     0.854
413.25     0.854
413.5     0.854
413.75     0.854
414.0     0.854
414.25     0.854
414.5     0.854
414.75     0.854
415.0     0.854
415.25     0.854
415.5     0.854
415.75     0.856
416.0     0.856
416.25     0.858
416.5     0.858
416.75     0.858
417.0     0.858
417.25     0.858
417.5     0.858
417.75     0.858
418.0     0.858
418.25     0.858
418.5     0.858
418.75     0.858
419.0     0.858
419.25     0.858
419.5     0.858
419.75     0.858
420.0     0.858
420.25     0.858
420.5     0.858
420.75     0.858
421.0     0.858
421.25     0.858
421.5     0.858
421.75     0.858
422.0     0.858
422.25     0.858
422.5     0.858
422.75     0.858
423.0     0.858
423.25     0.858
423.5     0.858
423.75     0.862
424.0     0.862
424.25     0.862
424.5     0.864
424.75     0.864
425.0     0.864
425.25     0.864
425.5     0.864
425.75     0.864
426.0     0.864
426.25     0.864
426.5     0.864
426.75     0.864
427.0     0.864
427.25     0.864
427.5     0.864
427.75     0.864
428.0     0.864
428.25     0.864
428.5     0.864
428.75     0.866
429.0     0.866
429.25     0.866
429.5     0.868
429.75     0.868
430.0     0.868
430.25     0.868
430.5     0.868
430.75     0.868
431.0     0.868
431.25     0.868
431.5     0.868
431.75     0.868
432.0     0.868
432.25     0.868
432.5     0.868
432.75     0.868
433.0     0.868
433.25     0.868
433.5     0.87
433.75     0.872
434.0     0.872
434.25     0.872
434.5     0.872
434.75     0.872
435.0     0.872
435.25     0.874
435.5     0.874
435.75     0.874
436.0     0.874
436.25     0.874
436.5     0.874
436.75     0.874
437.0     0.874
437.25     0.874
437.5     0.874
437.75     0.874
438.0     0.874
438.25     0.874
438.5     0.874
438.75     0.876
439.0     0.876
439.25     0.876
439.5     0.876
439.75     0.876
440.0     0.876
440.25     0.876
440.5     0.878
440.75     0.878
441.0     0.878
441.25     0.88
441.5     0.882
441.75     0.882
442.0     0.882
442.25     0.882
442.5     0.882
442.75     0.882
443.0     0.882
443.25     0.882
443.5     0.882
443.75     0.884
444.0     0.884
444.25     0.884
444.5     0.886
444.75     0.886
445.0     0.886
445.25     0.886
445.5     0.886
445.75     0.886
446.0     0.886
446.25     0.888
446.5     0.888
446.75     0.888
447.0     0.888
447.25     0.888
447.5     0.888
447.75     0.888
448.0     0.888
448.25     0.888
448.5     0.89
448.75     0.89
449.0     0.89
449.25     0.892
449.5     0.892
449.75     0.89
450.0     0.89
450.25     0.89
450.5     0.89
450.75     0.89
451.0     0.89
451.25     0.89
451.5     0.89
451.75     0.89
452.0     0.89
452.25     0.89
452.5     0.89
452.75     0.89
453.0     0.89
453.25     0.89
453.5     0.89
453.75     0.89
454.0     0.89
454.25     0.89
454.5     0.89
454.75     0.89
455.0     0.892
455.25     0.892
455.5     0.892
455.75     0.892
456.0     0.892
456.25     0.892
456.5     0.892
456.75     0.892
457.0     0.892
457.25     0.892
457.5     0.892
457.75     0.892
458.0     0.892
458.25     0.892
458.5     0.892
458.75     0.892
459.0     0.892
459.25     0.892
459.5     0.892
459.75     0.892
460.0     0.892
460.25     0.892
460.5     0.892
460.75     0.892
461.0     0.894
461.25     0.894
461.5     0.894
461.75     0.896
462.0     0.896
462.25     0.896
462.5     0.898
462.75     0.898
463.0     0.898
463.25     0.898
463.5     0.898
463.75     0.898
464.0     0.898
464.25     0.898
464.5     0.9
464.75     0.9
465.0     0.9
465.25     0.9
465.5     0.9
465.75     0.902
466.0     0.902
466.25     0.904
466.5     0.902
466.75     0.904
467.0     0.904
467.25     0.904
467.5     0.904
467.75     0.904
468.0     0.904
468.25     0.906
468.5     0.906
468.75     0.906
469.0     0.906
469.25     0.908
469.5     0.908
469.75     0.908
470.0     0.908
470.25     0.908
470.5     0.91
470.75     0.91
471.0     0.91
471.25     0.91
471.5     0.91
471.75     0.91
472.0     0.91
472.25     0.91
472.5     0.91
472.75     0.91
473.0     0.91
473.25     0.91
473.5     0.91
473.75     0.91
474.0     0.91
474.25     0.91
474.5     0.91
474.75     0.91
475.0     0.91
475.25     0.91
475.5     0.91
475.75     0.91
476.0     0.91
476.25     0.91
476.5     0.91
476.75     0.91
477.0     0.91
477.25     0.91
477.5     0.91
477.75     0.91
478.0     0.91
478.25     0.91
478.5     0.91
478.75     0.91
479.0     0.91
479.25     0.91
479.5     0.91
479.75     0.91
480.0     0.91
480.25     0.91
480.5     0.91
480.75     0.91
481.0     0.91
481.25     0.91
481.5     0.91
481.75     0.91
482.0     0.91
482.25     0.91
482.5     0.91
482.75     0.91
483.0     0.91
483.25     0.91
483.5     0.91
483.75     0.912
484.0     0.912
484.25     0.912
484.5     0.912
484.75     0.912
485.0     0.912
485.25     0.912
485.5     0.912
485.75     0.912
486.0     0.912
486.25     0.912
486.5     0.912
486.75     0.912
487.0     0.912
487.25     0.912
487.5     0.912
487.75     0.912
488.0     0.912
488.25     0.912
488.5     0.912
488.75     0.912
489.0     0.912
489.25     0.912
489.5     0.916
489.75     0.916
490.0     0.916
490.25     0.916
490.5     0.916
490.75     0.916
491.0     0.918
491.25     0.918
491.5     0.918
491.75     0.918
492.0     0.918
492.25     0.918
492.5     0.918
492.75     0.918
493.0     0.918
493.25     0.918
493.5     0.918
493.75     0.918
494.0     0.918
494.25     0.918
494.5     0.918
494.75     0.918
495.0     0.918
495.25     0.918
495.5     0.918
495.75     0.918
496.0     0.918
496.25     0.918
496.5     0.918
496.75     0.918
497.0     0.918
497.25     0.92
497.5     0.92
497.75     0.92
498.0     0.92
498.25     0.92
498.5     0.92
498.75     0.92
499.0     0.92
499.25     0.922
499.5     0.922
499.75     0.922
500.0     0.922
500.25     0.922
500.5     0.922
500.75     0.922
501.0     0.922
501.25     0.924
501.5     0.924
501.75     0.924
502.0     0.924
502.25     0.924
502.5     0.926
502.75     0.926
503.0     0.926
503.25     0.926
503.5     0.926
503.75     0.926
504.0     0.926
504.25     0.926
504.5     0.926
504.75     0.926
505.0     0.926
505.25     0.928
505.5     0.928
505.75     0.928
506.0     0.928
506.25     0.928
506.5     0.928
506.75     0.928
507.0     0.928
507.25     0.928
507.5     0.928
507.75     0.928
508.0     0.928
508.25     0.928
508.5     0.928
508.75     0.928
509.0     0.928
509.25     0.928
509.5     0.928
509.75     0.928
510.0     0.928
510.25     0.928
510.5     0.928
510.75     0.928
511.0     0.932
511.25     0.932
511.5     0.932
511.75     0.932
512.0     0.932
512.25     0.932
512.5     0.932
512.75     0.932
513.0     0.934
513.25     0.934
513.5     0.934
513.75     0.934
514.0     0.934
514.25     0.934
514.5     0.934
514.75     0.936
515.0     0.936
515.25     0.936
515.5     0.936
515.75     0.936
516.0     0.936
516.25     0.936
516.5     0.936
516.75     0.936
517.0     0.936
517.25     0.936
517.5     0.936
517.75     0.936
518.0     0.936
518.25     0.936
518.5     0.936
518.75     0.936
519.0     0.936
519.25     0.936
519.5     0.936
519.75     0.936
520.0     0.936
520.25     0.936
520.5     0.936
520.75     0.936
521.0     0.936
521.25     0.936
521.5     0.936
521.75     0.936
522.0     0.936
522.25     0.936
522.5     0.936
522.75     0.938
523.0     0.938
523.25     0.938
523.5     0.938
523.75     0.938
524.0     0.938
524.25     0.938
524.5     0.938
524.75     0.938
525.0     0.938
525.25     0.938
525.5     0.938
525.75     0.938
526.0     0.938
526.25     0.938
526.5     0.938
526.75     0.94
527.0     0.94
527.25     0.94
527.5     0.94
527.75     0.94
528.0     0.94
528.25     0.94
528.5     0.94
528.75     0.94
529.0     0.94
529.25     0.94
529.5     0.94
529.75     0.94
530.0     0.94
530.25     0.94
530.5     0.94
530.75     0.94
531.0     0.94
531.25     0.94
531.5     0.94
531.75     0.94
532.0     0.94
532.25     0.94
532.5     0.94
532.75     0.94
533.0     0.94
533.25     0.94
533.5     0.94
533.75     0.94
534.0     0.942
534.25     0.942
534.5     0.944
534.75     0.946
535.0     0.946
535.25     0.946
535.5     0.946
535.75     0.946
536.0     0.946
536.25     0.946
536.5     0.946
536.75     0.946
537.0     0.946
537.25     0.946
537.5     0.946
537.75     0.946
538.0     0.946
538.25     0.946
538.5     0.946
538.75     0.946
539.0     0.946
539.25     0.946
539.5     0.946
539.75     0.946
540.0     0.946
540.25     0.946
540.5     0.946
540.75     0.946
541.0     0.946
541.25     0.946
541.5     0.946
541.75     0.946
542.0     0.946
542.25     0.946
542.5     0.946
542.75     0.946
543.0     0.946
543.25     0.946
543.5     0.946
543.75     0.946
544.0     0.946
544.25     0.946
544.5     0.948
544.75     0.948
545.0     0.948
545.25     0.948
545.5     0.948
545.75     0.948
546.0     0.948
546.25     0.948
546.5     0.948
546.75     0.948
547.0     0.948
547.25     0.948
547.5     0.948
547.75     0.948
548.0     0.95
548.25     0.95
548.5     0.948
548.75     0.948
549.0     0.948
549.25     0.948
549.5     0.948
549.75     0.948
550.0     0.948
550.25     0.948
550.5     0.948
550.75     0.948
551.0     0.948
551.25     0.948
551.5     0.948
551.75     0.948
552.0     0.948
552.25     0.948
552.5     0.948
552.75     0.948
553.0     0.948
553.25     0.948
553.5     0.948
553.75     0.948
554.0     0.948
554.25     0.95
554.5     0.95
554.75     0.95
555.0     0.95
555.25     0.95
555.5     0.95
555.75     0.95
556.0     0.95
556.25     0.95
556.5     0.95
556.75     0.95
557.0     0.95
557.25     0.95
557.5     0.95
557.75     0.95
558.0     0.95
558.25     0.95
558.5     0.95
558.75     0.95
559.0     0.95
559.25     0.95
559.5     0.95
559.75     0.95
560.0     0.95
560.25     0.95
560.5     0.95
560.75     0.95
561.0     0.95
561.25     0.95
561.5     0.95
561.75     0.95
562.0     0.95
562.25     0.95
562.5     0.95
562.75     0.95
563.0     0.95
563.25     0.95
563.5     0.95
563.75     0.95
564.0     0.95
564.25     0.95
564.5     0.95
564.75     0.95
565.0     0.95
565.25     0.95
565.5     0.952
565.75     0.952
566.0     0.952
566.25     0.952
566.5     0.952
566.75     0.952
567.0     0.952
567.25     0.952
567.5     0.952
567.75     0.952
568.0     0.952
568.25     0.952
568.5     0.952
568.75     0.952
569.0     0.952
569.25     0.952
569.5     0.952
569.75     0.954
570.0     0.954
570.25     0.956
570.5     0.956
570.75     0.956
571.0     0.956
571.25     0.956
571.5     0.956
571.75     0.956
572.0     0.956
572.25     0.956
572.5     0.956
572.75     0.956
573.0     0.956
573.25     0.956
573.5     0.956
573.75     0.958
574.0     0.958
574.25     0.958
574.5     0.958
574.75     0.958
575.0     0.958
575.25     0.958
575.5     0.958
575.75     0.958
576.0     0.958
576.25     0.958
576.5     0.958
576.75     0.958
577.0     0.958
577.25     0.958
577.5     0.958
577.75     0.958
578.0     0.958
578.25     0.958
578.5     0.958
578.75     0.958
579.0     0.958
579.25     0.958
579.5     0.958
579.75     0.958
580.0     0.958
580.25     0.958
580.5     0.958
580.75     0.958
581.0     0.958
581.25     0.958
581.5     0.958
581.75     0.958
582.0     0.958
582.25     0.958
582.5     0.958
582.75     0.958
583.0     0.958
583.25     0.958
583.5     0.958
583.75     0.958
584.0     0.958
584.25     0.958
584.5     0.958
584.75     0.96
585.0     0.96
585.25     0.96
585.5     0.96
585.75     0.96
586.0     0.96
586.25     0.96
586.5     0.96
586.75     0.96
587.0     0.96
587.25     0.96
587.5     0.96
587.75     0.96
588.0     0.96
588.25     0.96
588.5     0.96
588.75     0.96
589.0     0.96
589.25     0.96
589.5     0.96
589.75     0.96
590.0     0.96
590.25     0.96
590.5     0.96
590.75     0.96
591.0     0.96
591.25     0.96
591.5     0.96
591.75     0.96
592.0     0.96
592.25     0.96
592.5     0.96
592.75     0.96
593.0     0.96
593.25     0.96
593.5     0.96
593.75     0.96
594.0     0.96
594.25     0.96
594.5     0.96
594.75     0.96
595.0     0.962
595.25     0.962
595.5     0.962
595.75     0.962
596.0     0.962
596.25     0.962
596.5     0.962
596.75     0.964
597.0     0.964
597.25     0.964
597.5     0.964
597.75     0.964
598.0     0.964
598.25     0.964
598.5     0.964
598.75     0.964
599.0     0.964
599.25     0.964
599.5     0.964
599.75     0.964
600.0     0.964
600.25     0.964
600.5     0.964
600.75     0.964
601.0     0.964
601.25     0.964
601.5     0.964
601.75     0.964
602.0     0.964
602.25     0.964
602.5     0.964
602.75     0.964
603.0     0.964
603.25     0.964
603.5     0.964
603.75     0.964
604.0     0.964
604.25     0.964
604.5     0.964
604.75     0.964
605.0     0.964
605.25     0.964
605.5     0.964
605.75     0.964
606.0     0.964
606.25     0.964
606.5     0.964
606.75     0.964
607.0     0.964
607.25     0.964
607.5     0.964
607.75     0.964
608.0     0.964
608.25     0.966
608.5     0.966
608.75     0.966
609.0     0.966
609.25     0.966
609.5     0.966
609.75     0.966
610.0     0.966
610.25     0.966
610.5     0.966
610.75     0.966
611.0     0.966
611.25     0.966
611.5     0.966
611.75     0.966
612.0     0.966
612.25     0.966
612.5     0.966
612.75     0.966
613.0     0.966
613.25     0.966
613.5     0.966
613.75     0.966
614.0     0.966
614.25     0.966
614.5     0.966
614.75     0.966
615.0     0.966
615.25     0.966
615.5     0.966
615.75     0.966
616.0     0.966
616.25     0.966
616.5     0.966
616.75     0.966
617.0     0.966
617.25     0.966
617.5     0.966
617.75     0.966
618.0     0.966
618.25     0.966
618.5     0.966
618.75     0.966
619.0     0.968
619.25     0.968
619.5     0.968
619.75     0.968
620.0     0.968
620.25     0.97
620.5     0.97
620.75     0.97
621.0     0.97
621.25     0.97
621.5     0.97
621.75     0.97
622.0     0.97
622.25     0.97
622.5     0.97
622.75     0.97
623.0     0.97
623.25     0.97
623.5     0.97
623.75     0.97
624.0     0.972
624.25     0.972
624.5     0.972
624.75     0.972
625.0     0.972
625.25     0.972
625.5     0.972
625.75     0.972
626.0     0.972
626.25     0.972
626.5     0.972
626.75     0.972
627.0     0.972
627.25     0.972
627.5     0.972
627.75     0.972
628.0     0.972
628.25     0.972
628.5     0.972
628.75     0.972
629.0     0.972
629.25     0.972
629.5     0.972
629.75     0.972
630.0     0.972
630.25     0.972
630.5     0.972
630.75     0.972
631.0     0.972
631.25     0.972
631.5     0.972
631.75     0.972
632.0     0.972
632.25     0.972
632.5     0.972
632.75     0.972
633.0     0.972
633.25     0.972
633.5     0.972
633.75     0.972
634.0     0.972
634.25     0.974
634.5     0.974
634.75     0.974
635.0     0.974
635.25     0.974
635.5     0.974
635.75     0.974
636.0     0.974
636.25     0.974
636.5     0.974
636.75     0.974
637.0     0.974
637.25     0.974
637.5     0.974
637.75     0.974
638.0     0.974
638.25     0.974
638.5     0.974
638.75     0.974
639.0     0.974
639.25     0.974
639.5     0.974
639.75     0.974
640.0     0.974
640.25     0.974
640.5     0.974
640.75     0.974
641.0     0.974
641.25     0.974
641.5     0.974
641.75     0.974
642.0     0.976
642.25     0.976
642.5     0.976
642.75     0.976
643.0     0.976
643.25     0.976
643.5     0.976
643.75     0.976
644.0     0.976
644.25     0.976
644.5     0.976
644.75     0.976
645.0     0.976
645.25     0.976
645.5     0.978
645.75     0.978
646.0     0.978
646.25     0.978
646.5     0.978
646.75     0.978
647.0     0.978
647.25     0.978
647.5     0.978
647.75     0.978
648.0     0.978
648.25     0.978
648.5     0.978
648.75     0.978
649.0     0.978
649.25     0.978
649.5     0.978
649.75     0.978
650.0     0.978
650.25     0.978
650.5     0.978
650.75     0.978
651.0     0.978
651.25     0.978
651.5     0.978
651.75     0.978
652.0     0.978
652.25     0.978
652.5     0.978
652.75     0.978
653.0     0.978
653.25     0.978
653.5     0.978
653.75     0.978
654.0     0.978
654.25     0.978
654.5     0.978
654.75     0.978
655.0     0.978
655.25     0.978
655.5     0.978
655.75     0.978
656.0     0.978
656.25     0.978
656.5     0.978
656.75     0.978
657.0     0.978
657.25     0.978
657.5     0.978
657.75     0.978
658.0     0.978
658.25     0.978
658.5     0.978
658.75     0.978
659.0     0.978
659.25     0.978
659.5     0.978
659.75     0.978
660.0     0.978
660.25     0.978
660.5     0.978
660.75     0.978
661.0     0.978
661.25     0.978
661.5     0.978
661.75     0.978
662.0     0.978
662.25     0.978
662.5     0.978
662.75     0.978
663.0     0.978
663.25     0.978
663.5     0.978
663.75     0.978
664.0     0.978
664.25     0.978
664.5     0.978
664.75     0.978
665.0     0.978
665.25     0.978
665.5     0.978
665.75     0.978
666.0     0.978
666.25     0.978
666.5     0.978
666.75     0.978
667.0     0.978
667.25     0.978
667.5     0.978
667.75     0.978
668.0     0.978
668.25     0.978
668.5     0.978
668.75     0.978
669.0     0.978
669.25     0.978
669.5     0.978
669.75     0.978
670.0     0.978
670.25     0.978
670.5     0.978
670.75     0.978
671.0     0.978
671.25     0.978
671.5     0.978
671.75     0.978
672.0     0.978
672.25     0.978
672.5     0.978
672.75     0.978
673.0     0.978
673.25     0.978
673.5     0.978
673.75     0.978
674.0     0.978
674.25     0.978
674.5     0.978
674.75     0.978
675.0     0.978
675.25     0.978
675.5     0.978
675.75     0.978
676.0     0.978
676.25     0.978
676.5     0.978
676.75     0.978
677.0     0.978
677.25     0.978
677.5     0.978
677.75     0.978
678.0     0.978
678.25     0.978
678.5     0.978
678.75     0.978
679.0     0.978
679.25     0.978
679.5     0.978
679.75     0.978
680.0     0.978
680.25     0.978
680.5     0.978
680.75     0.978
681.0     0.978
681.25     0.978
681.5     0.978
681.75     0.978
682.0     0.978
682.25     0.978
682.5     0.978
682.75     0.978
683.0     0.978
683.25     0.978
683.5     0.978
683.75     0.978
684.0     0.978
684.25     0.98
684.5     0.98
684.75     0.98
685.0     0.98
685.25     0.98
685.5     0.98
685.75     0.98
686.0     0.98
686.25     0.98
686.5     0.98
686.75     0.98
687.0     0.98
687.25     0.98
687.5     0.98
687.75     0.98
688.0     0.98
688.25     0.98
688.5     0.98
688.75     0.98
689.0     0.98
689.25     0.98
689.5     0.98
689.75     0.98
690.0     0.98
690.25     0.98
690.5     0.98
690.75     0.98
691.0     0.98
691.25     0.98
691.5     0.98
691.75     0.98
692.0     0.98
692.25     0.98
692.5     0.98
692.75     0.98
693.0     0.98
693.25     0.98
693.5     0.98
693.75     0.98
694.0     0.98
694.25     0.98
694.5     0.98
694.75     0.98
695.0     0.98
695.25     0.98
695.5     0.98
695.75     0.98
696.0     0.98
696.25     0.98
696.5     0.98
696.75     0.98
697.0     0.98
697.25     0.98
697.5     0.98
697.75     0.98
698.0     0.98
698.25     0.98
698.5     0.98
698.75     0.98
699.0     0.98
699.25     0.98
699.5     0.98
699.75     0.98
700.0     0.98
700.25     0.98
700.5     0.98
700.75     0.98
701.0     0.98
701.25     0.98
701.5     0.98
701.75     0.98
702.0     0.98
702.25     0.98
702.5     0.98
702.75     0.98
703.0     0.98
703.25     0.98
703.5     0.98
703.75     0.98
704.0     0.98
704.25     0.98
704.5     0.98
704.75     0.98
705.0     0.98
705.25     0.98
705.5     0.98
705.75     0.98
706.0     0.98
706.25     0.98
706.5     0.98
706.75     0.98
707.0     0.98
707.25     0.98
707.5     0.98
707.75     0.98
708.0     0.98
708.25     0.98
708.5     0.98
708.75     0.98
709.0     0.98
709.25     0.98
709.5     0.98
709.75     0.98
710.0     0.98
710.25     0.98
710.5     0.98
710.75     0.98
711.0     0.98
711.25     0.98
711.5     0.98
711.75     0.98
712.0     0.98
712.25     0.98
712.5     0.98
712.75     0.98
713.0     0.98
713.25     0.98
713.5     0.98
713.75     0.98
714.0     0.98
714.25     0.98
714.5     0.98
714.75     0.98
715.0     0.98
715.25     0.98
715.5     0.98
715.75     0.98
716.0     0.982
716.25     0.982
716.5     0.982
716.75     0.982
717.0     0.982
717.25     0.984
717.5     0.984
717.75     0.984
718.0     0.984
718.25     0.984
718.5     0.984
718.75     0.984
719.0     0.984
719.25     0.984
719.5     0.984
719.75     0.984
720.0     0.984
720.25     0.984
720.5     0.984
720.75     0.984
721.0     0.984
721.25     0.984
721.5     0.984
721.75     0.984
722.0     0.984
722.25     0.984
722.5     0.984
722.75     0.984
723.0     0.984
723.25     0.984
723.5     0.984
723.75     0.984
724.0     0.984
724.25     0.984
724.5     0.984
724.75     0.984
725.0     0.984
725.25     0.984
725.5     0.984
725.75     0.984
726.0     0.986
726.25     0.986
726.5     0.986
726.75     0.986
727.0     0.986
727.25     0.986
727.5     0.986
727.75     0.986
728.0     0.986
728.25     0.986
728.5     0.986
728.75     0.986
729.0     0.986
729.25     0.986
729.5     0.986
729.75     0.986
730.0     0.986
730.25     0.986
730.5     0.986
730.75     0.986
731.0     0.986
731.25     0.986
731.5     0.986
731.75     0.986
732.0     0.986
732.25     0.986
732.5     0.986
732.75     0.986
733.0     0.986
733.25     0.986
733.5     0.986
733.75     0.986
734.0     0.986
734.25     0.986
734.5     0.986
734.75     0.986
735.0     0.986
735.25     0.986
735.5     0.986
735.75     0.986
736.0     0.986
736.25     0.986
736.5     0.986
736.75     0.986
737.0     0.986
737.25     0.986
737.5     0.986
737.75     0.986
738.0     0.986
738.25     0.986
738.5     0.986
738.75     0.986
739.0     0.986
739.25     0.986
739.5     0.986
739.75     0.986
740.0     0.986
740.25     0.986
740.5     0.986
740.75     0.986
741.0     0.986
741.25     0.986
741.5     0.986
741.75     0.986
742.0     0.986
742.25     0.986
742.5     0.988
742.75     0.988
743.0     0.988
743.25     0.988
743.5     0.988
743.75     0.988
744.0     0.988
744.25     0.988
744.5     0.988
744.75     0.988
745.0     0.988
745.25     0.988
745.5     0.986
745.75     0.986
746.0     0.986
746.25     0.986
746.5     0.988
746.75     0.986
747.0     0.986
747.25     0.986
747.5     0.986
747.75     0.986
748.0     0.986
748.25     0.986
748.5     0.988
748.75     0.988
749.0     0.988
749.25     0.988
749.5     0.988
749.75     0.988
750.0     0.988
750.25     0.988
750.5     0.988
750.75     0.988
751.0     0.988
751.25     0.99
751.5     0.99
751.75     0.99
752.0     0.99
752.25     0.99
752.5     0.99
752.75     0.99
753.0     0.988
753.25     0.988
753.5     0.988
753.75     0.988
754.0     0.99
754.25     0.99
754.5     0.99
754.75     0.99
755.0     0.99
755.25     0.99
755.5     0.99
755.75     0.99
756.0     0.99
756.25     0.99
756.5     0.99
756.75     0.99
757.0     0.99
757.25     0.99
757.5     0.99
757.75     0.99
758.0     0.99
758.25     0.99
758.5     0.99
758.75     0.99
759.0     0.99
759.25     0.99
759.5     0.99
759.75     0.99
760.0     0.99
760.25     0.99
760.5     0.99
760.75     0.99
761.0     0.99
761.25     0.99
761.5     0.99
761.75     0.99
762.0     0.99
762.25     0.99
762.5     0.99
762.75     0.99
763.0     0.99
763.25     0.99
763.5     0.99
763.75     0.99
764.0     0.99
764.25     0.99
764.5     0.99
764.75     0.99
765.0     0.99
765.25     0.99
765.5     0.99
765.75     0.99
766.0     0.99
766.25     0.99
766.5     0.99
766.75     0.99
767.0     0.99
767.25     0.99
767.5     0.99
767.75     0.99
768.0     0.99
768.25     0.99
768.5     0.99
768.75     0.99
769.0     0.99
769.25     0.99
769.5     0.99
769.75     0.99
770.0     0.99
770.25     0.99
770.5     0.99
770.75     0.99
771.0     0.99
771.25     0.99
771.5     0.992
771.75     0.992
772.0     0.99
772.25     0.99
772.5     0.99
772.75     0.99
773.0     0.99
773.25     0.99
773.5     0.99
773.75     0.99
774.0     0.99
774.25     0.99
774.5     0.99
774.75     0.99
775.0     0.99
775.25     0.99
775.5     0.99
775.75     0.99
776.0     0.99
776.25     0.99
776.5     0.99
776.75     0.99
777.0     0.99
777.25     0.99
777.5     0.99
777.75     0.99
778.0     0.99
778.25     0.99
778.5     0.99
778.75     0.99
779.0     0.99
779.25     0.99
779.5     0.99
779.75     0.99
780.0     0.99
780.25     0.99
780.5     0.99
780.75     0.99
781.0     0.99
781.25     0.99
781.5     0.99
781.75     0.99
782.0     0.99
782.25     0.99
782.5     0.99
782.75     0.99
783.0     0.99
783.25     0.99
783.5     0.99
783.75     0.99
784.0     0.99
784.25     0.99
784.5     0.99
784.75     0.99
785.0     0.99
785.25     0.99
785.5     0.99
785.75     0.99
786.0     0.99
786.25     0.99
786.5     0.99
786.75     0.99
787.0     0.99
787.25     0.99
787.5     0.99
787.75     0.99
788.0     0.99
788.25     0.99
788.5     0.99
788.75     0.99
789.0     0.99
789.25     0.99
789.5     0.99
789.75     0.99
790.0     0.99
790.25     0.99
790.5     0.99
790.75     0.99
791.0     0.99
791.25     0.99
791.5     0.99
791.75     0.99
792.0     0.99
792.25     0.99
792.5     0.99
792.75     0.99
793.0     0.99
793.25     0.99
793.5     0.99
793.75     0.99
794.0     0.99
794.25     0.99
794.5     0.99
794.75     0.99
795.0     0.99
795.25     0.99
795.5     0.99
795.75     0.99
796.0     0.99
796.25     0.99
796.5     0.99
796.75     0.99
797.0     0.99
797.25     0.99
797.5     0.99
797.75     0.99
798.0     0.99
798.25     0.99
798.5     0.99
798.75     0.99
799.0     0.99
799.25     0.99
799.5     0.99
799.75     0.99
800.0     0.99
800.25     0.99
800.5     0.99
800.75     0.99
801.0     0.99
801.25     0.99
801.5     0.99
801.75     0.99
802.0     0.99
802.25     0.99
802.5     0.99
802.75     0.99
803.0     0.99
803.25     0.99
803.5     0.99
803.75     0.99
804.0     0.99
804.25     0.99
804.5     0.99
804.75     0.99
805.0     0.99
805.25     0.99
805.5     0.99
805.75     0.99
806.0     0.99
806.25     0.99
806.5     0.99
806.75     0.992
807.0     0.992
807.25     0.992
807.5     0.992
807.75     0.992
808.0     0.992
808.25     0.992
808.5     0.992
808.75     0.992
809.0     0.992
809.25     0.992
809.5     0.992
809.75     0.992
810.0     0.992
810.25     0.992
810.5     0.992
810.75     0.992
811.0     0.992
811.25     0.992
811.5     0.992
811.75     0.992
812.0     0.992
812.25     0.992
812.5     0.992
812.75     0.992
813.0     0.992
813.25     0.992
813.5     0.992
813.75     0.992
814.0     0.992
814.25     0.992
814.5     0.992
814.75     0.992
815.0     0.992
815.25     0.992
815.5     0.992
815.75     0.992
816.0     0.992
816.25     0.992
816.5     0.992
816.75     0.992
817.0     0.992
817.25     0.992
817.5     0.992
817.75     0.992
818.0     0.992
818.25     0.992
818.5     0.992
818.75     0.992
819.0     0.992
819.25     0.992
819.5     0.992
819.75     0.992
820.0     0.992
820.25     0.992
820.5     0.992
820.75     0.992
821.0     0.992
821.25     0.992
821.5     0.992
821.75     0.992
822.0     0.992
822.25     0.992
822.5     0.992
822.75     0.992
823.0     0.992
823.25     0.992
823.5     0.992
823.75     0.994
824.0     0.994
824.25     0.994
824.5     0.994
824.75     0.994
825.0     0.994
825.25     0.994
825.5     0.994
825.75     0.994
826.0     0.994
826.25     0.994
826.5     0.994
826.75     0.994
827.0     0.994
827.25     0.994
827.5     0.994
827.75     0.994
828.0     0.994
828.25     0.994
828.5     0.994
828.75     0.994
829.0     0.994
829.25     0.994
829.5     0.994
829.75     0.994
830.0     0.994
830.25     0.994
830.5     0.994
830.75     0.994
831.0     0.994
831.25     0.994
831.5     0.994
831.75     0.994
832.0     0.994
832.25     0.994
832.5     0.994
832.75     0.996
833.0     0.996
833.25     0.996
833.5     0.996
833.75     0.996
834.0     0.996
834.25     0.996
834.5     0.996
834.75     0.996
835.0     0.996
835.25     0.996
835.5     0.996
835.75     0.996
836.0     0.996
836.25     0.996
836.5     0.996
836.75     0.996
837.0     0.996
837.25     0.996
837.5     0.996
837.75     0.996
838.0     0.996
838.25     0.996
838.5     0.996
838.75     0.996
839.0     0.996
839.25     0.996
839.5     0.996
839.75     0.996
840.0     0.996
840.25     0.996
840.5     0.996
840.75     0.996
841.0     0.996
841.25     0.996
841.5     0.996
841.75     0.996
842.0     0.996
842.25     0.996
842.5     0.996
842.75     0.996
843.0     0.996
843.25     0.996
843.5     0.996
843.75     0.996
844.0     0.996
844.25     0.996
844.5     0.996
844.75     0.996
845.0     0.996
845.25     0.996
845.5     0.996
845.75     0.996
846.0     0.996
846.25     0.996
846.5     0.996
846.75     0.996
847.0     0.996
847.25     0.996
847.5     0.996
847.75     0.996
848.0     0.996
848.25     0.996
848.5     0.996
848.75     0.996
849.0     0.996
849.25     0.996
849.5     0.996
849.75     0.996
850.0     0.996
850.25     0.996
850.5     0.996
850.75     0.996
851.0     0.996
851.25     0.996
851.5     0.996
851.75     0.996
852.0     0.996
852.25     0.996
852.5     0.996
852.75     0.996
853.0     0.996
853.25     0.996
853.5     0.996
853.75     0.996
854.0     0.996
854.25     0.996
854.5     0.996
854.75     0.996
855.0     0.996
855.25     0.996
855.5     0.996
855.75     0.996
856.0     0.996
856.25     0.996
856.5     0.996
856.75     0.996
857.0     0.996
857.25     0.996
857.5     0.996
857.75     0.996
858.0     0.996
858.25     0.996
858.5     0.996
858.75     0.996
859.0     0.996
859.25     0.996
859.5     0.996
859.75     0.996
860.0     0.996
860.25     0.996
860.5     0.996
860.75     0.996
861.0     0.996
861.25     0.996
861.5     0.996
861.75     0.996
862.0     0.996
862.25     0.996
862.5     0.996
862.75     0.996
863.0     0.996
863.25     0.996
863.5     0.996
863.75     0.996
864.0     0.996
864.25     0.996
864.5     0.996
864.75     0.996
865.0     0.996
865.25     0.996
865.5     0.996
865.75     0.996
866.0     0.996
866.25     0.996
866.5     0.996
866.75     0.996
867.0     0.996
867.25     0.996
867.5     0.996
867.75     0.996
868.0     0.996
868.25     0.996
868.5     0.996
868.75     0.996
869.0     0.996
869.25     0.996
869.5     0.996
869.75     0.996
870.0     0.996
870.25     0.996
870.5     0.996
870.75     0.996
871.0     0.996
871.25     0.996
871.5     0.996
871.75     0.996
872.0     0.996
872.25     0.996
872.5     0.996
872.75     0.996
873.0     0.996
873.25     0.996
873.5     0.996
873.75     0.996
874.0     0.996
874.25     0.996
874.5     0.996
874.75     0.996
875.0     0.996
875.25     0.996
875.5     0.996
875.75     0.996
876.0     0.996
876.25     0.996
876.5     0.996
876.75     0.996
877.0     0.996
877.25     0.996
877.5     0.996
877.75     0.996
878.0     0.996
878.25     0.996
878.5     0.996
878.75     0.996
879.0     0.996
879.25     0.996
879.5     0.996
879.75     0.996
880.0     0.996
880.25     0.996
880.5     0.996
880.75     0.996
881.0     0.996
881.25     0.996
881.5     0.996
881.75     0.996
882.0     0.996
882.25     0.996
882.5     0.996
882.75     0.996
883.0     0.996
883.25     0.996
883.5     0.996
883.75     0.996
884.0     0.996
884.25     0.996
884.5     0.996
884.75     0.996
885.0     0.996
885.25     0.996
885.5     0.996
885.75     0.996
886.0     0.996
886.25     0.996
886.5     0.996
886.75     0.996
887.0     0.996
887.25     0.996
887.5     0.996
887.75     0.996
888.0     0.996
888.25     0.996
888.5     0.996
888.75     0.996
889.0     0.996
889.25     0.996
889.5     0.996
889.75     0.996
890.0     0.996
890.25     0.996
890.5     0.996
890.75     0.996
891.0     0.996
891.25     0.996
891.5     0.996
891.75     0.996
892.0     0.996
892.25     0.996
892.5     0.996
892.75     0.996
893.0     0.996
893.25     0.996
893.5     0.996
893.75     0.996
894.0     0.996
894.25     0.996
894.5     0.996
894.75     0.996
895.0     0.996
895.25     0.996
895.5     0.996
895.75     0.996
896.0     0.996
896.25     0.996
896.5     0.996
896.75     0.996
897.0     0.996
897.25     0.996
897.5     0.996
897.75     0.996
898.0     0.996
898.25     0.996
898.5     0.996
898.75     0.996
899.0     0.996
899.25     0.996
899.5     0.996
899.75     0.996
900.0     0.996
900.25     0.996
900.5     0.996
900.75     0.996
901.0     0.996
901.25     0.996
901.5     0.996
901.75     0.996
902.0     0.996
902.25     0.996
902.5     0.996
902.75     0.996
903.0     0.996
903.25     0.996
903.5     0.996
903.75     0.996
904.0     0.996
904.25     0.996
904.5     0.996
904.75     0.996
905.0     0.996
905.25     0.996
905.5     0.996
905.75     0.996
906.0     0.996
906.25     0.996
906.5     0.996
906.75     0.996
907.0     0.998
907.25     0.998
907.5     0.998
907.75     0.998
908.0     0.998
908.25     0.998
908.5     0.998
908.75     0.998
909.0     0.998
909.25     0.998
909.5     0.998
909.75     0.998
910.0     0.998
910.25     0.998
910.5     0.998
910.75     0.998
911.0     0.998
911.25     0.998
911.5     0.998
911.75     0.998
912.0     0.998
912.25     0.998
912.5     0.998
912.75     0.998
913.0     0.998
913.25     0.998
913.5     0.998
913.75     0.998
914.0     0.998
914.25     0.998
914.5     0.998
914.75     0.998
915.0     0.998
915.25     0.998
915.5     0.998
915.75     0.998
916.0     0.998
916.25     0.998
916.5     0.998
916.75     0.998
917.0     0.998
917.25     0.998
917.5     0.998
917.75     0.998
918.0     0.998
918.25     0.998
918.5     0.998
918.75     0.998
919.0     0.998
919.25     0.998
919.5     0.998
919.75     0.998
920.0     0.998
920.25     0.998
920.5     0.998
920.75     0.998
921.0     0.998
921.25     0.998
921.5     0.998
921.75     0.998
922.0     0.998
922.25     0.998
922.5     0.998
922.75     0.998
923.0     0.998
923.25     0.998
923.5     0.998
923.75     0.998
924.0     0.998
924.25     0.998
924.5     0.998
924.75     0.998
925.0     0.998
925.25     0.998
925.5     0.998
925.75     0.998
926.0     0.998
926.25     0.998
926.5     0.998
926.75     0.998
927.0     0.998
927.25     0.998
927.5     0.998
927.75     0.998
928.0     0.998
928.25     0.998
928.5     0.998
928.75     0.998
929.0     0.998
929.25     0.998
929.5     0.998
929.75     0.998
930.0     0.998
930.25     0.998
930.5     0.998
930.75     0.998
931.0     0.998
931.25     0.998
931.5     0.998
931.75     0.998
932.0     0.998
932.25     0.998
932.5     0.998
932.75     0.998
933.0     0.998
933.25     0.998
933.5     0.998
933.75     0.998
934.0     0.998
934.25     0.998
934.5     0.998
934.75     0.998
935.0     0.998
935.25     0.998
935.5     0.998
935.75     0.998
936.0     0.998
936.25     0.998
936.5     0.998
936.75     0.998
937.0     0.998
937.25     0.998
937.5     0.998
937.75     0.998
938.0     0.998
938.25     0.998
938.5     0.998
938.75     0.998
939.0     0.998
939.25     0.998
939.5     0.998
939.75     0.998
940.0     0.998
940.25     0.998
940.5     0.998
940.75     0.998
941.0     0.998
941.25     0.998
941.5     0.998
941.75     0.998
942.0     0.998
942.25     0.998
942.5     0.998
942.75     0.998
943.0     0.998
943.25     0.998
943.5     0.998
943.75     0.998
944.0     0.998
944.25     0.998
944.5     0.998
944.75     0.998
945.0     0.998
945.25     0.998
945.5     0.998
945.75     0.998
946.0     0.998
946.25     0.998
946.5     0.998
946.75     0.998
947.0     0.998
947.25     0.998
947.5     0.998
947.75     0.998
948.0     0.998
948.25     0.998
948.5     0.998
948.75     0.998
949.0     0.998
949.25     0.998
949.5     0.998
949.75     0.998
950.0     0.998
950.25     0.998
950.5     0.998
950.75     0.998
951.0     0.998
951.25     0.998
951.5     0.998
951.75     0.998
952.0     0.998
952.25     0.998
952.5     0.998
952.75     0.998
953.0     0.998
953.25     0.998
953.5     0.998
953.75     0.998
954.0     0.998
954.25     0.998
954.5     0.998
954.75     0.998
955.0     0.998
955.25     0.998
955.5     0.998
955.75     0.998
956.0     0.998
956.25     0.998
956.5     0.998
956.75     0.998
957.0     0.998
957.25     0.998
957.5     0.998
957.75     0.998
958.0     0.998
958.25     0.998
958.5     0.998
958.75     0.998
959.0     0.998
959.25     0.998
959.5     0.998
959.75     0.998
960.0     0.998
960.25     0.998
960.5     0.998
960.75     0.998
961.0     0.998
961.25     0.998
961.5     0.998
961.75     0.998
962.0     0.998
962.25     0.998
962.5     0.998
962.75     0.998
963.0     0.998
963.25     0.998
963.5     0.998
963.75     0.998
964.0     0.998
964.25     0.998
964.5     0.998
964.75     0.998
965.0     0.998
965.25     0.998
965.5     0.998
965.75     0.998
966.0     0.998
966.25     0.998
966.5     0.998
966.75     0.998
967.0     0.998
967.25     0.998
967.5     0.998
967.75     0.998
968.0     0.998
968.25     0.998
968.5     0.998
968.75     0.998
969.0     0.998
969.25     0.998
969.5     0.998
969.75     0.998
970.0     0.998
970.25     0.998
970.5     0.998
970.75     0.998
971.0     0.998
971.25     0.998
971.5     0.998
971.75     0.998
972.0     0.998
972.25     0.998
972.5     0.998
972.75     0.998
973.0     0.998
973.25     0.998
973.5     0.998
973.75     0.998
974.0     0.998
974.25     0.998
974.5     0.998
974.75     0.998
975.0     0.998
975.25     0.998
975.5     0.998
975.75     0.998
976.0     0.998
976.25     0.998
976.5     0.998
976.75     0.998
977.0     0.998
977.25     0.998
977.5     0.998
977.75     0.998
978.0     0.998
978.25     0.998
978.5     0.998
978.75     0.998
979.0     0.998
979.25     0.998
979.5     0.998
979.75     0.998
980.0     0.998
980.25     0.998
980.5     0.998
980.75     0.998
981.0     0.998
981.25     0.998
981.5     0.998
981.75     0.998
982.0     0.998
982.25     0.998
982.5     0.998
982.75     0.998
983.0     0.998
983.25     0.998
983.5     0.998
983.75     0.998
984.0     0.998
984.25     0.998
984.5     0.998
984.75     0.998
985.0     0.998
985.25     0.998
985.5     0.998
985.75     0.998
986.0     0.998
986.25     0.998
986.5     0.998
986.75     0.998
987.0     0.998
987.25     0.998
987.5     0.998
987.75     0.998
988.0     0.998
988.25     0.998
988.5     0.998
988.75     0.998
989.0     0.998
989.25     0.998
989.5     0.998
989.75     0.998
990.0     0.998
990.25     0.998
990.5     0.998
990.75     0.998
991.0     0.998
991.25     0.998
991.5     0.998
991.75     0.998
992.0     0.998
992.25     0.998
992.5     0.998
992.75     0.998
993.0     0.998
993.25     0.998
993.5     0.998
993.75     0.998
994.0     0.998
994.25     0.998
994.5     0.998
994.75     0.998
995.0     0.998
995.25     0.998
995.5     0.998
995.75     0.998
996.0     0.998
996.25     0.998
996.5     0.998
996.75     0.998
997.0     0.998
997.25     0.998
997.5     0.998
997.75     0.998
998.0     0.998
998.25     0.998
998.5     0.998
998.75     0.998
999.0     0.998
999.25     0.998
999.5     0.998
999.75     0.998
1000.0     0.998
