0.25     1.0
0.5     1.0
0.75     1.0
1.0     1.0
1.25     1.0
1.5     1.0
1.75     1.0
2.0     1.0
2.25     1.0
2.5     1.0
2.75     1.0
3.0     1.0
3.25     1.0
3.5     1.0
3.75     1.0
4.0     1.0
4.25     1.0
4.5     1.0
4.75     1.0
5.0     1.0
5.25     1.0
5.5     1.0
5.75     1.0
6.0     1.0
6.25     1.0
6.5     1.0
6.75     1.0
7.0     1.0
7.25     1.0
7.5     1.0
7.75     1.0
8.0     1.0
8.25     1.0
8.5     1.0
8.75     1.0
9.0     1.0
9.25     1.0
9.5     1.0
9.75     1.0
10.0     1.0
10.25     1.0
10.5     1.0
10.75     1.0
11.0     1.0
11.25     1.0
11.5     1.0
11.75     1.0
12.0     1.0
12.25     1.0
12.5     1.0
12.75     1.0
13.0     1.0
13.25     1.0
13.5     1.0
13.75     1.0
14.0     1.0
14.25     1.0
14.5     1.0
14.75     1.0
15.0     1.0
15.25     1.0
15.5     1.0
15.75     1.0
16.0     1.0
16.25     1.0
16.5     1.0
16.75     1.0
17.0     1.0
17.25     1.0
17.5     1.0
17.75     1.0
18.0     1.0
18.25     1.0
18.5     1.0
18.75     1.0
19.0     1.0
19.25     1.0
19.5     1.0
19.75     1.0
20.0     1.0
20.25     1.0
20.5     1.0
20.75     1.0
21.0     1.0
21.25     1.0
21.5     1.0
21.75     1.0
22.0     1.0
22.25     1.0
22.5     1.0
22.75     1.0
23.0     1.0
23.25     1.0
23.5     1.0
23.75     1.0
24.0     1.0
24.25     1.0
24.5     1.0
24.75     1.0
25.0     1.0
25.25     1.0
25.5     1.0
25.75     1.0
26.0     1.0
26.25     1.0
26.5     1.0
26.75     1.0
27.0     1.0
27.25     1.0
27.5     1.0
27.75     1.0
28.0     1.0
28.25     1.0
28.5     1.0
28.75     1.0
29.0     1.0
29.25     1.0
29.5     1.0
29.75     1.0
30.0     1.0
30.25     1.0
30.5     1.0
30.75     1.0
31.0     1.0
31.25     1.0
31.5     1.0
31.75     1.0
32.0     1.0
32.25     1.0
32.5     1.0
32.75     1.002
33.0     1.002
33.25     1.002
33.5     0.998
33.75     0.998
34.0     0.998
34.25     0.998
34.5     0.998
34.75     0.998
35.0     0.998
35.25     0.998
35.5     0.998
35.75     0.998
36.0     0.998
36.25     0.996
36.5     0.992
36.75     0.992
37.0     0.992
37.25     0.992
37.5     0.992
37.75     0.992
38.0     0.992
38.25     0.992
38.5     0.992
38.75     0.992
39.0     0.992
39.25     0.992
39.5     0.992
39.75     0.992
40.0     0.992
40.25     0.992
40.5     0.992
40.75     0.986
41.0     0.98
41.25     0.98
41.5     0.98
41.75     0.98
42.0     0.982
42.25     0.982
42.5     0.982
42.75     0.98
43.0     0.98
43.25     0.978
43.5     0.978
43.75     0.976
44.0     0.976
44.25     0.974
44.5     0.972
44.75     0.972
45.0     0.972
45.25     0.972
45.5     0.972
45.75     0.972
46.0     0.972
46.25     0.972
46.5     0.972
46.75     0.972
47.0     0.972
47.25     0.97
47.5     0.97
47.75     0.97
48.0     0.97
48.25     0.968
48.5     0.964
48.75     0.964
49.0     0.962
49.25     0.962
49.5     0.964
49.75     0.96
50.0     0.96
50.25     0.96
50.5     0.96
50.75     0.958
51.0     0.958
51.25     0.956
51.5     0.956
51.75     0.952
52.0     0.952
52.25     0.95
52.5     0.95
52.75     0.948
53.0     0.948
53.25     0.944
53.5     0.944
53.75     0.946
54.0     0.946
54.25     0.946
54.5     0.946
54.75     0.944
55.0     0.944
55.25     0.94
55.5     0.94
55.75     0.938
56.0     0.938
56.25     0.938
56.5     0.938
56.75     0.936
57.0     0.934
57.25     0.934
57.5     0.934
57.75     0.934
58.0     0.934
58.25     0.934
58.5     0.932
58.75     0.932
59.0     0.932
59.25     0.932
59.5     0.93
59.75     0.926
60.0     0.926
60.25     0.924
60.5     0.922
60.75     0.922
61.0     0.922
61.25     0.922
61.5     0.918
61.75     0.918
62.0     0.918
62.25     0.918
62.5     0.918
62.75     0.916
63.0     0.914
63.25     0.912
63.5     0.912
63.75     0.91
64.0     0.91
64.25     0.91
64.5     0.91
64.75     0.91
65.0     0.91
65.25     0.91
65.5     0.91
65.75     0.91
66.0     0.91
66.25     0.91
66.5     0.91
66.75     0.906
67.0     0.906
67.25     0.906
67.5     0.906
67.75     0.906
68.0     0.904
68.25     0.902
68.5     0.902
68.75     0.902
69.0     0.902
69.25     0.902
69.5     0.902
69.75     0.902
70.0     0.9
70.25     0.902
70.5     0.9
70.75     0.9
71.0     0.9
71.25     0.898
71.5     0.896
71.75     0.896
72.0     0.896
72.25     0.896
72.5     0.896
72.75     0.894
73.0     0.894
73.25     0.894
73.5     0.894
73.75     0.894
74.0     0.892
74.25     0.892
74.5     0.892
74.75     0.892
75.0     0.89
75.25     0.89
75.5     0.89
75.75     0.89
76.0     0.89
76.25     0.89
76.5     0.89
76.75     0.89
77.0     0.89
77.25     0.89
77.5     0.89
77.75     0.888
78.0     0.888
78.25     0.888
78.5     0.888
78.75     0.888
79.0     0.888
79.25     0.888
79.5     0.888
79.75     0.888
80.0     0.886
80.25     0.884
80.5     0.884
80.75     0.884
81.0     0.882
81.25     0.882
81.5     0.882
81.75     0.882
82.0     0.882
82.25     0.882
82.5     0.882
82.75     0.882
83.0     0.882
83.25     0.882
83.5     0.882
83.75     0.88
84.0     0.88
84.25     0.88
84.5     0.88
84.75     0.878
85.0     0.878
85.25     0.878
85.5     0.878
85.75     0.878
86.0     0.878
86.25     0.874
86.5     0.874
86.75     0.872
87.0     0.872
87.25     0.872
87.5     0.872
87.75     0.872
88.0     0.87
88.25     0.87
88.5     0.87
88.75     0.868
89.0     0.868
89.25     0.868
89.5     0.866
89.75     0.866
90.0     0.864
90.25     0.862
90.5     0.86
90.75     0.858
91.0     0.858
91.25     0.858
91.5     0.858
91.75     0.858
92.0     0.858
92.25     0.856
92.5     0.856
92.75     0.856
93.0     0.856
93.25     0.856
93.5     0.854
93.75     0.852
94.0     0.852
94.25     0.852
94.5     0.852
94.75     0.852
95.0     0.852
95.25     0.848
95.5     0.848
95.75     0.844
96.0     0.844
96.25     0.844
96.5     0.844
96.75     0.842
97.0     0.842
97.25     0.842
97.5     0.84
97.75     0.84
98.0     0.838
98.25     0.838
98.5     0.838
98.75     0.838
99.0     0.838
99.25     0.838
99.5     0.838
99.75     0.838
100.0     0.838
100.25     0.838
100.5     0.838
100.75     0.836
101.0     0.836
101.25     0.836
101.5     0.836
101.75     0.836
102.0     0.836
102.25     0.834
102.5     0.834
102.75     0.834
103.0     0.834
103.25     0.834
103.5     0.834
103.75     0.832
104.0     0.83
104.25     0.83
104.5     0.83
104.75     0.83
105.0     0.83
105.25     0.83
105.5     0.83
105.75     0.83
106.0     0.826
106.25     0.826
106.5     0.828
106.75     0.828
107.0     0.828
107.25     0.828
107.5     0.826
107.75     0.826
108.0     0.826
108.25     0.826
108.5     0.822
108.75     0.822
109.0     0.822
109.25     0.822
109.5     0.822
109.75     0.822
110.0     0.82
110.25     0.82
110.5     0.82
110.75     0.818
111.0     0.818
111.25     0.816
111.5     0.812
111.75     0.812
112.0     0.81
112.25     0.81
112.5     0.808
112.75     0.806
113.0     0.806
113.25     0.804
113.5     0.802
113.75     0.8
114.0     0.798
114.25     0.798
114.5     0.796
114.75     0.794
115.0     0.794
115.25     0.792
115.5     0.79
115.75     0.79
116.0     0.786
116.25     0.786
116.5     0.786
116.75     0.786
117.0     0.786
117.25     0.786
117.5     0.786
117.75     0.784
118.0     0.784
118.25     0.782
118.5     0.782
118.75     0.782
119.0     0.782
119.25     0.782
119.5     0.78
119.75     0.78
120.0     0.78
120.25     0.778
120.5     0.778
120.75     0.778
121.0     0.776
121.25     0.776
121.5     0.776
121.75     0.776
122.0     0.776
122.25     0.774
122.5     0.774
122.75     0.774
123.0     0.774
123.25     0.774
123.5     0.774
123.75     0.774
124.0     0.774
124.25     0.772
124.5     0.772
124.75     0.772
125.0     0.772
125.25     0.772
125.5     0.77
125.75     0.768
126.0     0.768
126.25     0.77
126.5     0.77
126.75     0.77
127.0     0.768
127.25     0.768
127.5     0.766
127.75     0.766
128.0     0.764
128.25     0.764
128.5     0.764
128.75     0.764
129.0     0.764
129.25     0.764
129.5     0.764
129.75     0.764
130.0     0.764
130.25     0.762
130.5     0.762
130.75     0.762
131.0     0.76
131.25     0.76
131.5     0.76
131.75     0.758
132.0     0.758
132.25     0.758
132.5     0.758
132.75     0.758
133.0     0.758
133.25     0.758
133.5     0.758
133.75     0.758
134.0     0.756
134.25     0.756
134.5     0.756
134.75     0.756
135.0     0.756
135.25     0.756
135.5     0.756
135.75     0.756
136.0     0.756
136.25     0.756
136.5     0.756
136.75     0.756
137.0     0.754
137.25     0.754
137.5     0.75
137.75     0.748
138.0     0.748
138.25     0.746
138.5     0.746
138.75     0.746
139.0     0.746
139.25     0.746
139.5     0.746
139.75     0.746
140.0     0.746
140.25     0.746
140.5     0.746
140.75     0.746
141.0     0.746
141.25     0.746
141.5     0.744
141.75     0.744
142.0     0.744
142.25     0.74
142.5     0.74
142.75     0.74
143.0     0.74
143.25     0.74
143.5     0.74
143.75     0.74
144.0     0.74
144.25     0.74
144.5     0.74
144.75     0.74
145.0     0.738
145.25     0.734
145.5     0.734
145.75     0.734
146.0     0.732
146.25     0.732
146.5     0.732
146.75     0.732
147.0     0.732
147.25     0.732
147.5     0.732
147.75     0.732
148.0     0.732
148.25     0.732
148.5     0.73
148.75     0.728
149.0     0.728
149.25     0.728
149.5     0.726
149.75     0.724
150.0     0.722
150.25     0.722
150.5     0.722
150.75     0.722
151.0     0.722
151.25     0.722
151.5     0.722
151.75     0.722
152.0     0.722
152.25     0.72
152.5     0.72
152.75     0.72
153.0     0.72
153.25     0.72
153.5     0.718
153.75     0.718
154.0     0.718
154.25     0.718
154.5     0.718
154.75     0.718
155.0     0.716
155.25     0.714
155.5     0.714
155.75     0.714
156.0     0.714
156.25     0.712
156.5     0.712
156.75     0.712
157.0     0.71
157.25     0.708
157.5     0.708
157.75     0.708
158.0     0.708
158.25     0.708
158.5     0.706
158.75     0.706
159.0     0.706
159.25     0.706
159.5     0.702
159.75     0.702
160.0     0.702
160.25     0.702
160.5     0.7
160.75     0.7
161.0     0.7
161.25     0.7
161.5     0.7
161.75     0.694
162.0     0.694
162.25     0.694
162.5     0.694
162.75     0.692
163.0     0.692
163.25     0.692
163.5     0.688
163.75     0.688
164.0     0.688
164.25     0.688
164.5     0.688
164.75     0.69
165.0     0.69
165.25     0.69
165.5     0.692
165.75     0.692
166.0     0.69
166.25     0.69
166.5     0.69
166.75     0.69
167.0     0.688
167.25     0.688
167.5     0.688
167.75     0.686
168.0     0.686
168.25     0.686
168.5     0.682
168.75     0.68
169.0     0.68
169.25     0.68
169.5     0.678
169.75     0.678
170.0     0.678
170.25     0.678
170.5     0.678
170.75     0.678
171.0     0.678
171.25     0.678
171.5     0.674
171.75     0.672
172.0     0.672
172.25     0.67
172.5     0.67
172.75     0.67
173.0     0.668
173.25     0.666
173.5     0.666
173.75     0.66
174.0     0.66
174.25     0.66
174.5     0.66
174.75     0.658
175.0     0.658
175.25     0.658
175.5     0.656
175.75     0.654
176.0     0.652
176.25     0.652
176.5     0.65
176.75     0.65
177.0     0.65
177.25     0.65
177.5     0.65
177.75     0.65
178.0     0.65
178.25     0.65
178.5     0.648
178.75     0.646
179.0     0.644
179.25     0.64
179.5     0.64
179.75     0.64
180.0     0.64
180.25     0.64
180.5     0.638
180.75     0.638
181.0     0.636
181.25     0.636
181.5     0.634
181.75     0.632
182.0     0.632
182.25     0.632
182.5     0.63
182.75     0.63
183.0     0.63
183.25     0.63
183.5     0.63
183.75     0.63
184.0     0.628
184.25     0.624
184.5     0.622
184.75     0.62
185.0     0.62
185.25     0.616
185.5     0.616
185.75     0.616
186.0     0.614
186.25     0.614
186.5     0.614
186.75     0.614
187.0     0.612
187.25     0.61
187.5     0.61
187.75     0.61
188.0     0.608
188.25     0.608
188.5     0.608
188.75     0.606
189.0     0.606
189.25     0.604
189.5     0.604
189.75     0.602
190.0     0.602
190.25     0.602
190.5     0.6
190.75     0.6
191.0     0.6
191.25     0.6
191.5     0.598
191.75     0.598
192.0     0.598
192.25     0.598
192.5     0.596
192.75     0.594
193.0     0.594
193.25     0.594
193.5     0.592
193.75     0.592
194.0     0.592
194.25     0.592
194.5     0.592
194.75     0.592
195.0     0.592
195.25     0.592
195.5     0.592
195.75     0.592
196.0     0.592
196.25     0.592
196.5     0.592
196.75     0.59
197.0     0.59
197.25     0.588
197.5     0.588
197.75     0.588
198.0     0.588
198.25     0.586
198.5     0.584
198.75     0.582
199.0     0.582
199.25     0.582
199.5     0.582
199.75     0.58
200.0     0.578
200.25     0.576
200.5     0.576
200.75     0.576
201.0     0.576
201.25     0.576
201.5     0.576
201.75     0.576
202.0     0.576
202.25     0.576
202.5     0.576
202.75     0.576
203.0     0.572
203.25     0.57
203.5     0.568
203.75     0.566
204.0     0.566
204.25     0.566
204.5     0.566
204.75     0.566
205.0     0.566
205.25     0.564
205.5     0.562
205.75     0.562
206.0     0.562
206.25     0.562
206.5     0.562
206.75     0.562
207.0     0.56
207.25     0.56
207.5     0.56
207.75     0.558
208.0     0.558
208.25     0.558
208.5     0.558
208.75     0.558
209.0     0.556
209.25     0.556
209.5     0.556
209.75     0.556
210.0     0.556
210.25     0.556
210.5     0.556
210.75     0.554
211.0     0.554
211.25     0.554
211.5     0.554
211.75     0.554
212.0     0.552
212.25     0.552
212.5     0.55
212.75     0.55
213.0     0.55
213.25     0.55
213.5     0.548
213.75     0.548
214.0     0.548
214.25     0.548
214.5     0.548
214.75     0.548
215.0     0.548
215.25     0.546
215.5     0.546
215.75     0.546
216.0     0.546
216.25     0.546
216.5     0.546
216.75     0.546
217.0     0.546
217.25     0.546
217.5     0.546
217.75     0.546
218.0     0.544
218.25     0.544
218.5     0.544
218.75     0.544
219.0     0.542
219.25     0.542
219.5     0.54
219.75     0.538
220.0     0.536
220.25     0.536
220.5     0.536
220.75     0.536
221.0     0.536
221.25     0.536
221.5     0.534
221.75     0.534
222.0     0.534
222.25     0.534
222.5     0.534
222.75     0.534
223.0     0.534
223.25     0.534
223.5     0.534
223.75     0.534
224.0     0.534
224.25     0.53
224.5     0.53
224.75     0.53
225.0     0.53
225.25     0.53
225.5     0.53
225.75     0.53
226.0     0.53
226.25     0.53
226.5     0.53
226.75     0.53
227.0     0.53
227.25     0.53
227.5     0.53
227.75     0.53
228.0     0.53
228.25     0.53
228.5     0.526
228.75     0.526
229.0     0.526
229.25     0.526
229.5     0.526
229.75     0.526
230.0     0.526
230.25     0.526
230.5     0.524
230.75     0.524
231.0     0.524
231.25     0.524
231.5     0.524
231.75     0.522
232.0     0.522
232.25     0.522
232.5     0.522
232.75     0.522
233.0     0.522
233.25     0.522
233.5     0.522
233.75     0.522
234.0     0.522
234.25     0.522
234.5     0.522
234.75     0.522
235.0     0.522
235.25     0.522
235.5     0.522
235.75     0.522
236.0     0.522
236.25     0.522
236.5     0.522
236.75     0.522
237.0     0.522
237.25     0.52
237.5     0.52
237.75     0.52
238.0     0.52
238.25     0.52
238.5     0.52
238.75     0.52
239.0     0.52
239.25     0.52
239.5     0.52
239.75     0.518
240.0     0.516
240.25     0.516
240.5     0.516
240.75     0.514
241.0     0.514
241.25     0.514
241.5     0.514
241.75     0.514
242.0     0.514
242.25     0.512
242.5     0.512
242.75     0.506
243.0     0.506
243.25     0.506
243.5     0.506
243.75     0.504
244.0     0.504
244.25     0.502
244.5     0.498
244.75     0.494
245.0     0.494
245.25     0.494
245.5     0.494
245.75     0.494
246.0     0.494
246.25     0.494
246.5     0.494
246.75     0.494
247.0     0.494
247.25     0.494
247.5     0.494
247.75     0.492
248.0     0.492
248.25     0.492
248.5     0.49
248.75     0.488
249.0     0.49
249.25     0.49
249.5     0.488
249.75     0.486
250.0     0.486
250.25     0.486
250.5     0.486
250.75     0.486
251.0     0.486
251.25     0.484
251.5     0.484
251.75     0.484
252.0     0.482
252.25     0.482
252.5     0.482
252.75     0.482
253.0     0.482
253.25     0.482
253.5     0.482
253.75     0.482
254.0     0.478
254.25     0.478
254.5     0.476
254.75     0.474
255.0     0.472
255.25     0.47
255.5     0.47
255.75     0.47
256.0     0.468
256.25     0.468
256.5     0.468
256.75     0.466
257.0     0.464
257.25     0.464
257.5     0.464
257.75     0.464
258.0     0.464
258.25     0.464
258.5     0.462
258.75     0.462
259.0     0.462
259.25     0.46
259.5     0.462
259.75     0.462
260.0     0.462
260.25     0.462
260.5     0.462
260.75     0.462
261.0     0.462
261.25     0.462
261.5     0.462
261.75     0.462
262.0     0.462
262.25     0.462
262.5     0.46
262.75     0.46
263.0     0.46
263.25     0.456
263.5     0.456
263.75     0.456
264.0     0.456
264.25     0.456
264.5     0.456
264.75     0.454
265.0     0.454
265.25     0.454
265.5     0.454
265.75     0.454
266.0     0.454
266.25     0.454
266.5     0.452
266.75     0.45
267.0     0.45
267.25     0.45
267.5     0.45
267.75     0.45
268.0     0.45
268.25     0.45
268.5     0.448
268.75     0.448
269.0     0.448
269.25     0.448
269.5     0.448
269.75     0.448
270.0     0.448
270.25     0.448
270.5     0.448
270.75     0.448
271.0     0.448
271.25     0.446
271.5     0.444
271.75     0.442
272.0     0.442
272.25     0.442
272.5     0.442
272.75     0.442
273.0     0.442
273.25     0.442
273.5     0.442
273.75     0.442
274.0     0.438
274.25     0.438
274.5     0.438
274.75     0.438
275.0     0.438
275.25     0.438
275.5     0.438
275.75     0.436
276.0     0.436
276.25     0.432
276.5     0.43
276.75     0.43
277.0     0.43
277.25     0.43
277.5     0.43
277.75     0.43
278.0     0.43
278.25     0.43
278.5     0.43
278.75     0.43
279.0     0.428
279.25     0.428
279.5     0.426
279.75     0.422
280.0     0.422
280.25     0.422
280.5     0.422
280.75     0.42
281.0     0.42
281.25     0.42
281.5     0.416
281.75     0.414
282.0     0.414
282.25     0.412
282.5     0.412
282.75     0.412
283.0     0.41
283.25     0.41
283.5     0.41
283.75     0.408
284.0     0.408
284.25     0.406
284.5     0.406
284.75     0.404
285.0     0.404
285.25     0.404
285.5     0.406
285.75     0.408
286.0     0.406
286.25     0.406
286.5     0.406
286.75     0.406
287.0     0.404
287.25     0.402
287.5     0.4
287.75     0.4
288.0     0.398
288.25     0.396
288.5     0.394
288.75     0.394
289.0     0.394
289.25     0.394
289.5     0.394
289.75     0.394
290.0     0.394
290.25     0.394
290.5     0.394
290.75     0.394
291.0     0.394
291.25     0.394
291.5     0.394
291.75     0.394
292.0     0.392
292.25     0.392
292.5     0.392
292.75     0.39
293.0     0.39
293.25     0.39
293.5     0.388
293.75     0.388
294.0     0.388
294.25     0.388
294.5     0.388
294.75     0.388
295.0     0.388
295.25     0.388
295.5     0.388
295.75     0.388
296.0     0.388
296.25     0.388
296.5     0.388
296.75     0.386
297.0     0.382
297.25     0.38
297.5     0.378
297.75     0.378
298.0     0.376
298.25     0.376
298.5     0.376
298.75     0.374
299.0     0.372
299.25     0.372
299.5     0.372
299.75     0.372
300.0     0.372
300.25     0.372
300.5     0.372
300.75     0.372
301.0     0.372
301.25     0.374
301.5     0.374
301.75     0.372
302.0     0.372
302.25     0.374
302.5     0.372
302.75     0.372
303.0     0.372
303.25     0.368
303.5     0.368
303.75     0.366
304.0     0.364
304.25     0.364
304.5     0.362
304.75     0.362
305.0     0.362
305.25     0.362
305.5     0.362
305.75     0.36
306.0     0.356
306.25     0.356
306.5     0.354
306.75     0.354
307.0     0.354
307.25     0.352
307.5     0.35
307.75     0.35
308.0     0.348
308.25     0.346
308.5     0.346
308.75     0.346
309.0     0.346
309.25     0.346
309.5     0.346
309.75     0.346
310.0     0.346
310.25     0.344
310.5     0.344
310.75     0.342
311.0     0.342
311.25     0.34
311.5     0.34
311.75     0.34
312.0     0.34
312.25     0.34
312.5     0.34
312.75     0.34
313.0     0.34
313.25     0.34
313.5     0.34
313.75     0.34
314.0     0.34
314.25     0.338
314.5     0.34
314.75     0.34
315.0     0.34
315.25     0.34
315.5     0.34
315.75     0.34
316.0     0.34
316.25     0.34
316.5     0.34
316.75     0.34
317.0     0.34
317.25     0.34
317.5     0.34
317.75     0.34
318.0     0.338
318.25     0.334
318.5     0.334
318.75     0.334
319.0     0.334
319.25     0.334
319.5     0.334
319.75     0.334
320.0     0.334
320.25     0.334
320.5     0.332
320.75     0.332
321.0     0.326
321.25     0.326
321.5     0.324
321.75     0.324
322.0     0.318
322.25     0.316
322.5     0.316
322.75     0.314
323.0     0.314
323.25     0.314
323.5     0.312
323.75     0.312
324.0     0.31
324.25     0.31
324.5     0.308
324.75     0.306
325.0     0.306
325.25     0.304
325.5     0.304
325.75     0.302
326.0     0.302
326.25     0.302
326.5     0.3
326.75     0.3
327.0     0.3
327.25     0.296
327.5     0.296
327.75     0.296
328.0     0.294
328.25     0.294
328.5     0.294
328.75     0.294
329.0     0.294
329.25     0.294
329.5     0.294
329.75     0.294
330.0     0.294
330.25     0.294
330.5     0.294
330.75     0.294
331.0     0.294
331.25     0.294
331.5     0.294
331.75     0.294
332.0     0.292
332.25     0.29
332.5     0.29
332.75     0.286
333.0     0.286
333.25     0.286
333.5     0.286
333.75     0.284
334.0     0.284
334.25     0.284
334.5     0.284
334.75     0.284
335.0     0.284
335.25     0.286
335.5     0.284
335.75     0.284
336.0     0.284
336.25     0.282
336.5     0.282
336.75     0.278
337.0     0.278
337.25     0.278
337.5     0.278
337.75     0.278
338.0     0.278
338.25     0.278
338.5     0.278
338.75     0.278
339.0     0.278
339.25     0.276
339.5     0.276
339.75     0.276
340.0     0.274
340.25     0.274
340.5     0.274
340.75     0.272
341.0     0.27
341.25     0.27
341.5     0.27
341.75     0.268
342.0     0.266
342.25     0.264
342.5     0.262
342.75     0.262
343.0     0.26
343.25     0.258
343.5     0.258
343.75     0.258
344.0     0.256
344.25     0.256
344.5     0.256
344.75     0.256
345.0     0.256
345.25     0.256
345.5     0.256
345.75     0.256
346.0     0.256
346.25     0.256
346.5     0.254
346.75     0.252
347.0     0.252
347.25     0.252
347.5     0.25
347.75     0.25
348.0     0.248
348.25     0.248
348.5     0.248
348.75     0.248
349.0     0.248
349.25     0.246
349.5     0.246
349.75     0.246
350.0     0.244
350.25     0.244
350.5     0.244
350.75     0.244
351.0     0.242
351.25     0.242
351.5     0.24
351.75     0.24
352.0     0.24
352.25     0.242
352.5     0.242
352.75     0.24
353.0     0.238
353.25     0.238
353.5     0.238
353.75     0.238
354.0     0.238
354.25     0.238
354.5     0.238
354.75     0.236
355.0     0.236
355.25     0.236
355.5     0.236
355.75     0.236
356.0     0.236
356.25     0.236
356.5     0.236
356.75     0.234
357.0     0.234
357.25     0.234
357.5     0.232
357.75     0.232
358.0     0.232
358.25     0.23
358.5     0.23
358.75     0.23
359.0     0.23
359.25     0.23
359.5     0.23
359.75     0.23
360.0     0.23
360.25     0.23
360.5     0.23
360.75     0.23
361.0     0.23
361.25     0.23
361.5     0.23
361.75     0.23
362.0     0.23
362.25     0.23
362.5     0.23
362.75     0.23
363.0     0.23
363.25     0.23
363.5     0.23
363.75     0.23
364.0     0.23
364.25     0.23
364.5     0.23
364.75     0.23
365.0     0.23
365.25     0.23
365.5     0.228
365.75     0.228
366.0     0.228
366.25     0.228
366.5     0.224
366.75     0.224
367.0     0.224
367.25     0.224
367.5     0.224
367.75     0.224
368.0     0.224
368.25     0.222
368.5     0.222
368.75     0.222
369.0     0.222
369.25     0.224
369.5     0.224
369.75     0.224
370.0     0.224
370.25     0.22
370.5     0.22
370.75     0.22
371.0     0.218
371.25     0.216
371.5     0.216
371.75     0.216
372.0     0.216
372.25     0.216
372.5     0.216
372.75     0.216
373.0     0.216
373.25     0.216
373.5     0.214
373.75     0.214
374.0     0.212
374.25     0.212
374.5     0.21
374.75     0.21
375.0     0.208
375.25     0.208
375.5     0.208
375.75     0.206
376.0     0.206
376.25     0.206
376.5     0.204
376.75     0.204
377.0     0.204
377.25     0.204
377.5     0.204
377.75     0.204
378.0     0.204
378.25     0.202
378.5     0.202
378.75     0.202
379.0     0.202
379.25     0.202
379.5     0.202
379.75     0.2
380.0     0.2
380.25     0.2
380.5     0.2
380.75     0.2
381.0     0.198
381.25     0.198
381.5     0.198
381.75     0.198
382.0     0.198
382.25     0.198
382.5     0.196
382.75     0.198
383.0     0.198
383.25     0.198
383.5     0.198
383.75     0.198
384.0     0.196
384.25     0.194
384.5     0.194
384.75     0.194
385.0     0.192
385.25     0.192
385.5     0.192
385.75     0.192
386.0     0.192
386.25     0.192
386.5     0.192
386.75     0.192
387.0     0.192
387.25     0.19
387.5     0.19
387.75     0.19
388.0     0.186
388.25     0.186
388.5     0.186
388.75     0.186
389.0     0.184
389.25     0.186
389.5     0.186
389.75     0.184
390.0     0.184
390.25     0.184
390.5     0.182
390.75     0.182
391.0     0.182
391.25     0.182
391.5     0.182
391.75     0.18
392.0     0.18
392.25     0.18
392.5     0.178
392.75     0.178
393.0     0.178
393.25     0.178
393.5     0.178
393.75     0.178
394.0     0.178
394.25     0.176
394.5     0.176
394.75     0.176
395.0     0.176
395.25     0.176
395.5     0.176
395.75     0.178
396.0     0.176
396.25     0.176
396.5     0.174
396.75     0.174
397.0     0.174
397.25     0.172
397.5     0.172
397.75     0.172
398.0     0.17
398.25     0.17
398.5     0.168
398.75     0.168
399.0     0.168
399.25     0.168
399.5     0.168
399.75     0.168
400.0     0.168
400.25     0.168
400.5     0.168
400.75     0.168
401.0     0.168
401.25     0.168
401.5     0.166
401.75     0.166
402.0     0.164
402.25     0.164
402.5     0.164
402.75     0.164
403.0     0.164
403.25     0.164
403.5     0.164
403.75     0.164
404.0     0.164
404.25     0.162
404.5     0.16
404.75     0.16
405.0     0.16
405.25     0.16
405.5     0.16
405.75     0.16
406.0     0.16
406.25     0.16
406.5     0.16
406.75     0.16
407.0     0.16
407.25     0.16
407.5     0.16
407.75     0.158
408.0     0.158
408.25     0.156
408.5     0.154
408.75     0.154
409.0     0.154
409.25     0.154
409.5     0.154
409.75     0.154
410.0     0.154
410.25     0.152
410.5     0.152
410.75     0.15
411.0     0.15
411.25     0.15
411.5     0.15
411.75     0.148
412.0     0.148
412.25     0.148
412.5     0.146
412.75     0.146
413.0     0.146
413.25     0.146
413.5     0.146
413.75     0.146
414.0     0.146
414.25     0.146
414.5     0.146
414.75     0.146
415.0     0.146
415.25     0.146
415.5     0.146
415.75     0.144
416.0     0.144
416.25     0.142
416.5     0.142
416.75     0.142
417.0     0.142
417.25     0.142
417.5     0.142
417.75     0.142
418.0     0.142
418.25     0.142
418.5     0.142
418.75     0.142
419.0     0.142
419.25     0.142
419.5     0.142
419.75     0.142
420.0     0.142
420.25     0.142
420.5     0.142
420.75     0.142
421.0     0.142
421.25     0.142
421.5     0.142
421.75     0.142
422.0     0.142
422.25     0.142
422.5     0.142
422.75     0.142
423.0     0.142
423.25     0.142
423.5     0.142
423.75     0.138
424.0     0.138
424.25     0.138
424.5     0.136
424.75     0.136
425.0     0.136
425.25     0.136
425.5     0.136
425.75     0.136
426.0     0.136
426.25     0.136
426.5     0.136
426.75     0.136
427.0     0.136
427.25     0.136
427.5     0.136
427.75     0.136
428.0     0.136
428.25     0.136
428.5     0.136
428.75     0.134
429.0     0.134
429.25     0.134
429.5     0.132
429.75     0.132
430.0     0.132
430.25     0.132
430.5     0.132
430.75     0.132
431.0     0.132
431.25     0.132
431.5     0.132
431.75     0.132
432.0     0.132
432.25     0.132
432.5     0.132
432.75     0.132
433.0     0.132
433.25     0.132
433.5     0.13
433.75     0.128
434.0     0.128
434.25     0.128
434.5     0.128
434.75     0.128
435.0     0.128
435.25     0.126
435.5     0.126
435.75     0.126
436.0     0.126
436.25     0.126
436.5     0.126
436.75     0.126
437.0     0.126
437.25     0.126
437.5     0.126
437.75     0.126
438.0     0.126
438.25     0.126
438.5     0.126
438.75     0.124
439.0     0.124
439.25     0.124
439.5     0.124
439.75     0.124
440.0     0.124
440.25     0.124
440.5     0.122
440.75     0.122
441.0     0.122
441.25     0.12
441.5     0.118
441.75     0.118
442.0     0.118
442.25     0.118
442.5     0.118
442.75     0.118
443.0     0.118
443.25     0.118
443.5     0.118
443.75     0.116
444.0     0.116
444.25     0.116
444.5     0.114
444.75     0.114
445.0     0.114
445.25     0.114
445.5     0.114
445.75     0.114
446.0     0.114
446.25     0.112
446.5     0.112
446.75     0.112
447.0     0.112
447.25     0.112
447.5     0.112
447.75     0.112
448.0     0.112
448.25     0.112
448.5     0.11
448.75     0.11
449.0     0.11
449.25     0.108
449.5     0.108
449.75     0.11
450.0     0.11
450.25     0.11
450.5     0.11
450.75     0.11
451.0     0.11
451.25     0.11
451.5     0.11
451.75     0.11
452.0     0.11
452.25     0.11
452.5     0.11
452.75     0.11
453.0     0.11
453.25     0.11
453.5     0.11
453.75     0.11
454.0     0.11
454.25     0.11
454.5     0.11
454.75     0.11
455.0     0.108
455.25     0.108
455.5     0.108
455.75     0.108
456.0     0.108
456.25     0.108
456.5     0.108
456.75     0.108
457.0     0.108
457.25     0.108
457.5     0.108
457.75     0.108
458.0     0.108
458.25     0.108
458.5     0.108
458.75     0.108
459.0     0.108
459.25     0.108
459.5     0.108
459.75     0.108
460.0     0.108
460.25     0.108
460.5     0.108
460.75     0.108
461.0     0.106
461.25     0.106
461.5     0.106
461.75     0.104
462.0     0.104
462.25     0.104
462.5     0.102
462.75     0.102
463.0     0.102
463.25     0.102
463.5     0.102
463.75     0.102
464.0     0.102
464.25     0.102
464.5     0.1
464.75     0.1
465.0     0.1
465.25     0.1
465.5     0.1
465.75     0.098
466.0     0.098
466.25     0.096
466.5     0.098
466.75     0.096
467.0     0.096
467.25     0.096
467.5     0.096
467.75     0.096
468.0     0.096
468.25     0.094
468.5     0.094
468.75     0.094
469.0     0.094
469.25     0.092
469.5     0.092
469.75     0.092
470.0     0.092
470.25     0.092
470.5     0.09
470.75     0.09
471.0     0.09
471.25     0.09
471.5     0.09
471.75     0.09
472.0     0.09
472.25     0.09
472.5     0.09
472.75     0.09
473.0     0.09
473.25     0.09
473.5     0.09
473.75     0.09
474.0     0.09
474.25     0.09
474.5     0.09
474.75     0.09
475.0     0.09
475.25     0.09
475.5     0.09
475.75     0.09
476.0     0.09
476.25     0.09
476.5     0.09
476.75     0.09
477.0     0.09
477.25     0.09
477.5     0.09
477.75     0.09
478.0     0.09
478.25     0.09
478.5     0.09
478.75     0.09
479.0     0.09
479.25     0.09
479.5     0.09
479.75     0.09
480.0     0.09
480.25     0.09
480.5     0.09
480.75     0.09
481.0     0.09
481.25     0.09
481.5     0.09
481.75     0.09
482.0     0.09
482.25     0.09
482.5     0.09
482.75     0.09
483.0     0.09
483.25     0.09
483.5     0.09
483.75     0.088
484.0     0.088
484.25     0.088
484.5     0.088
484.75     0.088
485.0     0.088
485.25     0.088
485.5     0.088
485.75     0.088
486.0     0.088
486.25     0.088
486.5     0.088
486.75     0.088
487.0     0.088
487.25     0.088
487.5     0.088
487.75     0.088
488.0     0.088
488.25     0.088
488.5     0.088
488.75     0.088
489.0     0.088
489.25     0.088
489.5     0.084
489.75     0.084
490.0     0.084
490.25     0.084
490.5     0.084
490.75     0.084
491.0     0.082
491.25     0.082
491.5     0.082
491.75     0.082
492.0     0.082
492.25     0.082
492.5     0.082
492.75     0.082
493.0     0.082
493.25     0.082
493.5     0.082
493.75     0.082
494.0     0.082
494.25     0.082
494.5     0.082
494.75     0.082
495.0     0.082
495.25     0.082
495.5     0.082
495.75     0.082
496.0     0.082
496.25     0.082
496.5     0.082
496.75     0.082
497.0     0.082
497.25     0.08
497.5     0.08
497.75     0.08
498.0     0.08
498.25     0.08
498.5     0.08
498.75     0.08
499.0     0.08
499.25     0.078
499.5     0.078
499.75     0.078
500.0     0.078
500.25     0.078
500.5     0.078
500.75     0.078
501.0     0.078
501.25     0.076
501.5     0.076
501.75     0.076
502.0     0.076
502.25     0.076
502.5     0.074
502.75     0.074
503.0     0.074
503.25     0.074
503.5     0.074
503.75     0.074
504.0     0.074
504.25     0.074
504.5     0.074
504.75     0.074
505.0     0.074
505.25     0.072
505.5     0.072
505.75     0.072
506.0     0.072
506.25     0.072
506.5     0.072
506.75     0.072
507.0     0.072
507.25     0.072
507.5     0.072
507.75     0.072
508.0     0.072
508.25     0.072
508.5     0.072
508.75     0.072
509.0     0.072
509.25     0.072
509.5     0.072
509.75     0.072
510.0     0.072
510.25     0.072
510.5     0.072
510.75     0.072
511.0     0.068
511.25     0.068
511.5     0.068
511.75     0.068
512.0     0.068
512.25     0.068
512.5     0.068
512.75     0.068
513.0     0.066
513.25     0.066
513.5     0.066
513.75     0.066
514.0     0.066
514.25     0.066
514.5     0.066
514.75     0.064
515.0     0.064
515.25     0.064
515.5     0.064
515.75     0.064
516.0     0.064
516.25     0.064
516.5     0.064
516.75     0.064
517.0     0.064
517.25     0.064
517.5     0.064
517.75     0.064
518.0     0.064
518.25     0.064
518.5     0.064
518.75     0.064
519.0     0.064
519.25     0.064
519.5     0.064
519.75     0.064
520.0     0.064
520.25     0.064
520.5     0.064
520.75     0.064
521.0     0.064
521.25     0.064
521.5     0.064
521.75     0.064
522.0     0.064
522.25     0.064
522.5     0.064
522.75     0.062
523.0     0.062
523.25     0.062
523.5     0.062
523.75     0.062
524.0     0.062
524.25     0.062
524.5     0.062
524.75     0.062
525.0     0.062
525.25     0.062
525.5     0.062
525.75     0.062
526.0     0.062
526.25     0.062
526.5     0.062
526.75     0.06
527.0     0.06
527.25     0.06
527.5     0.06
527.75     0.06
528.0     0.06
528.25     0.06
528.5     0.06
528.75     0.06
529.0     0.06
529.25     0.06
529.5     0.06
529.75     0.06
530.0     0.06
530.25     0.06
530.5     0.06
530.75     0.06
531.0     0.06
531.25     0.06
531.5     0.06
531.75     0.06
532.0     0.06
532.25     0.06
532.5     0.06
532.75     0.06
533.0     0.06
533.25     0.06
533.5     0.06
533.75     0.06
534.0     0.058
534.25     0.058
534.5     0.056
534.75     0.054
535.0     0.054
535.25     0.054
535.5     0.054
535.75     0.054
536.0     0.054
536.25     0.054
536.5     0.054
536.75     0.054
537.0     0.054
537.25     0.054
537.5     0.054
537.75     0.054
538.0     0.054
538.25     0.054
538.5     0.054
538.75     0.054
539.0     0.054
539.25     0.054
539.5     0.054
539.75     0.054
540.0     0.054
540.25     0.054
540.5     0.054
540.75     0.054
541.0     0.054
541.25     0.054
541.5     0.054
541.75     0.054
542.0     0.054
542.25     0.054
542.5     0.054
542.75     0.054
543.0     0.054
543.25     0.054
543.5     0.054
543.75     0.054
544.0     0.054
544.25     0.054
544.5     0.052
544.75     0.052
545.0     0.052
545.25     0.052
545.5     0.052
545.75     0.052
546.0     0.052
546.25     0.052
546.5     0.052
546.75     0.052
547.0     0.052
547.25     0.052
547.5     0.052
547.75     0.052
548.0     0.05
548.25     0.05
548.5     0.052
548.75     0.052
549.0     0.052
549.25     0.052
549.5     0.052
549.75     0.052
550.0     0.052
550.25     0.052
550.5     0.052
550.75     0.052
551.0     0.052
551.25     0.052
551.5     0.052
551.75     0.052
552.0     0.052
552.25     0.052
552.5     0.052
552.75     0.052
553.0     0.052
553.25     0.052
553.5     0.052
553.75     0.052
554.0     0.052
554.25     0.05
554.5     0.05
554.75     0.05
555.0     0.05
555.25     0.05
555.5     0.05
555.75     0.05
556.0     0.05
556.25     0.05
556.5     0.05
556.75     0.05
557.0     0.05
557.25     0.05
557.5     0.05
557.75     0.05
558.0     0.05
558.25     0.05
558.5     0.05
558.75     0.05
559.0     0.05
559.25     0.05
559.5     0.05
559.75     0.05
560.0     0.05
560.25     0.05
560.5     0.05
560.75     0.05
561.0     0.05
561.25     0.05
561.5     0.05
561.75     0.05
562.0     0.05
562.25     0.05
562.5     0.05
562.75     0.05
563.0     0.05
563.25     0.05
563.5     0.05
563.75     0.05
564.0     0.05
564.25     0.05
564.5     0.05
564.75     0.05
565.0     0.05
565.25     0.05
565.5     0.048
565.75     0.048
566.0     0.048
566.25     0.048
566.5     0.048
566.75     0.048
567.0     0.048
567.25     0.048
567.5     0.048
567.75     0.048
568.0     0.048
568.25     0.048
568.5     0.048
568.75     0.048
569.0     0.048
569.25     0.048
569.5     0.048
569.75     0.046
570.0     0.046
570.25     0.044
570.5     0.044
570.75     0.044
571.0     0.044
571.25     0.044
571.5     0.044
571.75     0.044
572.0     0.044
572.25     0.044
572.5     0.044
572.75     0.044
573.0     0.044
573.25     0.044
573.5     0.044
573.75     0.042
574.0     0.042
574.25     0.042
574.5     0.042
574.75     0.042
575.0     0.042
575.25     0.042
575.5     0.042
575.75     0.042
576.0     0.042
576.25     0.042
576.5     0.042
576.75     0.042
577.0     0.042
577.25     0.042
577.5     0.042
577.75     0.042
578.0     0.042
578.25     0.042
578.5     0.042
578.75     0.042
579.0     0.042
579.25     0.042
579.5     0.042
579.75     0.042
580.0     0.042
580.25     0.042
580.5     0.042
580.75     0.042
581.0     0.042
581.25     0.042
581.5     0.042
581.75     0.042
582.0     0.042
582.25     0.042
582.5     0.042
582.75     0.042
583.0     0.042
583.25     0.042
583.5     0.042
583.75     0.042
584.0     0.042
584.25     0.042
584.5     0.042
584.75     0.04
585.0     0.04
585.25     0.04
585.5     0.04
585.75     0.04
586.0     0.04
586.25     0.04
586.5     0.04
586.75     0.04
587.0     0.04
587.25     0.04
587.5     0.04
587.75     0.04
588.0     0.04
588.25     0.04
588.5     0.04
588.75     0.04
589.0     0.04
589.25     0.04
589.5     0.04
589.75     0.04
590.0     0.04
590.25     0.04
590.5     0.04
590.75     0.04
591.0     0.04
591.25     0.04
591.5     0.04
591.75     0.04
592.0     0.04
592.25     0.04
592.5     0.04
592.75     0.04
593.0     0.04
593.25     0.04
593.5     0.04
593.75     0.04
594.0     0.04
594.25     0.04
594.5     0.04
594.75     0.04
595.0     0.038
595.25     0.038
595.5     0.038
595.75     0.038
596.0     0.038
596.25     0.038
596.5     0.038
596.75     0.036
597.0     0.036
597.25     0.036
597.5     0.036
597.75     0.036
598.0     0.036
598.25     0.036
598.5     0.036
598.75     0.036
599.0     0.036
599.25     0.036
599.5     0.036
599.75     0.036
600.0     0.036
600.25     0.036
600.5     0.036
600.75     0.036
601.0     0.036
601.25     0.036
601.5     0.036
601.75     0.036
602.0     0.036
602.25     0.036
602.5     0.036
602.75     0.036
603.0     0.036
603.25     0.036
603.5     0.036
603.75     0.036
604.0     0.036
604.25     0.036
604.5     0.036
604.75     0.036
605.0     0.036
605.25     0.036
605.5     0.036
605.75     0.036
606.0     0.036
606.25     0.036
606.5     0.036
606.75     0.036
607.0     0.036
607.25     0.036
607.5     0.036
607.75     0.036
608.0     0.036
608.25     0.034
608.5     0.034
608.75     0.034
609.0     0.034
609.25     0.034
609.5     0.034
609.75     0.034
610.0     0.034
610.25     0.034
610.5     0.034
610.75     0.034
611.0     0.034
611.25     0.034
611.5     0.034
611.75     0.034
612.0     0.034
612.25     0.034
612.5     0.034
612.75     0.034
613.0     0.034
613.25     0.034
613.5     0.034
613.75     0.034
614.0     0.034
614.25     0.034
614.5     0.034
614.75     0.034
615.0     0.034
615.25     0.034
615.5     0.034
615.75     0.034
616.0     0.034
616.25     0.034
616.5     0.034
616.75     0.034
617.0     0.034
617.25     0.034
617.5     0.034
617.75     0.034
618.0     0.034
618.25     0.034
618.5     0.034
618.75     0.034
619.0     0.032
619.25     0.032
619.5     0.032
619.75     0.032
620.0     0.032
620.25     0.03
620.5     0.03
620.75     0.03
621.0     0.03
621.25     0.03
621.5     0.03
621.75     0.03
622.0     0.03
622.25     0.03
622.5     0.03
622.75     0.03
623.0     0.03
623.25     0.03
623.5     0.03
623.75     0.03
624.0     0.028
624.25     0.028
624.5     0.028
624.75     0.028
625.0     0.028
625.25     0.028
625.5     0.028
625.75     0.028
626.0     0.028
626.25     0.028
626.5     0.028
626.75     0.028
627.0     0.028
627.25     0.028
627.5     0.028
627.75     0.028
628.0     0.028
628.25     0.028
628.5     0.028
628.75     0.028
629.0     0.028
629.25     0.028
629.5     0.028
629.75     0.028
630.0     0.028
630.25     0.028
630.5     0.028
630.75     0.028
631.0     0.028
631.25     0.028
631.5     0.028
631.75     0.028
632.0     0.028
632.25     0.028
632.5     0.028
632.75     0.028
633.0     0.028
633.25     0.028
633.5     0.028
633.75     0.028
634.0     0.028
634.25     0.026
634.5     0.026
634.75     0.026
635.0     0.026
635.25     0.026
635.5     0.026
635.75     0.026
636.0     0.026
636.25     0.026
636.5     0.026
636.75     0.026
637.0     0.026
637.25     0.026
637.5     0.026
637.75     0.026
638.0     0.026
638.25     0.026
638.5     0.026
638.75     0.026
639.0     0.026
639.25     0.026
639.5     0.026
639.75     0.026
640.0     0.026
640.25     0.026
640.5     0.026
640.75     0.026
641.0     0.026
641.25     0.026
641.5     0.026
641.75     0.026
642.0     0.024
642.25     0.024
642.5     0.024
642.75     0.024
643.0     0.024
643.25     0.024
643.5     0.024
643.75     0.024
644.0     0.024
644.25     0.024
644.5     0.024
644.75     0.024
645.0     0.024
645.25     0.024
645.5     0.022
645.75     0.022
646.0     0.022
646.25     0.022
646.5     0.022
646.75     0.022
647.0     0.022
647.25     0.022
647.5     0.022
647.75     0.022
648.0     0.022
648.25     0.022
648.5     0.022
648.75     0.022
649.0     0.022
649.25     0.022
649.5     0.022
649.75     0.022
650.0     0.022
650.25     0.022
650.5     0.022
650.75     0.022
651.0     0.022
651.25     0.022
651.5     0.022
651.75     0.022
652.0     0.022
652.25     0.022
652.5     0.022
652.75     0.022
653.0     0.022
653.25     0.022
653.5     0.022
653.75     0.022
654.0     0.022
654.25     0.022
654.5     0.022
654.75     0.022
655.0     0.022
655.25     0.022
655.5     0.022
655.75     0.022
656.0     0.022
656.25     0.022
656.5     0.022
656.75     0.022
657.0     0.022
657.25     0.022
657.5     0.022
657.75     0.022
658.0     0.022
658.25     0.022
658.5     0.022
658.75     0.022
659.0     0.022
659.25     0.022
659.5     0.022
659.75     0.022
660.0     0.022
660.25     0.022
660.5     0.022
660.75     0.022
661.0     0.022
661.25     0.022
661.5     0.022
661.75     0.022
662.0     0.022
662.25     0.022
662.5     0.022
662.75     0.022
663.0     0.022
663.25     0.022
663.5     0.022
663.75     0.022
664.0     0.022
664.25     0.022
664.5     0.022
664.75     0.022
665.0     0.022
665.25     0.022
665.5     0.022
665.75     0.022
666.0     0.022
666.25     0.022
666.5     0.022
666.75     0.022
667.0     0.022
667.25     0.022
667.5     0.022
667.75     0.022
668.0     0.022
668.25     0.022
668.5     0.022
668.75     0.022
669.0     0.022
669.25     0.022
669.5     0.022
669.75     0.022
670.0     0.022
670.25     0.022
670.5     0.022
670.75     0.022
671.0     0.022
671.25     0.022
671.5     0.022
671.75     0.022
672.0     0.022
672.25     0.022
672.5     0.022
672.75     0.022
673.0     0.022
673.25     0.022
673.5     0.022
673.75     0.022
674.0     0.022
674.25     0.022
674.5     0.022
674.75     0.022
675.0     0.022
675.25     0.022
675.5     0.022
675.75     0.022
676.0     0.022
676.25     0.022
676.5     0.022
676.75     0.022
677.0     0.022
677.25     0.022
677.5     0.022
677.75     0.022
678.0     0.022
678.25     0.022
678.5     0.022
678.75     0.022
679.0     0.022
679.25     0.022
679.5     0.022
679.75     0.022
680.0     0.022
680.25     0.022
680.5     0.022
680.75     0.022
681.0     0.022
681.25     0.022
681.5     0.022
681.75     0.022
682.0     0.022
682.25     0.022
682.5     0.022
682.75     0.022
683.0     0.022
683.25     0.022
683.5     0.022
683.75     0.022
684.0     0.022
684.25     0.02
684.5     0.02
684.75     0.02
685.0     0.02
685.25     0.02
685.5     0.02
685.75     0.02
686.0     0.02
686.25     0.02
686.5     0.02
686.75     0.02
687.0     0.02
687.25     0.02
687.5     0.02
687.75     0.02
688.0     0.02
688.25     0.02
688.5     0.02
688.75     0.02
689.0     0.02
689.25     0.02
689.5     0.02
689.75     0.02
690.0     0.02
690.25     0.02
690.5     0.02
690.75     0.02
691.0     0.02
691.25     0.02
691.5     0.02
691.75     0.02
692.0     0.02
692.25     0.02
692.5     0.02
692.75     0.02
693.0     0.02
693.25     0.02
693.5     0.02
693.75     0.02
694.0     0.02
694.25     0.02
694.5     0.02
694.75     0.02
695.0     0.02
695.25     0.02
695.5     0.02
695.75     0.02
696.0     0.02
696.25     0.02
696.5     0.02
696.75     0.02
697.0     0.02
697.25     0.02
697.5     0.02
697.75     0.02
698.0     0.02
698.25     0.02
698.5     0.02
698.75     0.02
699.0     0.02
699.25     0.02
699.5     0.02
699.75     0.02
700.0     0.02
700.25     0.02
700.5     0.02
700.75     0.02
701.0     0.02
701.25     0.02
701.5     0.02
701.75     0.02
702.0     0.02
702.25     0.02
702.5     0.02
702.75     0.02
703.0     0.02
703.25     0.02
703.5     0.02
703.75     0.02
704.0     0.02
704.25     0.02
704.5     0.02
704.75     0.02
705.0     0.02
705.25     0.02
705.5     0.02
705.75     0.02
706.0     0.02
706.25     0.02
706.5     0.02
706.75     0.02
707.0     0.02
707.25     0.02
707.5     0.02
707.75     0.02
708.0     0.02
708.25     0.02
708.5     0.02
708.75     0.02
709.0     0.02
709.25     0.02
709.5     0.02
709.75     0.02
710.0     0.02
710.25     0.02
710.5     0.02
710.75     0.02
711.0     0.02
711.25     0.02
711.5     0.02
711.75     0.02
712.0     0.02
712.25     0.02
712.5     0.02
712.75     0.02
713.0     0.02
713.25     0.02
713.5     0.02
713.75     0.02
714.0     0.02
714.25     0.02
714.5     0.02
714.75     0.02
715.0     0.02
715.25     0.02
715.5     0.02
715.75     0.02
716.0     0.018
716.25     0.018
716.5     0.018
716.75     0.018
717.0     0.018
717.25     0.016
717.5     0.016
717.75     0.016
718.0     0.016
718.25     0.016
718.5     0.016
718.75     0.016
719.0     0.016
719.25     0.016
719.5     0.016
719.75     0.016
720.0     0.016
720.25     0.016
720.5     0.016
720.75     0.016
721.0     0.016
721.25     0.016
721.5     0.016
721.75     0.016
722.0     0.016
722.25     0.016
722.5     0.016
722.75     0.016
723.0     0.016
723.25     0.016
723.5     0.016
723.75     0.016
724.0     0.016
724.25     0.016
724.5     0.016
724.75     0.016
725.0     0.016
725.25     0.016
725.5     0.016
725.75     0.016
726.0     0.014
726.25     0.014
726.5     0.014
726.75     0.014
727.0     0.014
727.25     0.014
727.5     0.014
727.75     0.014
728.0     0.014
728.25     0.014
728.5     0.014
728.75     0.014
729.0     0.014
729.25     0.014
729.5     0.014
729.75     0.014
730.0     0.014
730.25     0.014
730.5     0.014
730.75     0.014
731.0     0.014
731.25     0.014
731.5     0.014
731.75     0.014
732.0     0.014
732.25     0.014
732.5     0.014
732.75     0.014
733.0     0.014
733.25     0.014
733.5     0.014
733.75     0.014
734.0     0.014
734.25     0.014
734.5     0.014
734.75     0.014
735.0     0.014
735.25     0.014
735.5     0.014
735.75     0.014
736.0     0.014
736.25     0.014
736.5     0.014
736.75     0.014
737.0     0.014
737.25     0.014
737.5     0.014
737.75     0.014
738.0     0.014
738.25     0.014
738.5     0.014
738.75     0.014
739.0     0.014
739.25     0.014
739.5     0.014
739.75     0.014
740.0     0.014
740.25     0.014
740.5     0.014
740.75     0.014
741.0     0.014
741.25     0.014
741.5     0.014
741.75     0.014
742.0     0.014
742.25     0.014
742.5     0.012
742.75     0.012
743.0     0.012
743.25     0.012
743.5     0.012
743.75     0.012
744.0     0.012
744.25     0.012
744.5     0.012
744.75     0.012
745.0     0.012
745.25     0.012
745.5     0.014
745.75     0.014
746.0     0.014
746.25     0.014
746.5     0.012
746.75     0.014
747.0     0.014
747.25     0.014
747.5     0.014
747.75     0.014
748.0     0.014
748.25     0.014
748.5     0.012
748.75     0.012
749.0     0.012
749.25     0.012
749.5     0.012
749.75     0.012
750.0     0.012
750.25     0.012
750.5     0.012
750.75     0.012
751.0     0.012
751.25     0.01
751.5     0.01
751.75     0.01
752.0     0.01
752.25     0.01
752.5     0.01
752.75     0.01
753.0     0.012
753.25     0.012
753.5     0.012
753.75     0.012
754.0     0.01
754.25     0.01
754.5     0.01
754.75     0.01
755.0     0.01
755.25     0.01
755.5     0.01
755.75     0.01
756.0     0.01
756.25     0.01
756.5     0.01
756.75     0.01
757.0     0.01
757.25     0.01
757.5     0.01
757.75     0.01
758.0     0.01
758.25     0.01
758.5     0.01
758.75     0.01
759.0     0.01
759.25     0.01
759.5     0.01
759.75     0.01
760.0     0.01
760.25     0.01
760.5     0.01
760.75     0.01
761.0     0.01
761.25     0.01
761.5     0.01
761.75     0.01
762.0     0.01
762.25     0.01
762.5     0.01
762.75     0.01
763.0     0.01
763.25     0.01
763.5     0.01
763.75     0.01
764.0     0.01
764.25     0.01
764.5     0.01
764.75     0.01
765.0     0.01
765.25     0.01
765.5     0.01
765.75     0.01
766.0     0.01
766.25     0.01
766.5     0.01
766.75     0.01
767.0     0.01
767.25     0.01
767.5     0.01
767.75     0.01
768.0     0.01
768.25     0.01
768.5     0.01
768.75     0.01
769.0     0.01
769.25     0.01
769.5     0.01
769.75     0.01
770.0     0.01
770.25     0.01
770.5     0.01
770.75     0.01
771.0     0.01
771.25     0.01
771.5     0.008
771.75     0.008
772.0     0.01
772.25     0.01
772.5     0.01
772.75     0.01
773.0     0.01
773.25     0.01
773.5     0.01
773.75     0.01
774.0     0.01
774.25     0.01
774.5     0.01
774.75     0.01
775.0     0.01
775.25     0.01
775.5     0.01
775.75     0.01
776.0     0.01
776.25     0.01
776.5     0.01
776.75     0.01
777.0     0.01
777.25     0.01
777.5     0.01
777.75     0.01
778.0     0.01
778.25     0.01
778.5     0.01
778.75     0.01
779.0     0.01
779.25     0.01
779.5     0.01
779.75     0.01
780.0     0.01
780.25     0.01
780.5     0.01
780.75     0.01
781.0     0.01
781.25     0.01
781.5     0.01
781.75     0.01
782.0     0.01
782.25     0.01
782.5     0.01
782.75     0.01
783.0     0.01
783.25     0.01
783.5     0.01
783.75     0.01
784.0     0.01
784.25     0.01
784.5     0.01
784.75     0.01
785.0     0.01
785.25     0.01
785.5     0.01
785.75     0.01
786.0     0.01
786.25     0.01
786.5     0.01
786.75     0.01
787.0     0.01
787.25     0.01
787.5     0.01
787.75     0.01
788.0     0.01
788.25     0.01
788.5     0.01
788.75     0.01
789.0     0.01
789.25     0.01
789.5     0.01
789.75     0.01
790.0     0.01
790.25     0.01
790.5     0.01
790.75     0.01
791.0     0.01
791.25     0.01
791.5     0.01
791.75     0.01
792.0     0.01
792.25     0.01
792.5     0.01
792.75     0.01
793.0     0.01
793.25     0.01
793.5     0.01
793.75     0.01
794.0     0.01
794.25     0.01
794.5     0.01
794.75     0.01
795.0     0.01
795.25     0.01
795.5     0.01
795.75     0.01
796.0     0.01
796.25     0.01
796.5     0.01
796.75     0.01
797.0     0.01
797.25     0.01
797.5     0.01
797.75     0.01
798.0     0.01
798.25     0.01
798.5     0.01
798.75     0.01
799.0     0.01
799.25     0.01
799.5     0.01
799.75     0.01
800.0     0.01
800.25     0.01
800.5     0.01
800.75     0.01
801.0     0.01
801.25     0.01
801.5     0.01
801.75     0.01
802.0     0.01
802.25     0.01
802.5     0.01
802.75     0.01
803.0     0.01
803.25     0.01
803.5     0.01
803.75     0.01
804.0     0.01
804.25     0.01
804.5     0.01
804.75     0.01
805.0     0.01
805.25     0.01
805.5     0.01
805.75     0.01
806.0     0.01
806.25     0.01
806.5     0.01
806.75     0.008
807.0     0.008
807.25     0.008
807.5     0.008
807.75     0.008
808.0     0.008
808.25     0.008
808.5     0.008
808.75     0.008
809.0     0.008
809.25     0.008
809.5     0.008
809.75     0.008
810.0     0.008
810.25     0.008
810.5     0.008
810.75     0.008
811.0     0.008
811.25     0.008
811.5     0.008
811.75     0.008
812.0     0.008
812.25     0.008
812.5     0.008
812.75     0.008
813.0     0.008
813.25     0.008
813.5     0.008
813.75     0.008
814.0     0.008
814.25     0.008
814.5     0.008
814.75     0.008
815.0     0.008
815.25     0.008
815.5     0.008
815.75     0.008
816.0     0.008
816.25     0.008
816.5     0.008
816.75     0.008
817.0     0.008
817.25     0.008
817.5     0.008
817.75     0.008
818.0     0.008
818.25     0.008
818.5     0.008
818.75     0.008
819.0     0.008
819.25     0.008
819.5     0.008
819.75     0.008
820.0     0.008
820.25     0.008
820.5     0.008
820.75     0.008
821.0     0.008
821.25     0.008
821.5     0.008
821.75     0.008
822.0     0.008
822.25     0.008
822.5     0.008
822.75     0.008
823.0     0.008
823.25     0.008
823.5     0.008
823.75     0.006
824.0     0.006
824.25     0.006
824.5     0.006
824.75     0.006
825.0     0.006
825.25     0.006
825.5     0.006
825.75     0.006
826.0     0.006
826.25     0.006
826.5     0.006
826.75     0.006
827.0     0.006
827.25     0.006
827.5     0.006
827.75     0.006
828.0     0.006
828.25     0.006
828.5     0.006
828.75     0.006
829.0     0.006
829.25     0.006
829.5     0.006
829.75     0.006
830.0     0.006
830.25     0.006
830.5     0.006
830.75     0.006
831.0     0.006
831.25     0.006
831.5     0.006
831.75     0.006
832.0     0.006
832.25     0.006
832.5     0.006
832.75     0.004
833.0     0.004
833.25     0.004
833.5     0.004
833.75     0.004
834.0     0.004
834.25     0.004
834.5     0.004
834.75     0.004
835.0     0.004
835.25     0.004
835.5     0.004
835.75     0.004
836.0     0.004
836.25     0.004
836.5     0.004
836.75     0.004
837.0     0.004
837.25     0.004
837.5     0.004
837.75     0.004
838.0     0.004
838.25     0.004
838.5     0.004
838.75     0.004
839.0     0.004
839.25     0.004
839.5     0.004
839.75     0.004
840.0     0.004
840.25     0.004
840.5     0.004
840.75     0.004
841.0     0.004
841.25     0.004
841.5     0.004
841.75     0.004
842.0     0.004
842.25     0.004
842.5     0.004
842.75     0.004
843.0     0.004
843.25     0.004
843.5     0.004
843.75     0.004
844.0     0.004
844.25     0.004
844.5     0.004
844.75     0.004
845.0     0.004
845.25     0.004
845.5     0.004
845.75     0.004
846.0     0.004
846.25     0.004
846.5     0.004
846.75     0.004
847.0     0.004
847.25     0.004
847.5     0.004
847.75     0.004
848.0     0.004
848.25     0.004
848.5     0.004
848.75     0.004
849.0     0.004
849.25     0.004
849.5     0.004
849.75     0.004
850.0     0.004
850.25     0.004
850.5     0.004
850.75     0.004
851.0     0.004
851.25     0.004
851.5     0.004
851.75     0.004
852.0     0.004
852.25     0.004
852.5     0.004
852.75     0.004
853.0     0.004
853.25     0.004
853.5     0.004
853.75     0.004
854.0     0.004
854.25     0.004
854.5     0.004
854.75     0.004
855.0     0.004
855.25     0.004
855.5     0.004
855.75     0.004
856.0     0.004
856.25     0.004
856.5     0.004
856.75     0.004
857.0     0.004
857.25     0.004
857.5     0.004
857.75     0.004
858.0     0.004
858.25     0.004
858.5     0.004
858.75     0.004
859.0     0.004
859.25     0.004
859.5     0.004
859.75     0.004
860.0     0.004
860.25     0.004
860.5     0.004
860.75     0.004
861.0     0.004
861.25     0.004
861.5     0.004
861.75     0.004
862.0     0.004
862.25     0.004
862.5     0.004
862.75     0.004
863.0     0.004
863.25     0.004
863.5     0.004
863.75     0.004
864.0     0.004
864.25     0.004
864.5     0.004
864.75     0.004
865.0     0.004
865.25     0.004
865.5     0.004
865.75     0.004
866.0     0.004
866.25     0.004
866.5     0.004
866.75     0.004
867.0     0.004
867.25     0.004
867.5     0.004
867.75     0.004
868.0     0.004
868.25     0.004
868.5     0.004
868.75     0.004
869.0     0.004
869.25     0.004
869.5     0.004
869.75     0.004
870.0     0.004
870.25     0.004
870.5     0.004
870.75     0.004
871.0     0.004
871.25     0.004
871.5     0.004
871.75     0.004
872.0     0.004
872.25     0.004
872.5     0.004
872.75     0.004
873.0     0.004
873.25     0.004
873.5     0.004
873.75     0.004
874.0     0.004
874.25     0.004
874.5     0.004
874.75     0.004
875.0     0.004
875.25     0.004
875.5     0.004
875.75     0.004
876.0     0.004
876.25     0.004
876.5     0.004
876.75     0.004
877.0     0.004
877.25     0.004
877.5     0.004
877.75     0.004
878.0     0.004
878.25     0.004
878.5     0.004
878.75     0.004
879.0     0.004
879.25     0.004
879.5     0.004
879.75     0.004
880.0     0.004
880.25     0.004
880.5     0.004
880.75     0.004
881.0     0.004
881.25     0.004
881.5     0.004
881.75     0.004
882.0     0.004
882.25     0.004
882.5     0.004
882.75     0.004
883.0     0.004
883.25     0.004
883.5     0.004
883.75     0.004
884.0     0.004
884.25     0.004
884.5     0.004
884.75     0.004
885.0     0.004
885.25     0.004
885.5     0.004
885.75     0.004
886.0     0.004
886.25     0.004
886.5     0.004
886.75     0.004
887.0     0.004
887.25     0.004
887.5     0.004
887.75     0.004
888.0     0.004
888.25     0.004
888.5     0.004
888.75     0.004
889.0     0.004
889.25     0.004
889.5     0.004
889.75     0.004
890.0     0.004
890.25     0.004
890.5     0.004
890.75     0.004
891.0     0.004
891.25     0.004
891.5     0.004
891.75     0.004
892.0     0.004
892.25     0.004
892.5     0.004
892.75     0.004
893.0     0.004
893.25     0.004
893.5     0.004
893.75     0.004
894.0     0.004
894.25     0.004
894.5     0.004
894.75     0.004
895.0     0.004
895.25     0.004
895.5     0.004
895.75     0.004
896.0     0.004
896.25     0.004
896.5     0.004
896.75     0.004
897.0     0.004
897.25     0.004
897.5     0.004
897.75     0.004
898.0     0.004
898.25     0.004
898.5     0.004
898.75     0.004
899.0     0.004
899.25     0.004
899.5     0.004
899.75     0.004
900.0     0.004
900.25     0.004
900.5     0.004
900.75     0.004
901.0     0.004
901.25     0.004
901.5     0.004
901.75     0.004
902.0     0.004
902.25     0.004
902.5     0.004
902.75     0.004
903.0     0.004
903.25     0.004
903.5     0.004
903.75     0.004
904.0     0.004
904.25     0.004
904.5     0.004
904.75     0.004
905.0     0.004
905.25     0.004
905.5     0.004
905.75     0.004
906.0     0.004
906.25     0.004
906.5     0.004
906.75     0.004
907.0     0.002
907.25     0.002
907.5     0.002
907.75     0.002
908.0     0.002
908.25     0.002
908.5     0.002
908.75     0.002
909.0     0.002
909.25     0.002
909.5     0.002
909.75     0.002
910.0     0.002
910.25     0.002
910.5     0.002
910.75     0.002
911.0     0.002
911.25     0.002
911.5     0.002
911.75     0.002
912.0     0.002
912.25     0.002
912.5     0.002
912.75     0.002
913.0     0.002
913.25     0.002
913.5     0.002
913.75     0.002
914.0     0.002
914.25     0.002
914.5     0.002
914.75     0.002
915.0     0.002
915.25     0.002
915.5     0.002
915.75     0.002
916.0     0.002
916.25     0.002
916.5     0.002
916.75     0.002
917.0     0.002
917.25     0.002
917.5     0.002
917.75     0.002
918.0     0.002
918.25     0.002
918.5     0.002
918.75     0.002
919.0     0.002
919.25     0.002
919.5     0.002
919.75     0.002
920.0     0.002
920.25     0.002
920.5     0.002
920.75     0.002
921.0     0.002
921.25     0.002
921.5     0.002
921.75     0.002
922.0     0.002
922.25     0.002
922.5     0.002
922.75     0.002
923.0     0.002
923.25     0.002
923.5     0.002
923.75     0.002
924.0     0.002
924.25     0.002
924.5     0.002
924.75     0.002
925.0     0.002
925.25     0.002
925.5     0.002
925.75     0.002
926.0     0.002
926.25     0.002
926.5     0.002
926.75     0.002
927.0     0.002
927.25     0.002
927.5     0.002
927.75     0.002
928.0     0.002
928.25     0.002
928.5     0.002
928.75     0.002
929.0     0.002
929.25     0.002
929.5     0.002
929.75     0.002
930.0     0.002
930.25     0.002
930.5     0.002
930.75     0.002
931.0     0.002
931.25     0.002
931.5     0.002
931.75     0.002
932.0     0.002
932.25     0.002
932.5     0.002
932.75     0.002
933.0     0.002
933.25     0.002
933.5     0.002
933.75     0.002
934.0     0.002
934.25     0.002
934.5     0.002
934.75     0.002
935.0     0.002
935.25     0.002
935.5     0.002
935.75     0.002
936.0     0.002
936.25     0.002
936.5     0.002
936.75     0.002
937.0     0.002
937.25     0.002
937.5     0.002
937.75     0.002
938.0     0.002
938.25     0.002
938.5     0.002
938.75     0.002
939.0     0.002
939.25     0.002
939.5     0.002
939.75     0.002
940.0     0.002
940.25     0.002
940.5     0.002
940.75     0.002
941.0     0.002
941.25     0.002
941.5     0.002
941.75     0.002
942.0     0.002
942.25     0.002
942.5     0.002
942.75     0.002
943.0     0.002
943.25     0.002
943.5     0.002
943.75     0.002
944.0     0.002
944.25     0.002
944.5     0.002
944.75     0.002
945.0     0.002
945.25     0.002
945.5     0.002
945.75     0.002
946.0     0.002
946.25     0.002
946.5     0.002
946.75     0.002
947.0     0.002
947.25     0.002
947.5     0.002
947.75     0.002
948.0     0.002
948.25     0.002
948.5     0.002
948.75     0.002
949.0     0.002
949.25     0.002
949.5     0.002
949.75     0.002
950.0     0.002
950.25     0.002
950.5     0.002
950.75     0.002
951.0     0.002
951.25     0.002
951.5     0.002
951.75     0.002
952.0     0.002
952.25     0.002
952.5     0.002
952.75     0.002
953.0     0.002
953.25     0.002
953.5     0.002
953.75     0.002
954.0     0.002
954.25     0.002
954.5     0.002
954.75     0.002
955.0     0.002
955.25     0.002
955.5     0.002
955.75     0.002
956.0     0.002
956.25     0.002
956.5     0.002
956.75     0.002
957.0     0.002
957.25     0.002
957.5     0.002
957.75     0.002
958.0     0.002
958.25     0.002
958.5     0.002
958.75     0.002
959.0     0.002
959.25     0.002
959.5     0.002
959.75     0.002
960.0     0.002
960.25     0.002
960.5     0.002
960.75     0.002
961.0     0.002
961.25     0.002
961.5     0.002
961.75     0.002
962.0     0.002
962.25     0.002
962.5     0.002
962.75     0.002
963.0     0.002
963.25     0.002
963.5     0.002
963.75     0.002
964.0     0.002
964.25     0.002
964.5     0.002
964.75     0.002
965.0     0.002
965.25     0.002
965.5     0.002
965.75     0.002
966.0     0.002
966.25     0.002
966.5     0.002
966.75     0.002
967.0     0.002
967.25     0.002
967.5     0.002
967.75     0.002
968.0     0.002
968.25     0.002
968.5     0.002
968.75     0.002
969.0     0.002
969.25     0.002
969.5     0.002
969.75     0.002
970.0     0.002
970.25     0.002
970.5     0.002
970.75     0.002
971.0     0.002
971.25     0.002
971.5     0.002
971.75     0.002
972.0     0.002
972.25     0.002
972.5     0.002
972.75     0.002
973.0     0.002
973.25     0.002
973.5     0.002
973.75     0.002
974.0     0.002
974.25     0.002
974.5     0.002
974.75     0.002
975.0     0.002
975.25     0.002
975.5     0.002
975.75     0.002
976.0     0.002
976.25     0.002
976.5     0.002
976.75     0.002
977.0     0.002
977.25     0.002
977.5     0.002
977.75     0.002
978.0     0.002
978.25     0.002
978.5     0.002
978.75     0.002
979.0     0.002
979.25     0.002
979.5     0.002
979.75     0.002
980.0     0.002
980.25     0.002
980.5     0.002
980.75     0.002
981.0     0.002
981.25     0.002
981.5     0.002
981.75     0.002
982.0     0.002
982.25     0.002
982.5     0.002
982.75     0.002
983.0     0.002
983.25     0.002
983.5     0.002
983.75     0.002
984.0     0.002
984.25     0.002
984.5     0.002
984.75     0.002
985.0     0.002
985.25     0.002
985.5     0.002
985.75     0.002
986.0     0.002
986.25     0.002
986.5     0.002
986.75     0.002
987.0     0.002
987.25     0.002
987.5     0.002
987.75     0.002
988.0     0.002
988.25     0.002
988.5     0.002
988.75     0.002
989.0     0.002
989.25     0.002
989.5     0.002
989.75     0.002
990.0     0.002
990.25     0.002
990.5     0.002
990.75     0.002
991.0     0.002
991.25     0.002
991.5     0.002
991.75     0.002
992.0     0.002
992.25     0.002
992.5     0.002
992.75     0.002
993.0     0.002
993.25     0.002
993.5     0.002
993.75     0.002
994.0     0.002
994.25     0.002
994.5     0.002
994.75     0.002
995.0     0.002
995.25     0.002
995.5     0.002
995.75     0.002
996.0     0.002
996.25     0.002
996.5     0.002
996.75     0.002
997.0     0.002
997.25     0.002
997.5     0.002
997.75     0.002
998.0     0.002
998.25     0.002
998.5     0.002
998.75     0.002
999.0     0.002
999.25     0.002
999.5     0.002
999.75     0.002
1000.0     0.002
