  2.0   635.00000
  4.0   516.50000
  7.0   507.75000
  8.0   234.50000
 10.0   396.50000
 15.0   570.00000
 18.0   473.50000
 19.0   479.75000
 21.0   530.50000
 27.0   731.75000
 28.0   391.75000
 34.0   459.00000
 35.0   438.75000
 36.0   522.75000
 37.0   381.75000
 38.0   398.00000
 40.0   833.50000
 44.0   406.00000
 45.0   539.25000
 49.0   686.75000
 51.0   384.75000
 55.0   497.00000
 59.0   400.50000
 60.0   870.75000
 65.0   370.00000
 67.0   373.00000
 68.0   583.25000
 73.0   564.75000
 76.0   326.25000
 77.0   538.50000
 82.0   537.25000
 85.0   374.00000
 88.0   495.75000
 89.0   389.50000
 94.0   651.25000
 95.0   250.50000
 97.0   388.50000
101.0   607.50000
103.0   486.50000
113.0   365.25000
114.0   331.25000
115.0   667.75000
121.0   356.75000
122.0   328.25000
125.0   422.50000
127.0   380.50000
130.0   520.25000
134.0   348.00000
139.0   585.50000
141.0   501.50000
142.0   786.25000
143.0   477.00000
145.0   306.25000
150.0   391.75000
151.0   525.50000
153.0   475.25000
159.0   449.50000
160.0   617.00000
162.0   436.50000
164.0   410.50000
166.0   375.00000
167.0   421.50000
169.0   693.00000
170.0   346.75000
171.0   512.50000
172.0   664.75000
173.0   636.00000
174.0   456.25000
175.0   586.50000
183.0   380.25000
187.0   332.50000
188.0   357.50000
190.0   377.00000
191.0   327.75000
195.0   741.25000
197.0   397.00000
201.0   427.75000
203.0   652.75000
204.0   672.25000
205.0   336.50000
207.0   536.00000
211.0   573.25000
212.0   457.25000
214.0   785.00000
216.0   583.25000
221.0   512.25000
223.0   521.25000
226.0   565.75000
227.0   362.25000
229.0   494.50000
230.0   369.50000
233.0   441.50000
234.0   409.00000
235.0   235.00000
245.0   725.00000
250.0   643.75000
251.0   417.00000
256.0   472.50000
258.0   389.75000
263.0   160.25000
266.0   599.25000
267.0   446.25000
271.0   354.25000
272.0   448.25000
274.0   372.50000
275.0   478.25000
276.0   402.25000
277.0   374.25000
280.0   703.75000
281.0   451.75000
283.0   576.00000
287.0   356.25000
308.0   433.75000
310.0   448.75000
312.0   406.50000
317.0   730.75000
318.0   475.50000
319.0   446.50000
321.0   508.00000
325.0   627.75000
327.0   363.75000
328.0   296.25000
331.0   294.50000
333.0   400.75000
336.0   235.50000
337.0   429.00000
341.0   499.00000
344.0   460.75000
347.0   434.75000
348.0   401.75000
350.0   737.00000
351.0   723.00000
352.0   382.25000
353.0   396.75000
355.0   418.25000
356.0   432.25000
357.0   629.25000
359.0   530.75000
360.0   672.00000
362.0   559.50000
363.0   457.25000
365.0   510.50000
367.0   399.25000
368.0   392.00000
369.0   645.00000
377.0   454.75000
379.0   698.00000
380.0   477.50000
382.0   685.25000
387.0   745.00000
388.0   828.75000
390.0   428.50000
396.0   386.50000
401.0   564.00000
405.0   424.00000
409.0   270.00000
410.0   347.00000
412.0   439.75000
414.0   345.75000
417.0   408.75000
418.0   625.00000
420.0   681.50000
423.0   288.50000
424.0   412.00000
428.0   411.00000
429.0   489.75000
434.0   477.25000
435.0   526.00000
437.0   556.00000
438.0   308.50000
439.0   425.50000
443.0   399.75000
445.0   348.75000
446.0   361.50000
448.0   484.75000
450.0   597.50000
455.0   443.25000
459.0   336.75000
463.0   483.00000
464.0   440.25000
465.0   448.00000
468.0   653.50000
476.0   447.75000
480.0   503.00000
487.0   389.25000
493.0   403.50000
494.0   380.00000
495.0   558.25000
496.0   486.75000
499.0   412.00000
500.0   214.00000
