  2.0    57.69287
  4.0    82.36089
  7.0    82.43065
  8.0    97.93976
 10.0    96.47748
 15.0   102.18012
 18.0    83.99071
 19.0    61.21172
 21.0    93.62682
 27.0    85.68566
 28.0    96.48752
 34.0    84.96030
 35.0    97.07770
 36.0    94.92002
 37.0    84.73567
 38.0   109.46241
 40.0    64.51760
 44.0    77.78442
 45.0    86.56813
 49.0    67.25501
 51.0    93.00258
 55.0    89.28646
 59.0    83.61757
 60.0    86.31793
 65.0    98.52122
 67.0    86.52677
 68.0    92.21246
 73.0    95.71533
 76.0    93.51860
 77.0    88.11049
 82.0    84.13009
 85.0    88.75333
 88.0    92.33916
 89.0    96.97719
 94.0    75.15669
 95.0    96.16991
 97.0    87.24160
101.0    95.08295
103.0    95.42012
113.0    86.36621
114.0    95.38247
115.0    89.29794
121.0    93.54980
122.0    93.24481
125.0    81.24499
127.0    88.08376
130.0    90.03331
134.0    89.56141
139.0    76.41596
141.0    88.43439
142.0    73.98461
143.0    75.20984
145.0    82.96092
150.0    93.67107
151.0    90.25916
153.0    96.39449
159.0    95.22643
160.0    84.74022
162.0    81.09574
164.0   109.37354
166.0    80.73494
167.0    97.11205
169.0    73.47154
170.0    83.76621
171.0    82.33837
172.0    76.64650
173.0    91.36154
174.0    96.59131
175.0    59.35081
183.0    96.71284
187.0    85.20548
188.0    95.26404
190.0    95.27765
191.0    86.04932
195.0    79.80713
197.0    89.95965
201.0    88.38931
203.0    90.25409
204.0    65.15594
205.0   106.62492
207.0   105.97058
211.0    53.78053
212.0    93.12361
214.0    84.90015
216.0    78.81736
221.0    89.34626
223.0    64.58409
226.0   108.79625
227.0    95.67933
229.0    82.37070
230.0    82.15150
233.0    85.68877
234.0    95.26190
235.0   101.79109
245.0    90.59565
250.0    84.10548
251.0    66.34171
256.0   100.68935
258.0    92.33064
263.0   105.30960
266.0    85.91897
267.0    88.84261
271.0    88.54412
272.0    97.63610
274.0    77.89266
275.0    79.44855
276.0    65.30460
277.0    91.47013
280.0    69.97006
281.0    85.63974
283.0    82.30019
287.0    96.10017
308.0    92.70286
310.0    95.39359
312.0    90.84166
317.0    74.22549
318.0    77.57051
319.0    95.55547
321.0    90.67193
325.0    64.89139
327.0    92.93144
328.0    89.38202
331.0    96.08477
333.0    95.66588
336.0    98.54252
337.0    92.77990
341.0    93.38570
344.0    94.35676
347.0    81.92227
348.0    91.94633
350.0    85.03771
351.0    95.48313
352.0    78.43570
353.0    92.64068
355.0    86.01654
356.0    56.19919
357.0    66.82769
359.0    87.09861
360.0    94.64171
362.0    73.75387
363.0    85.27027
365.0    88.01877
367.0   102.03785
368.0    86.62200
369.0    84.27010
377.0    91.50126
379.0    92.99009
380.0    88.85505
382.0   100.87595
387.0    89.29513
388.0    78.63770
390.0    84.70695
396.0    86.34208
401.0    88.26157
405.0    91.16607
409.0   104.56626
410.0    92.19271
412.0    84.29495
414.0    85.11707
417.0    90.38865
418.0    91.03778
420.0    74.79677
423.0    97.59200
424.0    89.95417
428.0    96.58524
429.0    92.94972
434.0    95.52273
435.0   114.28074
437.0    91.66508
438.0    97.47560
439.0    95.96724
443.0    92.71955
445.0    92.62201
446.0    98.28626
448.0    76.90901
450.0    87.96455
455.0    92.50805
459.0    95.86611
463.0    77.00606
464.0    70.30899
465.0    96.14999
468.0    81.81904
476.0    88.63127
480.0    78.65483
487.0    90.10630
493.0    98.84466
494.0    93.69680
495.0    69.76227
496.0   106.48831
499.0    74.09986
500.0    99.41483
