  1.0    99.58231
  3.0   106.23231
  5.0    99.12044
  6.0    83.12358
  9.0   107.17678
 11.0    75.66700
 12.0   105.31131
 13.0   105.75337
 14.0   101.13574
 16.0   128.27323
 17.0   112.15526
 20.0   113.07375
 22.0   101.21657
 23.0   107.71076
 24.0   128.95473
 25.0   107.17704
 26.0   119.35632
 29.0    94.89397
 30.0   122.21896
 31.0   120.16375
 32.0   103.62593
 33.0   120.40452
 39.0   101.16153
 41.0   103.81762
 42.0   132.12789
 43.0    95.44758
 46.0    99.91340
 47.0   104.09587
 48.0   128.89235
 50.0   114.61964
 52.0   105.58711
 53.0   115.16409
 54.0   114.22711
 56.0   104.84604
 57.0   100.06549
 58.0   131.29371
 61.0   104.95507
 62.0    99.85753
 63.0   104.80810
 64.0   107.51509
 66.0   113.99767
 69.0   102.21981
 70.0   103.74147
 71.0   118.71589
 72.0   120.33651
 74.0   101.63998
 75.0   102.40063
 78.0   120.78904
 79.0    97.05005
 80.0   108.15887
 81.0   122.47872
 83.0    98.59693
 84.0    98.84134
 86.0   119.64569
 87.0   131.45833
 90.0   103.82323
 91.0    98.47358
 92.0   111.13784
 93.0    91.13532
 96.0   136.13793
 98.0   103.12783
 99.0    98.02794
100.0   104.12877
102.0   101.83100
104.0    97.69709
105.0   124.01144
106.0   107.98098
107.0   123.80391
108.0   110.37050
109.0   100.07890
110.0    93.59691
111.0   103.94280
112.0   106.21917
116.0   131.55330
117.0   101.74586
118.0   130.58146
119.0   105.21465
120.0   103.62540
123.0   111.76939
124.0   102.54638
126.0   105.38229
128.0   108.32502
129.0   104.06072
131.0    98.04712
132.0   114.20443
133.0   102.12534
135.0   125.46827
136.0   135.96098
137.0   128.35070
138.0    99.03132
140.0    99.30865
144.0    94.28540
146.0   102.77864
147.0   122.00430
148.0   122.52412
149.0   108.86192
152.0   104.52592
154.0   104.04579
155.0   136.81653
156.0   108.34603
157.0   136.92606
158.0   112.31041
161.0   119.21467
163.0   137.54546
165.0   109.45508
168.0   108.32553
176.0   132.20436
177.0   118.60659
178.0    98.34537
179.0   109.67515
180.0    97.25180
181.0   115.31263
182.0    89.57494
184.0   136.89844
185.0   109.44236
186.0    98.90705
189.0    97.29611
192.0   114.29770
193.0   110.06286
194.0   105.01150
196.0   130.22748
198.0   108.31501
199.0   109.31084
200.0    99.27161
202.0   139.48139
206.0   106.78724
208.0   109.94331
209.0   133.78188
210.0   112.96164
213.0   113.42833
215.0   104.83435
217.0    98.48171
218.0   102.70553
219.0   103.93945
220.0   134.92792
222.0    99.80203
224.0    94.02344
225.0    96.09310
228.0    98.05194
231.0   110.38240
232.0   101.92831
236.0    96.41482
237.0   101.48642
238.0    99.13170
239.0   100.63831
240.0   116.60007
241.0   146.87115
242.0   114.95600
243.0    95.45838
244.0   100.43731
246.0   108.74104
247.0   107.94853
248.0   109.26558
249.0   101.28741
252.0    97.45640
253.0    98.92699
254.0   118.48898
255.0   123.23917
257.0    92.70997
259.0   124.48173
260.0    99.04378
261.0    94.82386
262.0    97.01135
264.0   107.30299
265.0   102.62913
268.0   131.30163
269.0    57.56207
270.0   107.65943
273.0   104.45768
278.0    98.35343
279.0   132.70239
282.0   114.70510
284.0   116.16093
285.0    98.30656
286.0   116.11648
288.0   104.13585
289.0   111.78930
290.0    92.35293
291.0   140.95885
292.0    97.93142
293.0   113.84633
294.0    98.79598
295.0    96.82725
296.0    97.08680
297.0   103.13189
298.0   131.94454
299.0    99.89265
300.0   128.85652
301.0   129.59392
302.0   106.22611
303.0   109.49264
304.0    95.94774
305.0   103.46880
306.0   120.94090
307.0   113.03531
309.0   116.60404
311.0   108.89909
313.0   107.36867
314.0   121.88003
315.0   119.29116
316.0   111.21371
320.0   115.32657
322.0   105.89401
323.0   118.94034
324.0   103.56260
326.0    86.04462
329.0   140.70515
330.0   111.69857
332.0    99.37310
334.0   106.14247
335.0   115.88252
338.0   138.90390
339.0   111.37423
340.0   115.93170
342.0   119.43555
343.0   145.03271
345.0   106.48715
346.0    99.71569
349.0    92.45520
354.0   114.17905
358.0   108.44040
361.0   140.20774
364.0    88.17260
366.0   110.06466
370.0    99.12906
371.0   103.92427
372.0   112.40046
373.0   119.25167
374.0   106.98133
375.0   102.10641
376.0   110.59218
378.0   108.61300
381.0    98.92137
383.0   113.99538
384.0   143.30558
385.0   102.26306
386.0   121.76271
389.0   116.74806
391.0   106.67901
392.0   113.05433
393.0   100.11295
394.0   127.58968
395.0    96.64182
397.0   104.90961
398.0   106.68294
399.0   101.62379
400.0    97.67785
402.0   149.71862
403.0    97.96006
404.0   134.61288
406.0   100.45984
407.0   102.95047
408.0    96.31150
411.0   108.74067
413.0   100.34602
415.0   156.98601
416.0    97.92909
419.0   100.03648
421.0   116.63638
422.0   103.43104
425.0   108.82745
426.0   107.40293
427.0   115.42268
430.0   102.71988
431.0    95.40984
432.0    95.98229
433.0    96.98283
436.0   107.50640
440.0    99.64696
441.0    99.62242
442.0    88.73146
444.0   119.31581
447.0   158.22880
449.0   113.34660
451.0   105.31622
452.0    92.89465
453.0   108.55580
454.0   142.98548
456.0   108.07063
457.0   118.03567
458.0    93.92486
460.0   109.72132
461.0   102.80089
462.0    95.14849
466.0    95.86994
467.0   109.66003
469.0    97.79542
470.0   107.17672
471.0   143.20093
472.0    99.31423
473.0    98.94786
474.0   106.40662
475.0   100.25178
477.0   120.99628
478.0   103.38222
479.0   110.00195
481.0   117.23565
482.0    96.31990
483.0    99.96322
484.0   100.08113
485.0   102.59974
486.0   107.25860
488.0    98.94395
489.0   102.96952
490.0    78.00444
491.0   138.10382
492.0    98.58121
497.0   103.62640
498.0    94.75391
