  1.0   266.50000
  3.0   336.00000
  5.0   337.25000
  6.0   468.50000
  9.0   914.00000
 11.0     0.00000
 12.0   380.50000
 13.0   418.25000
 14.0   319.25000
 16.0     0.00000
 17.0   310.00000
 20.0   416.75000
 22.0   351.50000
 23.0   538.00000
 24.0    73.00000
 25.0   348.00000
 26.0   296.75000
 29.0   414.50000
 30.0   166.75000
 31.0   167.00000
 32.0   388.00000
 33.0   399.50000
 39.0   351.75000
 41.0   465.75000
 42.0   412.25000
 43.0   960.50000
 46.0   367.25000
 47.0   353.00000
 48.0   341.25000
 50.0   190.50000
 52.0   850.50000
 53.0   660.50000
 54.0   252.75000
 56.0   389.00000
 57.0   374.50000
 58.0   686.25000
 61.0   306.50000
 62.0   371.00000
 63.0   322.50000
 64.0   400.25000
 66.0   167.00000
 69.0   380.50000
 70.0   310.50000
 71.0   378.25000
 72.0   203.00000
 74.0   294.50000
 75.0   182.25000
 78.0   413.75000
 79.0   274.25000
 80.0   440.75000
 81.0   154.50000
 83.0   844.25000
 84.0   359.75000
 86.0   204.50000
 87.0   112.75000
 90.0   330.75000
 91.0   432.75000
 92.0   352.50000
 93.0   310.75000
 96.0   166.00000
 98.0   245.25000
 99.0   396.75000
100.0   423.50000
102.0   282.50000
104.0   427.75000
105.0     0.00000
106.0   401.50000
107.0   325.25000
108.0   499.50000
109.0   332.50000
110.0   514.50000
111.0   273.75000
112.0   366.25000
116.0   546.00000
117.0   375.75000
118.0   218.00000
119.0   983.75000
120.0   286.00000
123.0   295.25000
124.0   318.25000
126.0   630.50000
128.0   279.50000
129.0   440.50000
131.0   559.50000
132.0   307.50000
133.0   356.75000
135.0   267.75000
136.0   321.50000
137.0   186.25000
138.0   419.00000
140.0   372.50000
144.0   443.50000
146.0   273.75000
147.0   422.25000
148.0   956.75000
149.0   388.25000
152.0   279.25000
154.0   363.00000
155.0   214.75000
156.0   353.75000
157.0   907.75000
158.0   184.25000
161.0   618.50000
163.0   706.75000
165.0   842.75000
168.0   385.00000
176.0   293.25000
177.0   787.50000
178.0   462.50000
179.0   168.00000
180.0   414.75000
181.0   991.75000
182.0   853.75000
184.0    99.00000
185.0   561.25000
186.0   434.75000
189.0   436.75000
192.0   210.50000
193.0   406.75000
194.0   424.00000
196.0   392.50000
198.0   771.25000
199.0   348.00000
200.0   361.25000
202.0   108.75000
206.0   330.75000
208.0   614.75000
209.0   742.50000
210.0   440.00000
213.0   426.50000
215.0   156.75000
217.0   591.00000
218.0   371.00000
219.0   396.25000
220.0   157.25000
222.0   455.75000
224.0   392.25000
225.0   397.75000
228.0   329.75000
231.0   362.75000
232.0   525.25000
236.0   293.50000
237.0   483.00000
238.0   401.25000
239.0   749.75000
240.0   507.50000
241.0   179.75000
242.0   265.50000
243.0   419.00000
244.0   372.00000
246.0   459.00000
247.0   460.50000
248.0   155.25000
249.0   633.50000
252.0   394.25000
253.0   476.50000
254.0   492.75000
255.0   487.75000
257.0   401.50000
259.0   205.25000
260.0   432.50000
261.0   743.50000
262.0   296.00000
264.0   171.75000
265.0   427.50000
268.0   991.75000
269.0   465.00000
270.0   188.25000
273.0   620.75000
278.0   400.25000
279.0   227.00000
282.0   264.75000
284.0   346.25000
285.0   462.25000
286.0   337.25000
288.0   216.75000
289.0   294.25000
290.0   482.00000
291.0   711.50000
292.0   429.75000
293.0   405.25000
294.0   397.75000
295.0   222.75000
296.0   388.50000
297.0   499.75000
298.0   228.75000
299.0   289.25000
300.0   224.00000
301.0   207.25000
302.0   321.75000
303.0   504.00000
304.0   687.25000
305.0   666.25000
306.0   228.50000
307.0   277.75000
309.0   938.00000
311.0   506.75000
313.0   568.75000
314.0   223.25000
315.0   347.75000
316.0   412.25000
320.0   295.25000
322.0   308.00000
323.0   741.50000
324.0   519.50000
326.0   285.00000
329.0   167.75000
330.0   309.00000
332.0   497.50000
334.0   344.25000
335.0   355.50000
338.0   667.75000
339.0   347.50000
340.0   188.00000
342.0   490.75000
343.0   813.50000
345.0   765.25000
346.0   335.50000
349.0   518.50000
354.0   481.25000
358.0   893.25000
361.0   647.00000
364.0   621.00000
366.0   359.50000
370.0   584.25000
371.0   369.00000
372.0   301.25000
373.0   408.25000
374.0   464.25000
375.0   431.50000
376.0   384.75000
378.0   235.50000
381.0   401.50000
383.0   387.50000
384.0   303.50000
385.0   266.75000
386.0   148.50000
389.0   156.00000
391.0   550.00000
392.0   235.75000
393.0   440.25000
394.0   881.50000
395.0   688.75000
397.0   384.00000
398.0   453.50000
399.0   552.75000
400.0   377.50000
402.0    56.50000
403.0   276.50000
404.0   173.50000
406.0   380.25000
407.0   803.50000
408.0   387.00000
411.0   440.75000
413.0     0.00000
415.0   213.75000
416.0   356.25000
419.0   223.00000
421.0   681.00000
422.0   448.25000
425.0   312.75000
426.0   451.50000
427.0   509.00000
430.0   373.00000
431.0   646.25000
432.0   485.75000
433.0   405.75000
436.0   608.25000
440.0   489.25000
441.0   474.00000
442.0   468.25000
444.0   386.00000
447.0   194.25000
449.0   367.25000
451.0   430.00000
452.0   446.50000
453.0   247.00000
454.0   465.00000
456.0   458.50000
457.0   488.75000
458.0   395.00000
460.0   394.00000
461.0   206.75000
462.0   453.50000
466.0   347.00000
467.0   331.25000
469.0   418.50000
470.0   605.25000
471.0   679.75000
472.0   389.00000
473.0   583.00000
474.0   691.75000
475.0   316.75000
477.0   257.25000
478.0   334.25000
479.0   196.75000
481.0   243.00000
482.0   497.25000
483.0   472.00000
484.0   363.75000
485.0   329.75000
486.0   546.00000
488.0   391.75000
489.0   256.25000
490.0   599.75000
491.0    62.75000
492.0   484.25000
497.0   243.50000
498.0   912.75000
