0.25     1.0
0.5     1.0
0.75     1.0
1.0     1.0
1.25     1.0
1.5     1.0
1.75     1.0
2.0     1.0
2.25     1.0
2.5     1.0
2.75     1.0
3.0     1.0
3.25     1.0
3.5     1.0
3.75     1.0
4.0     1.0
4.25     1.0
4.5     1.0
4.75     1.0
5.0     1.0
5.25     1.0
5.5     1.0
5.75     1.0
6.0     1.0
6.25     1.0
6.5     1.0
6.75     1.0
7.0     1.0
7.25     1.0
7.5     1.0
7.75     1.0
8.0     1.0
8.25     1.0
8.5     1.0
8.75     1.0
9.0     1.0
9.25     1.0
9.5     1.0
9.75     1.0
10.0     1.0
10.25     1.0
10.5     1.0
10.75     1.0
11.0     1.0
11.25     1.0
11.5     1.0
11.75     1.0
12.0     1.0
12.25     1.0
12.5     1.0
12.75     1.0
13.0     1.0
13.25     1.0
13.5     1.0
13.75     1.0
14.0     1.0
14.25     1.0
14.5     1.0
14.75     1.0
15.0     1.0
15.25     1.0
15.5     1.0
15.75     1.0
16.0     1.0
16.25     1.0
16.5     1.0
16.75     1.0
17.0     1.0
17.25     1.0
17.5     1.0
17.75     1.0
18.0     1.0
18.25     1.0
18.5     1.0
18.75     1.0
19.0     1.0
19.25     1.0
19.5     1.0
19.75     1.0
20.0     1.0
20.25     1.0
20.5     1.0
20.75     1.0
21.0     1.0
21.25     1.0
21.5     1.0
21.75     1.0
22.0     1.0
22.25     1.0
22.5     1.0
22.75     1.0
23.0     1.0
23.25     1.0
23.5     1.0
23.75     1.0
24.0     1.0
24.25     1.0
24.5     1.0
24.75     1.0
25.0     1.0
25.25     1.0
25.5     1.0
25.75     1.0
26.0     1.0
26.25     1.0
26.5     1.0
26.75     1.0
27.0     1.0
27.25     1.0
27.5     1.0
27.75     1.0
28.0     1.0
28.25     1.0
28.5     1.0
28.75     1.0
29.0     1.0
29.25     1.0
29.5     1.0
29.75     1.0
30.0     1.0
30.25     1.0
30.5     1.0
30.75     1.0
31.0     1.0
31.25     1.0
31.5     1.0
31.75     1.0
32.0     1.0
32.25     1.0
32.5     1.0
32.75     1.0
33.0     1.0
33.25     1.0
33.5     1.0
33.75     1.0
34.0     1.0
34.25     1.0
34.5     1.0
34.75     1.0
35.0     1.0
35.25     1.0
35.5     1.0
35.75     1.0
36.0     1.0
36.25     1.0
36.5     1.0
36.75     1.0
37.0     1.0
37.25     1.0
37.5     1.0
37.75     1.0
38.0     1.0
38.25     1.0
38.5     1.0
38.75     1.0
39.0     1.0
39.25     1.0
39.5     1.0
39.75     1.0
40.0     1.0
40.25     1.0
40.5     1.0
40.75     1.0
41.0     1.0
41.25     1.0
41.5     1.0
41.75     1.0
42.0     1.0
42.25     1.0
42.5     1.0
42.75     1.0
43.0     1.0
43.25     1.0
43.5     1.0
43.75     1.0
44.0     1.0
44.25     1.0
44.5     1.0
44.75     1.0
45.0     1.0
45.25     1.0
45.5     1.0
45.75     1.0
46.0     1.0
46.25     1.0
46.5     1.0
46.75     1.0
47.0     1.0
47.25     1.0
47.5     1.0
47.75     1.0
48.0     1.0
48.25     1.0
48.5     1.0
48.75     1.0
49.0     1.0
49.25     1.0
49.5     1.0
49.75     1.0
50.0     1.0
50.25     1.0
50.5     1.0
50.75     1.0
51.0     1.0
51.25     1.0
51.5     1.0
51.75     1.0
52.0     1.0
52.25     1.0
52.5     1.0
52.75     1.0
53.0     1.0
53.25     1.0
53.5     1.0
53.75     1.0
54.0     1.0
54.25     1.0
54.5     1.0
54.75     1.0
55.0     1.0
55.25     1.0
55.5     1.0
55.75     1.0
56.0     1.0
56.25     1.0
56.5     1.0
56.75     1.0
57.0     1.0
57.25     1.0
57.5     1.0
57.75     1.0
58.0     1.0
58.25     1.0
58.5     1.0
58.75     1.0
59.0     1.0
59.25     1.0
59.5     1.0
59.75     1.0
60.0     1.0
60.25     1.0
60.5     1.0
60.75     1.0
61.0     1.0
61.25     1.0
61.5     1.0
61.75     1.0
62.0     1.0
62.25     1.0
62.5     1.0
62.75     1.0
63.0     1.0
63.25     1.0
63.5     1.0
63.75     1.0
64.0     1.0
64.25     1.0
64.5     1.0
64.75     1.0
65.0     1.0
65.25     1.0
65.5     1.0
65.75     1.0
66.0     1.0
66.25     1.0
66.5     1.0
66.75     1.0
67.0     1.0
67.25     1.0
67.5     1.0
67.75     1.0
68.0     1.0
68.25     1.0
68.5     1.0
68.75     1.0
69.0     1.0
69.25     1.0
69.5     1.0
69.75     1.0
70.0     1.0
70.25     1.0
70.5     1.0
70.75     1.0
71.0     1.0
71.25     1.0
71.5     1.0
71.75     1.0
72.0     1.0
72.25     1.0
72.5     1.0
72.75     1.0
73.0     1.0
73.25     1.0
73.5     1.0
73.75     1.0
74.0     1.0
74.25     1.0
74.5     1.0
74.75     1.0
75.0     1.0
75.25     1.0
75.5     1.0
75.75     1.0
76.0     1.0
76.25     1.0
76.5     1.0
76.75     1.0
77.0     1.0
77.25     1.0
77.5     1.0
77.75     1.0
78.0     1.0
78.25     1.0
78.5     1.0
78.75     1.0
79.0     1.0
79.25     1.0
79.5     1.0
79.75     1.0
80.0     1.0
80.25     1.0
80.5     1.0
80.75     1.0
81.0     1.0
81.25     1.0
81.5     1.0
81.75     1.0
82.0     1.0
82.25     1.0
82.5     1.0
82.75     1.0
83.0     1.0
83.25     1.0
83.5     1.0
83.75     1.0
84.0     1.0
84.25     1.0
84.5     1.0
84.75     1.0
85.0     1.0
85.25     1.0
85.5     1.0
85.75     1.0
86.0     1.0
86.25     1.0
86.5     1.0
86.75     1.0
87.0     1.0
87.25     1.0
87.5     1.0
87.75     1.0
88.0     1.0
88.25     1.0
88.5     1.0
88.75     1.0
89.0     1.0
89.25     1.0
89.5     1.0
89.75     1.0
90.0     1.0
90.25     1.0
90.5     1.0
90.75     1.0
91.0     1.0
91.25     1.0
91.5     1.0
91.75     1.0
92.0     1.0
92.25     1.0
92.5     1.0
92.75     1.0
93.0     1.0
93.25     1.0
93.5     1.0
93.75     1.0
94.0     1.0
94.25     1.0
94.5     1.0
94.75     1.0
95.0     1.0
95.25     1.0
95.5     1.0
95.75     1.0
96.0     1.0
96.25     1.0
96.5     1.0
96.75     1.0
97.0     1.0
97.25     1.0
97.5     1.0
97.75     1.0
98.0     1.0
98.25     1.0
98.5     1.0
98.75     1.0
99.0     1.0
99.25     1.0
99.5     1.0
99.75     1.0
100.0     1.0
100.25     1.0
100.5     1.0
100.75     1.0
101.0     1.0
101.25     1.0
101.5     1.0
101.75     1.0
102.0     1.0
102.25     1.0
102.5     1.0
102.75     1.0
103.0     1.0
103.25     1.0
103.5     1.0
103.75     1.0
104.0     1.0
104.25     1.0
104.5     1.0
104.75     1.0
105.0     1.0
105.25     1.0
105.5     1.0
105.75     1.0
106.0     1.0
106.25     1.0
106.5     1.0
106.75     1.0
107.0     1.0
107.25     1.0
107.5     1.0
107.75     1.0
108.0     1.0
108.25     1.0
108.5     1.0
108.75     1.0
109.0     1.0
109.25     1.0
109.5     1.0
109.75     1.0
110.0     1.0
110.25     1.0
110.5     1.0
110.75     1.0
111.0     1.0
111.25     1.0
111.5     1.0
111.75     1.0
112.0     1.0
112.25     1.0
112.5     1.0
112.75     1.0
113.0     1.0
113.25     1.0
113.5     1.0
113.75     1.0
114.0     1.0
114.25     1.0
114.5     1.0
114.75     1.0
115.0     1.0
115.25     1.0
115.5     1.0
115.75     1.0
116.0     1.0
116.25     1.0
116.5     1.0
116.75     1.0
117.0     1.0
117.25     1.0
117.5     1.0
117.75     1.0
118.0     1.0
118.25     1.0
118.5     1.0
118.75     1.0
119.0     1.0
119.25     1.0
119.5     1.0
119.75     1.0
120.0     1.0
120.25     1.0
120.5     1.0
120.75     1.0
121.0     1.0
121.25     1.0
121.5     1.0
121.75     1.0
122.0     1.0
122.25     1.0
122.5     1.0
122.75     1.0
123.0     1.0
123.25     1.0
123.5     1.0
123.75     1.0
124.0     1.0
124.25     1.0
124.5     1.0
124.75     1.0
125.0     1.0
125.25     1.0
125.5     1.0
125.75     1.0
126.0     1.0
126.25     1.0
126.5     1.0
126.75     1.0
127.0     1.0
127.25     1.0
127.5     1.0
127.75     1.0
128.0     1.0
128.25     1.0
128.5     1.0
128.75     1.0
129.0     1.0
129.25     1.0
129.5     1.0
129.75     1.0
130.0     1.0
130.25     1.0
130.5     1.0
130.75     1.0
131.0     1.0
131.25     1.0
131.5     1.0
131.75     1.0
132.0     1.0
132.25     1.0
132.5     1.0
132.75     1.0
133.0     1.0
133.25     1.0
133.5     1.0
133.75     1.0
134.0     1.0
134.25     1.0
134.5     1.0
134.75     1.0
135.0     1.0
135.25     1.0
135.5     1.0
135.75     1.0
136.0     1.0
136.25     1.0
136.5     1.0
136.75     1.0
137.0     1.0
137.25     1.0
137.5     1.0
137.75     1.0
138.0     1.0
138.25     1.0
138.5     1.0
138.75     1.0
139.0     1.0
139.25     1.0
139.5     1.0
139.75     1.0
140.0     1.0
140.25     1.0
140.5     1.0
140.75     1.0
141.0     1.0
141.25     1.0
141.5     1.0
141.75     1.0
142.0     1.0
142.25     1.0
142.5     1.0
142.75     1.0
143.0     1.0
143.25     1.0
143.5     1.0
143.75     1.0
144.0     1.0
144.25     1.0
144.5     1.0
144.75     1.0
145.0     1.0
145.25     1.0
145.5     1.0
145.75     1.0
146.0     1.0
146.25     1.0
146.5     1.0
146.75     1.0
147.0     1.0
147.25     1.0
147.5     1.0
147.75     1.0
148.0     1.0
148.25     1.0
148.5     1.0
148.75     1.0
149.0     1.0
149.25     1.0
149.5     1.0
149.75     1.0
150.0     1.0
150.25     1.0
150.5     1.0
150.75     1.0
151.0     1.0
151.25     1.0
151.5     1.0
151.75     1.0
152.0     1.0
152.25     1.0
152.5     1.0
152.75     1.0
153.0     1.0
153.25     1.0
153.5     1.0
153.75     1.0
154.0     1.0
154.25     1.0
154.5     1.0
154.75     0.998
155.0     0.998
155.25     0.998
155.5     0.998
155.75     0.998
156.0     0.998
156.25     0.998
156.5     0.998
156.75     0.998
157.0     0.998
157.25     0.998
157.5     0.998
157.75     0.998
158.0     0.998
158.25     0.998
158.5     0.998
158.75     0.998
159.0     0.998
159.25     0.998
159.5     0.998
159.75     0.998
160.0     0.998
160.25     0.998
160.5     0.998
160.75     0.998
161.0     0.998
161.25     0.998
161.5     0.998
161.75     0.998
162.0     0.998
162.25     0.998
162.5     0.998
162.75     0.998
163.0     0.998
163.25     0.998
163.5     0.998
163.75     0.998
164.0     0.998
164.25     0.998
164.5     0.998
164.75     0.998
165.0     0.998
165.25     0.998
165.5     0.998
165.75     0.998
166.0     0.998
166.25     0.998
166.5     0.998
166.75     0.998
167.0     0.998
167.25     0.998
167.5     0.998
167.75     0.998
168.0     0.998
168.25     0.998
168.5     0.998
168.75     0.998
169.0     0.998
169.25     0.998
169.5     0.998
169.75     0.998
170.0     0.998
170.25     0.998
170.5     0.998
170.75     0.998
171.0     0.998
171.25     0.998
171.5     0.998
171.75     0.998
172.0     0.998
172.25     0.998
172.5     0.998
172.75     0.998
173.0     0.998
173.25     0.998
173.5     0.998
173.75     0.998
174.0     0.998
174.25     0.998
174.5     0.998
174.75     0.998
175.0     0.998
175.25     0.998
175.5     0.998
175.75     0.998
176.0     0.998
176.25     0.998
176.5     0.998
176.75     0.998
177.0     0.998
177.25     0.998
177.5     0.998
177.75     0.998
178.0     0.998
178.25     0.998
178.5     0.998
178.75     0.998
179.0     0.998
179.25     0.998
179.5     0.998
179.75     0.998
180.0     0.998
180.25     0.998
180.5     0.998
180.75     0.998
181.0     0.998
181.25     0.998
181.5     0.998
181.75     0.998
182.0     0.998
182.25     0.998
182.5     0.998
182.75     0.998
183.0     0.998
183.25     0.998
183.5     0.998
183.75     0.998
184.0     0.998
184.25     0.998
184.5     0.998
184.75     0.998
185.0     0.998
185.25     0.998
185.5     0.998
185.75     0.998
186.0     0.998
186.25     0.998
186.5     0.998
186.75     0.998
187.0     0.996
187.25     0.996
187.5     0.996
187.75     0.996
188.0     0.996
188.25     0.996
188.5     0.996
188.75     0.996
189.0     0.996
189.25     0.996
189.5     0.996
189.75     0.996
190.0     0.996
190.25     0.996
190.5     0.996
190.75     0.996
191.0     0.996
191.25     0.996
191.5     0.996
191.75     0.996
192.0     0.996
192.25     0.996
192.5     0.996
192.75     0.996
193.0     0.996
193.25     0.996
193.5     0.996
193.75     0.996
194.0     0.996
194.25     0.996
194.5     0.996
194.75     0.996
195.0     0.996
195.25     0.996
195.5     0.996
195.75     0.996
196.0     0.996
196.25     0.996
196.5     0.994
196.75     0.994
197.0     0.994
197.25     0.994
197.5     0.994
197.75     0.994
198.0     0.994
198.25     0.994
198.5     0.994
198.75     0.994
199.0     0.994
199.25     0.994
199.5     0.994
199.75     0.994
200.0     0.994
200.25     0.994
200.5     0.994
200.75     0.994
201.0     0.994
201.25     0.994
201.5     0.994
201.75     0.994
202.0     0.994
202.25     0.994
202.5     0.994
202.75     0.994
203.0     0.992
203.25     0.992
203.5     0.992
203.75     0.992
204.0     0.992
204.25     0.992
204.5     0.992
204.75     0.992
205.0     0.992
205.25     0.992
205.5     0.992
205.75     0.992
206.0     0.992
206.25     0.992
206.5     0.992
206.75     0.992
207.0     0.992
207.25     0.992
207.5     0.992
207.75     0.992
208.0     0.992
208.25     0.992
208.5     0.992
208.75     0.992
209.0     0.992
209.25     0.992
209.5     0.992
209.75     0.992
210.0     0.992
210.25     0.992
210.5     0.992
210.75     0.99
211.0     0.99
211.25     0.99
211.5     0.99
211.75     0.99
212.0     0.99
212.25     0.99
212.5     0.988
212.75     0.988
213.0     0.988
213.25     0.988
213.5     0.988
213.75     0.986
214.0     0.986
214.25     0.986
214.5     0.986
214.75     0.986
215.0     0.986
215.25     0.986
215.5     0.986
215.75     0.986
216.0     0.986
216.25     0.986
216.5     0.986
216.75     0.986
217.0     0.986
217.25     0.986
217.5     0.986
217.75     0.986
218.0     0.986
218.25     0.986
218.5     0.984
218.75     0.984
219.0     0.984
219.25     0.984
219.5     0.984
219.75     0.984
220.0     0.984
220.25     0.982
220.5     0.982
220.75     0.984
221.0     0.984
221.25     0.982
221.5     0.982
221.75     0.982
222.0     0.982
222.25     0.982
222.5     0.982
222.75     0.98
223.0     0.98
223.25     0.98
223.5     0.98
223.75     0.98
224.0     0.98
224.25     0.98
224.5     0.978
224.75     0.978
225.0     0.978
225.25     0.978
225.5     0.978
225.75     0.978
226.0     0.976
226.25     0.976
226.5     0.976
226.75     0.976
227.0     0.976
227.25     0.974
227.5     0.972
227.75     0.972
228.0     0.972
228.25     0.972
228.5     0.972
228.75     0.972
229.0     0.97
229.25     0.97
229.5     0.97
229.75     0.97
230.0     0.97
230.25     0.97
230.5     0.97
230.75     0.97
231.0     0.97
231.25     0.97
231.5     0.97
231.75     0.97
232.0     0.97
232.25     0.97
232.5     0.97
232.75     0.97
233.0     0.97
233.25     0.97
233.5     0.968
233.75     0.968
234.0     0.968
234.25     0.968
234.5     0.968
234.75     0.968
235.0     0.966
235.25     0.966
235.5     0.966
235.75     0.966
236.0     0.966
236.25     0.966
236.5     0.966
236.75     0.966
237.0     0.964
237.25     0.964
237.5     0.964
237.75     0.964
238.0     0.964
238.25     0.964
238.5     0.964
238.75     0.964
239.0     0.964
239.25     0.964
239.5     0.964
239.75     0.964
240.0     0.964
240.25     0.964
240.5     0.964
240.75     0.964
241.0     0.964
241.25     0.964
241.5     0.964
241.75     0.964
242.0     0.964
242.25     0.964
242.5     0.964
242.75     0.964
243.0     0.964
243.25     0.964
243.5     0.964
243.75     0.964
244.0     0.964
244.25     0.964
244.5     0.964
244.75     0.964
245.0     0.964
245.25     0.964
245.5     0.964
245.75     0.964
246.0     0.962
246.25     0.96
246.5     0.96
246.75     0.96
247.0     0.96
247.25     0.96
247.5     0.96
247.75     0.96
248.0     0.96
248.25     0.96
248.5     0.96
248.75     0.96
249.0     0.96
249.25     0.96
249.5     0.96
249.75     0.96
250.0     0.96
250.25     0.96
250.5     0.96
250.75     0.96
251.0     0.96
251.25     0.96
251.5     0.96
251.75     0.96
252.0     0.96
252.25     0.96
252.5     0.96
252.75     0.96
253.0     0.96
253.25     0.96
253.5     0.96
253.75     0.96
254.0     0.96
254.25     0.96
254.5     0.96
254.75     0.958
255.0     0.958
255.25     0.958
255.5     0.958
255.75     0.958
256.0     0.958
256.25     0.958
256.5     0.958
256.75     0.958
257.0     0.958
257.25     0.958
257.5     0.958
257.75     0.958
258.0     0.958
258.25     0.958
258.5     0.958
258.75     0.958
259.0     0.958
259.25     0.958
259.5     0.958
259.75     0.958
260.0     0.958
260.25     0.958
260.5     0.958
260.75     0.956
261.0     0.956
261.25     0.956
261.5     0.956
261.75     0.956
262.0     0.956
262.25     0.956
262.5     0.956
262.75     0.956
263.0     0.956
263.25     0.956
263.5     0.954
263.75     0.954
264.0     0.952
264.25     0.952
264.5     0.952
264.75     0.952
265.0     0.952
265.25     0.952
265.5     0.952
265.75     0.952
266.0     0.952
266.25     0.952
266.5     0.952
266.75     0.952
267.0     0.952
267.25     0.952
267.5     0.952
267.75     0.952
268.0     0.952
268.25     0.952
268.5     0.952
268.75     0.952
269.0     0.95
269.25     0.948
269.5     0.946
269.75     0.946
270.0     0.946
270.25     0.946
270.5     0.944
270.75     0.944
271.0     0.942
271.25     0.944
271.5     0.944
271.75     0.946
272.0     0.944
272.25     0.942
272.5     0.942
272.75     0.94
273.0     0.94
273.25     0.942
273.5     0.942
273.75     0.942
274.0     0.942
274.25     0.942
274.5     0.942
274.75     0.942
275.0     0.942
275.25     0.942
275.5     0.94
275.75     0.94
276.0     0.94
276.25     0.94
276.5     0.94
276.75     0.94
277.0     0.938
277.25     0.934
277.5     0.934
277.75     0.932
278.0     0.932
278.25     0.932
278.5     0.932
278.75     0.932
279.0     0.932
279.25     0.932
279.5     0.93
279.75     0.93
280.0     0.93
280.25     0.928
280.5     0.926
280.75     0.926
281.0     0.926
281.25     0.926
281.5     0.926
281.75     0.926
282.0     0.926
282.25     0.926
282.5     0.926
282.75     0.926
283.0     0.924
283.25     0.924
283.5     0.924
283.75     0.924
284.0     0.922
284.25     0.918
284.5     0.918
284.75     0.916
285.0     0.916
285.25     0.916
285.5     0.914
285.75     0.914
286.0     0.914
286.25     0.916
286.5     0.914
286.75     0.912
287.0     0.91
287.25     0.91
287.5     0.91
287.75     0.91
288.0     0.91
288.25     0.91
288.5     0.908
288.75     0.908
289.0     0.906
289.25     0.906
289.5     0.904
289.75     0.904
290.0     0.902
290.25     0.902
290.5     0.902
290.75     0.902
291.0     0.902
291.25     0.902
291.5     0.9
291.75     0.9
292.0     0.9
292.25     0.9
292.5     0.9
292.75     0.898
293.0     0.898
293.25     0.898
293.5     0.898
293.75     0.898
294.0     0.898
294.25     0.898
294.5     0.898
294.75     0.898
295.0     0.898
295.25     0.898
295.5     0.898
295.75     0.898
296.0     0.898
296.25     0.898
296.5     0.896
296.75     0.896
297.0     0.896
297.25     0.896
297.5     0.896
297.75     0.896
298.0     0.896
298.25     0.896
298.5     0.896
298.75     0.896
299.0     0.896
299.25     0.896
299.5     0.896
299.75     0.896
300.0     0.896
300.25     0.896
300.5     0.894
300.75     0.894
301.0     0.894
301.25     0.894
301.5     0.892
301.75     0.892
302.0     0.892
302.25     0.89
302.5     0.888
302.75     0.886
303.0     0.886
303.25     0.886
303.5     0.886
303.75     0.886
304.0     0.886
304.25     0.886
304.5     0.886
304.75     0.886
305.0     0.886
305.25     0.886
305.5     0.886
305.75     0.884
306.0     0.884
306.25     0.884
306.5     0.884
306.75     0.882
307.0     0.882
307.25     0.878
307.5     0.878
307.75     0.878
308.0     0.878
308.25     0.878
308.5     0.878
308.75     0.878
309.0     0.878
309.25     0.878
309.5     0.878
309.75     0.876
310.0     0.876
310.25     0.876
310.5     0.874
310.75     0.874
311.0     0.872
311.25     0.872
311.5     0.872
311.75     0.87
312.0     0.87
312.25     0.868
312.5     0.866
312.75     0.866
313.0     0.866
313.25     0.864
313.5     0.864
313.75     0.864
314.0     0.864
314.25     0.864
314.5     0.862
314.75     0.862
315.0     0.86
315.25     0.86
315.5     0.86
315.75     0.858
316.0     0.858
316.25     0.858
316.5     0.858
316.75     0.858
317.0     0.858
317.25     0.856
317.5     0.852
317.75     0.852
318.0     0.846
318.25     0.846
318.5     0.844
318.75     0.842
319.0     0.842
319.25     0.842
319.5     0.84
319.75     0.84
320.0     0.84
320.25     0.84
320.5     0.84
320.75     0.84
321.0     0.838
321.25     0.838
321.5     0.838
321.75     0.838
322.0     0.836
322.25     0.836
322.5     0.836
322.75     0.836
323.0     0.836
323.25     0.836
323.5     0.836
323.75     0.834
324.0     0.834
324.25     0.834
324.5     0.834
324.75     0.832
325.0     0.832
325.25     0.832
325.5     0.832
325.75     0.83
326.0     0.83
326.25     0.83
326.5     0.83
326.75     0.83
327.0     0.828
327.25     0.828
327.5     0.828
327.75     0.828
328.0     0.83
328.25     0.83
328.5     0.83
328.75     0.83
329.0     0.83
329.25     0.83
329.5     0.828
329.75     0.828
330.0     0.828
330.25     0.828
330.5     0.828
330.75     0.828
331.0     0.824
331.25     0.824
331.5     0.824
331.75     0.82
332.0     0.818
332.25     0.818
332.5     0.816
332.75     0.816
333.0     0.816
333.25     0.816
333.5     0.816
333.75     0.816
334.0     0.816
334.25     0.814
334.5     0.814
334.75     0.814
335.0     0.814
335.25     0.814
335.5     0.814
335.75     0.814
336.0     0.814
336.25     0.814
336.5     0.812
336.75     0.812
337.0     0.812
337.25     0.812
337.5     0.81
337.75     0.81
338.0     0.81
338.25     0.81
338.5     0.808
338.75     0.806
339.0     0.806
339.25     0.806
339.5     0.804
339.75     0.802
340.0     0.802
340.25     0.8
340.5     0.8
340.75     0.802
341.0     0.802
341.25     0.802
341.5     0.802
341.75     0.802
342.0     0.802
342.25     0.802
342.5     0.8
342.75     0.8
343.0     0.8
343.25     0.8
343.5     0.8
343.75     0.8
344.0     0.798
344.25     0.794
344.5     0.794
344.75     0.792
345.0     0.792
345.25     0.792
345.5     0.79
345.75     0.79
346.0     0.79
346.25     0.788
346.5     0.788
346.75     0.786
347.0     0.782
347.25     0.782
347.5     0.782
347.75     0.78
348.0     0.78
348.25     0.778
348.5     0.778
348.75     0.776
349.0     0.776
349.25     0.776
349.5     0.776
349.75     0.774
350.0     0.774
350.25     0.774
350.5     0.774
350.75     0.774
351.0     0.774
351.25     0.774
351.5     0.774
351.75     0.774
352.0     0.774
352.25     0.774
352.5     0.774
352.75     0.774
353.0     0.774
353.25     0.772
353.5     0.772
353.75     0.772
354.0     0.77
354.25     0.77
354.5     0.77
354.75     0.768
355.0     0.768
355.25     0.768
355.5     0.766
355.75     0.766
356.0     0.762
356.25     0.758
356.5     0.758
356.75     0.756
357.0     0.756
357.25     0.756
357.5     0.756
357.75     0.754
358.0     0.754
358.25     0.754
358.5     0.754
358.75     0.754
359.0     0.752
359.25     0.748
359.5     0.748
359.75     0.746
360.0     0.744
360.25     0.744
360.5     0.744
360.75     0.744
361.0     0.744
361.25     0.744
361.5     0.744
361.75     0.746
362.0     0.746
362.25     0.746
362.5     0.746
362.75     0.742
363.0     0.742
363.25     0.742
363.5     0.74
363.75     0.74
364.0     0.74
364.25     0.74
364.5     0.738
364.75     0.738
365.0     0.736
365.25     0.736
365.5     0.736
365.75     0.736
366.0     0.734
366.25     0.732
366.5     0.732
366.75     0.732
367.0     0.73
367.25     0.73
367.5     0.73
367.75     0.73
368.0     0.728
368.25     0.728
368.5     0.728
368.75     0.726
369.0     0.726
369.25     0.726
369.5     0.726
369.75     0.724
370.0     0.724
370.25     0.724
370.5     0.724
370.75     0.724
371.0     0.722
371.25     0.722
371.5     0.722
371.75     0.722
372.0     0.722
372.25     0.722
372.5     0.722
372.75     0.722
373.0     0.722
373.25     0.722
373.5     0.722
373.75     0.722
374.0     0.722
374.25     0.722
374.5     0.722
374.75     0.722
375.0     0.722
375.25     0.72
375.5     0.716
375.75     0.716
376.0     0.716
376.25     0.714
376.5     0.712
376.75     0.712
377.0     0.712
377.25     0.714
377.5     0.714
377.75     0.714
378.0     0.714
378.25     0.714
378.5     0.714
378.75     0.714
379.0     0.712
379.25     0.71
379.5     0.71
379.75     0.71
380.0     0.708
380.25     0.708
380.5     0.708
380.75     0.708
381.0     0.708
381.25     0.706
381.5     0.706
381.75     0.704
382.0     0.704
382.25     0.704
382.5     0.704
382.75     0.704
383.0     0.704
383.25     0.704
383.5     0.704
383.75     0.702
384.0     0.702
384.25     0.702
384.5     0.702
384.75     0.702
385.0     0.7
385.25     0.698
385.5     0.698
385.75     0.696
386.0     0.694
386.25     0.694
386.5     0.694
386.75     0.692
387.0     0.69
387.25     0.688
387.5     0.688
387.75     0.688
388.0     0.684
388.25     0.684
388.5     0.684
388.75     0.68
389.0     0.68
389.25     0.68
389.5     0.678
389.75     0.678
390.0     0.678
390.25     0.678
390.5     0.678
390.75     0.678
391.0     0.678
391.25     0.676
391.5     0.676
391.75     0.676
392.0     0.676
392.25     0.674
392.5     0.674
392.75     0.676
393.0     0.676
393.25     0.676
393.5     0.674
393.75     0.674
394.0     0.672
394.25     0.672
394.5     0.672
394.75     0.668
395.0     0.668
395.25     0.664
395.5     0.662
395.75     0.66
396.0     0.66
396.25     0.656
396.5     0.656
396.75     0.656
397.0     0.656
397.25     0.656
397.5     0.656
397.75     0.656
398.0     0.654
398.25     0.654
398.5     0.652
398.75     0.65
399.0     0.65
399.25     0.65
399.5     0.65
399.75     0.65
400.0     0.648
400.25     0.644
400.5     0.642
400.75     0.642
401.0     0.64
401.25     0.638
401.5     0.636
401.75     0.636
402.0     0.636
402.25     0.636
402.5     0.636
402.75     0.636
403.0     0.638
403.25     0.638
403.5     0.638
403.75     0.636
404.0     0.636
404.25     0.636
404.5     0.636
404.75     0.636
405.0     0.636
405.25     0.636
405.5     0.636
405.75     0.636
406.0     0.636
406.25     0.636
406.5     0.632
406.75     0.632
407.0     0.632
407.25     0.632
407.5     0.628
407.75     0.626
408.0     0.624
408.25     0.624
408.5     0.622
408.75     0.62
409.0     0.62
409.25     0.62
409.5     0.618
409.75     0.618
410.0     0.618
410.25     0.618
410.5     0.616
410.75     0.614
411.0     0.614
411.25     0.614
411.5     0.614
411.75     0.614
412.0     0.612
412.25     0.612
412.5     0.61
412.75     0.608
413.0     0.608
413.25     0.606
413.5     0.606
413.75     0.606
414.0     0.606
414.25     0.602
414.5     0.602
414.75     0.602
415.0     0.602
415.25     0.602
415.5     0.602
415.75     0.602
416.0     0.6
416.25     0.6
416.5     0.6
416.75     0.6
417.0     0.6
417.25     0.598
417.5     0.598
417.75     0.596
418.0     0.596
418.25     0.594
418.5     0.594
418.75     0.594
419.0     0.594
419.25     0.592
419.5     0.588
419.75     0.588
420.0     0.584
420.25     0.584
420.5     0.584
420.75     0.582
421.0     0.582
421.25     0.582
421.5     0.582
421.75     0.582
422.0     0.582
422.25     0.582
422.5     0.578
422.75     0.578
423.0     0.578
423.25     0.576
423.5     0.576
423.75     0.576
424.0     0.576
424.25     0.576
424.5     0.572
424.75     0.572
425.0     0.574
425.25     0.574
425.5     0.574
425.75     0.574
426.0     0.574
426.25     0.574
426.5     0.574
426.75     0.574
427.0     0.572
427.25     0.57
427.5     0.57
427.75     0.568
428.0     0.566
428.25     0.566
428.5     0.564
428.75     0.562
429.0     0.562
429.25     0.562
429.5     0.562
429.75     0.562
430.0     0.562
430.25     0.562
430.5     0.562
430.75     0.562
431.0     0.562
431.25     0.562
431.5     0.562
431.75     0.56
432.0     0.56
432.25     0.56
432.5     0.556
432.75     0.554
433.0     0.552
433.25     0.552
433.5     0.552
433.75     0.552
434.0     0.552
434.25     0.55
434.5     0.55
434.75     0.55
435.0     0.55
435.25     0.552
435.5     0.552
435.75     0.548
436.0     0.548
436.25     0.548
436.5     0.548
436.75     0.546
437.0     0.546
437.25     0.544
437.5     0.544
437.75     0.544
438.0     0.544
438.25     0.542
438.5     0.542
438.75     0.542
439.0     0.542
439.25     0.542
439.5     0.54
439.75     0.542
440.0     0.54
440.25     0.54
440.5     0.54
440.75     0.54
441.0     0.54
441.25     0.54
441.5     0.54
441.75     0.54
442.0     0.54
442.25     0.536
442.5     0.536
442.75     0.536
443.0     0.536
443.25     0.534
443.5     0.532
443.75     0.532
444.0     0.532
444.25     0.532
444.5     0.532
444.75     0.532
445.0     0.53
445.25     0.53
445.5     0.53
445.75     0.528
446.0     0.53
446.25     0.53
446.5     0.53
446.75     0.53
447.0     0.526
447.25     0.524
447.5     0.522
447.75     0.522
448.0     0.52
448.25     0.518
448.5     0.514
448.75     0.514
449.0     0.514
449.25     0.514
449.5     0.516
449.75     0.512
450.0     0.512
450.25     0.512
450.5     0.512
450.75     0.512
451.0     0.514
451.25     0.514
451.5     0.514
451.75     0.514
452.0     0.514
452.25     0.514
452.5     0.51
452.75     0.508
453.0     0.508
453.25     0.508
453.5     0.508
453.75     0.508
454.0     0.508
454.25     0.508
454.5     0.508
454.75     0.506
455.0     0.506
455.25     0.506
455.5     0.506
455.75     0.502
456.0     0.502
456.25     0.502
456.5     0.502
456.75     0.5
457.0     0.5
457.25     0.5
457.5     0.5
457.75     0.5
458.0     0.5
458.25     0.5
458.5     0.5
458.75     0.5
459.0     0.5
459.25     0.5
459.5     0.5
459.75     0.5
460.0     0.5
460.25     0.5
460.5     0.5
460.75     0.5
461.0     0.5
461.25     0.5
461.5     0.5
461.75     0.5
462.0     0.5
462.25     0.5
462.5     0.5
462.75     0.5
463.0     0.5
463.25     0.5
463.5     0.5
463.75     0.5
464.0     0.5
464.25     0.5
464.5     0.5
464.75     0.5
465.0     0.5
465.25     0.498
465.5     0.496
465.75     0.496
466.0     0.494
466.25     0.494
466.5     0.494
466.75     0.496
467.0     0.496
467.25     0.496
467.5     0.496
467.75     0.496
468.0     0.496
468.25     0.496
468.5     0.496
468.75     0.498
469.0     0.498
469.25     0.496
469.5     0.496
469.75     0.496
470.0     0.492
470.25     0.49
470.5     0.488
470.75     0.49
471.0     0.488
471.25     0.488
471.5     0.486
471.75     0.486
472.0     0.486
472.25     0.484
472.5     0.484
472.75     0.484
473.0     0.484
473.25     0.482
473.5     0.482
473.75     0.482
474.0     0.482
474.25     0.482
474.5     0.482
474.75     0.482
475.0     0.482
475.25     0.484
475.5     0.482
475.75     0.48
476.0     0.476
476.25     0.476
476.5     0.476
476.75     0.476
477.0     0.476
477.25     0.476
477.5     0.476
477.75     0.474
478.0     0.474
478.25     0.474
478.5     0.474
478.75     0.474
479.0     0.472
479.25     0.472
479.5     0.472
479.75     0.472
480.0     0.472
480.25     0.472
480.5     0.47
480.75     0.47
481.0     0.47
481.25     0.47
481.5     0.468
481.75     0.468
482.0     0.466
482.25     0.466
482.5     0.466
482.75     0.466
483.0     0.466
483.25     0.462
483.5     0.462
483.75     0.462
484.0     0.46
484.25     0.46
484.5     0.46
484.75     0.46
485.0     0.458
485.25     0.458
485.5     0.458
485.75     0.458
486.0     0.458
486.25     0.458
486.5     0.458
486.75     0.458
487.0     0.456
487.25     0.456
487.5     0.454
487.75     0.45
488.0     0.448
488.25     0.448
488.5     0.448
488.75     0.448
489.0     0.448
489.25     0.446
489.5     0.446
489.75     0.444
490.0     0.444
490.25     0.444
490.5     0.444
490.75     0.444
491.0     0.444
491.25     0.444
491.5     0.444
491.75     0.444
492.0     0.442
492.25     0.442
492.5     0.44
492.75     0.44
493.0     0.44
493.25     0.438
493.5     0.438
493.75     0.438
494.0     0.438
494.25     0.438
494.5     0.438
494.75     0.438
495.0     0.438
495.25     0.438
495.5     0.438
495.75     0.438
496.0     0.438
496.25     0.438
496.5     0.438
496.75     0.438
497.0     0.438
497.25     0.438
497.5     0.438
497.75     0.438
498.0     0.438
498.25     0.438
498.5     0.438
498.75     0.436
499.0     0.436
499.25     0.434
499.5     0.434
499.75     0.434
500.0     0.434
500.25     0.432
500.5     0.432
500.75     0.432
501.0     0.432
501.25     0.432
501.5     0.432
501.75     0.432
502.0     0.43
502.25     0.43
502.5     0.43
502.75     0.43
503.0     0.428
503.25     0.428
503.5     0.428
503.75     0.428
504.0     0.428
504.25     0.428
504.5     0.428
504.75     0.428
505.0     0.428
505.25     0.428
505.5     0.428
505.75     0.428
506.0     0.428
506.25     0.426
506.5     0.424
506.75     0.424
507.0     0.426
507.25     0.426
507.5     0.426
507.75     0.422
508.0     0.422
508.25     0.422
508.5     0.422
508.75     0.42
509.0     0.42
509.25     0.42
509.5     0.42
509.75     0.416
510.0     0.414
510.25     0.414
510.5     0.412
510.75     0.41
511.0     0.412
511.25     0.412
511.5     0.41
511.75     0.41
512.0     0.41
512.25     0.41
512.5     0.41
512.75     0.408
513.0     0.408
513.25     0.408
513.5     0.408
513.75     0.406
514.0     0.402
514.25     0.402
514.5     0.4
514.75     0.402
515.0     0.402
515.25     0.4
515.5     0.4
515.75     0.4
516.0     0.402
516.25     0.402
516.5     0.402
516.75     0.402
517.0     0.402
517.25     0.402
517.5     0.402
517.75     0.402
518.0     0.402
518.25     0.402
518.5     0.402
518.75     0.402
519.0     0.402
519.25     0.4
519.5     0.4
519.75     0.4
520.0     0.4
520.25     0.4
520.5     0.4
520.75     0.4
521.0     0.4
521.25     0.402
521.5     0.402
521.75     0.402
522.0     0.402
522.25     0.402
522.5     0.402
522.75     0.402
523.0     0.402
523.25     0.402
523.5     0.402
523.75     0.396
524.0     0.396
524.25     0.394
524.5     0.394
524.75     0.394
525.0     0.394
525.25     0.394
525.5     0.394
525.75     0.394
526.0     0.394
526.25     0.394
526.5     0.394
526.75     0.394
527.0     0.392
527.25     0.392
527.5     0.392
527.75     0.392
528.0     0.39
528.25     0.39
528.5     0.388
528.75     0.388
529.0     0.386
529.25     0.386
529.5     0.386
529.75     0.386
530.0     0.386
530.25     0.386
530.5     0.384
530.75     0.384
531.0     0.382
531.25     0.382
531.5     0.382
531.75     0.382
532.0     0.382
532.25     0.382
532.5     0.382
532.75     0.382
533.0     0.382
533.25     0.38
533.5     0.38
533.75     0.38
534.0     0.378
534.25     0.378
534.5     0.378
534.75     0.376
535.0     0.376
535.25     0.376
535.5     0.376
535.75     0.376
536.0     0.374
536.25     0.374
536.5     0.374
536.75     0.374
537.0     0.374
537.25     0.374
537.5     0.374
537.75     0.374
538.0     0.374
538.25     0.376
538.5     0.376
538.75     0.376
539.0     0.376
539.25     0.376
539.5     0.374
539.75     0.374
540.0     0.374
540.25     0.372
540.5     0.372
540.75     0.372
541.0     0.372
541.25     0.372
541.5     0.372
541.75     0.372
542.0     0.372
542.25     0.372
542.5     0.37
542.75     0.368
543.0     0.366
543.25     0.366
543.5     0.364
543.75     0.364
544.0     0.364
544.25     0.364
544.5     0.364
544.75     0.364
545.0     0.362
545.25     0.36
545.5     0.36
545.75     0.36
546.0     0.36
546.25     0.36
546.5     0.36
546.75     0.36
547.0     0.358
547.25     0.354
547.5     0.354
547.75     0.354
548.0     0.354
548.25     0.354
548.5     0.354
548.75     0.354
549.0     0.354
549.25     0.352
549.5     0.352
549.75     0.352
550.0     0.35
550.25     0.35
550.5     0.35
550.75     0.35
551.0     0.35
551.25     0.35
551.5     0.348
551.75     0.348
552.0     0.346
552.25     0.346
552.5     0.346
552.75     0.346
553.0     0.346
553.25     0.344
553.5     0.342
553.75     0.34
554.0     0.34
554.25     0.34
554.5     0.34
554.75     0.34
555.0     0.34
555.25     0.34
555.5     0.34
555.75     0.34
556.0     0.338
556.25     0.334
556.5     0.334
556.75     0.334
557.0     0.334
557.25     0.332
557.5     0.332
557.75     0.33
558.0     0.328
558.25     0.328
558.5     0.328
558.75     0.328
559.0     0.33
559.25     0.33
559.5     0.33
559.75     0.33
560.0     0.33
560.25     0.33
560.5     0.328
560.75     0.328
561.0     0.326
561.25     0.324
561.5     0.324
561.75     0.322
562.0     0.324
562.25     0.324
562.5     0.32
562.75     0.318
563.0     0.318
563.25     0.318
563.5     0.318
563.75     0.318
564.0     0.318
564.25     0.318
564.5     0.316
564.75     0.316
565.0     0.316
565.25     0.316
565.5     0.316
565.75     0.316
566.0     0.314
566.25     0.314
566.5     0.314
566.75     0.314
567.0     0.314
567.25     0.314
567.5     0.314
567.75     0.314
568.0     0.314
568.25     0.314
568.5     0.316
568.75     0.314
569.0     0.314
569.25     0.314
569.5     0.312
569.75     0.312
570.0     0.31
570.25     0.31
570.5     0.31
570.75     0.31
571.0     0.312
571.25     0.312
571.5     0.312
571.75     0.314
572.0     0.314
572.25     0.314
572.5     0.314
572.75     0.314
573.0     0.314
573.25     0.314
573.5     0.314
573.75     0.314
574.0     0.314
574.25     0.314
574.5     0.314
574.75     0.314
575.0     0.314
575.25     0.314
575.5     0.314
575.75     0.314
576.0     0.312
576.25     0.312
576.5     0.314
576.75     0.314
577.0     0.314
577.25     0.312
577.5     0.312
577.75     0.312
578.0     0.31
578.25     0.31
578.5     0.31
578.75     0.308
579.0     0.308
579.25     0.308
579.5     0.308
579.75     0.308
580.0     0.308
580.25     0.308
580.5     0.308
580.75     0.308
581.0     0.308
581.25     0.308
581.5     0.308
581.75     0.308
582.0     0.304
582.25     0.304
582.5     0.302
582.75     0.3
583.0     0.3
583.25     0.3
583.5     0.298
583.75     0.298
584.0     0.298
584.25     0.298
584.5     0.298
584.75     0.298
585.0     0.298
585.25     0.298
585.5     0.298
585.75     0.298
586.0     0.298
586.25     0.298
586.5     0.298
586.75     0.296
587.0     0.296
587.25     0.296
587.5     0.296
587.75     0.296
588.0     0.296
588.25     0.296
588.5     0.296
588.75     0.296
589.0     0.296
589.25     0.296
589.5     0.294
589.75     0.294
590.0     0.294
590.25     0.294
590.5     0.292
590.75     0.29
591.0     0.29
591.25     0.29
591.5     0.288
591.75     0.286
592.0     0.288
592.25     0.288
592.5     0.288
592.75     0.288
593.0     0.288
593.25     0.286
593.5     0.286
593.75     0.284
594.0     0.284
594.25     0.284
594.5     0.284
594.75     0.284
595.0     0.284
595.25     0.284
595.5     0.284
595.75     0.286
596.0     0.286
596.25     0.286
596.5     0.286
596.75     0.286
597.0     0.286
597.25     0.286
597.5     0.286
597.75     0.282
598.0     0.282
598.25     0.284
598.5     0.284
598.75     0.284
599.0     0.284
599.25     0.284
599.5     0.284
599.75     0.284
600.0     0.284
600.25     0.284
600.5     0.284
600.75     0.282
601.0     0.282
601.25     0.282
601.5     0.28
601.75     0.28
602.0     0.28
602.25     0.28
602.5     0.28
602.75     0.28
603.0     0.28
603.25     0.278
603.5     0.28
603.75     0.28
604.0     0.28
604.25     0.278
604.5     0.278
604.75     0.278
605.0     0.278
605.25     0.278
605.5     0.278
605.75     0.278
606.0     0.276
606.25     0.276
606.5     0.274
606.75     0.274
607.0     0.272
607.25     0.272
607.5     0.272
607.75     0.272
608.0     0.272
608.25     0.272
608.5     0.27
608.75     0.268
609.0     0.268
609.25     0.268
609.5     0.268
609.75     0.268
610.0     0.268
610.25     0.268
610.5     0.268
610.75     0.266
611.0     0.266
611.25     0.266
611.5     0.266
611.75     0.262
612.0     0.262
612.25     0.262
612.5     0.262
612.75     0.262
613.0     0.262
613.25     0.262
613.5     0.262
613.75     0.262
614.0     0.262
614.25     0.26
614.5     0.26
614.75     0.26
615.0     0.26
615.25     0.258
615.5     0.258
615.75     0.258
616.0     0.258
616.25     0.258
616.5     0.256
616.75     0.256
617.0     0.256
617.25     0.256
617.5     0.256
617.75     0.256
618.0     0.258
618.25     0.258
618.5     0.256
618.75     0.256
619.0     0.256
619.25     0.256
619.5     0.256
619.75     0.254
620.0     0.254
620.25     0.254
620.5     0.254
620.75     0.252
621.0     0.252
621.25     0.252
621.5     0.25
621.75     0.25
622.0     0.25
622.25     0.25
622.5     0.25
622.75     0.252
623.0     0.252
623.25     0.25
623.5     0.25
623.75     0.25
624.0     0.25
624.25     0.25
624.5     0.248
624.75     0.248
625.0     0.248
625.25     0.248
625.5     0.248
625.75     0.246
626.0     0.244
626.25     0.244
626.5     0.244
626.75     0.244
627.0     0.242
627.25     0.242
627.5     0.242
627.75     0.242
628.0     0.242
628.25     0.242
628.5     0.242
628.75     0.242
629.0     0.242
629.25     0.242
629.5     0.242
629.75     0.24
630.0     0.24
630.25     0.24
630.5     0.238
630.75     0.236
631.0     0.234
631.25     0.234
631.5     0.234
631.75     0.234
632.0     0.232
632.25     0.232
632.5     0.232
632.75     0.232
633.0     0.23
633.25     0.23
633.5     0.23
633.75     0.23
634.0     0.228
634.25     0.228
634.5     0.228
634.75     0.228
635.0     0.228
635.25     0.228
635.5     0.228
635.75     0.228
636.0     0.228
636.25     0.226
636.5     0.226
636.75     0.226
637.0     0.226
637.25     0.224
637.5     0.224
637.75     0.224
638.0     0.226
638.25     0.226
638.5     0.226
638.75     0.224
639.0     0.224
639.25     0.224
639.5     0.224
639.75     0.222
640.0     0.22
640.25     0.22
640.5     0.22
640.75     0.22
641.0     0.22
641.25     0.218
641.5     0.218
641.75     0.218
642.0     0.218
642.25     0.218
642.5     0.218
642.75     0.218
643.0     0.218
643.25     0.218
643.5     0.218
643.75     0.218
644.0     0.218
644.25     0.216
644.5     0.216
644.75     0.216
645.0     0.216
645.25     0.216
645.5     0.216
645.75     0.216
646.0     0.216
646.25     0.214
646.5     0.214
646.75     0.214
647.0     0.214
647.25     0.214
647.5     0.214
647.75     0.214
648.0     0.214
648.25     0.214
648.5     0.214
648.75     0.214
649.0     0.214
649.25     0.214
649.5     0.21
649.75     0.21
650.0     0.21
650.25     0.21
650.5     0.208
650.75     0.208
651.0     0.206
651.25     0.206
651.5     0.206
651.75     0.206
652.0     0.206
652.25     0.206
652.5     0.206
652.75     0.206
653.0     0.206
653.25     0.204
653.5     0.204
653.75     0.202
654.0     0.202
654.25     0.202
654.5     0.202
654.75     0.202
655.0     0.202
655.25     0.202
655.5     0.202
655.75     0.202
656.0     0.2
656.25     0.2
656.5     0.2
656.75     0.198
657.0     0.198
657.25     0.2
657.5     0.2
657.75     0.2
658.0     0.2
658.25     0.2
658.5     0.2
658.75     0.2
659.0     0.2
659.25     0.2
659.5     0.2
659.75     0.2
660.0     0.2
660.25     0.2
660.5     0.2
660.75     0.2
661.0     0.2
661.25     0.2
661.5     0.2
661.75     0.2
662.0     0.2
662.25     0.198
662.5     0.196
662.75     0.196
663.0     0.196
663.25     0.196
663.5     0.196
663.75     0.196
664.0     0.196
664.25     0.196
664.5     0.196
664.75     0.196
665.0     0.196
665.25     0.196
665.5     0.194
665.75     0.194
666.0     0.194
666.25     0.194
666.5     0.194
666.75     0.19
667.0     0.188
667.25     0.188
667.5     0.188
667.75     0.188
668.0     0.188
668.25     0.188
668.5     0.186
668.75     0.184
669.0     0.182
669.25     0.182
669.5     0.182
669.75     0.182
670.0     0.18
670.25     0.18
670.5     0.18
670.75     0.18
671.0     0.18
671.25     0.18
671.5     0.18
671.75     0.18
672.0     0.18
672.25     0.18
672.5     0.18
672.75     0.18
673.0     0.18
673.25     0.18
673.5     0.18
673.75     0.18
674.0     0.18
674.25     0.178
674.5     0.176
674.75     0.176
675.0     0.176
675.25     0.174
675.5     0.174
675.75     0.174
676.0     0.17
676.25     0.17
676.5     0.17
676.75     0.17
677.0     0.17
677.25     0.17
677.5     0.17
677.75     0.17
678.0     0.17
678.25     0.17
678.5     0.17
678.75     0.17
679.0     0.17
679.25     0.17
679.5     0.17
679.75     0.17
680.0     0.17
680.25     0.17
680.5     0.17
680.75     0.17
681.0     0.168
681.25     0.168
681.5     0.168
681.75     0.168
682.0     0.168
682.25     0.168
682.5     0.166
682.75     0.166
683.0     0.166
683.25     0.166
683.5     0.166
683.75     0.166
684.0     0.164
684.25     0.164
684.5     0.164
684.75     0.162
685.0     0.162
685.25     0.162
685.5     0.162
685.75     0.162
686.0     0.162
686.25     0.162
686.5     0.162
686.75     0.16
687.0     0.16
687.25     0.158
687.5     0.158
687.75     0.156
688.0     0.156
688.25     0.156
688.5     0.156
688.75     0.156
689.0     0.156
689.25     0.156
689.5     0.154
689.75     0.152
690.0     0.152
690.25     0.152
690.5     0.152
690.75     0.152
691.0     0.152
691.25     0.152
691.5     0.152
691.75     0.152
692.0     0.152
692.25     0.152
692.5     0.15
692.75     0.15
693.0     0.15
693.25     0.15
693.5     0.15
693.75     0.15
694.0     0.15
694.25     0.148
694.5     0.148
694.75     0.148
695.0     0.148
695.25     0.148
695.5     0.148
695.75     0.146
696.0     0.146
696.25     0.146
696.5     0.146
696.75     0.146
697.0     0.144
697.25     0.144
697.5     0.144
697.75     0.144
698.0     0.144
698.25     0.144
698.5     0.142
698.75     0.142
699.0     0.144
699.25     0.144
699.5     0.142
699.75     0.142
700.0     0.142
700.25     0.142
700.5     0.142
700.75     0.142
701.0     0.142
701.25     0.142
701.5     0.142
701.75     0.142
702.0     0.142
702.25     0.142
702.5     0.142
702.75     0.142
703.0     0.142
703.25     0.142
703.5     0.142
703.75     0.142
704.0     0.142
704.25     0.14
704.5     0.14
704.75     0.14
705.0     0.14
705.25     0.14
705.5     0.14
705.75     0.14
706.0     0.14
706.25     0.14
706.5     0.138
706.75     0.138
707.0     0.138
707.25     0.138
707.5     0.138
707.75     0.138
708.0     0.138
708.25     0.14
708.5     0.142
708.75     0.14
709.0     0.14
709.25     0.138
709.5     0.138
709.75     0.138
710.0     0.138
710.25     0.14
710.5     0.14
710.75     0.14
711.0     0.14
711.25     0.136
711.5     0.136
711.75     0.136
712.0     0.136
712.25     0.136
712.5     0.136
712.75     0.136
713.0     0.136
713.25     0.136
713.5     0.136
713.75     0.136
714.0     0.136
714.25     0.136
714.5     0.136
714.75     0.136
715.0     0.136
715.25     0.136
715.5     0.132
715.75     0.132
716.0     0.13
716.25     0.13
716.5     0.13
716.75     0.13
717.0     0.128
717.25     0.128
717.5     0.128
717.75     0.128
718.0     0.128
718.25     0.13
718.5     0.128
718.75     0.128
719.0     0.128
719.25     0.126
719.5     0.126
719.75     0.126
720.0     0.126
720.25     0.126
720.5     0.126
720.75     0.126
721.0     0.126
721.25     0.126
721.5     0.126
721.75     0.128
722.0     0.128
722.25     0.128
722.5     0.128
722.75     0.128
723.0     0.126
723.25     0.126
723.5     0.126
723.75     0.126
724.0     0.126
724.25     0.126
724.5     0.126
724.75     0.122
725.0     0.122
725.25     0.122
725.5     0.122
725.75     0.122
726.0     0.122
726.25     0.122
726.5     0.122
726.75     0.122
727.0     0.12
727.25     0.118
727.5     0.118
727.75     0.118
728.0     0.118
728.25     0.118
728.5     0.118
728.75     0.118
729.0     0.118
729.25     0.118
729.5     0.118
729.75     0.118
730.0     0.118
730.25     0.118
730.5     0.118
730.75     0.118
731.0     0.118
731.25     0.118
731.5     0.118
731.75     0.118
732.0     0.118
732.25     0.118
732.5     0.118
732.75     0.118
733.0     0.118
733.25     0.118
733.5     0.116
733.75     0.116
734.0     0.116
734.25     0.116
734.5     0.116
734.75     0.116
735.0     0.116
735.25     0.114
735.5     0.116
735.75     0.116
736.0     0.116
736.25     0.116
736.5     0.116
736.75     0.116
737.0     0.116
737.25     0.116
737.5     0.116
737.75     0.116
738.0     0.114
738.25     0.114
738.5     0.114
738.75     0.114
739.0     0.114
739.25     0.114
739.5     0.114
739.75     0.114
740.0     0.114
740.25     0.114
740.5     0.114
740.75     0.114
741.0     0.114
741.25     0.114
741.5     0.114
741.75     0.114
742.0     0.112
742.25     0.11
742.5     0.11
742.75     0.11
743.0     0.11
743.25     0.11
743.5     0.108
743.75     0.108
744.0     0.106
744.25     0.102
744.5     0.102
744.75     0.102
745.0     0.102
745.25     0.102
745.5     0.102
745.75     0.102
746.0     0.1
746.25     0.1
746.5     0.1
746.75     0.102
747.0     0.102
747.25     0.102
747.5     0.102
747.75     0.102
748.0     0.102
748.25     0.102
748.5     0.102
748.75     0.102
749.0     0.104
749.25     0.102
749.5     0.102
749.75     0.102
750.0     0.102
750.25     0.102
750.5     0.1
750.75     0.102
751.0     0.102
751.25     0.102
751.5     0.102
751.75     0.102
752.0     0.1
752.25     0.1
752.5     0.098
752.75     0.098
753.0     0.098
753.25     0.098
753.5     0.096
753.75     0.096
754.0     0.096
754.25     0.096
754.5     0.096
754.75     0.096
755.0     0.094
755.25     0.094
755.5     0.094
755.75     0.094
756.0     0.094
756.25     0.094
756.5     0.092
756.75     0.092
757.0     0.092
757.25     0.092
757.5     0.092
757.75     0.092
758.0     0.092
758.25     0.094
758.5     0.094
758.75     0.094
759.0     0.094
759.25     0.094
759.5     0.094
759.75     0.094
760.0     0.094
760.25     0.094
760.5     0.094
760.75     0.094
761.0     0.094
761.25     0.092
761.5     0.094
761.75     0.092
762.0     0.09
762.25     0.09
762.5     0.09
762.75     0.09
763.0     0.09
763.25     0.09
763.5     0.09
763.75     0.088
764.0     0.088
764.25     0.088
764.5     0.088
764.75     0.088
765.0     0.086
765.25     0.086
765.5     0.086
765.75     0.086
766.0     0.086
766.25     0.086
766.5     0.086
766.75     0.086
767.0     0.086
767.25     0.086
767.5     0.086
767.75     0.086
768.0     0.086
768.25     0.084
768.5     0.084
768.75     0.084
769.0     0.084
769.25     0.084
769.5     0.084
769.75     0.084
770.0     0.084
770.25     0.084
770.5     0.084
770.75     0.084
771.0     0.084
771.25     0.084
771.5     0.084
771.75     0.084
772.0     0.084
772.25     0.084
772.5     0.084
772.75     0.082
773.0     0.082
773.25     0.082
773.5     0.082
773.75     0.082
774.0     0.082
774.25     0.08
774.5     0.08
774.75     0.08
775.0     0.08
775.25     0.08
775.5     0.08
775.75     0.08
776.0     0.08
776.25     0.08
776.5     0.08
776.75     0.08
777.0     0.08
777.25     0.08
777.5     0.08
777.75     0.08
778.0     0.08
778.25     0.08
778.5     0.08
778.75     0.08
779.0     0.08
779.25     0.08
779.5     0.08
779.75     0.08
780.0     0.08
780.25     0.078
780.5     0.078
780.75     0.078
781.0     0.078
781.25     0.078
781.5     0.078
781.75     0.078
782.0     0.078
782.25     0.078
782.5     0.078
782.75     0.078
783.0     0.078
783.25     0.078
783.5     0.078
783.75     0.078
784.0     0.078
784.25     0.078
784.5     0.078
784.75     0.078
785.0     0.076
785.25     0.076
785.5     0.076
785.75     0.076
786.0     0.076
786.25     0.076
786.5     0.076
786.75     0.076
787.0     0.074
787.25     0.074
787.5     0.074
787.75     0.074
788.0     0.074
788.25     0.074
788.5     0.074
788.75     0.074
789.0     0.074
789.25     0.074
789.5     0.074
789.75     0.074
790.0     0.074
790.25     0.074
790.5     0.074
790.75     0.074
791.0     0.074
791.25     0.074
791.5     0.074
791.75     0.074
792.0     0.074
792.25     0.074
792.5     0.074
792.75     0.074
793.0     0.074
793.25     0.074
793.5     0.074
793.75     0.074
794.0     0.074
794.25     0.074
794.5     0.074
794.75     0.074
795.0     0.072
795.25     0.072
795.5     0.07
795.75     0.07
796.0     0.066
796.25     0.066
796.5     0.066
796.75     0.066
797.0     0.066
797.25     0.066
797.5     0.066
797.75     0.066
798.0     0.066
798.25     0.066
798.5     0.066
798.75     0.066
799.0     0.066
799.25     0.066
799.5     0.066
799.75     0.066
800.0     0.066
800.25     0.066
800.5     0.066
800.75     0.066
801.0     0.066
801.25     0.066
801.5     0.066
801.75     0.066
802.0     0.066
802.25     0.066
802.5     0.066
802.75     0.066
803.0     0.066
803.25     0.066
803.5     0.066
803.75     0.066
804.0     0.066
804.25     0.066
804.5     0.066
804.75     0.066
805.0     0.066
805.25     0.066
805.5     0.066
805.75     0.066
806.0     0.066
806.25     0.066
806.5     0.064
806.75     0.064
807.0     0.064
807.25     0.064
807.5     0.064
807.75     0.064
808.0     0.062
808.25     0.062
808.5     0.062
808.75     0.062
809.0     0.062
809.25     0.062
809.5     0.062
809.75     0.062
810.0     0.062
810.25     0.062
810.5     0.062
810.75     0.062
811.0     0.06
811.25     0.06
811.5     0.06
811.75     0.06
812.0     0.06
812.25     0.06
812.5     0.06
812.75     0.06
813.0     0.06
813.25     0.06
813.5     0.06
813.75     0.06
814.0     0.06
814.25     0.06
814.5     0.06
814.75     0.06
815.0     0.06
815.25     0.06
815.5     0.06
815.75     0.06
816.0     0.06
816.25     0.06
816.5     0.06
816.75     0.06
817.0     0.06
817.25     0.06
817.5     0.06
817.75     0.06
818.0     0.06
818.25     0.06
818.5     0.06
818.75     0.06
819.0     0.06
819.25     0.06
819.5     0.058
819.75     0.058
820.0     0.058
820.25     0.056
820.5     0.056
820.75     0.056
821.0     0.056
821.25     0.056
821.5     0.056
821.75     0.056
822.0     0.056
822.25     0.056
822.5     0.056
822.75     0.056
823.0     0.056
823.25     0.056
823.5     0.056
823.75     0.056
824.0     0.056
824.25     0.056
824.5     0.056
824.75     0.056
825.0     0.054
825.25     0.054
825.5     0.052
825.75     0.052
826.0     0.052
826.25     0.052
826.5     0.052
826.75     0.052
827.0     0.052
827.25     0.052
827.5     0.052
827.75     0.052
828.0     0.052
828.25     0.052
828.5     0.052
828.75     0.054
829.0     0.054
829.25     0.054
829.5     0.054
829.75     0.054
830.0     0.054
830.25     0.054
830.5     0.054
830.75     0.054
831.0     0.054
831.25     0.054
831.5     0.054
831.75     0.054
832.0     0.054
832.25     0.054
832.5     0.054
832.75     0.054
833.0     0.054
833.25     0.054
833.5     0.054
833.75     0.054
834.0     0.054
834.25     0.054
834.5     0.054
834.75     0.054
835.0     0.054
835.25     0.054
835.5     0.054
835.75     0.054
836.0     0.054
836.25     0.052
836.5     0.052
836.75     0.052
837.0     0.052
837.25     0.052
837.5     0.052
837.75     0.052
838.0     0.052
838.25     0.052
838.5     0.052
838.75     0.052
839.0     0.052
839.25     0.052
839.5     0.052
839.75     0.052
840.0     0.052
840.25     0.052
840.5     0.052
840.75     0.052
841.0     0.05
841.25     0.05
841.5     0.05
841.75     0.05
842.0     0.05
842.25     0.05
842.5     0.05
842.75     0.05
843.0     0.05
843.25     0.05
843.5     0.05
843.75     0.05
844.0     0.05
844.25     0.05
844.5     0.05
844.75     0.05
845.0     0.05
845.25     0.05
845.5     0.05
845.75     0.05
846.0     0.05
846.25     0.05
846.5     0.05
846.75     0.05
847.0     0.05
847.25     0.05
847.5     0.05
847.75     0.05
848.0     0.05
848.25     0.05
848.5     0.05
848.75     0.05
849.0     0.05
849.25     0.05
849.5     0.05
849.75     0.05
850.0     0.05
850.25     0.05
850.5     0.05
850.75     0.05
851.0     0.05
851.25     0.05
851.5     0.05
851.75     0.05
852.0     0.05
852.25     0.05
852.5     0.05
852.75     0.05
853.0     0.05
853.25     0.05
853.5     0.05
853.75     0.05
854.0     0.05
854.25     0.048
854.5     0.048
854.75     0.048
855.0     0.048
855.25     0.048
855.5     0.048
855.75     0.048
856.0     0.048
856.25     0.048
856.5     0.048
856.75     0.046
857.0     0.046
857.25     0.046
857.5     0.046
857.75     0.046
858.0     0.046
858.25     0.046
858.5     0.046
858.75     0.046
859.0     0.046
859.25     0.046
859.5     0.046
859.75     0.046
860.0     0.046
860.25     0.046
860.5     0.046
860.75     0.046
861.0     0.046
861.25     0.046
861.5     0.046
861.75     0.046
862.0     0.046
862.25     0.046
862.5     0.046
862.75     0.046
863.0     0.046
863.25     0.046
863.5     0.044
863.75     0.044
864.0     0.044
864.25     0.044
864.5     0.044
864.75     0.044
865.0     0.044
865.25     0.044
865.5     0.044
865.75     0.044
866.0     0.044
866.25     0.044
866.5     0.044
866.75     0.042
867.0     0.042
867.25     0.042
867.5     0.042
867.75     0.042
868.0     0.042
868.25     0.042
868.5     0.042
868.75     0.042
869.0     0.042
869.25     0.04
869.5     0.04
869.75     0.04
870.0     0.04
870.25     0.04
870.5     0.04
870.75     0.04
871.0     0.04
871.25     0.04
871.5     0.04
871.75     0.038
872.0     0.038
872.25     0.038
872.5     0.038
872.75     0.038
873.0     0.038
873.25     0.038
873.5     0.038
873.75     0.038
874.0     0.038
874.25     0.038
874.5     0.038
874.75     0.038
875.0     0.038
875.25     0.038
875.5     0.038
875.75     0.038
876.0     0.038
876.25     0.038
876.5     0.038
876.75     0.038
877.0     0.038
877.25     0.038
877.5     0.038
877.75     0.038
878.0     0.038
878.25     0.036
878.5     0.036
878.75     0.036
879.0     0.036
879.25     0.036
879.5     0.036
879.75     0.034
880.0     0.034
880.25     0.034
880.5     0.034
880.75     0.034
881.0     0.034
881.25     0.032
881.5     0.032
881.75     0.032
882.0     0.032
882.25     0.032
882.5     0.032
882.75     0.032
883.0     0.032
883.25     0.032
883.5     0.032
883.75     0.032
884.0     0.032
884.25     0.032
884.5     0.032
884.75     0.032
885.0     0.032
885.25     0.032
885.5     0.032
885.75     0.032
886.0     0.032
886.25     0.032
886.5     0.032
886.75     0.032
887.0     0.032
887.25     0.032
887.5     0.032
887.75     0.032
888.0     0.032
888.25     0.032
888.5     0.032
888.75     0.032
889.0     0.032
889.25     0.032
889.5     0.032
889.75     0.032
890.0     0.032
890.25     0.032
890.5     0.032
890.75     0.032
891.0     0.032
891.25     0.032
891.5     0.032
891.75     0.032
892.0     0.032
892.25     0.032
892.5     0.032
892.75     0.032
893.0     0.032
893.25     0.032
893.5     0.032
893.75     0.032
894.0     0.032
894.25     0.032
894.5     0.032
894.75     0.032
895.0     0.032
895.25     0.032
895.5     0.032
895.75     0.032
896.0     0.032
896.25     0.032
896.5     0.032
896.75     0.032
897.0     0.032
897.25     0.032
897.5     0.032
897.75     0.032
898.0     0.032
898.25     0.032
898.5     0.032
898.75     0.032
899.0     0.032
899.25     0.032
899.5     0.032
899.75     0.032
900.0     0.03
900.25     0.03
900.5     0.03
900.75     0.03
901.0     0.03
901.25     0.03
901.5     0.03
901.75     0.03
902.0     0.03
902.25     0.03
902.5     0.03
902.75     0.03
903.0     0.03
903.25     0.032
903.5     0.032
903.75     0.032
904.0     0.032
904.25     0.032
904.5     0.032
904.75     0.032
905.0     0.032
905.25     0.032
905.5     0.032
905.75     0.032
906.0     0.032
906.25     0.032
906.5     0.032
906.75     0.032
907.0     0.032
907.25     0.03
907.5     0.03
907.75     0.03
908.0     0.03
908.25     0.03
908.5     0.03
908.75     0.03
909.0     0.03
909.25     0.03
909.5     0.03
909.75     0.03
910.0     0.03
910.25     0.03
910.5     0.03
910.75     0.03
911.0     0.03
911.25     0.03
911.5     0.03
911.75     0.03
912.0     0.03
912.25     0.03
912.5     0.03
912.75     0.03
913.0     0.03
913.25     0.03
913.5     0.03
913.75     0.03
914.0     0.03
914.25     0.03
914.5     0.03
914.75     0.028
915.0     0.028
915.25     0.028
915.5     0.028
915.75     0.028
916.0     0.028
916.25     0.028
916.5     0.026
916.75     0.026
917.0     0.026
917.25     0.026
917.5     0.026
917.75     0.026
918.0     0.026
918.25     0.026
918.5     0.026
918.75     0.026
919.0     0.026
919.25     0.026
919.5     0.026
919.75     0.026
920.0     0.026
920.25     0.026
920.5     0.026
920.75     0.026
921.0     0.026
921.25     0.026
921.5     0.026
921.75     0.026
922.0     0.026
922.25     0.024
922.5     0.024
922.75     0.024
923.0     0.024
923.25     0.024
923.5     0.024
923.75     0.024
924.0     0.024
924.25     0.024
924.5     0.024
924.75     0.024
925.0     0.024
925.25     0.024
925.5     0.024
925.75     0.024
926.0     0.024
926.25     0.024
926.5     0.024
926.75     0.024
927.0     0.024
927.25     0.024
927.5     0.024
927.75     0.024
928.0     0.024
928.25     0.024
928.5     0.024
928.75     0.024
929.0     0.024
929.25     0.024
929.5     0.024
929.75     0.024
930.0     0.024
930.25     0.024
930.5     0.024
930.75     0.024
931.0     0.024
931.25     0.024
931.5     0.024
931.75     0.024
932.0     0.024
932.25     0.024
932.5     0.024
932.75     0.024
933.0     0.024
933.25     0.024
933.5     0.024
933.75     0.024
934.0     0.024
934.25     0.024
934.5     0.024
934.75     0.024
935.0     0.024
935.25     0.024
935.5     0.024
935.75     0.024
936.0     0.024
936.25     0.024
936.5     0.024
936.75     0.024
937.0     0.024
937.25     0.024
937.5     0.024
937.75     0.024
938.0     0.024
938.25     0.024
938.5     0.024
938.75     0.024
939.0     0.024
939.25     0.024
939.5     0.024
939.75     0.024
940.0     0.024
940.25     0.024
940.5     0.024
940.75     0.024
941.0     0.024
941.25     0.024
941.5     0.024
941.75     0.024
942.0     0.024
942.25     0.024
942.5     0.024
942.75     0.024
943.0     0.024
943.25     0.024
943.5     0.024
943.75     0.024
944.0     0.024
944.25     0.024
944.5     0.024
944.75     0.024
945.0     0.024
945.25     0.024
945.5     0.024
945.75     0.024
946.0     0.024
946.25     0.024
946.5     0.024
946.75     0.024
947.0     0.024
947.25     0.024
947.5     0.024
947.75     0.024
948.0     0.024
948.25     0.024
948.5     0.024
948.75     0.024
949.0     0.024
949.25     0.024
949.5     0.024
949.75     0.024
950.0     0.024
950.25     0.024
950.5     0.024
950.75     0.024
951.0     0.024
951.25     0.024
951.5     0.024
951.75     0.024
952.0     0.024
952.25     0.022
952.5     0.02
952.75     0.02
953.0     0.02
953.25     0.02
953.5     0.02
953.75     0.02
954.0     0.02
954.25     0.02
954.5     0.02
954.75     0.02
955.0     0.02
955.25     0.02
955.5     0.02
955.75     0.02
956.0     0.02
956.25     0.02
956.5     0.02
956.75     0.02
957.0     0.02
957.25     0.018
957.5     0.018
957.75     0.018
958.0     0.018
958.25     0.018
958.5     0.018
958.75     0.018
959.0     0.018
959.25     0.018
959.5     0.018
959.75     0.018
960.0     0.018
960.25     0.018
960.5     0.018
960.75     0.018
961.0     0.018
961.25     0.018
961.5     0.016
961.75     0.016
962.0     0.014
962.25     0.014
962.5     0.014
962.75     0.014
963.0     0.014
963.25     0.014
963.5     0.014
963.75     0.014
964.0     0.014
964.25     0.014
964.5     0.014
964.75     0.014
965.0     0.014
965.25     0.014
965.5     0.014
965.75     0.014
966.0     0.014
966.25     0.014
966.5     0.014
966.75     0.014
967.0     0.014
967.25     0.014
967.5     0.014
967.75     0.014
968.0     0.014
968.25     0.014
968.5     0.014
968.75     0.014
969.0     0.014
969.25     0.014
969.5     0.014
969.75     0.014
970.0     0.014
970.25     0.014
970.5     0.014
970.75     0.014
971.0     0.014
971.25     0.014
971.5     0.014
971.75     0.014
972.0     0.014
972.25     0.014
972.5     0.014
972.75     0.014
973.0     0.014
973.25     0.014
973.5     0.012
973.75     0.012
974.0     0.012
974.25     0.012
974.5     0.012
974.75     0.012
975.0     0.012
975.25     0.012
975.5     0.012
975.75     0.012
976.0     0.012
976.25     0.012
976.5     0.012
976.75     0.012
977.0     0.012
977.25     0.012
977.5     0.012
977.75     0.012
978.0     0.012
978.25     0.012
978.5     0.012
978.75     0.012
979.0     0.012
979.25     0.012
979.5     0.012
979.75     0.012
980.0     0.012
980.25     0.012
980.5     0.012
980.75     0.012
981.0     0.012
981.25     0.012
981.5     0.012
981.75     0.012
982.0     0.012
982.25     0.012
982.5     0.012
982.75     0.012
983.0     0.012
983.25     0.012
983.5     0.012
983.75     0.012
984.0     0.012
984.25     0.012
984.5     0.012
984.75     0.012
985.0     0.012
985.25     0.012
985.5     0.012
985.75     0.012
986.0     0.012
986.25     0.012
986.5     0.012
986.75     0.012
987.0     0.012
987.25     0.012
987.5     0.012
987.75     0.012
988.0     0.012
988.25     0.012
988.5     0.012
988.75     0.012
989.0     0.012
989.25     0.012
989.5     0.012
989.75     0.012
990.0     0.012
990.25     0.012
990.5     0.012
990.75     0.012
991.0     0.012
991.25     0.012
991.5     0.012
991.75     0.012
992.0     0.012
992.25     0.012
992.5     0.012
992.75     0.012
993.0     0.012
993.25     0.012
993.5     0.012
993.75     0.012
994.0     0.012
994.25     0.012
994.5     0.012
994.75     0.012
995.0     0.012
995.25     0.012
995.5     0.012
995.75     0.012
996.0     0.012
996.25     0.012
996.5     0.012
996.75     0.012
997.0     0.01
997.25     0.01
997.5     0.01
997.75     0.01
998.0     0.01
998.25     0.01
998.5     0.01
998.75     0.01
999.0     0.01
999.25     0.01
999.5     0.01
999.75     0.01
1000.0     0.01
