0.25     0.0
0.5     0.0
0.75     0.0
1.0     0.0
1.25     0.0
1.5     0.0
1.75     0.0
2.0     0.0
2.25     0.0
2.5     0.0
2.75     0.0
3.0     0.0
3.25     0.0
3.5     0.0
3.75     0.0
4.0     0.0
4.25     0.0
4.5     0.0
4.75     0.0
5.0     0.0
5.25     0.0
5.5     0.0
5.75     0.0
6.0     0.0
6.25     0.0
6.5     0.0
6.75     0.0
7.0     0.0
7.25     0.0
7.5     0.0
7.75     0.0
8.0     0.0
8.25     0.0
8.5     0.0
8.75     0.0
9.0     0.0
9.25     0.0
9.5     0.0
9.75     0.0
10.0     0.0
10.25     0.0
10.5     0.0
10.75     0.0
11.0     0.0
11.25     0.0
11.5     0.0
11.75     0.0
12.0     0.0
12.25     0.0
12.5     0.0
12.75     0.0
13.0     0.0
13.25     0.0
13.5     0.0
13.75     0.0
14.0     0.0
14.25     0.0
14.5     0.0
14.75     0.0
15.0     0.0
15.25     0.0
15.5     0.0
15.75     0.0
16.0     0.0
16.25     0.0
16.5     0.0
16.75     0.0
17.0     0.0
17.25     0.0
17.5     0.0
17.75     0.0
18.0     0.0
18.25     0.0
18.5     0.0
18.75     0.0
19.0     0.0
19.25     0.0
19.5     0.0
19.75     0.0
20.0     0.0
20.25     0.0
20.5     0.00200400801603
20.75     0.00400801603206
21.0     0.00400801603206
21.25     0.0060120240481
21.5     0.0160320641283
21.75     0.0180360721443
22.0     0.0200400801603
22.25     0.0240480961924
22.5     0.0240480961924
22.75     0.0200400801603
23.0     0.0220440881764
23.25     0.0240480961924
23.5     0.0320641282565
23.75     0.0420841683367
24.0     0.0581162324649
24.25     0.0661322645291
24.5     0.0681362725451
24.75     0.0701402805611
25.0     0.0741482965932
25.25     0.0841683366733
25.5     0.0861723446894
25.75     0.0901803607214
26.0     0.0981963927856
26.25     0.102204408818
26.5     0.102204408818
26.75     0.104208416834
27.0     0.112224448898
27.25     0.11623246493
27.5     0.122244488978
27.75     0.124248496994
28.0     0.128256513026
28.25     0.130260521042
28.5     0.132264529058
28.75     0.142284569138
29.0     0.14629258517
29.25     0.158316633267
29.5     0.164328657315
29.75     0.178356713427
30.0     0.184368737475
30.25     0.182364729459
30.5     0.190380761523
30.75     0.190380761523
31.0     0.192384769539
31.25     0.198396793587
31.5     0.206412825651
31.75     0.208416833667
32.0     0.214428857715
32.25     0.220440881764
32.5     0.226452905812
32.75     0.23246492986
33.0     0.23246492986
33.25     0.228456913828
33.5     0.230460921844
33.75     0.230460921844
34.0     0.230460921844
34.25     0.238476953908
34.5     0.238476953908
34.75     0.240480961924
35.0     0.246492985972
35.25     0.250501002004
35.5     0.254509018036
35.75     0.258517034068
36.0     0.260521042084
36.25     0.264529058116
36.5     0.264529058116
36.75     0.266533066132
37.0     0.268537074148
37.25     0.268537074148
37.5     0.27254509018
37.75     0.274549098196
38.0     0.276553106212
38.25     0.276553106212
38.5     0.280561122244
38.75     0.284569138277
39.0     0.286573146293
39.25     0.292585170341
39.5     0.292585170341
39.75     0.294589178357
40.0     0.294589178357
40.25     0.298597194389
40.5     0.298597194389
40.75     0.302605210421
41.0     0.302605210421
41.25     0.302605210421
41.5     0.308617234469
41.75     0.310621242485
42.0     0.312625250501
42.25     0.314629258517
42.5     0.318637274549
42.75     0.320641282565
43.0     0.326653306613
43.25     0.328657314629
43.5     0.330661322645
43.75     0.330661322645
44.0     0.334669338677
44.25     0.334669338677
44.5     0.338677354709
44.75     0.338677354709
45.0     0.342685370741
45.25     0.342685370741
45.5     0.34869739479
45.75     0.350701402806
46.0     0.350701402806
46.25     0.350701402806
46.5     0.350701402806
46.75     0.356713426854
47.0     0.360721442886
47.25     0.362725450902
47.5     0.362725450902
47.75     0.370741482966
48.0     0.370741482966
48.25     0.372745490982
48.5     0.376753507014
48.75     0.37875751503
49.0     0.37875751503
49.25     0.380761523046
49.5     0.384769539078
49.75     0.390781563126
50.0     0.39879759519
50.25     0.400801603206
50.5     0.400801603206
50.75     0.406813627255
51.0     0.404809619238
51.25     0.406813627255
51.5     0.412825651303
51.75     0.414829659319
52.0     0.416833667335
52.25     0.420841683367
52.5     0.420841683367
52.75     0.424849699399
53.0     0.424849699399
53.25     0.428857715431
53.5     0.428857715431
53.75     0.428857715431
54.0     0.432865731463
54.25     0.432865731463
54.5     0.436873747495
54.75     0.436873747495
55.0     0.436873747495
55.25     0.436873747495
55.5     0.438877755511
55.75     0.440881763527
56.0     0.440881763527
56.25     0.444889779559
56.5     0.444889779559
56.75     0.444889779559
57.0     0.444889779559
57.25     0.446893787575
57.5     0.446893787575
57.75     0.450901803607
58.0     0.450901803607
58.25     0.452905811623
58.5     0.456913827655
58.75     0.456913827655
59.0     0.458917835671
59.25     0.458917835671
59.5     0.460921843687
59.75     0.460921843687
60.0     0.458917835671
60.25     0.458917835671
60.5     0.460921843687
60.75     0.462925851703
61.0     0.462925851703
61.25     0.464929859719
61.5     0.466933867735
61.75     0.468937875752
62.0     0.468937875752
62.25     0.470941883768
62.5     0.470941883768
62.75     0.470941883768
63.0     0.470941883768
63.25     0.472945891784
63.5     0.472945891784
63.75     0.476953907816
64.0     0.482965931864
64.25     0.48496993988
64.5     0.48496993988
64.75     0.486973947896
65.0     0.486973947896
65.25     0.486973947896
65.5     0.488977955912
65.75     0.488977955912
66.0     0.488977955912
66.25     0.488977955912
66.5     0.488977955912
66.75     0.488977955912
67.0     0.490981963928
67.25     0.49498997996
67.5     0.496993987976
67.75     0.49498997996
68.0     0.498997995992
68.25     0.498997995992
68.5     0.496993987976
68.75     0.501002004008
69.0     0.501002004008
69.25     0.507014028056
69.5     0.509018036072
69.75     0.509018036072
70.0     0.509018036072
70.25     0.509018036072
70.5     0.511022044088
70.75     0.511022044088
71.0     0.511022044088
71.25     0.511022044088
71.5     0.511022044088
71.75     0.511022044088
72.0     0.513026052104
72.25     0.513026052104
72.5     0.513026052104
72.75     0.51503006012
73.0     0.517034068136
73.25     0.517034068136
73.5     0.517034068136
73.75     0.517034068136
74.0     0.519038076152
74.25     0.523046092184
74.5     0.523046092184
74.75     0.5250501002
75.0     0.5250501002
75.25     0.5250501002
75.5     0.5250501002
75.75     0.5250501002
76.0     0.5250501002
76.25     0.5250501002
76.5     0.5250501002
76.75     0.527054108216
77.0     0.527054108216
77.25     0.529058116232
77.5     0.529058116232
77.75     0.529058116232
78.0     0.529058116232
78.25     0.531062124248
78.5     0.533066132265
78.75     0.537074148297
79.0     0.539078156313
79.25     0.539078156313
79.5     0.539078156313
79.75     0.539078156313
80.0     0.541082164329
80.25     0.541082164329
80.5     0.543086172345
80.75     0.543086172345
81.0     0.547094188377
81.25     0.549098196393
81.5     0.549098196393
81.75     0.549098196393
82.0     0.549098196393
82.25     0.551102204409
82.5     0.553106212425
82.75     0.553106212425
83.0     0.553106212425
83.25     0.553106212425
83.5     0.553106212425
83.75     0.555110220441
84.0     0.557114228457
84.25     0.557114228457
84.5     0.557114228457
84.75     0.559118236473
85.0     0.561122244489
85.25     0.563126252505
85.5     0.563126252505
85.75     0.565130260521
86.0     0.565130260521
86.25     0.565130260521
86.5     0.567134268537
86.75     0.569138276553
87.0     0.569138276553
87.25     0.569138276553
87.5     0.569138276553
87.75     0.569138276553
88.0     0.569138276553
88.25     0.571142284569
88.5     0.571142284569
88.75     0.571142284569
89.0     0.571142284569
89.25     0.573146292585
89.5     0.573146292585
89.75     0.573146292585
90.0     0.573146292585
90.25     0.573146292585
90.5     0.575150300601
90.75     0.575150300601
91.0     0.577154308617
91.25     0.577154308617
91.5     0.579158316633
91.75     0.581162324649
92.0     0.581162324649
92.25     0.581162324649
92.5     0.581162324649
92.75     0.581162324649
93.0     0.581162324649
93.25     0.581162324649
93.5     0.581162324649
93.75     0.581162324649
94.0     0.581162324649
94.25     0.581162324649
94.5     0.581162324649
94.75     0.581162324649
95.0     0.581162324649
95.25     0.581162324649
95.5     0.581162324649
95.75     0.581162324649
96.0     0.581162324649
96.25     0.581162324649
96.5     0.581162324649
96.75     0.581162324649
97.0     0.581162324649
97.25     0.581162324649
97.5     0.581162324649
97.75     0.585170340681
98.0     0.587174348697
98.25     0.587174348697
98.5     0.587174348697
98.75     0.587174348697
99.0     0.589178356713
99.25     0.589178356713
99.5     0.589178356713
99.75     0.589178356713
100.0     0.589178356713
100.25     0.589178356713
100.5     0.589178356713
100.75     0.591182364729
101.0     0.591182364729
101.25     0.595190380762
101.5     0.595190380762
101.75     0.597194388778
102.0     0.597194388778
102.25     0.597194388778
102.5     0.597194388778
102.75     0.599198396794
103.0     0.603206412826
103.25     0.603206412826
103.5     0.603206412826
103.75     0.603206412826
104.0     0.603206412826
104.25     0.603206412826
104.5     0.603206412826
104.75     0.603206412826
105.0     0.603206412826
105.25     0.605210420842
105.5     0.605210420842
105.75     0.605210420842
106.0     0.605210420842
106.25     0.607214428858
106.5     0.607214428858
106.75     0.609218436874
107.0     0.609218436874
107.25     0.609218436874
107.5     0.609218436874
107.75     0.609218436874
108.0     0.609218436874
108.25     0.609218436874
108.5     0.61122244489
108.75     0.61122244489
109.0     0.61122244489
109.25     0.61122244489
109.5     0.61122244489
109.75     0.61122244489
110.0     0.613226452906
110.25     0.613226452906
110.5     0.613226452906
110.75     0.615230460922
111.0     0.617234468938
111.25     0.617234468938
111.5     0.617234468938
111.75     0.617234468938
112.0     0.617234468938
112.25     0.617234468938
112.5     0.619238476954
112.75     0.617234468938
113.0     0.615230460922
113.25     0.615230460922
113.5     0.615230460922
113.75     0.619238476954
114.0     0.625250501002
114.25     0.625250501002
114.5     0.627254509018
114.75     0.627254509018
115.0     0.625250501002
115.25     0.627254509018
115.5     0.627254509018
115.75     0.629258517034
116.0     0.63126252505
116.25     0.63126252505
116.5     0.63126252505
116.75     0.63126252505
117.0     0.633266533066
117.25     0.633266533066
117.5     0.633266533066
117.75     0.633266533066
118.0     0.63126252505
118.25     0.63126252505
118.5     0.633266533066
118.75     0.633266533066
119.0     0.635270541082
119.25     0.639278557114
119.5     0.639278557114
119.75     0.643286573146
120.0     0.645290581162
120.25     0.643286573146
120.5     0.64128256513
120.75     0.645290581162
121.0     0.645290581162
121.25     0.645290581162
121.5     0.645290581162
121.75     0.647294589178
122.0     0.647294589178
122.25     0.647294589178
122.5     0.65130260521
122.75     0.653306613226
123.0     0.653306613226
123.25     0.653306613226
123.5     0.655310621242
123.75     0.657314629259
124.0     0.659318637275
124.25     0.659318637275
124.5     0.661322645291
124.75     0.661322645291
125.0     0.665330661323
125.25     0.663326653307
125.5     0.663326653307
125.75     0.663326653307
126.0     0.663326653307
126.25     0.665330661323
126.5     0.669338677355
126.75     0.669338677355
127.0     0.669338677355
127.25     0.671342685371
127.5     0.673346693387
127.75     0.677354709419
128.0     0.677354709419
128.25     0.679358717435
128.5     0.681362725451
128.75     0.681362725451
129.0     0.683366733467
129.25     0.683366733467
129.5     0.683366733467
129.75     0.683366733467
130.0     0.687374749499
130.25     0.687374749499
130.5     0.687374749499
130.75     0.687374749499
131.0     0.687374749499
131.25     0.689378757515
131.5     0.689378757515
131.75     0.689378757515
132.0     0.691382765531
132.25     0.691382765531
132.5     0.691382765531
132.75     0.691382765531
133.0     0.691382765531
133.25     0.691382765531
133.5     0.691382765531
133.75     0.693386773547
134.0     0.693386773547
134.25     0.697394789579
134.5     0.697394789579
134.75     0.697394789579
135.0     0.697394789579
135.25     0.697394789579
135.5     0.697394789579
135.75     0.697394789579
136.0     0.699398797595
136.25     0.699398797595
136.5     0.701402805611
136.75     0.701402805611
137.0     0.701402805611
137.25     0.703406813627
137.5     0.703406813627
137.75     0.703406813627
138.0     0.703406813627
138.25     0.705410821643
138.5     0.705410821643
138.75     0.705410821643
139.0     0.705410821643
139.25     0.705410821643
139.5     0.705410821643
139.75     0.705410821643
140.0     0.705410821643
140.25     0.703406813627
140.5     0.703406813627
140.75     0.705410821643
141.0     0.707414829659
141.25     0.707414829659
141.5     0.709418837675
141.75     0.709418837675
142.0     0.709418837675
142.25     0.709418837675
142.5     0.715430861723
142.75     0.715430861723
143.0     0.715430861723
143.25     0.717434869739
143.5     0.717434869739
143.75     0.717434869739
144.0     0.717434869739
144.25     0.717434869739
144.5     0.717434869739
144.75     0.717434869739
145.0     0.717434869739
145.25     0.721442885772
145.5     0.721442885772
145.75     0.721442885772
146.0     0.721442885772
146.25     0.719438877756
146.5     0.719438877756
146.75     0.721442885772
147.0     0.721442885772
147.25     0.721442885772
147.5     0.721442885772
147.75     0.721442885772
148.0     0.721442885772
148.25     0.721442885772
148.5     0.721442885772
148.75     0.721442885772
149.0     0.721442885772
149.25     0.721442885772
149.5     0.721442885772
149.75     0.721442885772
150.0     0.721442885772
150.25     0.721442885772
150.5     0.723446893788
150.75     0.725450901804
151.0     0.72745490982
151.25     0.72745490982
151.5     0.72745490982
151.75     0.72745490982
152.0     0.729458917836
152.25     0.72745490982
152.5     0.72745490982
152.75     0.729458917836
153.0     0.729458917836
153.25     0.731462925852
153.5     0.731462925852
153.75     0.731462925852
154.0     0.733466933868
154.25     0.733466933868
154.5     0.735470941884
154.75     0.735470941884
155.0     0.733466933868
155.25     0.733466933868
155.5     0.733466933868
155.75     0.733466933868
156.0     0.733466933868
156.25     0.733466933868
156.5     0.733466933868
156.75     0.733466933868
157.0     0.733466933868
157.25     0.733466933868
157.5     0.735470941884
157.75     0.735470941884
158.0     0.735470941884
158.25     0.7374749499
158.5     0.7374749499
158.75     0.7374749499
159.0     0.7374749499
159.25     0.7374749499
159.5     0.7374749499
159.75     0.7374749499
160.0     0.7374749499
160.25     0.739478957916
160.5     0.741482965932
160.75     0.741482965932
161.0     0.741482965932
161.25     0.741482965932
161.5     0.741482965932
161.75     0.741482965932
162.0     0.741482965932
162.25     0.741482965932
162.5     0.741482965932
162.75     0.743486973948
163.0     0.745490981964
163.25     0.745490981964
163.5     0.74749498998
163.75     0.74749498998
164.0     0.74749498998
164.25     0.74749498998
164.5     0.749498997996
164.75     0.749498997996
165.0     0.749498997996
165.25     0.749498997996
165.5     0.749498997996
165.75     0.749498997996
166.0     0.749498997996
166.25     0.749498997996
166.5     0.749498997996
166.75     0.749498997996
167.0     0.749498997996
167.25     0.751503006012
167.5     0.753507014028
167.75     0.75751503006
168.0     0.75751503006
168.25     0.75751503006
168.5     0.75751503006
168.75     0.75751503006
169.0     0.75751503006
169.25     0.75751503006
169.5     0.761523046092
169.75     0.761523046092
170.0     0.761523046092
170.25     0.763527054108
170.5     0.765531062124
170.75     0.765531062124
171.0     0.76753507014
171.25     0.76753507014
171.5     0.76753507014
171.75     0.769539078156
172.0     0.769539078156
172.25     0.769539078156
172.5     0.76753507014
172.75     0.76753507014
173.0     0.76753507014
173.25     0.769539078156
173.5     0.769539078156
173.75     0.769539078156
174.0     0.769539078156
174.25     0.769539078156
174.5     0.771543086172
174.75     0.771543086172
175.0     0.771543086172
175.25     0.771543086172
175.5     0.771543086172
175.75     0.771543086172
176.0     0.771543086172
176.25     0.773547094188
176.5     0.773547094188
176.75     0.773547094188
177.0     0.773547094188
177.25     0.773547094188
177.5     0.773547094188
177.75     0.775551102204
178.0     0.775551102204
178.25     0.775551102204
178.5     0.775551102204
178.75     0.775551102204
179.0     0.775551102204
179.25     0.775551102204
179.5     0.775551102204
179.75     0.775551102204
180.0     0.775551102204
180.25     0.775551102204
180.5     0.775551102204
180.75     0.77755511022
181.0     0.77755511022
181.25     0.77755511022
181.5     0.77755511022
181.75     0.77755511022
182.0     0.77755511022
182.25     0.77755511022
182.5     0.77755511022
182.75     0.77755511022
183.0     0.77755511022
183.25     0.779559118236
183.5     0.779559118236
183.75     0.781563126253
184.0     0.781563126253
184.25     0.781563126253
184.5     0.781563126253
184.75     0.781563126253
185.0     0.781563126253
185.25     0.783567134269
185.5     0.783567134269
185.75     0.785571142285
186.0     0.785571142285
186.25     0.787575150301
186.5     0.787575150301
186.75     0.787575150301
187.0     0.787575150301
187.25     0.787575150301
187.5     0.787575150301
187.75     0.787575150301
188.0     0.787575150301
188.25     0.789579158317
188.5     0.789579158317
188.75     0.789579158317
189.0     0.791583166333
189.25     0.791583166333
189.5     0.791583166333
189.75     0.791583166333
190.0     0.791583166333
190.25     0.791583166333
190.5     0.791583166333
190.75     0.791583166333
191.0     0.791583166333
191.25     0.791583166333
191.5     0.791583166333
191.75     0.791583166333
192.0     0.791583166333
192.25     0.791583166333
192.5     0.793587174349
192.75     0.793587174349
193.0     0.795591182365
193.25     0.795591182365
193.5     0.795591182365
193.75     0.797595190381
194.0     0.797595190381
194.25     0.799599198397
194.5     0.801603206413
194.75     0.801603206413
195.0     0.801603206413
195.25     0.803607214429
195.5     0.805611222445
195.75     0.805611222445
196.0     0.807615230461
196.25     0.807615230461
196.5     0.811623246493
196.75     0.811623246493
197.0     0.811623246493
197.25     0.811623246493
197.5     0.811623246493
197.75     0.813627254509
198.0     0.811623246493
198.25     0.811623246493
198.5     0.811623246493
198.75     0.811623246493
199.0     0.811623246493
199.25     0.811623246493
199.5     0.811623246493
199.75     0.811623246493
200.0     0.811623246493
200.25     0.813627254509
200.5     0.813627254509
200.75     0.813627254509
201.0     0.813627254509
201.25     0.811623246493
201.5     0.811623246493
201.75     0.811623246493
202.0     0.811623246493
202.25     0.815631262525
202.5     0.815631262525
202.75     0.817635270541
203.0     0.817635270541
203.25     0.819639278557
203.5     0.823647294589
203.75     0.823647294589
204.0     0.823647294589
204.25     0.823647294589
204.5     0.823647294589
204.75     0.823647294589
205.0     0.823647294589
205.25     0.823647294589
205.5     0.823647294589
205.75     0.823647294589
206.0     0.825651302605
206.25     0.827655310621
206.5     0.827655310621
206.75     0.827655310621
207.0     0.827655310621
207.25     0.827655310621
207.5     0.825651302605
207.75     0.825651302605
208.0     0.827655310621
208.25     0.829659318637
208.5     0.829659318637
208.75     0.833667334669
209.0     0.833667334669
209.25     0.835671342685
209.5     0.835671342685
209.75     0.835671342685
210.0     0.835671342685
210.25     0.837675350701
210.5     0.837675350701
210.75     0.837675350701
211.0     0.837675350701
211.25     0.837675350701
211.5     0.839679358717
211.75     0.841683366733
212.0     0.841683366733
212.25     0.841683366733
212.5     0.841683366733
212.75     0.841683366733
213.0     0.841683366733
213.25     0.841683366733
213.5     0.839679358717
213.75     0.839679358717
214.0     0.837675350701
214.25     0.837675350701
214.5     0.837675350701
214.75     0.837675350701
215.0     0.837675350701
215.25     0.837675350701
215.5     0.837675350701
215.75     0.837675350701
216.0     0.839679358717
216.25     0.841683366733
216.5     0.845691382766
216.75     0.847695390782
217.0     0.847695390782
217.25     0.849699398798
217.5     0.849699398798
217.75     0.849699398798
218.0     0.851703406814
218.25     0.851703406814
218.5     0.851703406814
218.75     0.851703406814
219.0     0.855711422846
219.25     0.855711422846
219.5     0.855711422846
219.75     0.855711422846
220.0     0.857715430862
220.25     0.857715430862
220.5     0.859719438878
220.75     0.859719438878
221.0     0.859719438878
221.25     0.859719438878
221.5     0.859719438878
221.75     0.859719438878
222.0     0.859719438878
222.25     0.861723446894
222.5     0.86372745491
222.75     0.86372745491
223.0     0.86372745491
223.25     0.86372745491
223.5     0.86372745491
223.75     0.865731462926
224.0     0.865731462926
224.25     0.865731462926
224.5     0.865731462926
224.75     0.867735470942
225.0     0.867735470942
225.25     0.867735470942
225.5     0.867735470942
225.75     0.867735470942
226.0     0.867735470942
226.25     0.867735470942
226.5     0.867735470942
226.75     0.867735470942
227.0     0.871743486974
227.25     0.871743486974
227.5     0.871743486974
227.75     0.871743486974
228.0     0.871743486974
228.25     0.871743486974
228.5     0.871743486974
228.75     0.871743486974
229.0     0.871743486974
229.25     0.867735470942
229.5     0.867735470942
229.75     0.867735470942
230.0     0.867735470942
230.25     0.867735470942
230.5     0.867735470942
230.75     0.869739478958
231.0     0.869739478958
231.25     0.871743486974
231.5     0.871743486974
231.75     0.87374749499
232.0     0.87374749499
232.25     0.87374749499
232.5     0.87374749499
232.75     0.87374749499
233.0     0.87374749499
233.25     0.87374749499
233.5     0.87374749499
233.75     0.87374749499
234.0     0.875751503006
234.25     0.875751503006
234.5     0.877755511022
234.75     0.877755511022
235.0     0.877755511022
235.25     0.877755511022
235.5     0.881763527054
235.75     0.881763527054
236.0     0.879759519038
236.25     0.879759519038
236.5     0.879759519038
236.75     0.879759519038
237.0     0.879759519038
237.25     0.879759519038
237.5     0.879759519038
237.75     0.879759519038
238.0     0.879759519038
238.25     0.879759519038
238.5     0.879759519038
238.75     0.881763527054
239.0     0.881763527054
239.25     0.881763527054
239.5     0.881763527054
239.75     0.881763527054
240.0     0.881763527054
240.25     0.881763527054
240.5     0.881763527054
240.75     0.88376753507
241.0     0.88376753507
241.25     0.885771543086
241.5     0.887775551102
241.75     0.887775551102
242.0     0.887775551102
242.25     0.887775551102
242.5     0.887775551102
242.75     0.887775551102
243.0     0.887775551102
243.25     0.887775551102
243.5     0.887775551102
243.75     0.889779559118
244.0     0.889779559118
244.25     0.889779559118
244.5     0.891783567134
244.75     0.891783567134
245.0     0.891783567134
245.25     0.891783567134
245.5     0.891783567134
245.75     0.891783567134
246.0     0.891783567134
246.25     0.889779559118
246.5     0.889779559118
246.75     0.889779559118
247.0     0.889779559118
247.25     0.889779559118
247.5     0.891783567134
247.75     0.891783567134
248.0     0.89378757515
248.25     0.89378757515
248.5     0.891783567134
248.75     0.891783567134
249.0     0.89378757515
249.25     0.895791583166
249.5     0.895791583166
249.75     0.895791583166
250.0     0.895791583166
250.25     0.895791583166
250.5     0.895791583166
250.75     0.895791583166
251.0     0.897795591182
251.25     0.897795591182
251.5     0.897795591182
251.75     0.897795591182
252.0     0.897795591182
252.25     0.897795591182
252.5     0.899799599198
252.75     0.899799599198
253.0     0.901803607214
253.25     0.901803607214
253.5     0.901803607214
253.75     0.901803607214
254.0     0.901803607214
254.25     0.901803607214
254.5     0.901803607214
254.75     0.901803607214
255.0     0.899799599198
255.25     0.901803607214
255.5     0.901803607214
255.75     0.901803607214
256.0     0.901803607214
256.25     0.901803607214
256.5     0.90380761523
256.75     0.90380761523
257.0     0.90380761523
257.25     0.90380761523
257.5     0.90380761523
257.75     0.90380761523
258.0     0.90380761523
258.25     0.90380761523
258.5     0.90380761523
258.75     0.90380761523
259.0     0.90380761523
259.25     0.905811623246
259.5     0.905811623246
259.75     0.905811623246
260.0     0.905811623246
260.25     0.905811623246
260.5     0.907815631263
260.75     0.907815631263
261.0     0.907815631263
261.25     0.907815631263
261.5     0.911823647295
261.75     0.911823647295
262.0     0.911823647295
262.25     0.911823647295
262.5     0.911823647295
262.75     0.911823647295
263.0     0.911823647295
263.25     0.911823647295
263.5     0.913827655311
263.75     0.913827655311
264.0     0.913827655311
264.25     0.915831663327
264.5     0.915831663327
264.75     0.915831663327
265.0     0.915831663327
265.25     0.915831663327
265.5     0.917835671343
265.75     0.917835671343
266.0     0.919839679359
266.25     0.919839679359
266.5     0.919839679359
266.75     0.919839679359
267.0     0.919839679359
267.25     0.919839679359
267.5     0.919839679359
267.75     0.919839679359
268.0     0.921843687375
268.25     0.923847695391
268.5     0.923847695391
268.75     0.923847695391
269.0     0.923847695391
269.25     0.923847695391
269.5     0.923847695391
269.75     0.927855711423
270.0     0.927855711423
270.25     0.929859719439
270.5     0.929859719439
270.75     0.929859719439
271.0     0.929859719439
271.25     0.929859719439
271.5     0.929859719439
271.75     0.931863727455
272.0     0.929859719439
272.25     0.929859719439
272.5     0.929859719439
272.75     0.929859719439
273.0     0.931863727455
273.25     0.931863727455
273.5     0.931863727455
273.75     0.931863727455
274.0     0.931863727455
274.25     0.933867735471
274.5     0.933867735471
274.75     0.933867735471
275.0     0.933867735471
275.25     0.933867735471
275.5     0.933867735471
275.75     0.935871743487
276.0     0.939879759519
276.25     0.939879759519
276.5     0.941883767535
276.75     0.941883767535
277.0     0.941883767535
277.25     0.941883767535
277.5     0.941883767535
277.75     0.941883767535
278.0     0.941883767535
278.25     0.941883767535
278.5     0.941883767535
278.75     0.941883767535
279.0     0.943887775551
279.25     0.943887775551
279.5     0.943887775551
279.75     0.941883767535
280.0     0.941883767535
280.25     0.941883767535
280.5     0.941883767535
280.75     0.941883767535
281.0     0.941883767535
281.25     0.941883767535
281.5     0.941883767535
281.75     0.941883767535
282.0     0.941883767535
282.25     0.943887775551
282.5     0.943887775551
282.75     0.943887775551
283.0     0.943887775551
283.25     0.943887775551
283.5     0.943887775551
283.75     0.943887775551
284.0     0.943887775551
284.25     0.945891783567
284.5     0.945891783567
284.75     0.947895791583
285.0     0.947895791583
285.25     0.947895791583
285.5     0.947895791583
285.75     0.947895791583
286.0     0.947895791583
286.25     0.947895791583
286.5     0.947895791583
286.75     0.947895791583
287.0     0.947895791583
287.25     0.947895791583
287.5     0.947895791583
287.75     0.947895791583
288.0     0.947895791583
288.25     0.947895791583
288.5     0.947895791583
288.75     0.947895791583
289.0     0.949899799599
289.25     0.949899799599
289.5     0.949899799599
289.75     0.949899799599
290.0     0.949899799599
290.25     0.949899799599
290.5     0.949899799599
290.75     0.949899799599
291.0     0.949899799599
291.25     0.949899799599
291.5     0.949899799599
291.75     0.949899799599
292.0     0.949899799599
292.25     0.951903807615
292.5     0.951903807615
292.75     0.951903807615
293.0     0.951903807615
293.25     0.951903807615
293.5     0.951903807615
293.75     0.951903807615
294.0     0.951903807615
294.25     0.951903807615
294.5     0.949899799599
294.75     0.949899799599
295.0     0.949899799599
295.25     0.949899799599
295.5     0.949899799599
295.75     0.949899799599
296.0     0.949899799599
296.25     0.949899799599
296.5     0.949899799599
296.75     0.949899799599
297.0     0.949899799599
297.25     0.949899799599
297.5     0.949899799599
297.75     0.949899799599
298.0     0.949899799599
298.25     0.949899799599
298.5     0.949899799599
298.75     0.949899799599
299.0     0.949899799599
299.25     0.949899799599
299.5     0.951903807615
299.75     0.951903807615
300.0     0.951903807615
300.25     0.953907815631
300.5     0.953907815631
300.75     0.953907815631
301.0     0.953907815631
301.25     0.953907815631
301.5     0.953907815631
301.75     0.953907815631
302.0     0.953907815631
302.25     0.953907815631
302.5     0.953907815631
302.75     0.953907815631
303.0     0.953907815631
303.25     0.953907815631
303.5     0.953907815631
303.75     0.953907815631
304.0     0.953907815631
304.25     0.953907815631
304.5     0.953907815631
304.75     0.953907815631
305.0     0.953907815631
305.25     0.953907815631
305.5     0.953907815631
305.75     0.953907815631
306.0     0.953907815631
306.25     0.953907815631
306.5     0.955911823647
306.75     0.955911823647
307.0     0.955911823647
307.25     0.955911823647
307.5     0.955911823647
307.75     0.955911823647
308.0     0.955911823647
308.25     0.955911823647
308.5     0.955911823647
308.75     0.955911823647
309.0     0.955911823647
309.25     0.955911823647
309.5     0.955911823647
309.75     0.955911823647
310.0     0.955911823647
310.25     0.955911823647
310.5     0.955911823647
310.75     0.955911823647
311.0     0.955911823647
311.25     0.955911823647
311.5     0.955911823647
311.75     0.955911823647
312.0     0.955911823647
312.25     0.955911823647
312.5     0.955911823647
312.75     0.955911823647
313.0     0.955911823647
313.25     0.955911823647
313.5     0.955911823647
313.75     0.955911823647
314.0     0.955911823647
314.25     0.955911823647
314.5     0.955911823647
314.75     0.955911823647
315.0     0.955911823647
315.25     0.955911823647
315.5     0.955911823647
315.75     0.955911823647
316.0     0.955911823647
316.25     0.955911823647
316.5     0.959919839679
316.75     0.959919839679
317.0     0.959919839679
317.25     0.959919839679
317.5     0.959919839679
317.75     0.959919839679
318.0     0.959919839679
318.25     0.961923847695
318.5     0.961923847695
318.75     0.961923847695
319.0     0.961923847695
319.25     0.961923847695
319.5     0.963927855711
319.75     0.963927855711
320.0     0.965931863727
320.25     0.963927855711
320.5     0.963927855711
320.75     0.963927855711
321.0     0.963927855711
321.25     0.963927855711
321.5     0.963927855711
321.75     0.963927855711
322.0     0.963927855711
322.25     0.963927855711
322.5     0.963927855711
322.75     0.963927855711
323.0     0.963927855711
323.25     0.963927855711
323.5     0.963927855711
323.75     0.963927855711
324.0     0.963927855711
324.25     0.963927855711
324.5     0.963927855711
324.75     0.963927855711
325.0     0.963927855711
325.25     0.963927855711
325.5     0.963927855711
325.75     0.963927855711
326.0     0.963927855711
326.25     0.963927855711
326.5     0.963927855711
326.75     0.963927855711
327.0     0.963927855711
327.25     0.963927855711
327.5     0.963927855711
327.75     0.963927855711
328.0     0.963927855711
328.25     0.963927855711
328.5     0.963927855711
328.75     0.963927855711
329.0     0.963927855711
329.25     0.963927855711
329.5     0.963927855711
329.75     0.963927855711
330.0     0.963927855711
330.25     0.963927855711
330.5     0.963927855711
330.75     0.963927855711
331.0     0.963927855711
331.25     0.963927855711
331.5     0.963927855711
331.75     0.963927855711
332.0     0.963927855711
332.25     0.963927855711
332.5     0.963927855711
332.75     0.963927855711
333.0     0.963927855711
333.25     0.963927855711
333.5     0.963927855711
333.75     0.963927855711
334.0     0.963927855711
334.25     0.963927855711
334.5     0.963927855711
334.75     0.963927855711
335.0     0.963927855711
335.25     0.963927855711
335.5     0.963927855711
335.75     0.963927855711
336.0     0.963927855711
336.25     0.963927855711
336.5     0.963927855711
336.75     0.963927855711
337.0     0.963927855711
337.25     0.963927855711
337.5     0.963927855711
337.75     0.963927855711
338.0     0.963927855711
338.25     0.963927855711
338.5     0.965931863727
338.75     0.965931863727
339.0     0.965931863727
339.25     0.965931863727
339.5     0.965931863727
339.75     0.965931863727
340.0     0.965931863727
340.25     0.965931863727
340.5     0.965931863727
340.75     0.965931863727
341.0     0.965931863727
341.25     0.965931863727
341.5     0.965931863727
341.75     0.965931863727
342.0     0.965931863727
342.25     0.965931863727
342.5     0.965931863727
342.75     0.965931863727
343.0     0.965931863727
343.25     0.965931863727
343.5     0.965931863727
343.75     0.965931863727
344.0     0.965931863727
344.25     0.965931863727
344.5     0.965931863727
344.75     0.965931863727
345.0     0.965931863727
345.25     0.965931863727
345.5     0.965931863727
345.75     0.967935871743
346.0     0.967935871743
346.25     0.967935871743
346.5     0.967935871743
346.75     0.96993987976
347.0     0.96993987976
347.25     0.96993987976
347.5     0.96993987976
347.75     0.96993987976
348.0     0.96993987976
348.25     0.96993987976
348.5     0.96993987976
348.75     0.96993987976
349.0     0.96993987976
349.25     0.96993987976
349.5     0.96993987976
349.75     0.96993987976
350.0     0.96993987976
350.25     0.96993987976
350.5     0.96993987976
350.75     0.96993987976
351.0     0.96993987976
351.25     0.96993987976
351.5     0.96993987976
351.75     0.96993987976
352.0     0.96993987976
352.25     0.96993987976
352.5     0.96993987976
352.75     0.96993987976
353.0     0.96993987976
353.25     0.96993987976
353.5     0.96993987976
353.75     0.96993987976
354.0     0.971943887776
354.25     0.971943887776
354.5     0.971943887776
354.75     0.973947895792
355.0     0.973947895792
355.25     0.973947895792
355.5     0.973947895792
355.75     0.973947895792
356.0     0.973947895792
356.25     0.973947895792
356.5     0.973947895792
356.75     0.973947895792
357.0     0.973947895792
357.25     0.973947895792
357.5     0.973947895792
357.75     0.973947895792
358.0     0.973947895792
358.25     0.973947895792
358.5     0.973947895792
358.75     0.973947895792
359.0     0.973947895792
359.25     0.973947895792
359.5     0.973947895792
359.75     0.973947895792
360.0     0.973947895792
360.25     0.973947895792
360.5     0.973947895792
360.75     0.973947895792
361.0     0.973947895792
361.25     0.973947895792
361.5     0.973947895792
361.75     0.973947895792
362.0     0.973947895792
362.25     0.973947895792
362.5     0.973947895792
362.75     0.973947895792
363.0     0.973947895792
363.25     0.973947895792
363.5     0.973947895792
363.75     0.975951903808
364.0     0.975951903808
364.25     0.975951903808
364.5     0.975951903808
364.75     0.975951903808
365.0     0.975951903808
365.25     0.977955911824
365.5     0.977955911824
365.75     0.977955911824
366.0     0.977955911824
366.25     0.977955911824
366.5     0.977955911824
366.75     0.977955911824
367.0     0.977955911824
367.25     0.977955911824
367.5     0.977955911824
367.75     0.977955911824
368.0     0.977955911824
368.25     0.977955911824
368.5     0.977955911824
368.75     0.977955911824
369.0     0.977955911824
369.25     0.977955911824
369.5     0.977955911824
369.75     0.977955911824
370.0     0.977955911824
370.25     0.977955911824
370.5     0.977955911824
370.75     0.977955911824
371.0     0.977955911824
371.25     0.977955911824
371.5     0.977955911824
371.75     0.977955911824
372.0     0.977955911824
372.25     0.977955911824
372.5     0.977955911824
372.75     0.977955911824
373.0     0.977955911824
373.25     0.977955911824
373.5     0.977955911824
373.75     0.977955911824
374.0     0.977955911824
374.25     0.977955911824
374.5     0.977955911824
374.75     0.977955911824
375.0     0.977955911824
375.25     0.977955911824
375.5     0.977955911824
375.75     0.977955911824
376.0     0.977955911824
376.25     0.977955911824
376.5     0.977955911824
376.75     0.977955911824
377.0     0.977955911824
377.25     0.977955911824
377.5     0.97995991984
377.75     0.97995991984
378.0     0.97995991984
378.25     0.97995991984
378.5     0.97995991984
378.75     0.97995991984
379.0     0.97995991984
379.25     0.97995991984
379.5     0.97995991984
379.75     0.97995991984
380.0     0.97995991984
380.25     0.97995991984
380.5     0.97995991984
380.75     0.97995991984
381.0     0.97995991984
381.25     0.97995991984
381.5     0.97995991984
381.75     0.97995991984
382.0     0.97995991984
382.25     0.97995991984
382.5     0.97995991984
382.75     0.97995991984
383.0     0.97995991984
383.25     0.97995991984
383.5     0.981963927856
383.75     0.981963927856
384.0     0.981963927856
384.25     0.981963927856
384.5     0.981963927856
384.75     0.981963927856
385.0     0.981963927856
385.25     0.981963927856
385.5     0.981963927856
385.75     0.981963927856
386.0     0.981963927856
386.25     0.981963927856
386.5     0.981963927856
386.75     0.983967935872
387.0     0.983967935872
387.25     0.983967935872
387.5     0.983967935872
387.75     0.983967935872
388.0     0.983967935872
388.25     0.983967935872
388.5     0.983967935872
388.75     0.983967935872
389.0     0.983967935872
389.25     0.983967935872
389.5     0.983967935872
389.75     0.983967935872
390.0     0.983967935872
390.25     0.983967935872
390.5     0.983967935872
390.75     0.983967935872
391.0     0.983967935872
391.25     0.983967935872
391.5     0.983967935872
391.75     0.983967935872
392.0     0.983967935872
392.25     0.983967935872
392.5     0.983967935872
392.75     0.983967935872
393.0     0.983967935872
393.25     0.983967935872
393.5     0.983967935872
393.75     0.983967935872
394.0     0.983967935872
394.25     0.983967935872
394.5     0.985971943888
394.75     0.985971943888
395.0     0.985971943888
395.25     0.985971943888
395.5     0.985971943888
395.75     0.985971943888
396.0     0.985971943888
396.25     0.985971943888
396.5     0.985971943888
396.75     0.985971943888
397.0     0.985971943888
397.25     0.985971943888
397.5     0.985971943888
397.75     0.985971943888
398.0     0.987975951904
398.25     0.987975951904
398.5     0.987975951904
398.75     0.987975951904
399.0     0.987975951904
399.25     0.987975951904
399.5     0.987975951904
399.75     0.987975951904
400.0     0.987975951904
400.25     0.987975951904
400.5     0.987975951904
400.75     0.987975951904
401.0     0.987975951904
401.25     0.987975951904
401.5     0.987975951904
401.75     0.987975951904
402.0     0.987975951904
402.25     0.987975951904
402.5     0.987975951904
402.75     0.987975951904
403.0     0.987975951904
403.25     0.987975951904
403.5     0.987975951904
403.75     0.987975951904
404.0     0.987975951904
404.25     0.987975951904
404.5     0.987975951904
404.75     0.987975951904
405.0     0.987975951904
405.25     0.987975951904
405.5     0.987975951904
405.75     0.987975951904
406.0     0.987975951904
406.25     0.987975951904
406.5     0.987975951904
406.75     0.987975951904
407.0     0.987975951904
407.25     0.987975951904
407.5     0.987975951904
407.75     0.987975951904
408.0     0.987975951904
408.25     0.987975951904
408.5     0.987975951904
408.75     0.987975951904
409.0     0.987975951904
409.25     0.987975951904
409.5     0.987975951904
409.75     0.987975951904
410.0     0.987975951904
410.25     0.987975951904
410.5     0.987975951904
410.75     0.98997995992
411.0     0.98997995992
411.25     0.98997995992
411.5     0.98997995992
411.75     0.98997995992
412.0     0.98997995992
412.25     0.98997995992
412.5     0.98997995992
412.75     0.98997995992
413.0     0.98997995992
413.25     0.98997995992
413.5     0.98997995992
413.75     0.98997995992
414.0     0.98997995992
414.25     0.98997995992
414.5     0.98997995992
414.75     0.98997995992
415.0     0.98997995992
415.25     0.98997995992
415.5     0.98997995992
415.75     0.98997995992
416.0     0.98997995992
416.25     0.98997995992
416.5     0.98997995992
416.75     0.98997995992
417.0     0.98997995992
417.25     0.98997995992
417.5     0.98997995992
417.75     0.98997995992
418.0     0.98997995992
418.25     0.98997995992
418.5     0.98997995992
418.75     0.98997995992
419.0     0.98997995992
419.25     0.98997995992
419.5     0.98997995992
419.75     0.98997995992
420.0     0.98997995992
420.25     0.98997995992
420.5     0.98997995992
420.75     0.98997995992
421.0     0.98997995992
421.25     0.98997995992
421.5     0.98997995992
421.75     0.98997995992
422.0     0.98997995992
422.25     0.98997995992
422.5     0.98997995992
422.75     0.98997995992
423.0     0.98997995992
423.25     0.98997995992
423.5     0.98997995992
423.75     0.98997995992
424.0     0.98997995992
424.25     0.98997995992
424.5     0.98997995992
424.75     0.98997995992
425.0     0.98997995992
425.25     0.98997995992
425.5     0.98997995992
425.75     0.98997995992
426.0     0.98997995992
426.25     0.98997995992
426.5     0.98997995992
426.75     0.98997995992
427.0     0.98997995992
427.25     0.98997995992
427.5     0.98997995992
427.75     0.98997995992
428.0     0.98997995992
428.25     0.98997995992
428.5     0.98997995992
428.75     0.98997995992
429.0     0.98997995992
429.25     0.98997995992
429.5     0.98997995992
429.75     0.98997995992
430.0     0.98997995992
430.25     0.98997995992
430.5     0.98997995992
430.75     0.98997995992
431.0     0.98997995992
431.25     0.98997995992
431.5     0.98997995992
431.75     0.98997995992
432.0     0.98997995992
432.25     0.98997995992
432.5     0.98997995992
432.75     0.98997995992
433.0     0.98997995992
433.25     0.98997995992
433.5     0.98997995992
433.75     0.98997995992
434.0     0.98997995992
434.25     0.991983967936
434.5     0.991983967936
434.75     0.991983967936
435.0     0.991983967936
435.25     0.991983967936
435.5     0.991983967936
435.75     0.991983967936
436.0     0.991983967936
436.25     0.991983967936
436.5     0.991983967936
436.75     0.991983967936
437.0     0.991983967936
437.25     0.991983967936
437.5     0.991983967936
437.75     0.991983967936
438.0     0.991983967936
438.25     0.991983967936
438.5     0.991983967936
438.75     0.991983967936
439.0     0.991983967936
439.25     0.991983967936
439.5     0.991983967936
439.75     0.991983967936
440.0     0.991983967936
440.25     0.991983967936
440.5     0.991983967936
440.75     0.991983967936
441.0     0.991983967936
441.25     0.991983967936
441.5     0.991983967936
441.75     0.991983967936
442.0     0.991983967936
442.25     0.991983967936
442.5     0.991983967936
442.75     0.991983967936
443.0     0.991983967936
443.25     0.991983967936
443.5     0.991983967936
443.75     0.991983967936
444.0     0.991983967936
444.25     0.991983967936
444.5     0.991983967936
444.75     0.991983967936
445.0     0.991983967936
445.25     0.991983967936
445.5     0.991983967936
445.75     0.991983967936
446.0     0.991983967936
446.25     0.991983967936
446.5     0.991983967936
446.75     0.991983967936
447.0     0.991983967936
447.25     0.991983967936
447.5     0.991983967936
447.75     0.991983967936
448.0     0.991983967936
448.25     0.991983967936
448.5     0.991983967936
448.75     0.991983967936
449.0     0.991983967936
449.25     0.991983967936
449.5     0.991983967936
449.75     0.991983967936
450.0     0.991983967936
450.25     0.991983967936
450.5     0.991983967936
450.75     0.991983967936
451.0     0.991983967936
451.25     0.991983967936
451.5     0.991983967936
451.75     0.991983967936
452.0     0.991983967936
452.25     0.991983967936
452.5     0.991983967936
452.75     0.991983967936
453.0     0.991983967936
453.25     0.991983967936
453.5     0.991983967936
453.75     0.991983967936
454.0     0.991983967936
454.25     0.991983967936
454.5     0.991983967936
454.75     0.991983967936
455.0     0.991983967936
455.25     0.991983967936
455.5     0.991983967936
455.75     0.991983967936
456.0     0.991983967936
456.25     0.991983967936
456.5     0.991983967936
456.75     0.991983967936
457.0     0.991983967936
457.25     0.991983967936
457.5     0.991983967936
457.75     0.991983967936
458.0     0.991983967936
458.25     0.991983967936
458.5     0.991983967936
458.75     0.991983967936
459.0     0.991983967936
459.25     0.991983967936
459.5     0.991983967936
459.75     0.991983967936
460.0     0.991983967936
460.25     0.991983967936
460.5     0.991983967936
460.75     0.991983967936
461.0     0.991983967936
461.25     0.991983967936
461.5     0.991983967936
461.75     0.991983967936
462.0     0.991983967936
462.25     0.991983967936
462.5     0.991983967936
462.75     0.991983967936
463.0     0.991983967936
463.25     0.991983967936
463.5     0.991983967936
463.75     0.991983967936
464.0     0.991983967936
464.25     0.991983967936
464.5     0.991983967936
464.75     0.991983967936
465.0     0.991983967936
465.25     0.991983967936
465.5     0.991983967936
465.75     0.991983967936
466.0     0.991983967936
466.25     0.991983967936
466.5     0.991983967936
466.75     0.991983967936
467.0     0.991983967936
467.25     0.991983967936
467.5     0.991983967936
467.75     0.991983967936
468.0     0.991983967936
468.25     0.991983967936
468.5     0.991983967936
468.75     0.991983967936
469.0     0.991983967936
469.25     0.991983967936
469.5     0.991983967936
469.75     0.991983967936
470.0     0.991983967936
470.25     0.991983967936
470.5     0.991983967936
470.75     0.991983967936
471.0     0.991983967936
471.25     0.991983967936
471.5     0.991983967936
471.75     0.991983967936
472.0     0.991983967936
472.25     0.991983967936
472.5     0.991983967936
472.75     0.991983967936
473.0     0.991983967936
473.25     0.991983967936
473.5     0.991983967936
473.75     0.991983967936
474.0     0.991983967936
474.25     0.991983967936
474.5     0.991983967936
474.75     0.991983967936
475.0     0.991983967936
475.25     0.991983967936
475.5     0.991983967936
475.75     0.991983967936
476.0     0.991983967936
476.25     0.991983967936
476.5     0.991983967936
476.75     0.991983967936
477.0     0.991983967936
477.25     0.991983967936
477.5     0.991983967936
477.75     0.991983967936
478.0     0.991983967936
478.25     0.991983967936
478.5     0.991983967936
478.75     0.991983967936
479.0     0.991983967936
479.25     0.991983967936
479.5     0.991983967936
479.75     0.991983967936
480.0     0.991983967936
480.25     0.991983967936
480.5     0.991983967936
480.75     0.991983967936
481.0     0.991983967936
481.25     0.991983967936
481.5     0.991983967936
481.75     0.991983967936
482.0     0.991983967936
482.25     0.991983967936
482.5     0.991983967936
482.75     0.991983967936
483.0     0.991983967936
483.25     0.991983967936
483.5     0.991983967936
483.75     0.991983967936
484.0     0.991983967936
484.25     0.991983967936
484.5     0.991983967936
484.75     0.991983967936
485.0     0.991983967936
485.25     0.991983967936
485.5     0.991983967936
485.75     0.991983967936
486.0     0.991983967936
486.25     0.991983967936
486.5     0.991983967936
486.75     0.991983967936
487.0     0.991983967936
487.25     0.991983967936
487.5     0.991983967936
487.75     0.991983967936
488.0     0.991983967936
488.25     0.991983967936
488.5     0.991983967936
488.75     0.991983967936
489.0     0.991983967936
489.25     0.991983967936
489.5     0.991983967936
489.75     0.991983967936
490.0     0.991983967936
490.25     0.991983967936
490.5     0.991983967936
490.75     0.991983967936
491.0     0.991983967936
491.25     0.991983967936
491.5     0.991983967936
491.75     0.991983967936
492.0     0.991983967936
492.25     0.991983967936
492.5     0.991983967936
492.75     0.991983967936
493.0     0.991983967936
493.25     0.991983967936
493.5     0.991983967936
493.75     0.991983967936
494.0     0.991983967936
494.25     0.991983967936
494.5     0.991983967936
494.75     0.991983967936
495.0     0.991983967936
495.25     0.991983967936
495.5     0.991983967936
495.75     0.991983967936
496.0     0.991983967936
496.25     0.991983967936
496.5     0.991983967936
496.75     0.991983967936
497.0     0.991983967936
497.25     0.991983967936
497.5     0.991983967936
497.75     0.991983967936
498.0     0.991983967936
498.25     0.991983967936
498.5     0.991983967936
498.75     0.991983967936
499.0     0.991983967936
499.25     0.991983967936
499.5     0.991983967936
499.75     0.991983967936
500.0     0.991983967936
500.25     0.991983967936
500.5     0.991983967936
500.75     0.991983967936
501.0     0.991983967936
501.25     0.991983967936
501.5     0.991983967936
501.75     0.991983967936
502.0     0.991983967936
502.25     0.991983967936
502.5     0.991983967936
502.75     0.991983967936
503.0     0.991983967936
503.25     0.991983967936
503.5     0.991983967936
503.75     0.991983967936
504.0     0.991983967936
504.25     0.991983967936
504.5     0.991983967936
504.75     0.991983967936
505.0     0.993987975952
505.25     0.993987975952
505.5     0.993987975952
505.75     0.993987975952
506.0     0.993987975952
506.25     0.993987975952
506.5     0.993987975952
506.75     0.993987975952
507.0     0.993987975952
507.25     0.993987975952
507.5     0.993987975952
507.75     0.993987975952
508.0     0.993987975952
508.25     0.993987975952
508.5     0.993987975952
508.75     0.993987975952
509.0     0.993987975952
509.25     0.993987975952
509.5     0.993987975952
509.75     0.993987975952
510.0     0.993987975952
510.25     0.993987975952
510.5     0.993987975952
510.75     0.993987975952
511.0     0.993987975952
511.25     0.993987975952
511.5     0.993987975952
511.75     0.993987975952
512.0     0.993987975952
512.25     0.993987975952
512.5     0.993987975952
512.75     0.993987975952
513.0     0.993987975952
513.25     0.993987975952
513.5     0.993987975952
513.75     0.993987975952
514.0     0.993987975952
514.25     0.993987975952
514.5     0.993987975952
514.75     0.993987975952
515.0     0.993987975952
515.25     0.993987975952
515.5     0.993987975952
515.75     0.993987975952
516.0     0.993987975952
516.25     0.993987975952
516.5     0.993987975952
516.75     0.993987975952
517.0     0.993987975952
517.25     0.993987975952
517.5     0.993987975952
517.75     0.993987975952
518.0     0.993987975952
518.25     0.993987975952
518.5     0.993987975952
518.75     0.993987975952
519.0     0.993987975952
519.25     0.993987975952
519.5     0.993987975952
519.75     0.993987975952
520.0     0.993987975952
520.25     0.993987975952
520.5     0.993987975952
520.75     0.993987975952
521.0     0.993987975952
521.25     0.993987975952
521.5     0.993987975952
521.75     0.993987975952
522.0     0.993987975952
522.25     0.993987975952
522.5     0.993987975952
522.75     0.993987975952
523.0     0.993987975952
523.25     0.993987975952
523.5     0.993987975952
523.75     0.993987975952
524.0     0.993987975952
524.25     0.993987975952
524.5     0.993987975952
524.75     0.993987975952
525.0     0.993987975952
525.25     0.993987975952
525.5     0.993987975952
525.75     0.993987975952
526.0     0.993987975952
526.25     0.993987975952
526.5     0.993987975952
526.75     0.993987975952
527.0     0.993987975952
527.25     0.993987975952
527.5     0.993987975952
527.75     0.993987975952
528.0     0.993987975952
528.25     0.995991983968
528.5     0.995991983968
528.75     0.995991983968
529.0     0.995991983968
529.25     0.995991983968
529.5     0.995991983968
529.75     0.995991983968
530.0     0.995991983968
530.25     0.995991983968
530.5     0.995991983968
530.75     0.995991983968
531.0     0.995991983968
531.25     0.995991983968
531.5     0.995991983968
531.75     0.995991983968
532.0     0.995991983968
532.25     0.995991983968
532.5     0.995991983968
532.75     0.995991983968
533.0     0.995991983968
533.25     0.995991983968
533.5     0.995991983968
533.75     0.995991983968
534.0     0.995991983968
534.25     0.995991983968
534.5     0.995991983968
534.75     0.995991983968
535.0     0.995991983968
535.25     0.995991983968
535.5     0.995991983968
535.75     0.995991983968
536.0     0.995991983968
536.25     0.995991983968
536.5     0.995991983968
536.75     0.995991983968
537.0     0.995991983968
537.25     0.995991983968
537.5     0.995991983968
537.75     0.995991983968
538.0     0.995991983968
538.25     0.995991983968
538.5     0.995991983968
538.75     0.995991983968
539.0     0.995991983968
539.25     0.995991983968
539.5     0.995991983968
539.75     0.995991983968
540.0     0.995991983968
540.25     0.995991983968
540.5     0.995991983968
540.75     0.995991983968
541.0     0.995991983968
541.25     0.995991983968
541.5     0.995991983968
541.75     0.995991983968
542.0     0.995991983968
542.25     0.995991983968
542.5     0.995991983968
542.75     0.995991983968
543.0     0.995991983968
543.25     0.995991983968
543.5     0.995991983968
543.75     0.995991983968
544.0     0.995991983968
544.25     0.995991983968
544.5     0.995991983968
544.75     0.995991983968
545.0     0.995991983968
545.25     0.995991983968
545.5     0.995991983968
545.75     0.995991983968
546.0     0.995991983968
546.25     0.995991983968
546.5     0.995991983968
546.75     0.995991983968
547.0     0.995991983968
547.25     0.995991983968
547.5     0.995991983968
547.75     0.995991983968
548.0     0.995991983968
548.25     0.995991983968
548.5     0.995991983968
548.75     0.995991983968
549.0     0.995991983968
549.25     0.995991983968
549.5     0.995991983968
549.75     0.995991983968
550.0     0.995991983968
550.25     0.995991983968
550.5     0.995991983968
550.75     0.995991983968
551.0     0.995991983968
551.25     0.995991983968
551.5     0.995991983968
551.75     0.995991983968
552.0     0.995991983968
552.25     0.995991983968
552.5     0.995991983968
552.75     0.995991983968
553.0     0.995991983968
553.25     0.995991983968
553.5     0.995991983968
553.75     0.995991983968
554.0     0.995991983968
554.25     0.995991983968
554.5     0.995991983968
554.75     0.995991983968
555.0     0.995991983968
555.25     0.995991983968
555.5     0.995991983968
555.75     0.995991983968
556.0     0.995991983968
556.25     0.995991983968
556.5     0.995991983968
556.75     0.995991983968
557.0     0.995991983968
557.25     0.995991983968
557.5     0.995991983968
557.75     0.995991983968
558.0     0.995991983968
558.25     0.995991983968
558.5     0.995991983968
558.75     0.995991983968
559.0     0.995991983968
559.25     0.995991983968
559.5     0.995991983968
559.75     0.995991983968
560.0     0.995991983968
560.25     0.995991983968
560.5     0.995991983968
560.75     0.995991983968
561.0     0.995991983968
561.25     0.995991983968
561.5     0.995991983968
561.75     0.995991983968
562.0     0.995991983968
562.25     0.995991983968
562.5     0.995991983968
562.75     0.995991983968
563.0     0.995991983968
563.25     0.995991983968
563.5     0.995991983968
563.75     0.995991983968
564.0     0.995991983968
564.25     0.995991983968
564.5     0.995991983968
564.75     0.995991983968
565.0     0.995991983968
565.25     0.995991983968
565.5     0.995991983968
565.75     0.995991983968
566.0     0.995991983968
566.25     0.995991983968
566.5     0.995991983968
566.75     0.995991983968
567.0     0.995991983968
567.25     0.995991983968
567.5     0.995991983968
567.75     0.995991983968
568.0     0.995991983968
568.25     0.995991983968
568.5     0.995991983968
568.75     0.995991983968
569.0     0.995991983968
569.25     0.995991983968
569.5     0.995991983968
569.75     0.995991983968
570.0     0.995991983968
570.25     0.995991983968
570.5     0.995991983968
570.75     0.995991983968
571.0     0.995991983968
571.25     0.995991983968
571.5     0.995991983968
571.75     0.995991983968
572.0     0.995991983968
572.25     0.995991983968
572.5     0.995991983968
572.75     0.995991983968
573.0     0.995991983968
573.25     0.995991983968
573.5     0.995991983968
573.75     0.995991983968
574.0     0.995991983968
574.25     0.995991983968
574.5     0.995991983968
574.75     0.995991983968
575.0     0.995991983968
575.25     0.995991983968
575.5     0.995991983968
575.75     0.995991983968
576.0     0.995991983968
576.25     0.995991983968
576.5     0.995991983968
576.75     0.995991983968
577.0     0.995991983968
577.25     0.995991983968
577.5     0.995991983968
577.75     0.995991983968
578.0     0.995991983968
578.25     0.995991983968
578.5     0.995991983968
578.75     0.995991983968
579.0     0.995991983968
579.25     0.995991983968
579.5     0.995991983968
579.75     0.995991983968
580.0     0.995991983968
580.25     0.995991983968
580.5     0.995991983968
580.75     0.995991983968
581.0     0.995991983968
581.25     0.995991983968
581.5     0.995991983968
581.75     0.995991983968
582.0     0.995991983968
582.25     0.995991983968
582.5     0.995991983968
582.75     0.995991983968
583.0     0.995991983968
583.25     0.995991983968
583.5     0.995991983968
583.75     0.995991983968
584.0     0.995991983968
584.25     0.995991983968
584.5     0.995991983968
584.75     0.995991983968
585.0     0.995991983968
585.25     0.995991983968
585.5     0.995991983968
585.75     0.995991983968
586.0     0.995991983968
586.25     0.995991983968
586.5     0.995991983968
586.75     0.995991983968
587.0     0.995991983968
587.25     0.995991983968
587.5     0.995991983968
587.75     0.995991983968
588.0     0.995991983968
588.25     0.995991983968
588.5     0.995991983968
588.75     0.995991983968
589.0     0.995991983968
589.25     0.995991983968
589.5     0.995991983968
589.75     0.995991983968
590.0     0.995991983968
590.25     0.995991983968
590.5     0.995991983968
590.75     0.995991983968
591.0     0.995991983968
591.25     0.995991983968
591.5     0.995991983968
591.75     0.995991983968
592.0     0.995991983968
592.25     0.995991983968
592.5     0.995991983968
592.75     0.995991983968
593.0     0.995991983968
593.25     0.995991983968
593.5     0.995991983968
593.75     0.995991983968
594.0     0.995991983968
594.25     0.995991983968
594.5     0.995991983968
594.75     0.995991983968
595.0     0.995991983968
595.25     0.995991983968
595.5     0.995991983968
595.75     0.995991983968
596.0     0.995991983968
596.25     0.995991983968
596.5     0.995991983968
596.75     0.995991983968
597.0     0.995991983968
597.25     0.995991983968
597.5     0.995991983968
597.75     0.995991983968
598.0     0.995991983968
598.25     0.995991983968
598.5     0.995991983968
598.75     0.995991983968
599.0     0.995991983968
599.25     0.995991983968
599.5     0.995991983968
599.75     0.995991983968
600.0     0.995991983968
600.25     0.995991983968
600.5     0.995991983968
600.75     0.995991983968
601.0     0.995991983968
601.25     0.995991983968
601.5     0.995991983968
601.75     0.995991983968
602.0     0.995991983968
602.25     0.995991983968
602.5     0.995991983968
602.75     0.995991983968
603.0     0.995991983968
603.25     0.995991983968
603.5     0.995991983968
603.75     0.995991983968
604.0     0.995991983968
604.25     0.995991983968
604.5     0.995991983968
604.75     0.995991983968
605.0     0.995991983968
605.25     0.995991983968
605.5     0.995991983968
605.75     0.995991983968
606.0     0.995991983968
606.25     0.995991983968
606.5     0.995991983968
606.75     0.995991983968
607.0     0.995991983968
607.25     0.995991983968
607.5     0.995991983968
607.75     0.995991983968
608.0     0.995991983968
608.25     0.995991983968
608.5     0.995991983968
608.75     0.995991983968
609.0     0.995991983968
609.25     0.995991983968
609.5     0.995991983968
609.75     0.995991983968
610.0     0.995991983968
610.25     0.995991983968
610.5     0.995991983968
610.75     0.995991983968
611.0     0.995991983968
611.25     0.995991983968
611.5     0.995991983968
611.75     0.995991983968
612.0     0.995991983968
612.25     0.995991983968
612.5     0.995991983968
612.75     0.995991983968
613.0     0.995991983968
613.25     0.995991983968
613.5     0.995991983968
613.75     0.995991983968
614.0     0.995991983968
614.25     0.995991983968
614.5     0.995991983968
614.75     0.995991983968
615.0     0.995991983968
615.25     0.995991983968
615.5     0.995991983968
615.75     0.995991983968
616.0     0.995991983968
616.25     0.995991983968
616.5     0.995991983968
616.75     0.995991983968
617.0     0.995991983968
617.25     0.995991983968
617.5     0.995991983968
617.75     0.995991983968
618.0     0.995991983968
618.25     0.995991983968
618.5     0.995991983968
618.75     0.995991983968
619.0     0.995991983968
619.25     0.995991983968
619.5     0.995991983968
619.75     0.995991983968
620.0     0.995991983968
620.25     0.995991983968
620.5     0.995991983968
620.75     0.995991983968
621.0     0.995991983968
621.25     0.995991983968
621.5     0.995991983968
621.75     0.995991983968
622.0     0.995991983968
622.25     0.995991983968
622.5     0.995991983968
622.75     0.995991983968
623.0     0.995991983968
623.25     0.995991983968
623.5     0.995991983968
623.75     0.995991983968
624.0     0.995991983968
624.25     0.995991983968
624.5     0.995991983968
624.75     0.995991983968
625.0     0.995991983968
625.25     0.995991983968
625.5     0.995991983968
625.75     0.995991983968
626.0     0.995991983968
626.25     0.995991983968
626.5     0.995991983968
626.75     0.995991983968
627.0     0.995991983968
627.25     0.995991983968
627.5     0.995991983968
627.75     0.995991983968
628.0     0.995991983968
628.25     0.995991983968
628.5     0.995991983968
628.75     0.995991983968
629.0     0.995991983968
629.25     0.995991983968
629.5     0.995991983968
629.75     0.995991983968
630.0     0.995991983968
630.25     0.995991983968
630.5     0.995991983968
630.75     0.995991983968
631.0     0.995991983968
631.25     0.995991983968
631.5     0.995991983968
631.75     0.995991983968
632.0     0.995991983968
632.25     0.995991983968
632.5     0.995991983968
632.75     0.995991983968
633.0     0.995991983968
633.25     0.995991983968
633.5     0.995991983968
633.75     0.995991983968
634.0     0.995991983968
634.25     0.995991983968
634.5     0.995991983968
634.75     0.995991983968
635.0     0.995991983968
635.25     0.995991983968
635.5     0.995991983968
635.75     0.995991983968
636.0     0.995991983968
636.25     0.995991983968
636.5     0.995991983968
636.75     0.995991983968
637.0     0.995991983968
637.25     0.995991983968
637.5     0.995991983968
637.75     0.995991983968
638.0     0.995991983968
638.25     0.995991983968
638.5     0.995991983968
638.75     0.995991983968
639.0     0.995991983968
639.25     0.995991983968
639.5     0.995991983968
639.75     0.995991983968
640.0     0.995991983968
640.25     0.995991983968
640.5     0.995991983968
640.75     0.995991983968
641.0     0.995991983968
641.25     0.995991983968
641.5     0.995991983968
641.75     0.995991983968
642.0     0.995991983968
642.25     0.995991983968
642.5     0.995991983968
642.75     0.995991983968
643.0     0.995991983968
643.25     0.997995991984
643.5     0.997995991984
643.75     0.997995991984
644.0     0.997995991984
644.25     0.997995991984
644.5     0.997995991984
644.75     0.997995991984
645.0     0.997995991984
645.25     0.997995991984
645.5     0.997995991984
645.75     0.997995991984
646.0     0.997995991984
646.25     0.997995991984
646.5     0.997995991984
646.75     0.997995991984
647.0     0.997995991984
647.25     0.997995991984
647.5     0.997995991984
647.75     0.997995991984
648.0     0.997995991984
648.25     0.997995991984
648.5     0.997995991984
648.75     0.997995991984
649.0     0.997995991984
649.25     0.997995991984
649.5     0.997995991984
649.75     0.997995991984
650.0     0.997995991984
650.25     0.997995991984
650.5     0.997995991984
650.75     0.997995991984
651.0     0.997995991984
651.25     0.997995991984
651.5     0.997995991984
651.75     0.997995991984
652.0     0.997995991984
652.25     0.997995991984
652.5     0.997995991984
652.75     0.997995991984
653.0     0.997995991984
653.25     0.997995991984
653.5     0.997995991984
653.75     0.997995991984
654.0     0.997995991984
654.25     0.997995991984
654.5     0.997995991984
654.75     0.997995991984
655.0     0.997995991984
655.25     0.997995991984
655.5     0.997995991984
655.75     0.997995991984
656.0     0.997995991984
656.25     0.997995991984
656.5     0.997995991984
656.75     0.997995991984
657.0     0.997995991984
657.25     0.997995991984
657.5     0.997995991984
657.75     0.997995991984
658.0     0.997995991984
658.25     0.997995991984
658.5     0.997995991984
658.75     0.997995991984
659.0     0.997995991984
659.25     0.997995991984
659.5     0.997995991984
659.75     0.997995991984
660.0     0.997995991984
660.25     0.997995991984
660.5     0.997995991984
660.75     0.997995991984
661.0     0.997995991984
661.25     0.997995991984
661.5     0.997995991984
661.75     0.997995991984
662.0     0.997995991984
662.25     0.997995991984
662.5     0.997995991984
662.75     0.997995991984
663.0     0.997995991984
663.25     0.997995991984
663.5     0.997995991984
663.75     0.997995991984
664.0     0.997995991984
664.25     0.997995991984
664.5     0.997995991984
664.75     0.997995991984
665.0     0.997995991984
665.25     0.997995991984
665.5     0.997995991984
665.75     0.997995991984
666.0     0.997995991984
666.25     0.997995991984
666.5     0.997995991984
666.75     0.997995991984
667.0     0.997995991984
667.25     0.997995991984
667.5     0.997995991984
667.75     0.997995991984
668.0     0.997995991984
668.25     0.997995991984
668.5     0.997995991984
668.75     0.997995991984
669.0     0.997995991984
669.25     0.997995991984
669.5     0.997995991984
669.75     0.997995991984
670.0     0.997995991984
670.25     0.997995991984
670.5     0.997995991984
670.75     0.997995991984
671.0     0.997995991984
671.25     0.997995991984
671.5     0.997995991984
671.75     0.997995991984
672.0     0.997995991984
672.25     0.997995991984
672.5     0.997995991984
672.75     0.997995991984
673.0     0.997995991984
673.25     0.997995991984
673.5     0.997995991984
673.75     0.997995991984
674.0     0.997995991984
674.25     0.997995991984
674.5     0.997995991984
674.75     0.997995991984
675.0     0.997995991984
675.25     0.997995991984
675.5     0.997995991984
675.75     0.997995991984
676.0     0.997995991984
676.25     0.997995991984
676.5     0.997995991984
676.75     0.997995991984
677.0     0.997995991984
677.25     0.997995991984
677.5     0.997995991984
677.75     0.997995991984
678.0     0.997995991984
678.25     0.997995991984
678.5     0.997995991984
678.75     0.997995991984
679.0     0.997995991984
679.25     0.997995991984
679.5     0.997995991984
679.75     0.997995991984
680.0     0.997995991984
680.25     0.997995991984
680.5     0.997995991984
680.75     0.997995991984
681.0     0.997995991984
681.25     0.997995991984
681.5     0.997995991984
681.75     0.997995991984
682.0     0.997995991984
682.25     0.997995991984
682.5     0.997995991984
682.75     0.997995991984
683.0     0.997995991984
683.25     0.997995991984
683.5     0.997995991984
683.75     0.997995991984
684.0     0.997995991984
684.25     0.997995991984
684.5     0.997995991984
684.75     0.997995991984
685.0     0.997995991984
685.25     0.997995991984
685.5     0.997995991984
685.75     0.997995991984
686.0     0.997995991984
686.25     0.997995991984
686.5     0.997995991984
686.75     0.997995991984
687.0     0.997995991984
687.25     0.997995991984
687.5     0.997995991984
687.75     0.997995991984
688.0     0.997995991984
688.25     0.997995991984
688.5     0.997995991984
688.75     0.997995991984
689.0     0.997995991984
689.25     0.997995991984
689.5     0.997995991984
689.75     0.997995991984
690.0     0.997995991984
690.25     0.997995991984
690.5     0.997995991984
690.75     0.997995991984
691.0     0.997995991984
691.25     0.997995991984
691.5     0.997995991984
691.75     0.997995991984
692.0     0.997995991984
692.25     0.997995991984
692.5     0.997995991984
692.75     0.997995991984
693.0     0.997995991984
693.25     0.997995991984
693.5     0.997995991984
693.75     0.997995991984
694.0     0.997995991984
694.25     0.997995991984
694.5     0.997995991984
694.75     0.997995991984
695.0     0.997995991984
695.25     0.997995991984
695.5     0.997995991984
695.75     0.997995991984
696.0     0.997995991984
696.25     0.997995991984
696.5     0.997995991984
696.75     0.997995991984
697.0     0.997995991984
697.25     0.997995991984
697.5     0.997995991984
697.75     0.997995991984
698.0     0.997995991984
698.25     0.997995991984
698.5     0.997995991984
698.75     0.997995991984
699.0     0.997995991984
699.25     0.997995991984
699.5     0.997995991984
699.75     0.997995991984
700.0     0.997995991984
700.25     0.997995991984
700.5     0.997995991984
700.75     0.997995991984
701.0     0.997995991984
701.25     0.997995991984
701.5     0.997995991984
701.75     0.997995991984
702.0     0.997995991984
702.25     0.997995991984
702.5     0.997995991984
702.75     0.997995991984
703.0     0.997995991984
703.25     0.997995991984
703.5     0.997995991984
703.75     0.997995991984
704.0     0.997995991984
704.25     0.997995991984
704.5     0.997995991984
704.75     0.997995991984
705.0     0.997995991984
705.25     0.997995991984
705.5     0.997995991984
705.75     0.997995991984
706.0     0.997995991984
706.25     0.997995991984
706.5     0.997995991984
706.75     0.997995991984
707.0     0.997995991984
707.25     0.997995991984
707.5     0.997995991984
707.75     0.997995991984
708.0     0.997995991984
708.25     0.997995991984
708.5     0.997995991984
708.75     0.997995991984
709.0     0.997995991984
709.25     0.997995991984
709.5     0.997995991984
709.75     0.997995991984
710.0     0.997995991984
710.25     0.997995991984
710.5     0.997995991984
710.75     0.997995991984
711.0     0.997995991984
711.25     0.997995991984
711.5     0.997995991984
711.75     0.997995991984
712.0     0.997995991984
712.25     0.997995991984
712.5     0.997995991984
712.75     0.997995991984
713.0     0.997995991984
713.25     0.997995991984
713.5     0.997995991984
713.75     0.997995991984
714.0     0.997995991984
714.25     0.997995991984
714.5     0.997995991984
714.75     0.997995991984
715.0     0.997995991984
715.25     0.997995991984
715.5     0.997995991984
715.75     0.997995991984
716.0     0.997995991984
716.25     0.997995991984
716.5     0.997995991984
716.75     0.997995991984
717.0     0.997995991984
717.25     0.997995991984
717.5     0.997995991984
717.75     0.997995991984
718.0     0.997995991984
718.25     0.997995991984
718.5     0.997995991984
718.75     0.997995991984
719.0     0.997995991984
719.25     0.997995991984
719.5     0.997995991984
719.75     0.997995991984
720.0     0.997995991984
720.25     0.997995991984
720.5     0.997995991984
720.75     0.997995991984
721.0     0.997995991984
721.25     0.997995991984
721.5     0.997995991984
721.75     0.997995991984
722.0     0.997995991984
722.25     0.997995991984
722.5     0.997995991984
722.75     0.997995991984
723.0     0.997995991984
723.25     0.997995991984
723.5     0.997995991984
723.75     0.997995991984
724.0     0.997995991984
724.25     0.997995991984
724.5     0.997995991984
724.75     0.997995991984
725.0     0.997995991984
725.25     0.997995991984
725.5     0.997995991984
725.75     0.997995991984
726.0     0.997995991984
726.25     0.997995991984
726.5     0.997995991984
726.75     0.997995991984
727.0     0.997995991984
727.25     0.997995991984
727.5     0.997995991984
727.75     0.997995991984
728.0     0.997995991984
728.25     0.997995991984
728.5     0.997995991984
728.75     0.997995991984
729.0     0.997995991984
729.25     0.997995991984
729.5     0.997995991984
729.75     0.997995991984
730.0     0.997995991984
730.25     0.997995991984
730.5     0.997995991984
730.75     0.997995991984
731.0     0.997995991984
731.25     0.997995991984
731.5     0.997995991984
731.75     0.997995991984
732.0     0.997995991984
732.25     0.997995991984
732.5     0.997995991984
732.75     0.997995991984
733.0     0.997995991984
733.25     0.997995991984
733.5     0.997995991984
733.75     0.997995991984
734.0     0.997995991984
734.25     0.997995991984
734.5     0.997995991984
734.75     0.997995991984
735.0     0.997995991984
735.25     0.997995991984
735.5     0.997995991984
735.75     0.997995991984
736.0     0.997995991984
736.25     0.997995991984
736.5     0.997995991984
736.75     0.997995991984
737.0     0.997995991984
737.25     0.997995991984
737.5     0.997995991984
737.75     0.997995991984
738.0     0.997995991984
738.25     0.997995991984
738.5     0.997995991984
738.75     0.997995991984
739.0     0.997995991984
739.25     0.997995991984
739.5     0.997995991984
739.75     0.997995991984
740.0     0.997995991984
740.25     0.997995991984
740.5     0.997995991984
740.75     0.997995991984
741.0     0.997995991984
741.25     0.997995991984
741.5     0.997995991984
741.75     0.997995991984
742.0     0.997995991984
742.25     0.997995991984
742.5     0.997995991984
742.75     0.997995991984
743.0     0.997995991984
743.25     0.997995991984
743.5     0.997995991984
743.75     0.997995991984
744.0     0.997995991984
744.25     0.997995991984
744.5     0.997995991984
744.75     0.997995991984
745.0     0.997995991984
745.25     0.997995991984
745.5     0.997995991984
745.75     0.997995991984
746.0     0.997995991984
746.25     0.997995991984
746.5     0.997995991984
746.75     0.997995991984
747.0     0.997995991984
747.25     0.997995991984
747.5     0.997995991984
747.75     0.997995991984
748.0     0.997995991984
748.25     0.997995991984
748.5     0.997995991984
748.75     0.997995991984
749.0     0.997995991984
749.25     0.997995991984
749.5     0.997995991984
749.75     0.997995991984
750.0     0.997995991984
750.25     0.997995991984
750.5     0.997995991984
750.75     0.997995991984
751.0     0.997995991984
751.25     0.997995991984
751.5     0.997995991984
751.75     0.997995991984
752.0     0.997995991984
752.25     0.997995991984
752.5     0.997995991984
752.75     0.997995991984
753.0     0.997995991984
753.25     0.997995991984
753.5     0.997995991984
753.75     0.997995991984
754.0     0.997995991984
754.25     0.997995991984
754.5     0.997995991984
754.75     0.997995991984
755.0     0.997995991984
755.25     0.997995991984
755.5     0.997995991984
755.75     0.997995991984
756.0     0.997995991984
756.25     0.997995991984
756.5     0.997995991984
756.75     0.997995991984
757.0     0.997995991984
757.25     0.997995991984
757.5     0.997995991984
757.75     0.997995991984
758.0     0.997995991984
758.25     0.997995991984
758.5     0.997995991984
758.75     0.997995991984
759.0     0.997995991984
759.25     0.997995991984
759.5     0.997995991984
759.75     0.997995991984
760.0     0.997995991984
760.25     0.997995991984
760.5     0.997995991984
760.75     0.997995991984
761.0     0.997995991984
761.25     0.997995991984
761.5     0.997995991984
761.75     0.997995991984
762.0     0.997995991984
762.25     0.997995991984
762.5     0.997995991984
762.75     0.997995991984
763.0     0.997995991984
763.25     0.997995991984
763.5     0.997995991984
763.75     0.997995991984
764.0     0.997995991984
764.25     0.997995991984
764.5     0.997995991984
764.75     0.997995991984
765.0     0.997995991984
765.25     0.997995991984
765.5     0.997995991984
765.75     0.997995991984
766.0     0.997995991984
766.25     0.997995991984
766.5     0.997995991984
766.75     0.997995991984
767.0     0.997995991984
767.25     0.997995991984
767.5     0.997995991984
767.75     0.997995991984
768.0     0.997995991984
768.25     0.997995991984
768.5     0.997995991984
768.75     0.997995991984
769.0     0.997995991984
769.25     0.997995991984
769.5     0.997995991984
769.75     0.997995991984
770.0     0.997995991984
770.25     0.997995991984
770.5     0.997995991984
770.75     0.997995991984
771.0     0.997995991984
771.25     0.997995991984
771.5     0.997995991984
771.75     0.997995991984
772.0     0.997995991984
772.25     0.997995991984
772.5     0.997995991984
772.75     0.997995991984
773.0     0.997995991984
773.25     0.997995991984
773.5     0.997995991984
773.75     0.997995991984
774.0     0.997995991984
774.25     0.997995991984
774.5     0.997995991984
774.75     0.997995991984
775.0     0.997995991984
775.25     0.997995991984
775.5     0.997995991984
775.75     0.997995991984
776.0     0.997995991984
776.25     0.997995991984
776.5     0.997995991984
776.75     0.997995991984
777.0     0.997995991984
777.25     0.997995991984
777.5     0.997995991984
777.75     0.997995991984
778.0     0.997995991984
778.25     0.997995991984
778.5     0.997995991984
778.75     0.997995991984
779.0     0.997995991984
779.25     0.997995991984
779.5     0.997995991984
779.75     0.997995991984
780.0     0.997995991984
780.25     0.997995991984
780.5     0.997995991984
780.75     0.997995991984
781.0     0.997995991984
781.25     0.997995991984
781.5     0.997995991984
781.75     0.997995991984
782.0     0.997995991984
782.25     0.997995991984
782.5     0.997995991984
782.75     0.997995991984
783.0     0.997995991984
783.25     0.997995991984
783.5     0.997995991984
783.75     0.997995991984
784.0     0.997995991984
784.25     0.997995991984
784.5     0.997995991984
784.75     0.997995991984
785.0     0.997995991984
785.25     0.997995991984
785.5     0.997995991984
785.75     0.997995991984
786.0     0.997995991984
786.25     0.997995991984
786.5     0.997995991984
786.75     0.997995991984
787.0     0.997995991984
787.25     0.997995991984
787.5     0.997995991984
787.75     0.997995991984
788.0     0.997995991984
788.25     0.997995991984
788.5     0.997995991984
788.75     0.997995991984
789.0     0.997995991984
789.25     0.997995991984
789.5     0.997995991984
789.75     0.997995991984
790.0     0.997995991984
790.25     0.997995991984
790.5     0.997995991984
790.75     0.997995991984
791.0     0.997995991984
791.25     0.997995991984
791.5     0.997995991984
791.75     0.997995991984
792.0     0.997995991984
792.25     0.997995991984
792.5     0.997995991984
792.75     0.997995991984
793.0     0.997995991984
793.25     0.997995991984
793.5     0.997995991984
793.75     0.997995991984
794.0     0.997995991984
794.25     0.997995991984
794.5     0.997995991984
794.75     0.997995991984
795.0     0.997995991984
795.25     0.997995991984
795.5     0.997995991984
795.75     0.997995991984
796.0     0.997995991984
796.25     0.997995991984
796.5     0.997995991984
796.75     0.997995991984
797.0     0.997995991984
797.25     0.997995991984
797.5     0.997995991984
797.75     0.997995991984
798.0     0.997995991984
798.25     0.997995991984
798.5     0.997995991984
798.75     0.997995991984
799.0     0.997995991984
799.25     0.997995991984
799.5     0.997995991984
799.75     0.997995991984
800.0     0.997995991984
800.25     0.997995991984
800.5     0.997995991984
800.75     0.997995991984
801.0     0.997995991984
801.25     0.997995991984
801.5     0.997995991984
801.75     0.997995991984
802.0     0.997995991984
802.25     0.997995991984
802.5     0.997995991984
802.75     0.997995991984
803.0     0.997995991984
803.25     0.997995991984
803.5     0.997995991984
803.75     0.997995991984
804.0     0.997995991984
804.25     0.997995991984
804.5     0.997995991984
804.75     0.997995991984
805.0     0.997995991984
805.25     0.997995991984
805.5     0.997995991984
805.75     0.997995991984
806.0     0.997995991984
806.25     0.997995991984
806.5     0.997995991984
806.75     0.997995991984
807.0     0.997995991984
807.25     0.997995991984
807.5     0.997995991984
807.75     0.997995991984
808.0     0.997995991984
808.25     0.997995991984
808.5     0.997995991984
808.75     0.997995991984
809.0     0.997995991984
809.25     0.997995991984
809.5     0.997995991984
809.75     0.997995991984
810.0     0.997995991984
810.25     0.997995991984
810.5     0.997995991984
810.75     0.997995991984
811.0     0.997995991984
811.25     0.997995991984
811.5     0.997995991984
811.75     0.997995991984
812.0     0.997995991984
812.25     0.997995991984
812.5     0.997995991984
812.75     0.997995991984
813.0     0.997995991984
813.25     0.997995991984
813.5     0.997995991984
813.75     0.997995991984
814.0     0.997995991984
814.25     0.997995991984
814.5     0.997995991984
814.75     0.997995991984
815.0     0.997995991984
815.25     0.997995991984
815.5     0.997995991984
815.75     0.997995991984
816.0     0.997995991984
816.25     0.997995991984
816.5     0.997995991984
816.75     0.997995991984
817.0     0.997995991984
817.25     0.997995991984
817.5     0.997995991984
817.75     0.997995991984
818.0     0.997995991984
818.25     0.997995991984
818.5     0.997995991984
818.75     0.997995991984
819.0     0.997995991984
819.25     0.997995991984
819.5     0.997995991984
819.75     0.997995991984
820.0     0.997995991984
820.25     0.997995991984
820.5     0.997995991984
820.75     0.997995991984
821.0     0.997995991984
821.25     0.997995991984
821.5     0.997995991984
821.75     0.997995991984
822.0     0.997995991984
822.25     0.997995991984
822.5     0.997995991984
822.75     1.0
823.0     1.0
823.25     1.0
823.5     1.0
823.75     1.0
824.0     1.0
824.25     1.0
824.5     1.0
824.75     1.0
825.0     1.0
825.25     1.0
825.5     1.0
825.75     1.0
826.0     1.0
826.25     1.0
826.5     1.0
826.75     1.0
827.0     1.0
827.25     1.0
827.5     1.0
827.75     1.0
828.0     1.0
828.25     1.0
828.5     1.0
828.75     1.0
829.0     1.0
829.25     1.0
829.5     1.0
829.75     1.0
830.0     1.0
830.25     1.0
830.5     1.0
830.75     1.0
831.0     1.0
831.25     1.0
831.5     1.0
831.75     1.0
832.0     1.0
832.25     1.0
832.5     1.0
832.75     1.0
833.0     1.0
833.25     1.0
833.5     1.0
833.75     1.0
834.0     1.0
834.25     1.0
834.5     1.0
834.75     1.0
835.0     1.0
835.25     1.0
835.5     1.0
835.75     1.0
836.0     1.0
836.25     1.0
836.5     1.0
836.75     1.0
837.0     1.0
837.25     1.0
837.5     1.0
837.75     1.0
838.0     1.0
838.25     1.0
838.5     1.0
838.75     1.0
839.0     1.0
839.25     1.0
839.5     1.0
839.75     1.0
840.0     1.0
840.25     1.0
840.5     1.0
840.75     1.0
841.0     1.0
841.25     1.0
841.5     1.0
841.75     1.0
842.0     1.0
842.25     1.0
842.5     1.0
842.75     1.0
843.0     1.0
843.25     1.0
843.5     1.0
843.75     1.0
844.0     1.0
844.25     1.0
844.5     1.0
844.75     1.0
845.0     1.0
845.25     1.0
845.5     1.0
845.75     1.0
846.0     1.0
846.25     1.0
846.5     1.0
846.75     1.0
847.0     1.0
847.25     1.0
847.5     1.0
847.75     1.0
848.0     1.0
848.25     1.0
848.5     1.0
848.75     1.0
849.0     1.0
849.25     1.0
849.5     1.0
849.75     1.0
850.0     1.0
850.25     1.0
850.5     1.0
850.75     1.0
851.0     1.0
851.25     1.0
851.5     1.0
851.75     1.0
852.0     1.0
852.25     1.0
852.5     1.0
852.75     1.0
853.0     1.0
853.25     1.0
853.5     1.0
853.75     1.0
854.0     1.0
854.25     1.0
854.5     1.0
854.75     1.0
855.0     1.0
855.25     1.0
855.5     1.0
855.75     1.0
856.0     1.0
856.25     1.0
856.5     1.0
856.75     1.0
857.0     1.0
857.25     1.0
857.5     1.0
857.75     1.0
858.0     1.0
858.25     1.0
858.5     1.0
858.75     1.0
859.0     1.0
859.25     1.0
859.5     1.0
859.75     1.0
860.0     1.0
860.25     1.0
860.5     1.0
860.75     1.0
861.0     1.0
861.25     1.0
861.5     1.0
861.75     1.0
862.0     1.0
862.25     1.0
862.5     1.0
862.75     1.0
863.0     1.0
863.25     1.0
863.5     1.0
863.75     1.0
864.0     1.0
864.25     1.0
864.5     1.0
864.75     1.0
865.0     1.0
865.25     1.0
865.5     1.0
865.75     1.0
866.0     1.0
866.25     1.0
866.5     1.0
866.75     1.0
867.0     1.0
867.25     1.0
867.5     1.0
867.75     1.0
868.0     1.0
868.25     1.0
868.5     1.0
868.75     1.0
869.0     1.0
869.25     1.0
869.5     1.0
869.75     1.0
870.0     1.0
870.25     1.0
870.5     1.0
870.75     1.0
871.0     1.0
871.25     1.0
871.5     1.0
871.75     1.0
872.0     1.0
872.25     1.0
872.5     1.0
872.75     1.0
873.0     1.0
873.25     1.0
873.5     1.0
873.75     1.0
874.0     1.0
874.25     1.0
874.5     1.0
874.75     1.0
875.0     1.0
875.25     1.0
875.5     1.0
875.75     1.0
876.0     1.0
876.25     1.0
876.5     1.0
876.75     1.0
877.0     1.0
877.25     1.0
877.5     1.0
877.75     1.0
878.0     1.0
878.25     1.0
878.5     1.0
878.75     1.0
879.0     1.0
879.25     1.0
879.5     1.0
879.75     1.0
880.0     1.0
880.25     1.0
880.5     1.0
880.75     1.0
881.0     1.0
881.25     1.0
881.5     1.0
881.75     1.0
882.0     1.0
882.25     1.0
882.5     1.0
882.75     1.0
883.0     1.0
883.25     1.0
883.5     1.0
883.75     1.0
884.0     1.0
884.25     1.0
884.5     1.0
884.75     1.0
885.0     1.0
885.25     1.0
885.5     1.0
885.75     1.0
886.0     1.0
886.25     1.0
886.5     1.0
886.75     1.0
887.0     1.0
887.25     1.0
887.5     1.0
887.75     1.0
888.0     1.0
888.25     1.0
888.5     1.0
888.75     1.0
889.0     1.0
889.25     1.0
889.5     1.0
889.75     1.0
890.0     1.0
890.25     1.0
890.5     1.0
890.75     1.0
891.0     1.0
891.25     1.0
891.5     1.0
891.75     1.0
892.0     1.0
892.25     1.0
892.5     1.0
892.75     1.0
893.0     1.0
893.25     1.0
893.5     1.0
893.75     1.0
894.0     1.0
894.25     1.0
894.5     1.0
894.75     1.0
895.0     1.0
895.25     1.0
895.5     1.0
895.75     1.0
896.0     1.0
896.25     1.0
896.5     1.0
896.75     1.0
897.0     1.0
897.25     1.0
897.5     1.0
897.75     1.0
898.0     1.0
898.25     1.0
898.5     1.0
898.75     1.0
899.0     1.0
899.25     1.0
899.5     1.0
899.75     1.0
900.0     1.0
900.25     1.0
900.5     1.0
900.75     1.0
901.0     1.0
901.25     1.0
901.5     1.0
901.75     1.0
902.0     1.0
902.25     1.0
902.5     1.0
902.75     1.0
903.0     1.0
903.25     1.0
903.5     1.0
903.75     1.0
904.0     1.0
904.25     1.0
904.5     1.0
904.75     1.0
905.0     1.0
905.25     1.0
905.5     1.0
905.75     1.0
906.0     1.0
906.25     1.0
906.5     1.0
906.75     1.0
907.0     1.0
907.25     1.0
907.5     1.0
907.75     1.0
908.0     1.0
908.25     1.0
908.5     1.0
908.75     1.0
909.0     1.0
909.25     1.0
909.5     1.0
909.75     1.0
910.0     1.0
910.25     1.0
910.5     1.0
910.75     1.0
911.0     1.0
911.25     1.0
911.5     1.0
911.75     1.0
912.0     1.0
912.25     1.0
912.5     1.0
912.75     1.0
913.0     1.0
913.25     1.0
913.5     1.0
913.75     1.0
914.0     1.0
914.25     1.0
914.5     1.0
914.75     1.0
915.0     1.0
915.25     1.0
915.5     1.0
915.75     1.0
916.0     1.0
916.25     1.0
916.5     1.0
916.75     1.0
917.0     1.0
917.25     1.0
917.5     1.0
917.75     1.0
918.0     1.0
918.25     1.0
918.5     1.0
918.75     1.0
919.0     1.0
919.25     1.0
919.5     1.0
919.75     1.0
920.0     1.0
920.25     1.0
920.5     1.0
920.75     1.0
921.0     1.0
921.25     1.0
921.5     1.0
921.75     1.0
922.0     1.0
922.25     1.0
922.5     1.0
922.75     1.0
923.0     1.0
923.25     1.0
923.5     1.0
923.75     1.0
924.0     1.0
924.25     1.0
924.5     1.0
924.75     1.0
925.0     1.0
925.25     1.0
925.5     1.0
925.75     1.0
926.0     1.0
926.25     1.0
926.5     1.0
926.75     1.0
927.0     1.0
927.25     1.0
927.5     1.0
927.75     1.0
928.0     1.0
928.25     1.0
928.5     1.0
928.75     1.0
929.0     1.0
929.25     1.0
929.5     1.0
929.75     1.0
930.0     1.0
930.25     1.0
930.5     1.0
930.75     1.0
931.0     1.0
931.25     1.0
931.5     1.0
931.75     1.0
932.0     1.0
932.25     1.0
932.5     1.0
932.75     1.0
933.0     1.0
933.25     1.0
933.5     1.0
933.75     1.0
934.0     1.0
934.25     1.0
934.5     1.0
934.75     1.0
935.0     1.0
935.25     1.0
935.5     1.0
935.75     1.0
936.0     1.0
936.25     1.0
936.5     1.0
936.75     1.0
937.0     1.0
937.25     1.0
937.5     1.0
937.75     1.0
938.0     1.0
938.25     1.0
938.5     1.0
938.75     1.0
939.0     1.0
939.25     1.0
939.5     1.0
939.75     1.0
940.0     1.0
940.25     1.0
940.5     1.0
940.75     1.0
941.0     1.0
941.25     1.0
941.5     1.0
941.75     1.0
942.0     1.0
942.25     1.0
942.5     1.0
942.75     1.0
943.0     1.0
943.25     1.0
943.5     1.0
943.75     1.0
944.0     1.0
944.25     1.0
944.5     1.0
944.75     1.0
945.0     1.0
945.25     1.0
945.5     1.0
945.75     1.0
946.0     1.0
946.25     1.0
946.5     1.0
946.75     1.0
947.0     1.0
947.25     1.0
947.5     1.0
947.75     1.0
948.0     1.0
948.25     1.0
948.5     1.0
948.75     1.0
949.0     1.0
949.25     1.0
949.5     1.0
949.75     1.0
950.0     1.0
950.25     1.0
950.5     1.0
950.75     1.0
951.0     1.0
951.25     1.0
951.5     1.0
951.75     1.0
952.0     1.0
952.25     1.0
952.5     1.0
952.75     1.0
953.0     1.0
953.25     1.0
953.5     1.0
953.75     1.0
954.0     1.0
954.25     1.0
954.5     1.0
954.75     1.0
955.0     1.0
955.25     1.0
955.5     1.0
955.75     1.0
956.0     1.0
956.25     1.0
956.5     1.0
956.75     1.0
957.0     1.0
957.25     1.0
957.5     1.0
957.75     1.0
958.0     1.0
958.25     1.0
958.5     1.0
958.75     1.0
959.0     1.0
959.25     1.0
959.5     1.0
959.75     1.0
960.0     1.0
960.25     1.0
960.5     1.0
960.75     1.0
961.0     1.0
961.25     1.0
961.5     1.0
961.75     1.0
962.0     1.0
962.25     1.0
962.5     1.0
962.75     1.0
963.0     1.0
963.25     1.0
963.5     1.0
963.75     1.0
964.0     1.0
964.25     1.0
964.5     1.0
964.75     1.0
965.0     1.0
965.25     1.0
965.5     1.0
965.75     1.0
966.0     1.0
966.25     1.0
966.5     1.0
966.75     1.0
967.0     1.0
967.25     1.0
967.5     1.0
967.75     1.0
968.0     1.0
968.25     1.0
968.5     1.0
968.75     1.0
969.0     1.0
969.25     1.0
969.5     1.0
969.75     1.0
970.0     1.0
970.25     1.0
970.5     1.0
970.75     1.0
971.0     1.0
971.25     1.0
971.5     1.0
971.75     1.0
972.0     1.0
972.25     1.0
972.5     1.0
972.75     1.0
973.0     1.0
973.25     1.0
973.5     1.0
973.75     1.0
974.0     1.0
974.25     1.0
974.5     1.0
974.75     1.0
975.0     1.0
975.25     1.0
975.5     1.0
975.75     1.0
976.0     1.0
976.25     1.0
976.5     1.0
976.75     1.0
977.0     1.0
977.25     1.0
977.5     1.0
977.75     1.0
978.0     1.0
978.25     1.0
978.5     1.0
978.75     1.0
979.0     1.0
979.25     1.0
979.5     1.0
979.75     1.0
980.0     1.0
980.25     1.0
980.5     1.0
980.75     1.0
981.0     1.0
981.25     1.0
981.5     1.0
981.75     1.0
982.0     1.0
982.25     1.0
982.5     1.0
982.75     1.0
983.0     1.0
983.25     1.0
983.5     1.0
983.75     1.0
984.0     1.0
984.25     1.0
984.5     1.0
984.75     1.0
985.0     1.0
985.25     1.0
985.5     1.0
985.75     1.0
986.0     1.0
986.25     1.0
986.5     1.0
986.75     1.0
987.0     1.0
987.25     1.0
987.5     1.0
987.75     1.0
988.0     1.0
988.25     1.0
988.5     1.0
988.75     1.0
989.0     1.0
989.25     1.0
989.5     1.0
989.75     1.0
990.0     1.0
990.25     1.0
990.5     1.0
990.75     1.0
991.0     1.0
991.25     1.0
991.5     1.0
991.75     1.0
992.0     1.0
992.25     1.0
992.5     1.0
992.75     1.0
993.0     1.0
993.25     1.0
993.5     1.0
993.75     1.0
994.0     1.0
994.25     1.0
994.5     1.0
994.75     1.0
995.0     1.0
995.25     1.0
995.5     1.0
995.75     1.0
996.0     1.0
996.25     1.0
996.5     1.0
996.75     1.0
997.0     1.0
997.25     1.0
997.5     1.0
997.75     1.0
998.0     1.0
998.25     1.0
998.5     1.0
998.75     1.0
999.0     1.0
999.25     1.0
999.5     1.0
999.75     1.0
1000.0     1.0
