0.25     1.0
0.5     1.0
0.75     1.0
1.0     1.0
1.25     1.0
1.5     1.0
1.75     1.0
2.0     1.0
2.25     1.0
2.5     1.0
2.75     1.0
3.0     1.0
3.25     1.0
3.5     1.0
3.75     1.0
4.0     1.0
4.25     1.0
4.5     1.0
4.75     1.0
5.0     1.0
5.25     1.0
5.5     1.0
5.75     1.0
6.0     1.0
6.25     1.0
6.5     1.0
6.75     1.0
7.0     1.0
7.25     1.0
7.5     1.0
7.75     1.0
8.0     1.0
8.25     1.0
8.5     1.0
8.75     1.0
9.0     1.0
9.25     1.0
9.5     1.0
9.75     1.0
10.0     1.0
10.25     1.0
10.5     1.0
10.75     1.0
11.0     1.0
11.25     1.0
11.5     1.0
11.75     1.0
12.0     1.0
12.25     1.0
12.5     1.0
12.75     1.0
13.0     1.0
13.25     1.0
13.5     1.0
13.75     1.0
14.0     1.0
14.25     1.0
14.5     1.0
14.75     1.0
15.0     1.0
15.25     1.0
15.5     1.0
15.75     1.0
16.0     1.0
16.25     1.0
16.5     1.0
16.75     1.0
17.0     1.0
17.25     1.0
17.5     1.0
17.75     1.0
18.0     1.0
18.25     1.0
18.5     1.0
18.75     1.0
19.0     1.0
19.25     1.0
19.5     1.0
19.75     1.0
20.0     1.0
20.25     1.0
20.5     0.997995991984
20.75     0.995991983968
21.0     0.995991983968
21.25     0.993987975952
21.5     0.983967935872
21.75     0.981963927856
22.0     0.97995991984
22.25     0.975951903808
22.5     0.975951903808
22.75     0.97995991984
23.0     0.977955911824
23.25     0.975951903808
23.5     0.967935871743
23.75     0.957915831663
24.0     0.941883767535
24.25     0.933867735471
24.5     0.931863727455
24.75     0.929859719439
25.0     0.925851703407
25.25     0.915831663327
25.5     0.913827655311
25.75     0.909819639279
26.0     0.901803607214
26.25     0.897795591182
26.5     0.897795591182
26.75     0.895791583166
27.0     0.887775551102
27.25     0.88376753507
27.5     0.877755511022
27.75     0.875751503006
28.0     0.871743486974
28.25     0.869739478958
28.5     0.867735470942
28.75     0.857715430862
29.0     0.85370741483
29.25     0.841683366733
29.5     0.835671342685
29.75     0.821643286573
30.0     0.815631262525
30.25     0.817635270541
30.5     0.809619238477
30.75     0.809619238477
31.0     0.807615230461
31.25     0.801603206413
31.5     0.793587174349
31.75     0.791583166333
32.0     0.785571142285
32.25     0.779559118236
32.5     0.773547094188
32.75     0.76753507014
33.0     0.76753507014
33.25     0.771543086172
33.5     0.769539078156
33.75     0.769539078156
34.0     0.769539078156
34.25     0.761523046092
34.5     0.761523046092
34.75     0.759519038076
35.0     0.753507014028
35.25     0.749498997996
35.5     0.745490981964
35.75     0.741482965932
36.0     0.739478957916
36.25     0.735470941884
36.5     0.735470941884
36.75     0.733466933868
37.0     0.731462925852
37.25     0.731462925852
37.5     0.72745490982
37.75     0.725450901804
38.0     0.723446893788
38.25     0.723446893788
38.5     0.719438877756
38.75     0.715430861723
39.0     0.713426853707
39.25     0.707414829659
39.5     0.707414829659
39.75     0.705410821643
40.0     0.705410821643
40.25     0.701402805611
40.5     0.701402805611
40.75     0.697394789579
41.0     0.697394789579
41.25     0.697394789579
41.5     0.691382765531
41.75     0.689378757515
42.0     0.687374749499
42.25     0.685370741483
42.5     0.681362725451
42.75     0.679358717435
43.0     0.673346693387
43.25     0.671342685371
43.5     0.669338677355
43.75     0.669338677355
44.0     0.665330661323
44.25     0.665330661323
44.5     0.661322645291
44.75     0.661322645291
45.0     0.657314629259
45.25     0.657314629259
45.5     0.65130260521
45.75     0.649298597194
46.0     0.649298597194
46.25     0.649298597194
46.5     0.649298597194
46.75     0.643286573146
47.0     0.639278557114
47.25     0.637274549098
47.5     0.637274549098
47.75     0.629258517034
48.0     0.629258517034
48.25     0.627254509018
48.5     0.623246492986
48.75     0.62124248497
49.0     0.62124248497
49.25     0.619238476954
49.5     0.615230460922
49.75     0.609218436874
50.0     0.60120240481
50.25     0.599198396794
50.5     0.599198396794
50.75     0.593186372745
51.0     0.595190380762
51.25     0.593186372745
51.5     0.587174348697
51.75     0.585170340681
52.0     0.583166332665
52.25     0.579158316633
52.5     0.579158316633
52.75     0.575150300601
53.0     0.575150300601
53.25     0.571142284569
53.5     0.571142284569
53.75     0.571142284569
54.0     0.567134268537
54.25     0.567134268537
54.5     0.563126252505
54.75     0.563126252505
55.0     0.563126252505
55.25     0.563126252505
55.5     0.561122244489
55.75     0.559118236473
56.0     0.559118236473
56.25     0.555110220441
56.5     0.555110220441
56.75     0.555110220441
57.0     0.555110220441
57.25     0.553106212425
57.5     0.553106212425
57.75     0.549098196393
58.0     0.549098196393
58.25     0.547094188377
58.5     0.543086172345
58.75     0.543086172345
59.0     0.541082164329
59.25     0.541082164329
59.5     0.539078156313
59.75     0.539078156313
60.0     0.541082164329
60.25     0.541082164329
60.5     0.539078156313
60.75     0.537074148297
61.0     0.537074148297
61.25     0.535070140281
61.5     0.533066132265
61.75     0.531062124248
62.0     0.531062124248
62.25     0.529058116232
62.5     0.529058116232
62.75     0.529058116232
63.0     0.529058116232
63.25     0.527054108216
63.5     0.527054108216
63.75     0.523046092184
64.0     0.517034068136
64.25     0.51503006012
64.5     0.51503006012
64.75     0.513026052104
65.0     0.513026052104
65.25     0.513026052104
65.5     0.511022044088
65.75     0.511022044088
66.0     0.511022044088
66.25     0.511022044088
66.5     0.511022044088
66.75     0.511022044088
67.0     0.509018036072
67.25     0.50501002004
67.5     0.503006012024
67.75     0.50501002004
68.0     0.501002004008
68.25     0.501002004008
68.5     0.503006012024
68.75     0.498997995992
69.0     0.498997995992
69.25     0.492985971944
69.5     0.490981963928
69.75     0.490981963928
70.0     0.490981963928
70.25     0.490981963928
70.5     0.488977955912
70.75     0.488977955912
71.0     0.488977955912
71.25     0.488977955912
71.5     0.488977955912
71.75     0.488977955912
72.0     0.486973947896
72.25     0.486973947896
72.5     0.486973947896
72.75     0.48496993988
73.0     0.482965931864
73.25     0.482965931864
73.5     0.482965931864
73.75     0.482965931864
74.0     0.480961923848
74.25     0.476953907816
74.5     0.476953907816
74.75     0.4749498998
75.0     0.4749498998
75.25     0.4749498998
75.5     0.4749498998
75.75     0.4749498998
76.0     0.4749498998
76.25     0.4749498998
76.5     0.4749498998
76.75     0.472945891784
77.0     0.472945891784
77.25     0.470941883768
77.5     0.470941883768
77.75     0.470941883768
78.0     0.470941883768
78.25     0.468937875752
78.5     0.466933867735
78.75     0.462925851703
79.0     0.460921843687
79.25     0.460921843687
79.5     0.460921843687
79.75     0.460921843687
80.0     0.458917835671
80.25     0.458917835671
80.5     0.456913827655
80.75     0.456913827655
81.0     0.452905811623
81.25     0.450901803607
81.5     0.450901803607
81.75     0.450901803607
82.0     0.450901803607
82.25     0.448897795591
82.5     0.446893787575
82.75     0.446893787575
83.0     0.446893787575
83.25     0.446893787575
83.5     0.446893787575
83.75     0.444889779559
84.0     0.442885771543
84.25     0.442885771543
84.5     0.442885771543
84.75     0.440881763527
85.0     0.438877755511
85.25     0.436873747495
85.5     0.436873747495
85.75     0.434869739479
86.0     0.434869739479
86.25     0.434869739479
86.5     0.432865731463
86.75     0.430861723447
87.0     0.430861723447
87.25     0.430861723447
87.5     0.430861723447
87.75     0.430861723447
88.0     0.430861723447
88.25     0.428857715431
88.5     0.428857715431
88.75     0.428857715431
89.0     0.428857715431
89.25     0.426853707415
89.5     0.426853707415
89.75     0.426853707415
90.0     0.426853707415
90.25     0.426853707415
90.5     0.424849699399
90.75     0.424849699399
91.0     0.422845691383
91.25     0.422845691383
91.5     0.420841683367
91.75     0.418837675351
92.0     0.418837675351
92.25     0.418837675351
92.5     0.418837675351
92.75     0.418837675351
93.0     0.418837675351
93.25     0.418837675351
93.5     0.418837675351
93.75     0.418837675351
94.0     0.418837675351
94.25     0.418837675351
94.5     0.418837675351
94.75     0.418837675351
95.0     0.418837675351
95.25     0.418837675351
95.5     0.418837675351
95.75     0.418837675351
96.0     0.418837675351
96.25     0.418837675351
96.5     0.418837675351
96.75     0.418837675351
97.0     0.418837675351
97.25     0.418837675351
97.5     0.418837675351
97.75     0.414829659319
98.0     0.412825651303
98.25     0.412825651303
98.5     0.412825651303
98.75     0.412825651303
99.0     0.410821643287
99.25     0.410821643287
99.5     0.410821643287
99.75     0.410821643287
100.0     0.410821643287
100.25     0.410821643287
100.5     0.410821643287
100.75     0.408817635271
101.0     0.408817635271
101.25     0.404809619238
101.5     0.404809619238
101.75     0.402805611222
102.0     0.402805611222
102.25     0.402805611222
102.5     0.402805611222
102.75     0.400801603206
103.0     0.396793587174
103.25     0.396793587174
103.5     0.396793587174
103.75     0.396793587174
104.0     0.396793587174
104.25     0.396793587174
104.5     0.396793587174
104.75     0.396793587174
105.0     0.396793587174
105.25     0.394789579158
105.5     0.394789579158
105.75     0.394789579158
106.0     0.394789579158
106.25     0.392785571142
106.5     0.392785571142
106.75     0.390781563126
107.0     0.390781563126
107.25     0.390781563126
107.5     0.390781563126
107.75     0.390781563126
108.0     0.390781563126
108.25     0.390781563126
108.5     0.38877755511
108.75     0.38877755511
109.0     0.38877755511
109.25     0.38877755511
109.5     0.38877755511
109.75     0.38877755511
110.0     0.386773547094
110.25     0.386773547094
110.5     0.386773547094
110.75     0.384769539078
111.0     0.382765531062
111.25     0.382765531062
111.5     0.382765531062
111.75     0.382765531062
112.0     0.382765531062
112.25     0.382765531062
112.5     0.380761523046
112.75     0.382765531062
113.0     0.384769539078
113.25     0.384769539078
113.5     0.384769539078
113.75     0.380761523046
114.0     0.374749498998
114.25     0.374749498998
114.5     0.372745490982
114.75     0.372745490982
115.0     0.374749498998
115.25     0.372745490982
115.5     0.372745490982
115.75     0.370741482966
116.0     0.36873747495
116.25     0.36873747495
116.5     0.36873747495
116.75     0.36873747495
117.0     0.366733466934
117.25     0.366733466934
117.5     0.366733466934
117.75     0.366733466934
118.0     0.36873747495
118.25     0.36873747495
118.5     0.366733466934
118.75     0.366733466934
119.0     0.364729458918
119.25     0.360721442886
119.5     0.360721442886
119.75     0.356713426854
120.0     0.354709418838
120.25     0.356713426854
120.5     0.35871743487
120.75     0.354709418838
121.0     0.354709418838
121.25     0.354709418838
121.5     0.354709418838
121.75     0.352705410822
122.0     0.352705410822
122.25     0.352705410822
122.5     0.34869739479
122.75     0.346693386774
123.0     0.346693386774
123.25     0.346693386774
123.5     0.344689378758
123.75     0.342685370741
124.0     0.340681362725
124.25     0.340681362725
124.5     0.338677354709
124.75     0.338677354709
125.0     0.334669338677
125.25     0.336673346693
125.5     0.336673346693
125.75     0.336673346693
126.0     0.336673346693
126.25     0.334669338677
126.5     0.330661322645
126.75     0.330661322645
127.0     0.330661322645
127.25     0.328657314629
127.5     0.326653306613
127.75     0.322645290581
128.0     0.322645290581
128.25     0.320641282565
128.5     0.318637274549
128.75     0.318637274549
129.0     0.316633266533
129.25     0.316633266533
129.5     0.316633266533
129.75     0.316633266533
130.0     0.312625250501
130.25     0.312625250501
130.5     0.312625250501
130.75     0.312625250501
131.0     0.312625250501
131.25     0.310621242485
131.5     0.310621242485
131.75     0.310621242485
132.0     0.308617234469
132.25     0.308617234469
132.5     0.308617234469
132.75     0.308617234469
133.0     0.308617234469
133.25     0.308617234469
133.5     0.308617234469
133.75     0.306613226453
134.0     0.306613226453
134.25     0.302605210421
134.5     0.302605210421
134.75     0.302605210421
135.0     0.302605210421
135.25     0.302605210421
135.5     0.302605210421
135.75     0.302605210421
136.0     0.300601202405
136.25     0.300601202405
136.5     0.298597194389
136.75     0.298597194389
137.0     0.298597194389
137.25     0.296593186373
137.5     0.296593186373
137.75     0.296593186373
138.0     0.296593186373
138.25     0.294589178357
138.5     0.294589178357
138.75     0.294589178357
139.0     0.294589178357
139.25     0.294589178357
139.5     0.294589178357
139.75     0.294589178357
140.0     0.294589178357
140.25     0.296593186373
140.5     0.296593186373
140.75     0.294589178357
141.0     0.292585170341
141.25     0.292585170341
141.5     0.290581162325
141.75     0.290581162325
142.0     0.290581162325
142.25     0.290581162325
142.5     0.284569138277
142.75     0.284569138277
143.0     0.284569138277
143.25     0.282565130261
143.5     0.282565130261
143.75     0.282565130261
144.0     0.282565130261
144.25     0.282565130261
144.5     0.282565130261
144.75     0.282565130261
145.0     0.282565130261
145.25     0.278557114228
145.5     0.278557114228
145.75     0.278557114228
146.0     0.278557114228
146.25     0.280561122244
146.5     0.280561122244
146.75     0.278557114228
147.0     0.278557114228
147.25     0.278557114228
147.5     0.278557114228
147.75     0.278557114228
148.0     0.278557114228
148.25     0.278557114228
148.5     0.278557114228
148.75     0.278557114228
149.0     0.278557114228
149.25     0.278557114228
149.5     0.278557114228
149.75     0.278557114228
150.0     0.278557114228
150.25     0.278557114228
150.5     0.276553106212
150.75     0.274549098196
151.0     0.27254509018
151.25     0.27254509018
151.5     0.27254509018
151.75     0.27254509018
152.0     0.270541082164
152.25     0.27254509018
152.5     0.27254509018
152.75     0.270541082164
153.0     0.270541082164
153.25     0.268537074148
153.5     0.268537074148
153.75     0.268537074148
154.0     0.266533066132
154.25     0.266533066132
154.5     0.264529058116
154.75     0.264529058116
155.0     0.266533066132
155.25     0.266533066132
155.5     0.266533066132
155.75     0.266533066132
156.0     0.266533066132
156.25     0.266533066132
156.5     0.266533066132
156.75     0.266533066132
157.0     0.266533066132
157.25     0.266533066132
157.5     0.264529058116
157.75     0.264529058116
158.0     0.264529058116
158.25     0.2625250501
158.5     0.2625250501
158.75     0.2625250501
159.0     0.2625250501
159.25     0.2625250501
159.5     0.2625250501
159.75     0.2625250501
160.0     0.2625250501
160.25     0.260521042084
160.5     0.258517034068
160.75     0.258517034068
161.0     0.258517034068
161.25     0.258517034068
161.5     0.258517034068
161.75     0.258517034068
162.0     0.258517034068
162.25     0.258517034068
162.5     0.258517034068
162.75     0.256513026052
163.0     0.254509018036
163.25     0.254509018036
163.5     0.25250501002
163.75     0.25250501002
164.0     0.25250501002
164.25     0.25250501002
164.5     0.250501002004
164.75     0.250501002004
165.0     0.250501002004
165.25     0.250501002004
165.5     0.250501002004
165.75     0.250501002004
166.0     0.250501002004
166.25     0.250501002004
166.5     0.250501002004
166.75     0.250501002004
167.0     0.250501002004
167.25     0.248496993988
167.5     0.246492985972
167.75     0.24248496994
168.0     0.24248496994
168.25     0.24248496994
168.5     0.24248496994
168.75     0.24248496994
169.0     0.24248496994
169.25     0.24248496994
169.5     0.238476953908
169.75     0.238476953908
170.0     0.238476953908
170.25     0.236472945892
170.5     0.234468937876
170.75     0.234468937876
171.0     0.23246492986
171.25     0.23246492986
171.5     0.23246492986
171.75     0.230460921844
172.0     0.230460921844
172.25     0.230460921844
172.5     0.23246492986
172.75     0.23246492986
173.0     0.23246492986
173.25     0.230460921844
173.5     0.230460921844
173.75     0.230460921844
174.0     0.230460921844
174.25     0.230460921844
174.5     0.228456913828
174.75     0.228456913828
175.0     0.228456913828
175.25     0.228456913828
175.5     0.228456913828
175.75     0.228456913828
176.0     0.228456913828
176.25     0.226452905812
176.5     0.226452905812
176.75     0.226452905812
177.0     0.226452905812
177.25     0.226452905812
177.5     0.226452905812
177.75     0.224448897796
178.0     0.224448897796
178.25     0.224448897796
178.5     0.224448897796
178.75     0.224448897796
179.0     0.224448897796
179.25     0.224448897796
179.5     0.224448897796
179.75     0.224448897796
180.0     0.224448897796
180.25     0.224448897796
180.5     0.224448897796
180.75     0.22244488978
181.0     0.22244488978
181.25     0.22244488978
181.5     0.22244488978
181.75     0.22244488978
182.0     0.22244488978
182.25     0.22244488978
182.5     0.22244488978
182.75     0.22244488978
183.0     0.22244488978
183.25     0.220440881764
183.5     0.220440881764
183.75     0.218436873747
184.0     0.218436873747
184.25     0.218436873747
184.5     0.218436873747
184.75     0.218436873747
185.0     0.218436873747
185.25     0.216432865731
185.5     0.216432865731
185.75     0.214428857715
186.0     0.214428857715
186.25     0.212424849699
186.5     0.212424849699
186.75     0.212424849699
187.0     0.212424849699
187.25     0.212424849699
187.5     0.212424849699
187.75     0.212424849699
188.0     0.212424849699
188.25     0.210420841683
188.5     0.210420841683
188.75     0.210420841683
189.0     0.208416833667
189.25     0.208416833667
189.5     0.208416833667
189.75     0.208416833667
190.0     0.208416833667
190.25     0.208416833667
190.5     0.208416833667
190.75     0.208416833667
191.0     0.208416833667
191.25     0.208416833667
191.5     0.208416833667
191.75     0.208416833667
192.0     0.208416833667
192.25     0.208416833667
192.5     0.206412825651
192.75     0.206412825651
193.0     0.204408817635
193.25     0.204408817635
193.5     0.204408817635
193.75     0.202404809619
194.0     0.202404809619
194.25     0.200400801603
194.5     0.198396793587
194.75     0.198396793587
195.0     0.198396793587
195.25     0.196392785571
195.5     0.194388777555
195.75     0.194388777555
196.0     0.192384769539
196.25     0.192384769539
196.5     0.188376753507
196.75     0.188376753507
197.0     0.188376753507
197.25     0.188376753507
197.5     0.188376753507
197.75     0.186372745491
198.0     0.188376753507
198.25     0.188376753507
198.5     0.188376753507
198.75     0.188376753507
199.0     0.188376753507
199.25     0.188376753507
199.5     0.188376753507
199.75     0.188376753507
200.0     0.188376753507
200.25     0.186372745491
200.5     0.186372745491
200.75     0.186372745491
201.0     0.186372745491
201.25     0.188376753507
201.5     0.188376753507
201.75     0.188376753507
202.0     0.188376753507
202.25     0.184368737475
202.5     0.184368737475
202.75     0.182364729459
203.0     0.182364729459
203.25     0.180360721443
203.5     0.176352705411
203.75     0.176352705411
204.0     0.176352705411
204.25     0.176352705411
204.5     0.176352705411
204.75     0.176352705411
205.0     0.176352705411
205.25     0.176352705411
205.5     0.176352705411
205.75     0.176352705411
206.0     0.174348697395
206.25     0.172344689379
206.5     0.172344689379
206.75     0.172344689379
207.0     0.172344689379
207.25     0.172344689379
207.5     0.174348697395
207.75     0.174348697395
208.0     0.172344689379
208.25     0.170340681363
208.5     0.170340681363
208.75     0.166332665331
209.0     0.166332665331
209.25     0.164328657315
209.5     0.164328657315
209.75     0.164328657315
210.0     0.164328657315
210.25     0.162324649299
210.5     0.162324649299
210.75     0.162324649299
211.0     0.162324649299
211.25     0.162324649299
211.5     0.160320641283
211.75     0.158316633267
212.0     0.158316633267
212.25     0.158316633267
212.5     0.158316633267
212.75     0.158316633267
213.0     0.158316633267
213.25     0.158316633267
213.5     0.160320641283
213.75     0.160320641283
214.0     0.162324649299
214.25     0.162324649299
214.5     0.162324649299
214.75     0.162324649299
215.0     0.162324649299
215.25     0.162324649299
215.5     0.162324649299
215.75     0.162324649299
216.0     0.160320641283
216.25     0.158316633267
216.5     0.154308617234
216.75     0.152304609218
217.0     0.152304609218
217.25     0.150300601202
217.5     0.150300601202
217.75     0.150300601202
218.0     0.148296593186
218.25     0.148296593186
218.5     0.148296593186
218.75     0.148296593186
219.0     0.144288577154
219.25     0.144288577154
219.5     0.144288577154
219.75     0.144288577154
220.0     0.142284569138
220.25     0.142284569138
220.5     0.140280561122
220.75     0.140280561122
221.0     0.140280561122
221.25     0.140280561122
221.5     0.140280561122
221.75     0.140280561122
222.0     0.140280561122
222.25     0.138276553106
222.5     0.13627254509
222.75     0.13627254509
223.0     0.13627254509
223.25     0.13627254509
223.5     0.13627254509
223.75     0.134268537074
224.0     0.134268537074
224.25     0.134268537074
224.5     0.134268537074
224.75     0.132264529058
225.0     0.132264529058
225.25     0.132264529058
225.5     0.132264529058
225.75     0.132264529058
226.0     0.132264529058
226.25     0.132264529058
226.5     0.132264529058
226.75     0.132264529058
227.0     0.128256513026
227.25     0.128256513026
227.5     0.128256513026
227.75     0.128256513026
228.0     0.128256513026
228.25     0.128256513026
228.5     0.128256513026
228.75     0.128256513026
229.0     0.128256513026
229.25     0.132264529058
229.5     0.132264529058
229.75     0.132264529058
230.0     0.132264529058
230.25     0.132264529058
230.5     0.132264529058
230.75     0.130260521042
231.0     0.130260521042
231.25     0.128256513026
231.5     0.128256513026
231.75     0.12625250501
232.0     0.12625250501
232.25     0.12625250501
232.5     0.12625250501
232.75     0.12625250501
233.0     0.12625250501
233.25     0.12625250501
233.5     0.12625250501
233.75     0.12625250501
234.0     0.124248496994
234.25     0.124248496994
234.5     0.122244488978
234.75     0.122244488978
235.0     0.122244488978
235.25     0.122244488978
235.5     0.118236472946
235.75     0.118236472946
236.0     0.120240480962
236.25     0.120240480962
236.5     0.120240480962
236.75     0.120240480962
237.0     0.120240480962
237.25     0.120240480962
237.5     0.120240480962
237.75     0.120240480962
238.0     0.120240480962
238.25     0.120240480962
238.5     0.120240480962
238.75     0.118236472946
239.0     0.118236472946
239.25     0.118236472946
239.5     0.118236472946
239.75     0.118236472946
240.0     0.118236472946
240.25     0.118236472946
240.5     0.118236472946
240.75     0.11623246493
241.0     0.11623246493
241.25     0.114228456914
241.5     0.112224448898
241.75     0.112224448898
242.0     0.112224448898
242.25     0.112224448898
242.5     0.112224448898
242.75     0.112224448898
243.0     0.112224448898
243.25     0.112224448898
243.5     0.112224448898
243.75     0.110220440882
244.0     0.110220440882
244.25     0.110220440882
244.5     0.108216432866
244.75     0.108216432866
245.0     0.108216432866
245.25     0.108216432866
245.5     0.108216432866
245.75     0.108216432866
246.0     0.108216432866
246.25     0.110220440882
246.5     0.110220440882
246.75     0.110220440882
247.0     0.110220440882
247.25     0.110220440882
247.5     0.108216432866
247.75     0.108216432866
248.0     0.10621242485
248.25     0.10621242485
248.5     0.108216432866
248.75     0.108216432866
249.0     0.10621242485
249.25     0.104208416834
249.5     0.104208416834
249.75     0.104208416834
250.0     0.104208416834
250.25     0.104208416834
250.5     0.104208416834
250.75     0.104208416834
251.0     0.102204408818
251.25     0.102204408818
251.5     0.102204408818
251.75     0.102204408818
252.0     0.102204408818
252.25     0.102204408818
252.5     0.100200400802
252.75     0.100200400802
253.0     0.0981963927856
253.25     0.0981963927856
253.5     0.0981963927856
253.75     0.0981963927856
254.0     0.0981963927856
254.25     0.0981963927856
254.5     0.0981963927856
254.75     0.0981963927856
255.0     0.100200400802
255.25     0.0981963927856
255.5     0.0981963927856
255.75     0.0981963927856
256.0     0.0981963927856
256.25     0.0981963927856
256.5     0.0961923847695
256.75     0.0961923847695
257.0     0.0961923847695
257.25     0.0961923847695
257.5     0.0961923847695
257.75     0.0961923847695
258.0     0.0961923847695
258.25     0.0961923847695
258.5     0.0961923847695
258.75     0.0961923847695
259.0     0.0961923847695
259.25     0.0941883767535
259.5     0.0941883767535
259.75     0.0941883767535
260.0     0.0941883767535
260.25     0.0941883767535
260.5     0.0921843687375
260.75     0.0921843687375
261.0     0.0921843687375
261.25     0.0921843687375
261.5     0.0881763527054
261.75     0.0881763527054
262.0     0.0881763527054
262.25     0.0881763527054
262.5     0.0881763527054
262.75     0.0881763527054
263.0     0.0881763527054
263.25     0.0881763527054
263.5     0.0861723446894
263.75     0.0861723446894
264.0     0.0861723446894
264.25     0.0841683366733
264.5     0.0841683366733
264.75     0.0841683366733
265.0     0.0841683366733
265.25     0.0841683366733
265.5     0.0821643286573
265.75     0.0821643286573
266.0     0.0801603206413
266.25     0.0801603206413
266.5     0.0801603206413
266.75     0.0801603206413
267.0     0.0801603206413
267.25     0.0801603206413
267.5     0.0801603206413
267.75     0.0801603206413
268.0     0.0781563126253
268.25     0.0761523046092
268.5     0.0761523046092
268.75     0.0761523046092
269.0     0.0761523046092
269.25     0.0761523046092
269.5     0.0761523046092
269.75     0.0721442885772
270.0     0.0721442885772
270.25     0.0701402805611
270.5     0.0701402805611
270.75     0.0701402805611
271.0     0.0701402805611
271.25     0.0701402805611
271.5     0.0701402805611
271.75     0.0681362725451
272.0     0.0701402805611
272.25     0.0701402805611
272.5     0.0701402805611
272.75     0.0701402805611
273.0     0.0681362725451
273.25     0.0681362725451
273.5     0.0681362725451
273.75     0.0681362725451
274.0     0.0681362725451
274.25     0.0661322645291
274.5     0.0661322645291
274.75     0.0661322645291
275.0     0.0661322645291
275.25     0.0661322645291
275.5     0.0661322645291
275.75     0.064128256513
276.0     0.060120240481
276.25     0.060120240481
276.5     0.0581162324649
276.75     0.0581162324649
277.0     0.0581162324649
277.25     0.0581162324649
277.5     0.0581162324649
277.75     0.0581162324649
278.0     0.0581162324649
278.25     0.0581162324649
278.5     0.0581162324649
278.75     0.0581162324649
279.0     0.0561122244489
279.25     0.0561122244489
279.5     0.0561122244489
279.75     0.0581162324649
280.0     0.0581162324649
280.25     0.0581162324649
280.5     0.0581162324649
280.75     0.0581162324649
281.0     0.0581162324649
281.25     0.0581162324649
281.5     0.0581162324649
281.75     0.0581162324649
282.0     0.0581162324649
282.25     0.0561122244489
282.5     0.0561122244489
282.75     0.0561122244489
283.0     0.0561122244489
283.25     0.0561122244489
283.5     0.0561122244489
283.75     0.0561122244489
284.0     0.0561122244489
284.25     0.0541082164329
284.5     0.0541082164329
284.75     0.0521042084168
285.0     0.0521042084168
285.25     0.0521042084168
285.5     0.0521042084168
285.75     0.0521042084168
286.0     0.0521042084168
286.25     0.0521042084168
286.5     0.0521042084168
286.75     0.0521042084168
287.0     0.0521042084168
287.25     0.0521042084168
287.5     0.0521042084168
287.75     0.0521042084168
288.0     0.0521042084168
288.25     0.0521042084168
288.5     0.0521042084168
288.75     0.0521042084168
289.0     0.0501002004008
289.25     0.0501002004008
289.5     0.0501002004008
289.75     0.0501002004008
290.0     0.0501002004008
290.25     0.0501002004008
290.5     0.0501002004008
290.75     0.0501002004008
291.0     0.0501002004008
291.25     0.0501002004008
291.5     0.0501002004008
291.75     0.0501002004008
292.0     0.0501002004008
292.25     0.0480961923848
292.5     0.0480961923848
292.75     0.0480961923848
293.0     0.0480961923848
293.25     0.0480961923848
293.5     0.0480961923848
293.75     0.0480961923848
294.0     0.0480961923848
294.25     0.0480961923848
294.5     0.0501002004008
294.75     0.0501002004008
295.0     0.0501002004008
295.25     0.0501002004008
295.5     0.0501002004008
295.75     0.0501002004008
296.0     0.0501002004008
296.25     0.0501002004008
296.5     0.0501002004008
296.75     0.0501002004008
297.0     0.0501002004008
297.25     0.0501002004008
297.5     0.0501002004008
297.75     0.0501002004008
298.0     0.0501002004008
298.25     0.0501002004008
298.5     0.0501002004008
298.75     0.0501002004008
299.0     0.0501002004008
299.25     0.0501002004008
299.5     0.0480961923848
299.75     0.0480961923848
300.0     0.0480961923848
300.25     0.0460921843687
300.5     0.0460921843687
300.75     0.0460921843687
301.0     0.0460921843687
301.25     0.0460921843687
301.5     0.0460921843687
301.75     0.0460921843687
302.0     0.0460921843687
302.25     0.0460921843687
302.5     0.0460921843687
302.75     0.0460921843687
303.0     0.0460921843687
303.25     0.0460921843687
303.5     0.0460921843687
303.75     0.0460921843687
304.0     0.0460921843687
304.25     0.0460921843687
304.5     0.0460921843687
304.75     0.0460921843687
305.0     0.0460921843687
305.25     0.0460921843687
305.5     0.0460921843687
305.75     0.0460921843687
306.0     0.0460921843687
306.25     0.0460921843687
306.5     0.0440881763527
306.75     0.0440881763527
307.0     0.0440881763527
307.25     0.0440881763527
307.5     0.0440881763527
307.75     0.0440881763527
308.0     0.0440881763527
308.25     0.0440881763527
308.5     0.0440881763527
308.75     0.0440881763527
309.0     0.0440881763527
309.25     0.0440881763527
309.5     0.0440881763527
309.75     0.0440881763527
310.0     0.0440881763527
310.25     0.0440881763527
310.5     0.0440881763527
310.75     0.0440881763527
311.0     0.0440881763527
311.25     0.0440881763527
311.5     0.0440881763527
311.75     0.0440881763527
312.0     0.0440881763527
312.25     0.0440881763527
312.5     0.0440881763527
312.75     0.0440881763527
313.0     0.0440881763527
313.25     0.0440881763527
313.5     0.0440881763527
313.75     0.0440881763527
314.0     0.0440881763527
314.25     0.0440881763527
314.5     0.0440881763527
314.75     0.0440881763527
315.0     0.0440881763527
315.25     0.0440881763527
315.5     0.0440881763527
315.75     0.0440881763527
316.0     0.0440881763527
316.25     0.0440881763527
316.5     0.0400801603206
316.75     0.0400801603206
317.0     0.0400801603206
317.25     0.0400801603206
317.5     0.0400801603206
317.75     0.0400801603206
318.0     0.0400801603206
318.25     0.0380761523046
318.5     0.0380761523046
318.75     0.0380761523046
319.0     0.0380761523046
319.25     0.0380761523046
319.5     0.0360721442886
319.75     0.0360721442886
320.0     0.0340681362725
320.25     0.0360721442886
320.5     0.0360721442886
320.75     0.0360721442886
321.0     0.0360721442886
321.25     0.0360721442886
321.5     0.0360721442886
321.75     0.0360721442886
322.0     0.0360721442886
322.25     0.0360721442886
322.5     0.0360721442886
322.75     0.0360721442886
323.0     0.0360721442886
323.25     0.0360721442886
323.5     0.0360721442886
323.75     0.0360721442886
324.0     0.0360721442886
324.25     0.0360721442886
324.5     0.0360721442886
324.75     0.0360721442886
325.0     0.0360721442886
325.25     0.0360721442886
325.5     0.0360721442886
325.75     0.0360721442886
326.0     0.0360721442886
326.25     0.0360721442886
326.5     0.0360721442886
326.75     0.0360721442886
327.0     0.0360721442886
327.25     0.0360721442886
327.5     0.0360721442886
327.75     0.0360721442886
328.0     0.0360721442886
328.25     0.0360721442886
328.5     0.0360721442886
328.75     0.0360721442886
329.0     0.0360721442886
329.25     0.0360721442886
329.5     0.0360721442886
329.75     0.0360721442886
330.0     0.0360721442886
330.25     0.0360721442886
330.5     0.0360721442886
330.75     0.0360721442886
331.0     0.0360721442886
331.25     0.0360721442886
331.5     0.0360721442886
331.75     0.0360721442886
332.0     0.0360721442886
332.25     0.0360721442886
332.5     0.0360721442886
332.75     0.0360721442886
333.0     0.0360721442886
333.25     0.0360721442886
333.5     0.0360721442886
333.75     0.0360721442886
334.0     0.0360721442886
334.25     0.0360721442886
334.5     0.0360721442886
334.75     0.0360721442886
335.0     0.0360721442886
335.25     0.0360721442886
335.5     0.0360721442886
335.75     0.0360721442886
336.0     0.0360721442886
336.25     0.0360721442886
336.5     0.0360721442886
336.75     0.0360721442886
337.0     0.0360721442886
337.25     0.0360721442886
337.5     0.0360721442886
337.75     0.0360721442886
338.0     0.0360721442886
338.25     0.0360721442886
338.5     0.0340681362725
338.75     0.0340681362725
339.0     0.0340681362725
339.25     0.0340681362725
339.5     0.0340681362725
339.75     0.0340681362725
340.0     0.0340681362725
340.25     0.0340681362725
340.5     0.0340681362725
340.75     0.0340681362725
341.0     0.0340681362725
341.25     0.0340681362725
341.5     0.0340681362725
341.75     0.0340681362725
342.0     0.0340681362725
342.25     0.0340681362725
342.5     0.0340681362725
342.75     0.0340681362725
343.0     0.0340681362725
343.25     0.0340681362725
343.5     0.0340681362725
343.75     0.0340681362725
344.0     0.0340681362725
344.25     0.0340681362725
344.5     0.0340681362725
344.75     0.0340681362725
345.0     0.0340681362725
345.25     0.0340681362725
345.5     0.0340681362725
345.75     0.0320641282565
346.0     0.0320641282565
346.25     0.0320641282565
346.5     0.0320641282565
346.75     0.0300601202405
347.0     0.0300601202405
347.25     0.0300601202405
347.5     0.0300601202405
347.75     0.0300601202405
348.0     0.0300601202405
348.25     0.0300601202405
348.5     0.0300601202405
348.75     0.0300601202405
349.0     0.0300601202405
349.25     0.0300601202405
349.5     0.0300601202405
349.75     0.0300601202405
350.0     0.0300601202405
350.25     0.0300601202405
350.5     0.0300601202405
350.75     0.0300601202405
351.0     0.0300601202405
351.25     0.0300601202405
351.5     0.0300601202405
351.75     0.0300601202405
352.0     0.0300601202405
352.25     0.0300601202405
352.5     0.0300601202405
352.75     0.0300601202405
353.0     0.0300601202405
353.25     0.0300601202405
353.5     0.0300601202405
353.75     0.0300601202405
354.0     0.0280561122244
354.25     0.0280561122244
354.5     0.0280561122244
354.75     0.0260521042084
355.0     0.0260521042084
355.25     0.0260521042084
355.5     0.0260521042084
355.75     0.0260521042084
356.0     0.0260521042084
356.25     0.0260521042084
356.5     0.0260521042084
356.75     0.0260521042084
357.0     0.0260521042084
357.25     0.0260521042084
357.5     0.0260521042084
357.75     0.0260521042084
358.0     0.0260521042084
358.25     0.0260521042084
358.5     0.0260521042084
358.75     0.0260521042084
359.0     0.0260521042084
359.25     0.0260521042084
359.5     0.0260521042084
359.75     0.0260521042084
360.0     0.0260521042084
360.25     0.0260521042084
360.5     0.0260521042084
360.75     0.0260521042084
361.0     0.0260521042084
361.25     0.0260521042084
361.5     0.0260521042084
361.75     0.0260521042084
362.0     0.0260521042084
362.25     0.0260521042084
362.5     0.0260521042084
362.75     0.0260521042084
363.0     0.0260521042084
363.25     0.0260521042084
363.5     0.0260521042084
363.75     0.0240480961924
364.0     0.0240480961924
364.25     0.0240480961924
364.5     0.0240480961924
364.75     0.0240480961924
365.0     0.0240480961924
365.25     0.0220440881764
365.5     0.0220440881764
365.75     0.0220440881764
366.0     0.0220440881764
366.25     0.0220440881764
366.5     0.0220440881764
366.75     0.0220440881764
367.0     0.0220440881764
367.25     0.0220440881764
367.5     0.0220440881764
367.75     0.0220440881764
368.0     0.0220440881764
368.25     0.0220440881764
368.5     0.0220440881764
368.75     0.0220440881764
369.0     0.0220440881764
369.25     0.0220440881764
369.5     0.0220440881764
369.75     0.0220440881764
370.0     0.0220440881764
370.25     0.0220440881764
370.5     0.0220440881764
370.75     0.0220440881764
371.0     0.0220440881764
371.25     0.0220440881764
371.5     0.0220440881764
371.75     0.0220440881764
372.0     0.0220440881764
372.25     0.0220440881764
372.5     0.0220440881764
372.75     0.0220440881764
373.0     0.0220440881764
373.25     0.0220440881764
373.5     0.0220440881764
373.75     0.0220440881764
374.0     0.0220440881764
374.25     0.0220440881764
374.5     0.0220440881764
374.75     0.0220440881764
375.0     0.0220440881764
375.25     0.0220440881764
375.5     0.0220440881764
375.75     0.0220440881764
376.0     0.0220440881764
376.25     0.0220440881764
376.5     0.0220440881764
376.75     0.0220440881764
377.0     0.0220440881764
377.25     0.0220440881764
377.5     0.0200400801603
377.75     0.0200400801603
378.0     0.0200400801603
378.25     0.0200400801603
378.5     0.0200400801603
378.75     0.0200400801603
379.0     0.0200400801603
379.25     0.0200400801603
379.5     0.0200400801603
379.75     0.0200400801603
380.0     0.0200400801603
380.25     0.0200400801603
380.5     0.0200400801603
380.75     0.0200400801603
381.0     0.0200400801603
381.25     0.0200400801603
381.5     0.0200400801603
381.75     0.0200400801603
382.0     0.0200400801603
382.25     0.0200400801603
382.5     0.0200400801603
382.75     0.0200400801603
383.0     0.0200400801603
383.25     0.0200400801603
383.5     0.0180360721443
383.75     0.0180360721443
384.0     0.0180360721443
384.25     0.0180360721443
384.5     0.0180360721443
384.75     0.0180360721443
385.0     0.0180360721443
385.25     0.0180360721443
385.5     0.0180360721443
385.75     0.0180360721443
386.0     0.0180360721443
386.25     0.0180360721443
386.5     0.0180360721443
386.75     0.0160320641283
387.0     0.0160320641283
387.25     0.0160320641283
387.5     0.0160320641283
387.75     0.0160320641283
388.0     0.0160320641283
388.25     0.0160320641283
388.5     0.0160320641283
388.75     0.0160320641283
389.0     0.0160320641283
389.25     0.0160320641283
389.5     0.0160320641283
389.75     0.0160320641283
390.0     0.0160320641283
390.25     0.0160320641283
390.5     0.0160320641283
390.75     0.0160320641283
391.0     0.0160320641283
391.25     0.0160320641283
391.5     0.0160320641283
391.75     0.0160320641283
392.0     0.0160320641283
392.25     0.0160320641283
392.5     0.0160320641283
392.75     0.0160320641283
393.0     0.0160320641283
393.25     0.0160320641283
393.5     0.0160320641283
393.75     0.0160320641283
394.0     0.0160320641283
394.25     0.0160320641283
394.5     0.0140280561122
394.75     0.0140280561122
395.0     0.0140280561122
395.25     0.0140280561122
395.5     0.0140280561122
395.75     0.0140280561122
396.0     0.0140280561122
396.25     0.0140280561122
396.5     0.0140280561122
396.75     0.0140280561122
397.0     0.0140280561122
397.25     0.0140280561122
397.5     0.0140280561122
397.75     0.0140280561122
398.0     0.0120240480962
398.25     0.0120240480962
398.5     0.0120240480962
398.75     0.0120240480962
399.0     0.0120240480962
399.25     0.0120240480962
399.5     0.0120240480962
399.75     0.0120240480962
400.0     0.0120240480962
400.25     0.0120240480962
400.5     0.0120240480962
400.75     0.0120240480962
401.0     0.0120240480962
401.25     0.0120240480962
401.5     0.0120240480962
401.75     0.0120240480962
402.0     0.0120240480962
402.25     0.0120240480962
402.5     0.0120240480962
402.75     0.0120240480962
403.0     0.0120240480962
403.25     0.0120240480962
403.5     0.0120240480962
403.75     0.0120240480962
404.0     0.0120240480962
404.25     0.0120240480962
404.5     0.0120240480962
404.75     0.0120240480962
405.0     0.0120240480962
405.25     0.0120240480962
405.5     0.0120240480962
405.75     0.0120240480962
406.0     0.0120240480962
406.25     0.0120240480962
406.5     0.0120240480962
406.75     0.0120240480962
407.0     0.0120240480962
407.25     0.0120240480962
407.5     0.0120240480962
407.75     0.0120240480962
408.0     0.0120240480962
408.25     0.0120240480962
408.5     0.0120240480962
408.75     0.0120240480962
409.0     0.0120240480962
409.25     0.0120240480962
409.5     0.0120240480962
409.75     0.0120240480962
410.0     0.0120240480962
410.25     0.0120240480962
410.5     0.0120240480962
410.75     0.0100200400802
411.0     0.0100200400802
411.25     0.0100200400802
411.5     0.0100200400802
411.75     0.0100200400802
412.0     0.0100200400802
412.25     0.0100200400802
412.5     0.0100200400802
412.75     0.0100200400802
413.0     0.0100200400802
413.25     0.0100200400802
413.5     0.0100200400802
413.75     0.0100200400802
414.0     0.0100200400802
414.25     0.0100200400802
414.5     0.0100200400802
414.75     0.0100200400802
415.0     0.0100200400802
415.25     0.0100200400802
415.5     0.0100200400802
415.75     0.0100200400802
416.0     0.0100200400802
416.25     0.0100200400802
416.5     0.0100200400802
416.75     0.0100200400802
417.0     0.0100200400802
417.25     0.0100200400802
417.5     0.0100200400802
417.75     0.0100200400802
418.0     0.0100200400802
418.25     0.0100200400802
418.5     0.0100200400802
418.75     0.0100200400802
419.0     0.0100200400802
419.25     0.0100200400802
419.5     0.0100200400802
419.75     0.0100200400802
420.0     0.0100200400802
420.25     0.0100200400802
420.5     0.0100200400802
420.75     0.0100200400802
421.0     0.0100200400802
421.25     0.0100200400802
421.5     0.0100200400802
421.75     0.0100200400802
422.0     0.0100200400802
422.25     0.0100200400802
422.5     0.0100200400802
422.75     0.0100200400802
423.0     0.0100200400802
423.25     0.0100200400802
423.5     0.0100200400802
423.75     0.0100200400802
424.0     0.0100200400802
424.25     0.0100200400802
424.5     0.0100200400802
424.75     0.0100200400802
425.0     0.0100200400802
425.25     0.0100200400802
425.5     0.0100200400802
425.75     0.0100200400802
426.0     0.0100200400802
426.25     0.0100200400802
426.5     0.0100200400802
426.75     0.0100200400802
427.0     0.0100200400802
427.25     0.0100200400802
427.5     0.0100200400802
427.75     0.0100200400802
428.0     0.0100200400802
428.25     0.0100200400802
428.5     0.0100200400802
428.75     0.0100200400802
429.0     0.0100200400802
429.25     0.0100200400802
429.5     0.0100200400802
429.75     0.0100200400802
430.0     0.0100200400802
430.25     0.0100200400802
430.5     0.0100200400802
430.75     0.0100200400802
431.0     0.0100200400802
431.25     0.0100200400802
431.5     0.0100200400802
431.75     0.0100200400802
432.0     0.0100200400802
432.25     0.0100200400802
432.5     0.0100200400802
432.75     0.0100200400802
433.0     0.0100200400802
433.25     0.0100200400802
433.5     0.0100200400802
433.75     0.0100200400802
434.0     0.0100200400802
434.25     0.00801603206413
434.5     0.00801603206413
434.75     0.00801603206413
435.0     0.00801603206413
435.25     0.00801603206413
435.5     0.00801603206413
435.75     0.00801603206413
436.0     0.00801603206413
436.25     0.00801603206413
436.5     0.00801603206413
436.75     0.00801603206413
437.0     0.00801603206413
437.25     0.00801603206413
437.5     0.00801603206413
437.75     0.00801603206413
438.0     0.00801603206413
438.25     0.00801603206413
438.5     0.00801603206413
438.75     0.00801603206413
439.0     0.00801603206413
439.25     0.00801603206413
439.5     0.00801603206413
439.75     0.00801603206413
440.0     0.00801603206413
440.25     0.00801603206413
440.5     0.00801603206413
440.75     0.00801603206413
441.0     0.00801603206413
441.25     0.00801603206413
441.5     0.00801603206413
441.75     0.00801603206413
442.0     0.00801603206413
442.25     0.00801603206413
442.5     0.00801603206413
442.75     0.00801603206413
443.0     0.00801603206413
443.25     0.00801603206413
443.5     0.00801603206413
443.75     0.00801603206413
444.0     0.00801603206413
444.25     0.00801603206413
444.5     0.00801603206413
444.75     0.00801603206413
445.0     0.00801603206413
445.25     0.00801603206413
445.5     0.00801603206413
445.75     0.00801603206413
446.0     0.00801603206413
446.25     0.00801603206413
446.5     0.00801603206413
446.75     0.00801603206413
447.0     0.00801603206413
447.25     0.00801603206413
447.5     0.00801603206413
447.75     0.00801603206413
448.0     0.00801603206413
448.25     0.00801603206413
448.5     0.00801603206413
448.75     0.00801603206413
449.0     0.00801603206413
449.25     0.00801603206413
449.5     0.00801603206413
449.75     0.00801603206413
450.0     0.00801603206413
450.25     0.00801603206413
450.5     0.00801603206413
450.75     0.00801603206413
451.0     0.00801603206413
451.25     0.00801603206413
451.5     0.00801603206413
451.75     0.00801603206413
452.0     0.00801603206413
452.25     0.00801603206413
452.5     0.00801603206413
452.75     0.00801603206413
453.0     0.00801603206413
453.25     0.00801603206413
453.5     0.00801603206413
453.75     0.00801603206413
454.0     0.00801603206413
454.25     0.00801603206413
454.5     0.00801603206413
454.75     0.00801603206413
455.0     0.00801603206413
455.25     0.00801603206413
455.5     0.00801603206413
455.75     0.00801603206413
456.0     0.00801603206413
456.25     0.00801603206413
456.5     0.00801603206413
456.75     0.00801603206413
457.0     0.00801603206413
457.25     0.00801603206413
457.5     0.00801603206413
457.75     0.00801603206413
458.0     0.00801603206413
458.25     0.00801603206413
458.5     0.00801603206413
458.75     0.00801603206413
459.0     0.00801603206413
459.25     0.00801603206413
459.5     0.00801603206413
459.75     0.00801603206413
460.0     0.00801603206413
460.25     0.00801603206413
460.5     0.00801603206413
460.75     0.00801603206413
461.0     0.00801603206413
461.25     0.00801603206413
461.5     0.00801603206413
461.75     0.00801603206413
462.0     0.00801603206413
462.25     0.00801603206413
462.5     0.00801603206413
462.75     0.00801603206413
463.0     0.00801603206413
463.25     0.00801603206413
463.5     0.00801603206413
463.75     0.00801603206413
464.0     0.00801603206413
464.25     0.00801603206413
464.5     0.00801603206413
464.75     0.00801603206413
465.0     0.00801603206413
465.25     0.00801603206413
465.5     0.00801603206413
465.75     0.00801603206413
466.0     0.00801603206413
466.25     0.00801603206413
466.5     0.00801603206413
466.75     0.00801603206413
467.0     0.00801603206413
467.25     0.00801603206413
467.5     0.00801603206413
467.75     0.00801603206413
468.0     0.00801603206413
468.25     0.00801603206413
468.5     0.00801603206413
468.75     0.00801603206413
469.0     0.00801603206413
469.25     0.00801603206413
469.5     0.00801603206413
469.75     0.00801603206413
470.0     0.00801603206413
470.25     0.00801603206413
470.5     0.00801603206413
470.75     0.00801603206413
471.0     0.00801603206413
471.25     0.00801603206413
471.5     0.00801603206413
471.75     0.00801603206413
472.0     0.00801603206413
472.25     0.00801603206413
472.5     0.00801603206413
472.75     0.00801603206413
473.0     0.00801603206413
473.25     0.00801603206413
473.5     0.00801603206413
473.75     0.00801603206413
474.0     0.00801603206413
474.25     0.00801603206413
474.5     0.00801603206413
474.75     0.00801603206413
475.0     0.00801603206413
475.25     0.00801603206413
475.5     0.00801603206413
475.75     0.00801603206413
476.0     0.00801603206413
476.25     0.00801603206413
476.5     0.00801603206413
476.75     0.00801603206413
477.0     0.00801603206413
477.25     0.00801603206413
477.5     0.00801603206413
477.75     0.00801603206413
478.0     0.00801603206413
478.25     0.00801603206413
478.5     0.00801603206413
478.75     0.00801603206413
479.0     0.00801603206413
479.25     0.00801603206413
479.5     0.00801603206413
479.75     0.00801603206413
480.0     0.00801603206413
480.25     0.00801603206413
480.5     0.00801603206413
480.75     0.00801603206413
481.0     0.00801603206413
481.25     0.00801603206413
481.5     0.00801603206413
481.75     0.00801603206413
482.0     0.00801603206413
482.25     0.00801603206413
482.5     0.00801603206413
482.75     0.00801603206413
483.0     0.00801603206413
483.25     0.00801603206413
483.5     0.00801603206413
483.75     0.00801603206413
484.0     0.00801603206413
484.25     0.00801603206413
484.5     0.00801603206413
484.75     0.00801603206413
485.0     0.00801603206413
485.25     0.00801603206413
485.5     0.00801603206413
485.75     0.00801603206413
486.0     0.00801603206413
486.25     0.00801603206413
486.5     0.00801603206413
486.75     0.00801603206413
487.0     0.00801603206413
487.25     0.00801603206413
487.5     0.00801603206413
487.75     0.00801603206413
488.0     0.00801603206413
488.25     0.00801603206413
488.5     0.00801603206413
488.75     0.00801603206413
489.0     0.00801603206413
489.25     0.00801603206413
489.5     0.00801603206413
489.75     0.00801603206413
490.0     0.00801603206413
490.25     0.00801603206413
490.5     0.00801603206413
490.75     0.00801603206413
491.0     0.00801603206413
491.25     0.00801603206413
491.5     0.00801603206413
491.75     0.00801603206413
492.0     0.00801603206413
492.25     0.00801603206413
492.5     0.00801603206413
492.75     0.00801603206413
493.0     0.00801603206413
493.25     0.00801603206413
493.5     0.00801603206413
493.75     0.00801603206413
494.0     0.00801603206413
494.25     0.00801603206413
494.5     0.00801603206413
494.75     0.00801603206413
495.0     0.00801603206413
495.25     0.00801603206413
495.5     0.00801603206413
495.75     0.00801603206413
496.0     0.00801603206413
496.25     0.00801603206413
496.5     0.00801603206413
496.75     0.00801603206413
497.0     0.00801603206413
497.25     0.00801603206413
497.5     0.00801603206413
497.75     0.00801603206413
498.0     0.00801603206413
498.25     0.00801603206413
498.5     0.00801603206413
498.75     0.00801603206413
499.0     0.00801603206413
499.25     0.00801603206413
499.5     0.00801603206413
499.75     0.00801603206413
500.0     0.00801603206413
500.25     0.00801603206413
500.5     0.00801603206413
500.75     0.00801603206413
501.0     0.00801603206413
501.25     0.00801603206413
501.5     0.00801603206413
501.75     0.00801603206413
502.0     0.00801603206413
502.25     0.00801603206413
502.5     0.00801603206413
502.75     0.00801603206413
503.0     0.00801603206413
503.25     0.00801603206413
503.5     0.00801603206413
503.75     0.00801603206413
504.0     0.00801603206413
504.25     0.00801603206413
504.5     0.00801603206413
504.75     0.00801603206413
505.0     0.0060120240481
505.25     0.0060120240481
505.5     0.0060120240481
505.75     0.0060120240481
506.0     0.0060120240481
506.25     0.0060120240481
506.5     0.0060120240481
506.75     0.0060120240481
507.0     0.0060120240481
507.25     0.0060120240481
507.5     0.0060120240481
507.75     0.0060120240481
508.0     0.0060120240481
508.25     0.0060120240481
508.5     0.0060120240481
508.75     0.0060120240481
509.0     0.0060120240481
509.25     0.0060120240481
509.5     0.0060120240481
509.75     0.0060120240481
510.0     0.0060120240481
510.25     0.0060120240481
510.5     0.0060120240481
510.75     0.0060120240481
511.0     0.0060120240481
511.25     0.0060120240481
511.5     0.0060120240481
511.75     0.0060120240481
512.0     0.0060120240481
512.25     0.0060120240481
512.5     0.0060120240481
512.75     0.0060120240481
513.0     0.0060120240481
513.25     0.0060120240481
513.5     0.0060120240481
513.75     0.0060120240481
514.0     0.0060120240481
514.25     0.0060120240481
514.5     0.0060120240481
514.75     0.0060120240481
515.0     0.0060120240481
515.25     0.0060120240481
515.5     0.0060120240481
515.75     0.0060120240481
516.0     0.0060120240481
516.25     0.0060120240481
516.5     0.0060120240481
516.75     0.0060120240481
517.0     0.0060120240481
517.25     0.0060120240481
517.5     0.0060120240481
517.75     0.0060120240481
518.0     0.0060120240481
518.25     0.0060120240481
518.5     0.0060120240481
518.75     0.0060120240481
519.0     0.0060120240481
519.25     0.0060120240481
519.5     0.0060120240481
519.75     0.0060120240481
520.0     0.0060120240481
520.25     0.0060120240481
520.5     0.0060120240481
520.75     0.0060120240481
521.0     0.0060120240481
521.25     0.0060120240481
521.5     0.0060120240481
521.75     0.0060120240481
522.0     0.0060120240481
522.25     0.0060120240481
522.5     0.0060120240481
522.75     0.0060120240481
523.0     0.0060120240481
523.25     0.0060120240481
523.5     0.0060120240481
523.75     0.0060120240481
524.0     0.0060120240481
524.25     0.0060120240481
524.5     0.0060120240481
524.75     0.0060120240481
525.0     0.0060120240481
525.25     0.0060120240481
525.5     0.0060120240481
525.75     0.0060120240481
526.0     0.0060120240481
526.25     0.0060120240481
526.5     0.0060120240481
526.75     0.0060120240481
527.0     0.0060120240481
527.25     0.0060120240481
527.5     0.0060120240481
527.75     0.0060120240481
528.0     0.0060120240481
528.25     0.00400801603206
528.5     0.00400801603206
528.75     0.00400801603206
529.0     0.00400801603206
529.25     0.00400801603206
529.5     0.00400801603206
529.75     0.00400801603206
530.0     0.00400801603206
530.25     0.00400801603206
530.5     0.00400801603206
530.75     0.00400801603206
531.0     0.00400801603206
531.25     0.00400801603206
531.5     0.00400801603206
531.75     0.00400801603206
532.0     0.00400801603206
532.25     0.00400801603206
532.5     0.00400801603206
532.75     0.00400801603206
533.0     0.00400801603206
533.25     0.00400801603206
533.5     0.00400801603206
533.75     0.00400801603206
534.0     0.00400801603206
534.25     0.00400801603206
534.5     0.00400801603206
534.75     0.00400801603206
535.0     0.00400801603206
535.25     0.00400801603206
535.5     0.00400801603206
535.75     0.00400801603206
536.0     0.00400801603206
536.25     0.00400801603206
536.5     0.00400801603206
536.75     0.00400801603206
537.0     0.00400801603206
537.25     0.00400801603206
537.5     0.00400801603206
537.75     0.00400801603206
538.0     0.00400801603206
538.25     0.00400801603206
538.5     0.00400801603206
538.75     0.00400801603206
539.0     0.00400801603206
539.25     0.00400801603206
539.5     0.00400801603206
539.75     0.00400801603206
540.0     0.00400801603206
540.25     0.00400801603206
540.5     0.00400801603206
540.75     0.00400801603206
541.0     0.00400801603206
541.25     0.00400801603206
541.5     0.00400801603206
541.75     0.00400801603206
542.0     0.00400801603206
542.25     0.00400801603206
542.5     0.00400801603206
542.75     0.00400801603206
543.0     0.00400801603206
543.25     0.00400801603206
543.5     0.00400801603206
543.75     0.00400801603206
544.0     0.00400801603206
544.25     0.00400801603206
544.5     0.00400801603206
544.75     0.00400801603206
545.0     0.00400801603206
545.25     0.00400801603206
545.5     0.00400801603206
545.75     0.00400801603206
546.0     0.00400801603206
546.25     0.00400801603206
546.5     0.00400801603206
546.75     0.00400801603206
547.0     0.00400801603206
547.25     0.00400801603206
547.5     0.00400801603206
547.75     0.00400801603206
548.0     0.00400801603206
548.25     0.00400801603206
548.5     0.00400801603206
548.75     0.00400801603206
549.0     0.00400801603206
549.25     0.00400801603206
549.5     0.00400801603206
549.75     0.00400801603206
550.0     0.00400801603206
550.25     0.00400801603206
550.5     0.00400801603206
550.75     0.00400801603206
551.0     0.00400801603206
551.25     0.00400801603206
551.5     0.00400801603206
551.75     0.00400801603206
552.0     0.00400801603206
552.25     0.00400801603206
552.5     0.00400801603206
552.75     0.00400801603206
553.0     0.00400801603206
553.25     0.00400801603206
553.5     0.00400801603206
553.75     0.00400801603206
554.0     0.00400801603206
554.25     0.00400801603206
554.5     0.00400801603206
554.75     0.00400801603206
555.0     0.00400801603206
555.25     0.00400801603206
555.5     0.00400801603206
555.75     0.00400801603206
556.0     0.00400801603206
556.25     0.00400801603206
556.5     0.00400801603206
556.75     0.00400801603206
557.0     0.00400801603206
557.25     0.00400801603206
557.5     0.00400801603206
557.75     0.00400801603206
558.0     0.00400801603206
558.25     0.00400801603206
558.5     0.00400801603206
558.75     0.00400801603206
559.0     0.00400801603206
559.25     0.00400801603206
559.5     0.00400801603206
559.75     0.00400801603206
560.0     0.00400801603206
560.25     0.00400801603206
560.5     0.00400801603206
560.75     0.00400801603206
561.0     0.00400801603206
561.25     0.00400801603206
561.5     0.00400801603206
561.75     0.00400801603206
562.0     0.00400801603206
562.25     0.00400801603206
562.5     0.00400801603206
562.75     0.00400801603206
563.0     0.00400801603206
563.25     0.00400801603206
563.5     0.00400801603206
563.75     0.00400801603206
564.0     0.00400801603206
564.25     0.00400801603206
564.5     0.00400801603206
564.75     0.00400801603206
565.0     0.00400801603206
565.25     0.00400801603206
565.5     0.00400801603206
565.75     0.00400801603206
566.0     0.00400801603206
566.25     0.00400801603206
566.5     0.00400801603206
566.75     0.00400801603206
567.0     0.00400801603206
567.25     0.00400801603206
567.5     0.00400801603206
567.75     0.00400801603206
568.0     0.00400801603206
568.25     0.00400801603206
568.5     0.00400801603206
568.75     0.00400801603206
569.0     0.00400801603206
569.25     0.00400801603206
569.5     0.00400801603206
569.75     0.00400801603206
570.0     0.00400801603206
570.25     0.00400801603206
570.5     0.00400801603206
570.75     0.00400801603206
571.0     0.00400801603206
571.25     0.00400801603206
571.5     0.00400801603206
571.75     0.00400801603206
572.0     0.00400801603206
572.25     0.00400801603206
572.5     0.00400801603206
572.75     0.00400801603206
573.0     0.00400801603206
573.25     0.00400801603206
573.5     0.00400801603206
573.75     0.00400801603206
574.0     0.00400801603206
574.25     0.00400801603206
574.5     0.00400801603206
574.75     0.00400801603206
575.0     0.00400801603206
575.25     0.00400801603206
575.5     0.00400801603206
575.75     0.00400801603206
576.0     0.00400801603206
576.25     0.00400801603206
576.5     0.00400801603206
576.75     0.00400801603206
577.0     0.00400801603206
577.25     0.00400801603206
577.5     0.00400801603206
577.75     0.00400801603206
578.0     0.00400801603206
578.25     0.00400801603206
578.5     0.00400801603206
578.75     0.00400801603206
579.0     0.00400801603206
579.25     0.00400801603206
579.5     0.00400801603206
579.75     0.00400801603206
580.0     0.00400801603206
580.25     0.00400801603206
580.5     0.00400801603206
580.75     0.00400801603206
581.0     0.00400801603206
581.25     0.00400801603206
581.5     0.00400801603206
581.75     0.00400801603206
582.0     0.00400801603206
582.25     0.00400801603206
582.5     0.00400801603206
582.75     0.00400801603206
583.0     0.00400801603206
583.25     0.00400801603206
583.5     0.00400801603206
583.75     0.00400801603206
584.0     0.00400801603206
584.25     0.00400801603206
584.5     0.00400801603206
584.75     0.00400801603206
585.0     0.00400801603206
585.25     0.00400801603206
585.5     0.00400801603206
585.75     0.00400801603206
586.0     0.00400801603206
586.25     0.00400801603206
586.5     0.00400801603206
586.75     0.00400801603206
587.0     0.00400801603206
587.25     0.00400801603206
587.5     0.00400801603206
587.75     0.00400801603206
588.0     0.00400801603206
588.25     0.00400801603206
588.5     0.00400801603206
588.75     0.00400801603206
589.0     0.00400801603206
589.25     0.00400801603206
589.5     0.00400801603206
589.75     0.00400801603206
590.0     0.00400801603206
590.25     0.00400801603206
590.5     0.00400801603206
590.75     0.00400801603206
591.0     0.00400801603206
591.25     0.00400801603206
591.5     0.00400801603206
591.75     0.00400801603206
592.0     0.00400801603206
592.25     0.00400801603206
592.5     0.00400801603206
592.75     0.00400801603206
593.0     0.00400801603206
593.25     0.00400801603206
593.5     0.00400801603206
593.75     0.00400801603206
594.0     0.00400801603206
594.25     0.00400801603206
594.5     0.00400801603206
594.75     0.00400801603206
595.0     0.00400801603206
595.25     0.00400801603206
595.5     0.00400801603206
595.75     0.00400801603206
596.0     0.00400801603206
596.25     0.00400801603206
596.5     0.00400801603206
596.75     0.00400801603206
597.0     0.00400801603206
597.25     0.00400801603206
597.5     0.00400801603206
597.75     0.00400801603206
598.0     0.00400801603206
598.25     0.00400801603206
598.5     0.00400801603206
598.75     0.00400801603206
599.0     0.00400801603206
599.25     0.00400801603206
599.5     0.00400801603206
599.75     0.00400801603206
600.0     0.00400801603206
600.25     0.00400801603206
600.5     0.00400801603206
600.75     0.00400801603206
601.0     0.00400801603206
601.25     0.00400801603206
601.5     0.00400801603206
601.75     0.00400801603206
602.0     0.00400801603206
602.25     0.00400801603206
602.5     0.00400801603206
602.75     0.00400801603206
603.0     0.00400801603206
603.25     0.00400801603206
603.5     0.00400801603206
603.75     0.00400801603206
604.0     0.00400801603206
604.25     0.00400801603206
604.5     0.00400801603206
604.75     0.00400801603206
605.0     0.00400801603206
605.25     0.00400801603206
605.5     0.00400801603206
605.75     0.00400801603206
606.0     0.00400801603206
606.25     0.00400801603206
606.5     0.00400801603206
606.75     0.00400801603206
607.0     0.00400801603206
607.25     0.00400801603206
607.5     0.00400801603206
607.75     0.00400801603206
608.0     0.00400801603206
608.25     0.00400801603206
608.5     0.00400801603206
608.75     0.00400801603206
609.0     0.00400801603206
609.25     0.00400801603206
609.5     0.00400801603206
609.75     0.00400801603206
610.0     0.00400801603206
610.25     0.00400801603206
610.5     0.00400801603206
610.75     0.00400801603206
611.0     0.00400801603206
611.25     0.00400801603206
611.5     0.00400801603206
611.75     0.00400801603206
612.0     0.00400801603206
612.25     0.00400801603206
612.5     0.00400801603206
612.75     0.00400801603206
613.0     0.00400801603206
613.25     0.00400801603206
613.5     0.00400801603206
613.75     0.00400801603206
614.0     0.00400801603206
614.25     0.00400801603206
614.5     0.00400801603206
614.75     0.00400801603206
615.0     0.00400801603206
615.25     0.00400801603206
615.5     0.00400801603206
615.75     0.00400801603206
616.0     0.00400801603206
616.25     0.00400801603206
616.5     0.00400801603206
616.75     0.00400801603206
617.0     0.00400801603206
617.25     0.00400801603206
617.5     0.00400801603206
617.75     0.00400801603206
618.0     0.00400801603206
618.25     0.00400801603206
618.5     0.00400801603206
618.75     0.00400801603206
619.0     0.00400801603206
619.25     0.00400801603206
619.5     0.00400801603206
619.75     0.00400801603206
620.0     0.00400801603206
620.25     0.00400801603206
620.5     0.00400801603206
620.75     0.00400801603206
621.0     0.00400801603206
621.25     0.00400801603206
621.5     0.00400801603206
621.75     0.00400801603206
622.0     0.00400801603206
622.25     0.00400801603206
622.5     0.00400801603206
622.75     0.00400801603206
623.0     0.00400801603206
623.25     0.00400801603206
623.5     0.00400801603206
623.75     0.00400801603206
624.0     0.00400801603206
624.25     0.00400801603206
624.5     0.00400801603206
624.75     0.00400801603206
625.0     0.00400801603206
625.25     0.00400801603206
625.5     0.00400801603206
625.75     0.00400801603206
626.0     0.00400801603206
626.25     0.00400801603206
626.5     0.00400801603206
626.75     0.00400801603206
627.0     0.00400801603206
627.25     0.00400801603206
627.5     0.00400801603206
627.75     0.00400801603206
628.0     0.00400801603206
628.25     0.00400801603206
628.5     0.00400801603206
628.75     0.00400801603206
629.0     0.00400801603206
629.25     0.00400801603206
629.5     0.00400801603206
629.75     0.00400801603206
630.0     0.00400801603206
630.25     0.00400801603206
630.5     0.00400801603206
630.75     0.00400801603206
631.0     0.00400801603206
631.25     0.00400801603206
631.5     0.00400801603206
631.75     0.00400801603206
632.0     0.00400801603206
632.25     0.00400801603206
632.5     0.00400801603206
632.75     0.00400801603206
633.0     0.00400801603206
633.25     0.00400801603206
633.5     0.00400801603206
633.75     0.00400801603206
634.0     0.00400801603206
634.25     0.00400801603206
634.5     0.00400801603206
634.75     0.00400801603206
635.0     0.00400801603206
635.25     0.00400801603206
635.5     0.00400801603206
635.75     0.00400801603206
636.0     0.00400801603206
636.25     0.00400801603206
636.5     0.00400801603206
636.75     0.00400801603206
637.0     0.00400801603206
637.25     0.00400801603206
637.5     0.00400801603206
637.75     0.00400801603206
638.0     0.00400801603206
638.25     0.00400801603206
638.5     0.00400801603206
638.75     0.00400801603206
639.0     0.00400801603206
639.25     0.00400801603206
639.5     0.00400801603206
639.75     0.00400801603206
640.0     0.00400801603206
640.25     0.00400801603206
640.5     0.00400801603206
640.75     0.00400801603206
641.0     0.00400801603206
641.25     0.00400801603206
641.5     0.00400801603206
641.75     0.00400801603206
642.0     0.00400801603206
642.25     0.00400801603206
642.5     0.00400801603206
642.75     0.00400801603206
643.0     0.00400801603206
643.25     0.00200400801603
643.5     0.00200400801603
643.75     0.00200400801603
644.0     0.00200400801603
644.25     0.00200400801603
644.5     0.00200400801603
644.75     0.00200400801603
645.0     0.00200400801603
645.25     0.00200400801603
645.5     0.00200400801603
645.75     0.00200400801603
646.0     0.00200400801603
646.25     0.00200400801603
646.5     0.00200400801603
646.75     0.00200400801603
647.0     0.00200400801603
647.25     0.00200400801603
647.5     0.00200400801603
647.75     0.00200400801603
648.0     0.00200400801603
648.25     0.00200400801603
648.5     0.00200400801603
648.75     0.00200400801603
649.0     0.00200400801603
649.25     0.00200400801603
649.5     0.00200400801603
649.75     0.00200400801603
650.0     0.00200400801603
650.25     0.00200400801603
650.5     0.00200400801603
650.75     0.00200400801603
651.0     0.00200400801603
651.25     0.00200400801603
651.5     0.00200400801603
651.75     0.00200400801603
652.0     0.00200400801603
652.25     0.00200400801603
652.5     0.00200400801603
652.75     0.00200400801603
653.0     0.00200400801603
653.25     0.00200400801603
653.5     0.00200400801603
653.75     0.00200400801603
654.0     0.00200400801603
654.25     0.00200400801603
654.5     0.00200400801603
654.75     0.00200400801603
655.0     0.00200400801603
655.25     0.00200400801603
655.5     0.00200400801603
655.75     0.00200400801603
656.0     0.00200400801603
656.25     0.00200400801603
656.5     0.00200400801603
656.75     0.00200400801603
657.0     0.00200400801603
657.25     0.00200400801603
657.5     0.00200400801603
657.75     0.00200400801603
658.0     0.00200400801603
658.25     0.00200400801603
658.5     0.00200400801603
658.75     0.00200400801603
659.0     0.00200400801603
659.25     0.00200400801603
659.5     0.00200400801603
659.75     0.00200400801603
660.0     0.00200400801603
660.25     0.00200400801603
660.5     0.00200400801603
660.75     0.00200400801603
661.0     0.00200400801603
661.25     0.00200400801603
661.5     0.00200400801603
661.75     0.00200400801603
662.0     0.00200400801603
662.25     0.00200400801603
662.5     0.00200400801603
662.75     0.00200400801603
663.0     0.00200400801603
663.25     0.00200400801603
663.5     0.00200400801603
663.75     0.00200400801603
664.0     0.00200400801603
664.25     0.00200400801603
664.5     0.00200400801603
664.75     0.00200400801603
665.0     0.00200400801603
665.25     0.00200400801603
665.5     0.00200400801603
665.75     0.00200400801603
666.0     0.00200400801603
666.25     0.00200400801603
666.5     0.00200400801603
666.75     0.00200400801603
667.0     0.00200400801603
667.25     0.00200400801603
667.5     0.00200400801603
667.75     0.00200400801603
668.0     0.00200400801603
668.25     0.00200400801603
668.5     0.00200400801603
668.75     0.00200400801603
669.0     0.00200400801603
669.25     0.00200400801603
669.5     0.00200400801603
669.75     0.00200400801603
670.0     0.00200400801603
670.25     0.00200400801603
670.5     0.00200400801603
670.75     0.00200400801603
671.0     0.00200400801603
671.25     0.00200400801603
671.5     0.00200400801603
671.75     0.00200400801603
672.0     0.00200400801603
672.25     0.00200400801603
672.5     0.00200400801603
672.75     0.00200400801603
673.0     0.00200400801603
673.25     0.00200400801603
673.5     0.00200400801603
673.75     0.00200400801603
674.0     0.00200400801603
674.25     0.00200400801603
674.5     0.00200400801603
674.75     0.00200400801603
675.0     0.00200400801603
675.25     0.00200400801603
675.5     0.00200400801603
675.75     0.00200400801603
676.0     0.00200400801603
676.25     0.00200400801603
676.5     0.00200400801603
676.75     0.00200400801603
677.0     0.00200400801603
677.25     0.00200400801603
677.5     0.00200400801603
677.75     0.00200400801603
678.0     0.00200400801603
678.25     0.00200400801603
678.5     0.00200400801603
678.75     0.00200400801603
679.0     0.00200400801603
679.25     0.00200400801603
679.5     0.00200400801603
679.75     0.00200400801603
680.0     0.00200400801603
680.25     0.00200400801603
680.5     0.00200400801603
680.75     0.00200400801603
681.0     0.00200400801603
681.25     0.00200400801603
681.5     0.00200400801603
681.75     0.00200400801603
682.0     0.00200400801603
682.25     0.00200400801603
682.5     0.00200400801603
682.75     0.00200400801603
683.0     0.00200400801603
683.25     0.00200400801603
683.5     0.00200400801603
683.75     0.00200400801603
684.0     0.00200400801603
684.25     0.00200400801603
684.5     0.00200400801603
684.75     0.00200400801603
685.0     0.00200400801603
685.25     0.00200400801603
685.5     0.00200400801603
685.75     0.00200400801603
686.0     0.00200400801603
686.25     0.00200400801603
686.5     0.00200400801603
686.75     0.00200400801603
687.0     0.00200400801603
687.25     0.00200400801603
687.5     0.00200400801603
687.75     0.00200400801603
688.0     0.00200400801603
688.25     0.00200400801603
688.5     0.00200400801603
688.75     0.00200400801603
689.0     0.00200400801603
689.25     0.00200400801603
689.5     0.00200400801603
689.75     0.00200400801603
690.0     0.00200400801603
690.25     0.00200400801603
690.5     0.00200400801603
690.75     0.00200400801603
691.0     0.00200400801603
691.25     0.00200400801603
691.5     0.00200400801603
691.75     0.00200400801603
692.0     0.00200400801603
692.25     0.00200400801603
692.5     0.00200400801603
692.75     0.00200400801603
693.0     0.00200400801603
693.25     0.00200400801603
693.5     0.00200400801603
693.75     0.00200400801603
694.0     0.00200400801603
694.25     0.00200400801603
694.5     0.00200400801603
694.75     0.00200400801603
695.0     0.00200400801603
695.25     0.00200400801603
695.5     0.00200400801603
695.75     0.00200400801603
696.0     0.00200400801603
696.25     0.00200400801603
696.5     0.00200400801603
696.75     0.00200400801603
697.0     0.00200400801603
697.25     0.00200400801603
697.5     0.00200400801603
697.75     0.00200400801603
698.0     0.00200400801603
698.25     0.00200400801603
698.5     0.00200400801603
698.75     0.00200400801603
699.0     0.00200400801603
699.25     0.00200400801603
699.5     0.00200400801603
699.75     0.00200400801603
700.0     0.00200400801603
700.25     0.00200400801603
700.5     0.00200400801603
700.75     0.00200400801603
701.0     0.00200400801603
701.25     0.00200400801603
701.5     0.00200400801603
701.75     0.00200400801603
702.0     0.00200400801603
702.25     0.00200400801603
702.5     0.00200400801603
702.75     0.00200400801603
703.0     0.00200400801603
703.25     0.00200400801603
703.5     0.00200400801603
703.75     0.00200400801603
704.0     0.00200400801603
704.25     0.00200400801603
704.5     0.00200400801603
704.75     0.00200400801603
705.0     0.00200400801603
705.25     0.00200400801603
705.5     0.00200400801603
705.75     0.00200400801603
706.0     0.00200400801603
706.25     0.00200400801603
706.5     0.00200400801603
706.75     0.00200400801603
707.0     0.00200400801603
707.25     0.00200400801603
707.5     0.00200400801603
707.75     0.00200400801603
708.0     0.00200400801603
708.25     0.00200400801603
708.5     0.00200400801603
708.75     0.00200400801603
709.0     0.00200400801603
709.25     0.00200400801603
709.5     0.00200400801603
709.75     0.00200400801603
710.0     0.00200400801603
710.25     0.00200400801603
710.5     0.00200400801603
710.75     0.00200400801603
711.0     0.00200400801603
711.25     0.00200400801603
711.5     0.00200400801603
711.75     0.00200400801603
712.0     0.00200400801603
712.25     0.00200400801603
712.5     0.00200400801603
712.75     0.00200400801603
713.0     0.00200400801603
713.25     0.00200400801603
713.5     0.00200400801603
713.75     0.00200400801603
714.0     0.00200400801603
714.25     0.00200400801603
714.5     0.00200400801603
714.75     0.00200400801603
715.0     0.00200400801603
715.25     0.00200400801603
715.5     0.00200400801603
715.75     0.00200400801603
716.0     0.00200400801603
716.25     0.00200400801603
716.5     0.00200400801603
716.75     0.00200400801603
717.0     0.00200400801603
717.25     0.00200400801603
717.5     0.00200400801603
717.75     0.00200400801603
718.0     0.00200400801603
718.25     0.00200400801603
718.5     0.00200400801603
718.75     0.00200400801603
719.0     0.00200400801603
719.25     0.00200400801603
719.5     0.00200400801603
719.75     0.00200400801603
720.0     0.00200400801603
720.25     0.00200400801603
720.5     0.00200400801603
720.75     0.00200400801603
721.0     0.00200400801603
721.25     0.00200400801603
721.5     0.00200400801603
721.75     0.00200400801603
722.0     0.00200400801603
722.25     0.00200400801603
722.5     0.00200400801603
722.75     0.00200400801603
723.0     0.00200400801603
723.25     0.00200400801603
723.5     0.00200400801603
723.75     0.00200400801603
724.0     0.00200400801603
724.25     0.00200400801603
724.5     0.00200400801603
724.75     0.00200400801603
725.0     0.00200400801603
725.25     0.00200400801603
725.5     0.00200400801603
725.75     0.00200400801603
726.0     0.00200400801603
726.25     0.00200400801603
726.5     0.00200400801603
726.75     0.00200400801603
727.0     0.00200400801603
727.25     0.00200400801603
727.5     0.00200400801603
727.75     0.00200400801603
728.0     0.00200400801603
728.25     0.00200400801603
728.5     0.00200400801603
728.75     0.00200400801603
729.0     0.00200400801603
729.25     0.00200400801603
729.5     0.00200400801603
729.75     0.00200400801603
730.0     0.00200400801603
730.25     0.00200400801603
730.5     0.00200400801603
730.75     0.00200400801603
731.0     0.00200400801603
731.25     0.00200400801603
731.5     0.00200400801603
731.75     0.00200400801603
732.0     0.00200400801603
732.25     0.00200400801603
732.5     0.00200400801603
732.75     0.00200400801603
733.0     0.00200400801603
733.25     0.00200400801603
733.5     0.00200400801603
733.75     0.00200400801603
734.0     0.00200400801603
734.25     0.00200400801603
734.5     0.00200400801603
734.75     0.00200400801603
735.0     0.00200400801603
735.25     0.00200400801603
735.5     0.00200400801603
735.75     0.00200400801603
736.0     0.00200400801603
736.25     0.00200400801603
736.5     0.00200400801603
736.75     0.00200400801603
737.0     0.00200400801603
737.25     0.00200400801603
737.5     0.00200400801603
737.75     0.00200400801603
738.0     0.00200400801603
738.25     0.00200400801603
738.5     0.00200400801603
738.75     0.00200400801603
739.0     0.00200400801603
739.25     0.00200400801603
739.5     0.00200400801603
739.75     0.00200400801603
740.0     0.00200400801603
740.25     0.00200400801603
740.5     0.00200400801603
740.75     0.00200400801603
741.0     0.00200400801603
741.25     0.00200400801603
741.5     0.00200400801603
741.75     0.00200400801603
742.0     0.00200400801603
742.25     0.00200400801603
742.5     0.00200400801603
742.75     0.00200400801603
743.0     0.00200400801603
743.25     0.00200400801603
743.5     0.00200400801603
743.75     0.00200400801603
744.0     0.00200400801603
744.25     0.00200400801603
744.5     0.00200400801603
744.75     0.00200400801603
745.0     0.00200400801603
745.25     0.00200400801603
745.5     0.00200400801603
745.75     0.00200400801603
746.0     0.00200400801603
746.25     0.00200400801603
746.5     0.00200400801603
746.75     0.00200400801603
747.0     0.00200400801603
747.25     0.00200400801603
747.5     0.00200400801603
747.75     0.00200400801603
748.0     0.00200400801603
748.25     0.00200400801603
748.5     0.00200400801603
748.75     0.00200400801603
749.0     0.00200400801603
749.25     0.00200400801603
749.5     0.00200400801603
749.75     0.00200400801603
750.0     0.00200400801603
750.25     0.00200400801603
750.5     0.00200400801603
750.75     0.00200400801603
751.0     0.00200400801603
751.25     0.00200400801603
751.5     0.00200400801603
751.75     0.00200400801603
752.0     0.00200400801603
752.25     0.00200400801603
752.5     0.00200400801603
752.75     0.00200400801603
753.0     0.00200400801603
753.25     0.00200400801603
753.5     0.00200400801603
753.75     0.00200400801603
754.0     0.00200400801603
754.25     0.00200400801603
754.5     0.00200400801603
754.75     0.00200400801603
755.0     0.00200400801603
755.25     0.00200400801603
755.5     0.00200400801603
755.75     0.00200400801603
756.0     0.00200400801603
756.25     0.00200400801603
756.5     0.00200400801603
756.75     0.00200400801603
757.0     0.00200400801603
757.25     0.00200400801603
757.5     0.00200400801603
757.75     0.00200400801603
758.0     0.00200400801603
758.25     0.00200400801603
758.5     0.00200400801603
758.75     0.00200400801603
759.0     0.00200400801603
759.25     0.00200400801603
759.5     0.00200400801603
759.75     0.00200400801603
760.0     0.00200400801603
760.25     0.00200400801603
760.5     0.00200400801603
760.75     0.00200400801603
761.0     0.00200400801603
761.25     0.00200400801603
761.5     0.00200400801603
761.75     0.00200400801603
762.0     0.00200400801603
762.25     0.00200400801603
762.5     0.00200400801603
762.75     0.00200400801603
763.0     0.00200400801603
763.25     0.00200400801603
763.5     0.00200400801603
763.75     0.00200400801603
764.0     0.00200400801603
764.25     0.00200400801603
764.5     0.00200400801603
764.75     0.00200400801603
765.0     0.00200400801603
765.25     0.00200400801603
765.5     0.00200400801603
765.75     0.00200400801603
766.0     0.00200400801603
766.25     0.00200400801603
766.5     0.00200400801603
766.75     0.00200400801603
767.0     0.00200400801603
767.25     0.00200400801603
767.5     0.00200400801603
767.75     0.00200400801603
768.0     0.00200400801603
768.25     0.00200400801603
768.5     0.00200400801603
768.75     0.00200400801603
769.0     0.00200400801603
769.25     0.00200400801603
769.5     0.00200400801603
769.75     0.00200400801603
770.0     0.00200400801603
770.25     0.00200400801603
770.5     0.00200400801603
770.75     0.00200400801603
771.0     0.00200400801603
771.25     0.00200400801603
771.5     0.00200400801603
771.75     0.00200400801603
772.0     0.00200400801603
772.25     0.00200400801603
772.5     0.00200400801603
772.75     0.00200400801603
773.0     0.00200400801603
773.25     0.00200400801603
773.5     0.00200400801603
773.75     0.00200400801603
774.0     0.00200400801603
774.25     0.00200400801603
774.5     0.00200400801603
774.75     0.00200400801603
775.0     0.00200400801603
775.25     0.00200400801603
775.5     0.00200400801603
775.75     0.00200400801603
776.0     0.00200400801603
776.25     0.00200400801603
776.5     0.00200400801603
776.75     0.00200400801603
777.0     0.00200400801603
777.25     0.00200400801603
777.5     0.00200400801603
777.75     0.00200400801603
778.0     0.00200400801603
778.25     0.00200400801603
778.5     0.00200400801603
778.75     0.00200400801603
779.0     0.00200400801603
779.25     0.00200400801603
779.5     0.00200400801603
779.75     0.00200400801603
780.0     0.00200400801603
780.25     0.00200400801603
780.5     0.00200400801603
780.75     0.00200400801603
781.0     0.00200400801603
781.25     0.00200400801603
781.5     0.00200400801603
781.75     0.00200400801603
782.0     0.00200400801603
782.25     0.00200400801603
782.5     0.00200400801603
782.75     0.00200400801603
783.0     0.00200400801603
783.25     0.00200400801603
783.5     0.00200400801603
783.75     0.00200400801603
784.0     0.00200400801603
784.25     0.00200400801603
784.5     0.00200400801603
784.75     0.00200400801603
785.0     0.00200400801603
785.25     0.00200400801603
785.5     0.00200400801603
785.75     0.00200400801603
786.0     0.00200400801603
786.25     0.00200400801603
786.5     0.00200400801603
786.75     0.00200400801603
787.0     0.00200400801603
787.25     0.00200400801603
787.5     0.00200400801603
787.75     0.00200400801603
788.0     0.00200400801603
788.25     0.00200400801603
788.5     0.00200400801603
788.75     0.00200400801603
789.0     0.00200400801603
789.25     0.00200400801603
789.5     0.00200400801603
789.75     0.00200400801603
790.0     0.00200400801603
790.25     0.00200400801603
790.5     0.00200400801603
790.75     0.00200400801603
791.0     0.00200400801603
791.25     0.00200400801603
791.5     0.00200400801603
791.75     0.00200400801603
792.0     0.00200400801603
792.25     0.00200400801603
792.5     0.00200400801603
792.75     0.00200400801603
793.0     0.00200400801603
793.25     0.00200400801603
793.5     0.00200400801603
793.75     0.00200400801603
794.0     0.00200400801603
794.25     0.00200400801603
794.5     0.00200400801603
794.75     0.00200400801603
795.0     0.00200400801603
795.25     0.00200400801603
795.5     0.00200400801603
795.75     0.00200400801603
796.0     0.00200400801603
796.25     0.00200400801603
796.5     0.00200400801603
796.75     0.00200400801603
797.0     0.00200400801603
797.25     0.00200400801603
797.5     0.00200400801603
797.75     0.00200400801603
798.0     0.00200400801603
798.25     0.00200400801603
798.5     0.00200400801603
798.75     0.00200400801603
799.0     0.00200400801603
799.25     0.00200400801603
799.5     0.00200400801603
799.75     0.00200400801603
800.0     0.00200400801603
800.25     0.00200400801603
800.5     0.00200400801603
800.75     0.00200400801603
801.0     0.00200400801603
801.25     0.00200400801603
801.5     0.00200400801603
801.75     0.00200400801603
802.0     0.00200400801603
802.25     0.00200400801603
802.5     0.00200400801603
802.75     0.00200400801603
803.0     0.00200400801603
803.25     0.00200400801603
803.5     0.00200400801603
803.75     0.00200400801603
804.0     0.00200400801603
804.25     0.00200400801603
804.5     0.00200400801603
804.75     0.00200400801603
805.0     0.00200400801603
805.25     0.00200400801603
805.5     0.00200400801603
805.75     0.00200400801603
806.0     0.00200400801603
806.25     0.00200400801603
806.5     0.00200400801603
806.75     0.00200400801603
807.0     0.00200400801603
807.25     0.00200400801603
807.5     0.00200400801603
807.75     0.00200400801603
808.0     0.00200400801603
808.25     0.00200400801603
808.5     0.00200400801603
808.75     0.00200400801603
809.0     0.00200400801603
809.25     0.00200400801603
809.5     0.00200400801603
809.75     0.00200400801603
810.0     0.00200400801603
810.25     0.00200400801603
810.5     0.00200400801603
810.75     0.00200400801603
811.0     0.00200400801603
811.25     0.00200400801603
811.5     0.00200400801603
811.75     0.00200400801603
812.0     0.00200400801603
812.25     0.00200400801603
812.5     0.00200400801603
812.75     0.00200400801603
813.0     0.00200400801603
813.25     0.00200400801603
813.5     0.00200400801603
813.75     0.00200400801603
814.0     0.00200400801603
814.25     0.00200400801603
814.5     0.00200400801603
814.75     0.00200400801603
815.0     0.00200400801603
815.25     0.00200400801603
815.5     0.00200400801603
815.75     0.00200400801603
816.0     0.00200400801603
816.25     0.00200400801603
816.5     0.00200400801603
816.75     0.00200400801603
817.0     0.00200400801603
817.25     0.00200400801603
817.5     0.00200400801603
817.75     0.00200400801603
818.0     0.00200400801603
818.25     0.00200400801603
818.5     0.00200400801603
818.75     0.00200400801603
819.0     0.00200400801603
819.25     0.00200400801603
819.5     0.00200400801603
819.75     0.00200400801603
820.0     0.00200400801603
820.25     0.00200400801603
820.5     0.00200400801603
820.75     0.00200400801603
821.0     0.00200400801603
821.25     0.00200400801603
821.5     0.00200400801603
821.75     0.00200400801603
822.0     0.00200400801603
822.25     0.00200400801603
822.5     0.00200400801603
822.75     0.0
823.0     0.0
823.25     0.0
823.5     0.0
823.75     0.0
824.0     0.0
824.25     0.0
824.5     0.0
824.75     0.0
825.0     0.0
825.25     0.0
825.5     0.0
825.75     0.0
826.0     0.0
826.25     0.0
826.5     0.0
826.75     0.0
827.0     0.0
827.25     0.0
827.5     0.0
827.75     0.0
828.0     0.0
828.25     0.0
828.5     0.0
828.75     0.0
829.0     0.0
829.25     0.0
829.5     0.0
829.75     0.0
830.0     0.0
830.25     0.0
830.5     0.0
830.75     0.0
831.0     0.0
831.25     0.0
831.5     0.0
831.75     0.0
832.0     0.0
832.25     0.0
832.5     0.0
832.75     0.0
833.0     0.0
833.25     0.0
833.5     0.0
833.75     0.0
834.0     0.0
834.25     0.0
834.5     0.0
834.75     0.0
835.0     0.0
835.25     0.0
835.5     0.0
835.75     0.0
836.0     0.0
836.25     0.0
836.5     0.0
836.75     0.0
837.0     0.0
837.25     0.0
837.5     0.0
837.75     0.0
838.0     0.0
838.25     0.0
838.5     0.0
838.75     0.0
839.0     0.0
839.25     0.0
839.5     0.0
839.75     0.0
840.0     0.0
840.25     0.0
840.5     0.0
840.75     0.0
841.0     0.0
841.25     0.0
841.5     0.0
841.75     0.0
842.0     0.0
842.25     0.0
842.5     0.0
842.75     0.0
843.0     0.0
843.25     0.0
843.5     0.0
843.75     0.0
844.0     0.0
844.25     0.0
844.5     0.0
844.75     0.0
845.0     0.0
845.25     0.0
845.5     0.0
845.75     0.0
846.0     0.0
846.25     0.0
846.5     0.0
846.75     0.0
847.0     0.0
847.25     0.0
847.5     0.0
847.75     0.0
848.0     0.0
848.25     0.0
848.5     0.0
848.75     0.0
849.0     0.0
849.25     0.0
849.5     0.0
849.75     0.0
850.0     0.0
850.25     0.0
850.5     0.0
850.75     0.0
851.0     0.0
851.25     0.0
851.5     0.0
851.75     0.0
852.0     0.0
852.25     0.0
852.5     0.0
852.75     0.0
853.0     0.0
853.25     0.0
853.5     0.0
853.75     0.0
854.0     0.0
854.25     0.0
854.5     0.0
854.75     0.0
855.0     0.0
855.25     0.0
855.5     0.0
855.75     0.0
856.0     0.0
856.25     0.0
856.5     0.0
856.75     0.0
857.0     0.0
857.25     0.0
857.5     0.0
857.75     0.0
858.0     0.0
858.25     0.0
858.5     0.0
858.75     0.0
859.0     0.0
859.25     0.0
859.5     0.0
859.75     0.0
860.0     0.0
860.25     0.0
860.5     0.0
860.75     0.0
861.0     0.0
861.25     0.0
861.5     0.0
861.75     0.0
862.0     0.0
862.25     0.0
862.5     0.0
862.75     0.0
863.0     0.0
863.25     0.0
863.5     0.0
863.75     0.0
864.0     0.0
864.25     0.0
864.5     0.0
864.75     0.0
865.0     0.0
865.25     0.0
865.5     0.0
865.75     0.0
866.0     0.0
866.25     0.0
866.5     0.0
866.75     0.0
867.0     0.0
867.25     0.0
867.5     0.0
867.75     0.0
868.0     0.0
868.25     0.0
868.5     0.0
868.75     0.0
869.0     0.0
869.25     0.0
869.5     0.0
869.75     0.0
870.0     0.0
870.25     0.0
870.5     0.0
870.75     0.0
871.0     0.0
871.25     0.0
871.5     0.0
871.75     0.0
872.0     0.0
872.25     0.0
872.5     0.0
872.75     0.0
873.0     0.0
873.25     0.0
873.5     0.0
873.75     0.0
874.0     0.0
874.25     0.0
874.5     0.0
874.75     0.0
875.0     0.0
875.25     0.0
875.5     0.0
875.75     0.0
876.0     0.0
876.25     0.0
876.5     0.0
876.75     0.0
877.0     0.0
877.25     0.0
877.5     0.0
877.75     0.0
878.0     0.0
878.25     0.0
878.5     0.0
878.75     0.0
879.0     0.0
879.25     0.0
879.5     0.0
879.75     0.0
880.0     0.0
880.25     0.0
880.5     0.0
880.75     0.0
881.0     0.0
881.25     0.0
881.5     0.0
881.75     0.0
882.0     0.0
882.25     0.0
882.5     0.0
882.75     0.0
883.0     0.0
883.25     0.0
883.5     0.0
883.75     0.0
884.0     0.0
884.25     0.0
884.5     0.0
884.75     0.0
885.0     0.0
885.25     0.0
885.5     0.0
885.75     0.0
886.0     0.0
886.25     0.0
886.5     0.0
886.75     0.0
887.0     0.0
887.25     0.0
887.5     0.0
887.75     0.0
888.0     0.0
888.25     0.0
888.5     0.0
888.75     0.0
889.0     0.0
889.25     0.0
889.5     0.0
889.75     0.0
890.0     0.0
890.25     0.0
890.5     0.0
890.75     0.0
891.0     0.0
891.25     0.0
891.5     0.0
891.75     0.0
892.0     0.0
892.25     0.0
892.5     0.0
892.75     0.0
893.0     0.0
893.25     0.0
893.5     0.0
893.75     0.0
894.0     0.0
894.25     0.0
894.5     0.0
894.75     0.0
895.0     0.0
895.25     0.0
895.5     0.0
895.75     0.0
896.0     0.0
896.25     0.0
896.5     0.0
896.75     0.0
897.0     0.0
897.25     0.0
897.5     0.0
897.75     0.0
898.0     0.0
898.25     0.0
898.5     0.0
898.75     0.0
899.0     0.0
899.25     0.0
899.5     0.0
899.75     0.0
900.0     0.0
900.25     0.0
900.5     0.0
900.75     0.0
901.0     0.0
901.25     0.0
901.5     0.0
901.75     0.0
902.0     0.0
902.25     0.0
902.5     0.0
902.75     0.0
903.0     0.0
903.25     0.0
903.5     0.0
903.75     0.0
904.0     0.0
904.25     0.0
904.5     0.0
904.75     0.0
905.0     0.0
905.25     0.0
905.5     0.0
905.75     0.0
906.0     0.0
906.25     0.0
906.5     0.0
906.75     0.0
907.0     0.0
907.25     0.0
907.5     0.0
907.75     0.0
908.0     0.0
908.25     0.0
908.5     0.0
908.75     0.0
909.0     0.0
909.25     0.0
909.5     0.0
909.75     0.0
910.0     0.0
910.25     0.0
910.5     0.0
910.75     0.0
911.0     0.0
911.25     0.0
911.5     0.0
911.75     0.0
912.0     0.0
912.25     0.0
912.5     0.0
912.75     0.0
913.0     0.0
913.25     0.0
913.5     0.0
913.75     0.0
914.0     0.0
914.25     0.0
914.5     0.0
914.75     0.0
915.0     0.0
915.25     0.0
915.5     0.0
915.75     0.0
916.0     0.0
916.25     0.0
916.5     0.0
916.75     0.0
917.0     0.0
917.25     0.0
917.5     0.0
917.75     0.0
918.0     0.0
918.25     0.0
918.5     0.0
918.75     0.0
919.0     0.0
919.25     0.0
919.5     0.0
919.75     0.0
920.0     0.0
920.25     0.0
920.5     0.0
920.75     0.0
921.0     0.0
921.25     0.0
921.5     0.0
921.75     0.0
922.0     0.0
922.25     0.0
922.5     0.0
922.75     0.0
923.0     0.0
923.25     0.0
923.5     0.0
923.75     0.0
924.0     0.0
924.25     0.0
924.5     0.0
924.75     0.0
925.0     0.0
925.25     0.0
925.5     0.0
925.75     0.0
926.0     0.0
926.25     0.0
926.5     0.0
926.75     0.0
927.0     0.0
927.25     0.0
927.5     0.0
927.75     0.0
928.0     0.0
928.25     0.0
928.5     0.0
928.75     0.0
929.0     0.0
929.25     0.0
929.5     0.0
929.75     0.0
930.0     0.0
930.25     0.0
930.5     0.0
930.75     0.0
931.0     0.0
931.25     0.0
931.5     0.0
931.75     0.0
932.0     0.0
932.25     0.0
932.5     0.0
932.75     0.0
933.0     0.0
933.25     0.0
933.5     0.0
933.75     0.0
934.0     0.0
934.25     0.0
934.5     0.0
934.75     0.0
935.0     0.0
935.25     0.0
935.5     0.0
935.75     0.0
936.0     0.0
936.25     0.0
936.5     0.0
936.75     0.0
937.0     0.0
937.25     0.0
937.5     0.0
937.75     0.0
938.0     0.0
938.25     0.0
938.5     0.0
938.75     0.0
939.0     0.0
939.25     0.0
939.5     0.0
939.75     0.0
940.0     0.0
940.25     0.0
940.5     0.0
940.75     0.0
941.0     0.0
941.25     0.0
941.5     0.0
941.75     0.0
942.0     0.0
942.25     0.0
942.5     0.0
942.75     0.0
943.0     0.0
943.25     0.0
943.5     0.0
943.75     0.0
944.0     0.0
944.25     0.0
944.5     0.0
944.75     0.0
945.0     0.0
945.25     0.0
945.5     0.0
945.75     0.0
946.0     0.0
946.25     0.0
946.5     0.0
946.75     0.0
947.0     0.0
947.25     0.0
947.5     0.0
947.75     0.0
948.0     0.0
948.25     0.0
948.5     0.0
948.75     0.0
949.0     0.0
949.25     0.0
949.5     0.0
949.75     0.0
950.0     0.0
950.25     0.0
950.5     0.0
950.75     0.0
951.0     0.0
951.25     0.0
951.5     0.0
951.75     0.0
952.0     0.0
952.25     0.0
952.5     0.0
952.75     0.0
953.0     0.0
953.25     0.0
953.5     0.0
953.75     0.0
954.0     0.0
954.25     0.0
954.5     0.0
954.75     0.0
955.0     0.0
955.25     0.0
955.5     0.0
955.75     0.0
956.0     0.0
956.25     0.0
956.5     0.0
956.75     0.0
957.0     0.0
957.25     0.0
957.5     0.0
957.75     0.0
958.0     0.0
958.25     0.0
958.5     0.0
958.75     0.0
959.0     0.0
959.25     0.0
959.5     0.0
959.75     0.0
960.0     0.0
960.25     0.0
960.5     0.0
960.75     0.0
961.0     0.0
961.25     0.0
961.5     0.0
961.75     0.0
962.0     0.0
962.25     0.0
962.5     0.0
962.75     0.0
963.0     0.0
963.25     0.0
963.5     0.0
963.75     0.0
964.0     0.0
964.25     0.0
964.5     0.0
964.75     0.0
965.0     0.0
965.25     0.0
965.5     0.0
965.75     0.0
966.0     0.0
966.25     0.0
966.5     0.0
966.75     0.0
967.0     0.0
967.25     0.0
967.5     0.0
967.75     0.0
968.0     0.0
968.25     0.0
968.5     0.0
968.75     0.0
969.0     0.0
969.25     0.0
969.5     0.0
969.75     0.0
970.0     0.0
970.25     0.0
970.5     0.0
970.75     0.0
971.0     0.0
971.25     0.0
971.5     0.0
971.75     0.0
972.0     0.0
972.25     0.0
972.5     0.0
972.75     0.0
973.0     0.0
973.25     0.0
973.5     0.0
973.75     0.0
974.0     0.0
974.25     0.0
974.5     0.0
974.75     0.0
975.0     0.0
975.25     0.0
975.5     0.0
975.75     0.0
976.0     0.0
976.25     0.0
976.5     0.0
976.75     0.0
977.0     0.0
977.25     0.0
977.5     0.0
977.75     0.0
978.0     0.0
978.25     0.0
978.5     0.0
978.75     0.0
979.0     0.0
979.25     0.0
979.5     0.0
979.75     0.0
980.0     0.0
980.25     0.0
980.5     0.0
980.75     0.0
981.0     0.0
981.25     0.0
981.5     0.0
981.75     0.0
982.0     0.0
982.25     0.0
982.5     0.0
982.75     0.0
983.0     0.0
983.25     0.0
983.5     0.0
983.75     0.0
984.0     0.0
984.25     0.0
984.5     0.0
984.75     0.0
985.0     0.0
985.25     0.0
985.5     0.0
985.75     0.0
986.0     0.0
986.25     0.0
986.5     0.0
986.75     0.0
987.0     0.0
987.25     0.0
987.5     0.0
987.75     0.0
988.0     0.0
988.25     0.0
988.5     0.0
988.75     0.0
989.0     0.0
989.25     0.0
989.5     0.0
989.75     0.0
990.0     0.0
990.25     0.0
990.5     0.0
990.75     0.0
991.0     0.0
991.25     0.0
991.5     0.0
991.75     0.0
992.0     0.0
992.25     0.0
992.5     0.0
992.75     0.0
993.0     0.0
993.25     0.0
993.5     0.0
993.75     0.0
994.0     0.0
994.25     0.0
994.5     0.0
994.75     0.0
995.0     0.0
995.25     0.0
995.5     0.0
995.75     0.0
996.0     0.0
996.25     0.0
996.5     0.0
996.75     0.0
997.0     0.0
997.25     0.0
997.5     0.0
997.75     0.0
998.0     0.0
998.25     0.0
998.5     0.0
998.75     0.0
999.0     0.0
999.25     0.0
999.5     0.0
999.75     0.0
1000.0     0.0
