  6.0   394.75000
  8.0   678.50000
 11.0   691.25000
 13.0   383.75000
 14.0   369.00000
 55.0   459.00000
 61.0   358.00000
 62.0   425.25000
 63.0   708.00000
 67.0   329.25000
 70.0   425.75000
 71.0   634.50000
 76.0   739.25000
102.0   575.50000
103.0   371.00000
104.0   367.75000
119.0   511.50000
127.0   275.50000
136.0   327.75000
137.0   268.25000
138.0   374.00000
156.0   522.00000
163.0   274.50000
179.0   375.00000
180.0   275.00000
182.0   281.50000
186.0   266.00000
189.0   691.25000
195.0   594.75000
198.0   273.50000
207.0   254.75000
218.0   277.25000
221.0   770.00000
223.0   501.00000
225.0   488.50000
227.0   504.50000
230.0   513.00000
246.0   321.25000
249.0   260.25000
254.0   385.00000
257.0   355.00000
259.0   819.00000
267.0   371.25000
270.0   430.25000
275.0   443.00000
303.0   274.50000
304.0   357.75000
312.0   417.50000
316.0   374.25000
319.0   375.25000
326.0   459.25000
327.0   357.25000
328.0   283.75000
339.0   542.75000
342.0   503.00000
344.0   596.50000
348.0   551.00000
356.0   281.25000
368.0   463.00000
369.0   663.25000
376.0   449.00000
378.0   394.00000
379.0   707.50000
380.0   312.75000
382.0   635.25000
386.0   321.75000
394.0   518.50000
395.0   716.25000
398.0   385.75000
405.0   479.00000
408.0   276.50000
412.0   290.75000
414.0   418.50000
415.0   382.00000
419.0   368.25000
421.0   370.25000
426.0   429.75000
435.0   278.75000
439.0   231.25000
440.0   875.50000
442.0   374.25000
449.0   380.75000
454.0   233.00000
455.0   783.50000
460.0   315.50000
471.0   269.75000
478.0   473.75000
480.0   277.75000
483.0   384.25000
489.0   333.00000
491.0   481.75000
496.0   360.75000
497.0   211.50000
498.0   270.75000
