  6.0    84.74633
  8.0    86.26058
 11.0    92.92094
 13.0    94.59915
 14.0    95.00644
 55.0    96.58099
 61.0    97.55686
 62.0    89.60577
 63.0    75.35755
 67.0    96.73644
 70.0    84.78419
 71.0    97.64816
 76.0    85.72913
102.0    86.26302
103.0    99.49885
104.0    97.97248
119.0    97.52769
127.0    78.61172
136.0    55.91089
137.0    97.38907
138.0   102.83670
156.0    92.46593
163.0    92.07033
179.0    96.96823
180.0    95.81370
182.0    92.16929
186.0   102.24830
189.0    97.68138
195.0    95.74436
198.0    83.77660
207.0   111.78676
218.0   100.16100
221.0    99.94457
223.0    91.23270
225.0    94.26457
227.0    89.68989
230.0    99.15751
246.0    90.48191
249.0    99.12422
254.0    98.29885
257.0    94.38485
259.0    99.24120
267.0    94.77864
270.0    90.38786
275.0    95.32154
303.0    93.06748
304.0    84.39432
312.0    85.67516
316.0    99.81100
319.0    98.15968
326.0    98.93100
327.0    87.67309
328.0    86.88085
339.0   100.55072
342.0    92.55340
344.0    99.31329
348.0   106.17840
356.0   101.79694
368.0    96.98776
369.0    96.66798
376.0    98.32663
378.0    94.67892
379.0    91.89876
380.0    88.21275
382.0    93.89395
386.0    99.19696
394.0    93.81988
395.0    93.07791
398.0    84.62497
405.0   101.28988
408.0   100.71654
412.0    91.13324
414.0    97.10050
415.0    92.48019
419.0    93.07868
421.0   103.96205
426.0    90.70725
435.0    87.57969
439.0   101.66400
440.0    97.95629
442.0    83.34491
449.0    95.43012
454.0    99.54597
455.0    95.44144
460.0    94.45695
471.0    98.62619
478.0   100.23133
480.0    93.32802
483.0    94.31155
489.0    97.16551
491.0    80.84542
496.0    96.57181
497.0    98.60915
498.0    95.27710
