  1.0   497.50000
  2.0   639.50000
  3.0   172.00000
  4.0   414.00000
  5.0   298.50000
  7.0   212.75000
  9.0   281.50000
 10.0   175.25000
 12.0   453.25000
 15.0   457.25000
 16.0   454.00000
 17.0   360.25000
 18.0   331.50000
 19.0   277.50000
 20.0   391.50000
 21.0   678.75000
 22.0   570.25000
 23.0   458.25000
 24.0   589.75000
 25.0   268.75000
 26.0   467.75000
 27.0   505.75000
 28.0   404.50000
 29.0   272.75000
 30.0   708.25000
 31.0   492.75000
 32.0   612.50000
 33.0   475.75000
 34.0   482.50000
 35.0   287.75000
 36.0     0.00000
 37.0   304.00000
 38.0   486.00000
 39.0   321.75000
 40.0   463.25000
 41.0   497.50000
 42.0   412.50000
 43.0   287.75000
 44.0   394.75000
 45.0   385.75000
 46.0   341.00000
 47.0   549.00000
 48.0   478.25000
 49.0   559.50000
 50.0   426.50000
 51.0   499.25000
 52.0   413.75000
 53.0   382.50000
 54.0   451.00000
 56.0   677.00000
 57.0   300.25000
 58.0   281.25000
 59.0   537.25000
 60.0   874.25000
 64.0   320.00000
 65.0   428.25000
 66.0   328.75000
 68.0   339.75000
 69.0   385.25000
 72.0   616.50000
 73.0   224.50000
 74.0   242.50000
 75.0   532.75000
 77.0   278.75000
 78.0   372.25000
 79.0   751.75000
 80.0   317.25000
 81.0   199.50000
 82.0   686.25000
 83.0   460.25000
 84.0   384.25000
 85.0   539.50000
 86.0   372.25000
 87.0   334.00000
 88.0   390.75000
 89.0   448.75000
 90.0   620.00000
 91.0   559.50000
 92.0   627.50000
 93.0   383.00000
 94.0   241.75000
 95.0   387.25000
 96.0   386.00000
 97.0   433.00000
 98.0   766.00000
 99.0   678.25000
100.0   448.50000
101.0   345.00000
105.0   602.00000
106.0   818.50000
107.0   462.25000
108.0   180.00000
109.0   810.50000
110.0   369.25000
111.0   433.50000
112.0   785.75000
113.0     0.00000
114.0   510.00000
115.0   241.25000
116.0   267.25000
117.0   440.50000
118.0   421.50000
120.0   436.75000
121.0   395.75000
122.0   483.25000
123.0   511.25000
124.0   102.75000
125.0   385.00000
126.0   567.00000
128.0   321.00000
129.0   425.75000
130.0   754.50000
131.0   439.25000
132.0   682.00000
133.0   644.25000
134.0   223.25000
135.0   415.75000
139.0   260.75000
140.0   372.75000
141.0   389.50000
142.0   288.50000
143.0   376.75000
144.0   353.50000
145.0   505.25000
146.0    68.00000
147.0   283.25000
148.0   386.00000
149.0   481.50000
150.0   529.75000
151.0   295.50000
152.0   343.75000
153.0   767.00000
154.0   427.25000
155.0   495.25000
157.0   317.25000
158.0   860.50000
159.0   828.50000
160.0   469.50000
161.0   291.75000
162.0   266.00000
164.0   368.75000
165.0   539.00000
166.0   417.25000
167.0   780.00000
168.0   448.25000
169.0   304.25000
170.0   331.50000
171.0   757.25000
172.0   302.00000
173.0   379.50000
174.0     0.00000
175.0   383.75000
176.0   681.50000
177.0   217.00000
178.0   426.25000
181.0   441.50000
183.0   361.00000
184.0   380.00000
185.0   303.50000
187.0   475.00000
188.0   889.50000
190.0   339.00000
191.0   293.75000
192.0   704.00000
193.0   405.75000
194.0   395.25000
196.0   302.00000
197.0   277.75000
199.0   257.50000
200.0   556.50000
201.0   746.00000
202.0   432.00000
203.0   347.25000
204.0   467.00000
205.0   657.25000
206.0   383.25000
208.0   245.75000
209.0   379.25000
210.0   699.75000
211.0   500.50000
212.0   704.75000
213.0   365.75000
214.0   202.00000
215.0   571.50000
216.0   335.25000
217.0   946.50000
219.0   575.75000
220.0   449.75000
222.0   330.75000
224.0   328.25000
226.0   638.25000
228.0   252.00000
229.0   302.50000
231.0   284.00000
232.0   851.50000
233.0   311.00000
234.0   422.75000
235.0   593.75000
236.0   892.00000
237.0   283.50000
238.0   517.75000
239.0   500.00000
240.0   342.25000
241.0   463.00000
242.0   439.00000
243.0   816.00000
244.0   488.75000
245.0   695.00000
247.0   341.25000
248.0   593.00000
250.0   291.75000
251.0   611.50000
252.0   449.50000
253.0   352.00000
255.0   482.00000
256.0   602.25000
258.0   472.50000
260.0   629.00000
261.0   187.25000
262.0     0.00000
263.0   287.50000
264.0   382.75000
265.0   653.25000
266.0   388.00000
268.0   365.00000
269.0   326.25000
271.0   558.00000
272.0   382.25000
273.0   200.00000
274.0   291.75000
276.0   603.50000
277.0   351.50000
278.0   205.75000
279.0   373.25000
280.0   299.75000
281.0   332.25000
282.0   233.75000
283.0   363.25000
284.0   508.00000
285.0   592.50000
286.0   235.25000
287.0   432.75000
288.0   462.00000
289.0   537.75000
290.0   342.25000
291.0   573.00000
292.0   319.00000
293.0   553.25000
294.0   516.75000
295.0   446.50000
296.0   280.50000
297.0   942.50000
298.0   374.25000
299.0   552.50000
300.0   246.25000
301.0   562.75000
302.0   392.75000
305.0   499.25000
306.0   341.00000
307.0   580.75000
308.0   467.00000
309.0   397.25000
310.0   471.25000
311.0   292.00000
313.0   348.25000
314.0   381.75000
315.0   592.75000
317.0   371.75000
318.0   270.50000
320.0   497.25000
321.0   717.25000
322.0   332.00000
323.0   696.75000
324.0   291.00000
325.0   109.50000
329.0   846.00000
330.0   564.50000
331.0   282.75000
332.0   276.25000
333.0   210.50000
334.0   436.25000
335.0   305.75000
336.0   520.25000
337.0   246.00000
338.0   126.75000
340.0   368.00000
341.0   105.50000
343.0   666.75000
345.0   342.50000
346.0   302.75000
347.0   488.50000
349.0   229.75000
350.0   616.75000
351.0   862.75000
352.0   266.75000
353.0   380.00000
354.0   217.75000
355.0   341.50000
357.0   272.75000
358.0   306.75000
359.0   283.00000
360.0   802.75000
361.0   632.00000
362.0   298.50000
363.0   622.25000
364.0   381.00000
365.0   403.25000
366.0   328.50000
367.0   328.50000
370.0   393.00000
371.0   325.25000
372.0   501.75000
373.0   619.00000
374.0   339.00000
375.0   281.00000
377.0   539.75000
381.0   303.25000
383.0   595.75000
384.0   760.50000
385.0    67.25000
387.0   276.25000
388.0   543.25000
389.0   522.50000
390.0   488.50000
391.0   517.00000
392.0   535.25000
393.0   272.50000
396.0   438.50000
397.0   356.75000
399.0   564.25000
400.0   325.75000
401.0   559.75000
402.0   377.25000
403.0   600.25000
404.0   388.75000
406.0   418.75000
407.0   272.25000
409.0   237.75000
410.0   396.75000
411.0   407.50000
413.0   344.75000
416.0   424.75000
417.0   349.75000
418.0   215.50000
420.0   459.75000
422.0   332.75000
423.0   466.00000
424.0   301.00000
425.0   586.25000
427.0   507.00000
428.0   525.25000
429.0   281.25000
430.0   178.50000
431.0   526.75000
432.0   377.50000
433.0   500.50000
434.0   508.50000
436.0   580.25000
437.0     0.00000
438.0     0.00000
441.0   296.00000
443.0   444.00000
444.0   864.00000
445.0   383.25000
446.0   210.50000
447.0   322.75000
448.0   696.00000
450.0   721.50000
451.0   305.50000
452.0   244.50000
453.0   269.75000
456.0   642.00000
457.0   409.50000
458.0   439.75000
459.0   478.25000
461.0   561.25000
462.0   492.50000
463.0   393.00000
464.0   364.50000
465.0   231.00000
466.0   366.75000
467.0   259.00000
468.0   906.25000
469.0   521.00000
470.0   352.25000
472.0   299.75000
473.0   332.25000
474.0   467.75000
475.0   571.00000
476.0   572.25000
477.0   537.25000
479.0   309.50000
481.0   291.50000
482.0   261.50000
484.0   400.75000
485.0   365.75000
486.0   290.50000
487.0   533.75000
488.0   325.25000
490.0   575.50000
492.0   517.25000
493.0   475.00000
494.0   441.00000
495.0   378.25000
499.0   237.25000
500.0   274.00000
