  1.0   106.47097
  2.0   105.04404
  3.0   144.51481
  4.0   105.85124
  5.0   127.83746
  7.0   104.82923
  9.0    98.98426
 10.0   105.66155
 12.0   116.52776
 15.0   113.18360
 16.0   103.52860
 17.0   109.08457
 18.0    97.65454
 19.0   124.42231
 20.0   107.46282
 21.0   123.16575
 22.0    94.37487
 23.0   106.19062
 24.0   105.03332
 25.0   112.27305
 26.0   108.16300
 27.0   132.57231
 28.0   108.98237
 29.0    99.93728
 30.0   101.93060
 31.0   108.33721
 32.0   109.24740
 33.0   108.86625
 34.0   101.73295
 35.0   100.34584
 36.0   121.38021
 37.0   105.79970
 38.0   111.69161
 39.0   109.19104
 40.0   100.37838
 41.0   119.57798
 42.0   122.56455
 43.0   104.14849
 44.0   104.74181
 45.0   102.24762
 46.0   117.23658
 47.0   101.38024
 48.0   100.28437
 49.0    99.19221
 50.0   105.54429
 51.0   111.24518
 52.0   101.06755
 53.0   108.19409
 54.0    98.08735
 56.0   114.53979
 57.0   120.55979
 58.0   119.74195
 59.0   104.88673
 60.0   109.16170
 64.0   103.00164
 65.0   120.99174
 66.0   107.03902
 68.0   123.76152
 69.0   105.05936
 72.0   138.22334
 73.0   108.74589
 74.0   103.72660
 75.0   105.60195
 77.0   102.13729
 78.0   107.73069
 79.0   115.32909
 80.0   103.48894
 81.0   109.23370
 82.0    99.54117
 83.0   112.24433
 84.0   100.70865
 85.0   107.89555
 86.0   115.09661
 87.0   123.53415
 88.0   109.68007
 89.0   102.47714
 90.0   144.49194
 91.0    99.41495
 92.0   112.20053
 93.0   116.79580
 94.0   129.00740
 95.0   107.19791
 96.0    99.12098
 97.0   107.83344
 98.0   135.04165
 99.0   125.90783
100.0   108.55526
101.0   106.34302
105.0   121.49855
106.0   108.68001
107.0    93.28698
108.0   107.18416
109.0   110.65534
110.0   115.08947
111.0   130.78991
112.0   128.78782
113.0   129.00080
114.0   100.46974
115.0   118.63951
116.0    99.82953
117.0   105.47234
118.0    98.13899
120.0   124.49578
121.0   105.54270
122.0   104.50465
123.0   113.66177
124.0   154.16077
125.0    90.24599
126.0    85.97854
128.0   108.33632
129.0   125.39724
130.0   100.12851
131.0   108.44812
132.0   111.75123
133.0   102.17620
134.0   133.76817
135.0   100.81472
139.0   117.79899
140.0   107.79644
141.0    95.26196
142.0   100.32601
143.0   101.99580
144.0   133.04632
145.0   120.29773
146.0   128.29622
147.0   108.19039
148.0   123.14551
149.0   119.37680
150.0   122.30874
151.0   121.79967
152.0    98.86804
153.0   100.04226
154.0   105.83748
155.0   105.31109
157.0   103.72021
158.0   130.58893
159.0   123.31431
160.0   114.90520
161.0   132.01967
162.0    94.72488
164.0   123.77208
165.0   118.95318
166.0   117.57848
167.0   124.59841
168.0   105.49562
169.0    92.99561
170.0   108.21102
171.0   114.35899
172.0   102.48715
173.0    99.26049
174.0   129.92887
175.0   108.16807
176.0   132.50522
177.0   113.59467
178.0   121.58410
181.0   105.35121
183.0    99.95405
184.0    95.36534
185.0   116.70091
187.0   102.79856
188.0   103.03546
190.0   113.94270
191.0   101.65812
192.0    95.85902
193.0   125.36742
194.0   106.15181
196.0   126.52807
197.0   126.19327
199.0   129.67666
200.0   104.17775
201.0   124.10251
202.0   103.48471
203.0    99.28941
204.0   105.10862
205.0   111.83482
206.0   105.76885
208.0   108.57300
209.0   118.68918
210.0   109.81470
211.0   121.06979
212.0   107.75511
213.0    97.81385
214.0   117.36556
215.0   103.63809
216.0   114.27277
217.0   117.48890
219.0   117.24170
220.0   101.82825
222.0    94.79320
224.0   107.67747
226.0   113.79837
228.0   109.36233
229.0   128.72951
231.0    97.21191
232.0   127.06156
233.0   104.67203
234.0   106.63580
235.0   122.88632
236.0   113.50757
237.0   106.85748
238.0   108.39594
239.0   119.07666
240.0   118.25472
241.0   103.96250
242.0   113.26649
243.0   111.65230
244.0   102.83459
245.0   120.19256
247.0   106.97092
248.0   112.62207
250.0   101.67953
251.0   114.86728
252.0   100.82618
253.0   116.35253
255.0   131.84696
256.0   115.85865
258.0    99.88921
260.0   146.03916
261.0   129.92357
262.0   117.16304
263.0   101.65409
264.0   104.78739
265.0   100.46243
266.0   102.56602
268.0   119.84742
269.0   104.70725
271.0   101.92875
272.0    99.91972
273.0   131.30117
274.0   102.58449
276.0   120.45781
277.0   112.20463
278.0   144.01497
279.0   108.83596
280.0    97.64343
281.0   111.89725
282.0    98.44118
283.0   115.07086
284.0   104.04258
285.0   115.26983
286.0   113.87987
287.0    85.71351
288.0   106.40383
289.0   104.44823
290.0   113.68544
291.0   116.62769
292.0   107.85490
293.0   119.20730
294.0    98.30003
295.0   130.04908
296.0   118.19777
297.0   105.93548
298.0   119.20303
299.0   106.43715
300.0   124.68396
301.0   115.61189
302.0   104.93325
305.0   113.23804
306.0    95.05804
307.0   104.91759
308.0   100.94136
309.0    95.42596
310.0   123.85285
311.0   102.04099
313.0   100.24869
314.0   103.57351
315.0   127.00578
317.0   109.25596
318.0   116.45605
320.0   114.93723
321.0   134.73653
322.0    99.94958
323.0   116.68620
324.0   112.23121
325.0   141.13819
329.0   110.33379
330.0   106.57568
331.0    97.77742
332.0   109.28852
333.0   135.89928
334.0   111.12805
335.0   128.74701
336.0   132.17394
337.0   143.44229
338.0   126.28350
340.0   108.66967
341.0   149.03356
343.0   124.28156
345.0   101.02142
346.0   103.91793
347.0   108.20030
349.0   114.75155
350.0   122.27017
351.0   111.32912
352.0   102.57800
353.0   105.82252
354.0   106.99724
355.0   114.97500
357.0   108.24791
358.0   110.30652
359.0    97.52217
360.0   122.04116
361.0   111.59621
362.0   107.58656
363.0   103.43645
364.0   106.00765
365.0   106.53558
366.0    98.38626
367.0   120.54038
370.0   124.76363
371.0   119.20011
372.0   118.55419
373.0    99.49834
374.0   100.10418
375.0   102.16069
377.0   125.92528
381.0   121.21861
383.0   141.75833
384.0   133.49135
385.0   134.29617
387.0   101.16178
388.0   102.69781
389.0   120.39769
390.0   100.44657
391.0   112.44747
392.0   103.76874
393.0   121.63395
396.0   116.16350
397.0   112.71887
399.0   113.90008
400.0   117.91525
401.0   101.11225
402.0   105.47096
403.0    96.76812
404.0   102.73691
406.0   124.72011
407.0   107.09896
409.0   101.42031
410.0   109.27798
411.0   119.63802
413.0   126.64432
416.0    96.35263
417.0   136.83868
418.0   121.04362
420.0   117.18589
422.0    98.35336
423.0   114.18059
424.0   109.15996
425.0   107.40312
427.0   132.87009
428.0   143.05446
429.0   109.26347
430.0   108.39347
431.0   114.25394
432.0   111.11294
433.0   110.38359
434.0   107.22485
436.0    97.65233
437.0   116.00046
438.0   105.66193
441.0   157.17295
443.0    97.18419
444.0   101.53026
445.0    94.60441
446.0   118.96966
447.0   110.39514
448.0    93.57574
450.0   122.16669
451.0   103.85052
452.0   110.43050
453.0    98.46631
456.0    99.37409
457.0   104.89955
458.0    99.83889
459.0   102.95325
461.0   102.44667
462.0   118.91611
463.0    96.22343
464.0    95.42098
465.0   105.02224
466.0   122.15788
467.0   138.67924
468.0   122.91174
469.0   127.15883
470.0   124.96485
472.0    90.51117
473.0   120.28401
474.0    99.87369
475.0   104.60705
476.0   102.10576
477.0    99.37911
479.0   112.75421
481.0    93.35797
482.0   112.25755
484.0   106.25784
485.0   107.52963
486.0   103.30156
487.0    93.82512
488.0   107.02246
490.0   109.15258
492.0   109.27475
493.0   135.11746
494.0   101.28053
495.0   106.84108
499.0   116.66805
500.0   107.87339
