0.25     0.0
0.5     0.0
0.75     0.0
1.0     0.0
1.25     0.0
1.5     0.0
1.75     0.0
2.0     0.0
2.25     0.0
2.5     0.0
2.75     0.0
3.0     0.0
3.25     0.0
3.5     0.0
3.75     0.0
4.0     0.0
4.25     0.0
4.5     0.0
4.75     0.0
5.0     0.0
5.25     0.0
5.5     0.0
5.75     0.0
6.0     0.0
6.25     0.0
6.5     0.0
6.75     0.0
7.0     0.0
7.25     0.002
7.5     0.002
7.75     0.002
8.0     0.002
8.25     0.002
8.5     0.002
8.75     0.002
9.0     0.002
9.25     0.002
9.5     0.002
9.75     0.002
10.0     0.002
10.25     0.002
10.5     0.002
10.75     0.002
11.0     0.002
11.25     0.002
11.5     0.002
11.75     0.002
12.0     0.002
12.25     0.002
12.5     0.002
12.75     0.002
13.0     0.002
13.25     0.002
13.5     0.002
13.75     0.002
14.0     0.002
14.25     0.002
14.5     0.002
14.75     0.002
15.0     0.002
15.25     0.002
15.5     0.002
15.75     0.0
16.0     0.0
16.25     -0.002
16.5     -0.002
16.75     -0.002
17.0     -0.002
17.25     -0.002
17.5     -0.002
17.75     -0.002
18.0     0.0
18.25     0.0
18.5     0.0
18.75     0.0
19.0     0.0
19.25     0.002
19.5     0.002
19.75     0.004
20.0     0.008
20.25     0.01
20.5     0.01
20.75     0.012
21.0     0.012
21.25     0.012
21.5     0.016
21.75     0.018
22.0     0.024
22.25     0.03
22.5     0.03
22.75     0.024
23.0     0.02
23.25     0.024
23.5     0.022
23.75     0.03
24.0     0.038
24.25     0.042
24.5     0.046
24.75     0.046
25.0     0.054
25.25     0.048
25.5     0.058
25.75     0.062
26.0     0.066
26.25     0.076
26.5     0.078
26.75     0.088
27.0     0.09
27.25     0.09
27.5     0.098
27.75     0.102
28.0     0.104
28.25     0.11
28.5     0.122
28.75     0.128
29.0     0.134
29.25     0.136
29.5     0.142
29.75     0.148
30.0     0.148
30.25     0.148
30.5     0.156
30.75     0.158
31.0     0.164
31.25     0.16
31.5     0.16
31.75     0.156
32.0     0.158
32.25     0.168
32.5     0.17
32.75     0.172
33.0     0.17
33.25     0.178
33.5     0.18
33.75     0.18
34.0     0.19
34.25     0.19
34.5     0.186
34.75     0.188
35.0     0.198
35.25     0.2
35.5     0.202
35.75     0.204
36.0     0.212
36.25     0.216
36.5     0.218
36.75     0.224
37.0     0.232
37.25     0.232
37.5     0.238
37.75     0.238
38.0     0.242
38.25     0.24
38.5     0.246
38.75     0.248
39.0     0.25
39.25     0.25
39.5     0.254
39.75     0.26
40.0     0.26
40.25     0.266
40.5     0.268
40.75     0.27
41.0     0.274
41.25     0.28
41.5     0.286
41.75     0.292
42.0     0.298
42.25     0.3
42.5     0.3
42.75     0.298
43.0     0.31
43.25     0.318
43.5     0.322
43.75     0.324
44.0     0.326
44.25     0.328
44.5     0.328
44.75     0.33
45.0     0.334
45.25     0.34
45.5     0.342
45.75     0.342
46.0     0.338
46.25     0.342
46.5     0.342
46.75     0.344
47.0     0.346
47.25     0.344
47.5     0.35
47.75     0.35
48.0     0.358
48.25     0.362
48.5     0.366
48.75     0.372
49.0     0.372
49.25     0.372
49.5     0.374
49.75     0.378
50.0     0.38
50.25     0.382
50.5     0.384
50.75     0.386
51.0     0.39
51.25     0.39
51.5     0.394
51.75     0.396
52.0     0.404
52.25     0.406
52.5     0.406
52.75     0.406
53.0     0.414
53.25     0.414
53.5     0.416
53.75     0.42
54.0     0.424
54.25     0.426
54.5     0.426
54.75     0.432
55.0     0.432
55.25     0.434
55.5     0.44
55.75     0.444
56.0     0.444
56.25     0.448
56.5     0.454
56.75     0.454
57.0     0.456
57.25     0.46
57.5     0.458
57.75     0.46
58.0     0.458
58.25     0.46
58.5     0.46
58.75     0.464
59.0     0.464
59.25     0.466
59.5     0.468
59.75     0.47
60.0     0.474
60.25     0.476
60.5     0.476
60.75     0.478
61.0     0.476
61.25     0.478
61.5     0.478
61.75     0.482
62.0     0.486
62.25     0.49
62.5     0.494
62.75     0.496
63.0     0.496
63.25     0.496
63.5     0.498
63.75     0.502
64.0     0.506
64.25     0.504
64.5     0.508
64.75     0.508
65.0     0.512
65.25     0.512
65.5     0.512
65.75     0.512
66.0     0.512
66.25     0.514
66.5     0.514
66.75     0.52
67.0     0.52
67.25     0.522
67.5     0.524
67.75     0.526
68.0     0.524
68.25     0.526
68.5     0.526
68.75     0.526
69.0     0.528
69.25     0.528
69.5     0.532
69.75     0.534
70.0     0.538
70.25     0.538
70.5     0.536
70.75     0.542
71.0     0.544
71.25     0.546
71.5     0.55
71.75     0.554
72.0     0.552
72.25     0.552
72.5     0.55
72.75     0.552
73.0     0.55
73.25     0.552
73.5     0.552
73.75     0.554
74.0     0.552
74.25     0.554
74.5     0.556
74.75     0.562
75.0     0.566
75.25     0.566
75.5     0.566
75.75     0.566
76.0     0.566
76.25     0.566
76.5     0.568
76.75     0.572
77.0     0.572
77.25     0.574
77.5     0.576
77.75     0.578
78.0     0.58
78.25     0.58
78.5     0.582
78.75     0.586
79.0     0.588
79.25     0.59
79.5     0.59
79.75     0.59
80.0     0.59
80.25     0.588
80.5     0.59
80.75     0.594
81.0     0.594
81.25     0.594
81.5     0.596
81.75     0.598
82.0     0.598
82.25     0.6
82.5     0.6
82.75     0.6
83.0     0.602
83.25     0.604
83.5     0.606
83.75     0.606
84.0     0.606
84.25     0.608
84.5     0.61
84.75     0.61
85.0     0.61
85.25     0.612
85.5     0.614
85.75     0.616
86.0     0.616
86.25     0.62
86.5     0.622
86.75     0.622
87.0     0.624
87.25     0.628
87.5     0.63
87.75     0.632
88.0     0.634
88.25     0.634
88.5     0.636
88.75     0.636
89.0     0.638
89.25     0.638
89.5     0.64
89.75     0.644
90.0     0.644
90.25     0.648
90.5     0.65
90.75     0.65
91.0     0.65
91.25     0.652
91.5     0.652
91.75     0.65
92.0     0.652
92.25     0.656
92.5     0.658
92.75     0.66
93.0     0.662
93.25     0.662
93.5     0.666
93.75     0.668
94.0     0.668
94.25     0.668
94.5     0.67
94.75     0.67
95.0     0.67
95.25     0.674
95.5     0.674
95.75     0.674
96.0     0.674
96.25     0.676
96.5     0.676
96.75     0.678
97.0     0.678
97.25     0.68
97.5     0.68
97.75     0.682
98.0     0.684
98.25     0.684
98.5     0.69
98.75     0.692
99.0     0.696
99.25     0.696
99.5     0.696
99.75     0.696
100.0     0.7
100.25     0.7
100.5     0.702
100.75     0.702
101.0     0.702
101.25     0.704
101.5     0.704
101.75     0.71
102.0     0.712
102.25     0.712
102.5     0.714
102.75     0.712
103.0     0.714
103.25     0.714
103.5     0.714
103.75     0.716
104.0     0.716
104.25     0.716
104.5     0.716
104.75     0.716
105.0     0.716
105.25     0.716
105.5     0.718
105.75     0.718
106.0     0.716
106.25     0.716
106.5     0.716
106.75     0.716
107.0     0.716
107.25     0.716
107.5     0.716
107.75     0.716
108.0     0.716
108.25     0.718
108.5     0.718
108.75     0.718
109.0     0.718
109.25     0.718
109.5     0.718
109.75     0.718
110.0     0.72
110.25     0.72
110.5     0.72
110.75     0.724
111.0     0.724
111.25     0.724
111.5     0.724
111.75     0.724
112.0     0.724
112.25     0.724
112.5     0.724
112.75     0.724
113.0     0.724
113.25     0.726
113.5     0.726
113.75     0.726
114.0     0.726
114.25     0.726
114.5     0.726
114.75     0.728
115.0     0.728
115.25     0.73
115.5     0.732
115.75     0.732
116.0     0.732
116.25     0.732
116.5     0.732
116.75     0.732
117.0     0.732
117.25     0.736
117.5     0.736
117.75     0.736
118.0     0.736
118.25     0.738
118.5     0.738
118.75     0.736
119.0     0.736
119.25     0.736
119.5     0.736
119.75     0.736
120.0     0.736
120.25     0.738
120.5     0.74
120.75     0.744
121.0     0.744
121.25     0.746
121.5     0.746
121.75     0.746
122.0     0.748
122.25     0.75
122.5     0.75
122.75     0.752
123.0     0.752
123.25     0.75
123.5     0.75
123.75     0.75
124.0     0.752
124.25     0.754
124.5     0.754
124.75     0.758
125.0     0.758
125.25     0.758
125.5     0.758
125.75     0.76
126.0     0.762
126.25     0.762
126.5     0.76
126.75     0.76
127.0     0.76
127.25     0.762
127.5     0.762
127.75     0.766
128.0     0.766
128.25     0.766
128.5     0.766
128.75     0.766
129.0     0.77
129.25     0.77
129.5     0.772
129.75     0.772
130.0     0.774
130.25     0.774
130.5     0.774
130.75     0.774
131.0     0.776
131.25     0.774
131.5     0.778
131.75     0.78
132.0     0.78
132.25     0.782
132.5     0.782
132.75     0.784
133.0     0.786
133.25     0.788
133.5     0.79
133.75     0.79
134.0     0.79
134.25     0.79
134.5     0.79
134.75     0.792
135.0     0.792
135.25     0.792
135.5     0.794
135.75     0.794
136.0     0.794
136.25     0.796
136.5     0.796
136.75     0.796
137.0     0.796
137.25     0.8
137.5     0.8
137.75     0.802
138.0     0.804
138.25     0.81
138.5     0.81
138.75     0.81
139.0     0.81
139.25     0.812
139.5     0.812
139.75     0.812
140.0     0.814
140.25     0.814
140.5     0.814
140.75     0.812
141.0     0.814
141.25     0.812
141.5     0.812
141.75     0.82
142.0     0.82
142.25     0.82
142.5     0.822
142.75     0.824
143.0     0.826
143.25     0.826
143.5     0.828
143.75     0.828
144.0     0.828
144.25     0.828
144.5     0.83
144.75     0.834
145.0     0.834
145.25     0.834
145.5     0.834
145.75     0.832
146.0     0.832
146.25     0.832
146.5     0.832
146.75     0.832
147.0     0.836
147.25     0.836
147.5     0.84
147.75     0.84
148.0     0.84
148.25     0.844
148.5     0.844
148.75     0.844
149.0     0.846
149.25     0.844
149.5     0.844
149.75     0.848
150.0     0.848
150.25     0.848
150.5     0.85
150.75     0.85
151.0     0.85
151.25     0.852
151.5     0.852
151.75     0.852
152.0     0.856
152.25     0.858
152.5     0.86
152.75     0.86
153.0     0.86
153.25     0.86
153.5     0.86
153.75     0.86
154.0     0.86
154.25     0.86
154.5     0.86
154.75     0.86
155.0     0.86
155.25     0.86
155.5     0.862
155.75     0.862
156.0     0.864
156.25     0.864
156.5     0.864
156.75     0.864
157.0     0.866
157.25     0.866
157.5     0.866
157.75     0.868
158.0     0.868
158.25     0.868
158.5     0.868
158.75     0.868
159.0     0.868
159.25     0.868
159.5     0.868
159.75     0.872
160.0     0.872
160.25     0.872
160.5     0.872
160.75     0.872
161.0     0.872
161.25     0.872
161.5     0.872
161.75     0.872
162.0     0.872
162.25     0.874
162.5     0.874
162.75     0.874
163.0     0.872
163.25     0.872
163.5     0.872
163.75     0.872
164.0     0.872
164.25     0.872
164.5     0.872
164.75     0.874
165.0     0.874
165.25     0.876
165.5     0.876
165.75     0.876
166.0     0.878
166.25     0.878
166.5     0.878
166.75     0.878
167.0     0.884
167.25     0.886
167.5     0.886
167.75     0.888
168.0     0.888
168.25     0.89
168.5     0.89
168.75     0.89
169.0     0.892
169.25     0.892
169.5     0.896
169.75     0.896
170.0     0.896
170.25     0.896
170.5     0.896
170.75     0.896
171.0     0.896
171.25     0.896
171.5     0.898
171.75     0.898
172.0     0.9
172.25     0.9
172.5     0.9
172.75     0.9
173.0     0.9
173.25     0.9
173.5     0.902
173.75     0.902
174.0     0.904
174.25     0.904
174.5     0.904
174.75     0.904
175.0     0.906
175.25     0.906
175.5     0.906
175.75     0.906
176.0     0.912
176.25     0.912
176.5     0.91
176.75     0.91
177.0     0.91
177.25     0.91
177.5     0.91
177.75     0.91
178.0     0.91
178.25     0.912
178.5     0.916
178.75     0.918
179.0     0.92
179.25     0.92
179.5     0.918
179.75     0.916
180.0     0.916
180.25     0.918
180.5     0.918
180.75     0.918
181.0     0.918
181.25     0.918
181.5     0.918
181.75     0.918
182.0     0.92
182.25     0.92
182.5     0.922
182.75     0.922
183.0     0.922
183.25     0.922
183.5     0.924
183.75     0.924
184.0     0.926
184.25     0.926
184.5     0.924
184.75     0.924
185.0     0.922
185.25     0.924
185.5     0.926
185.75     0.926
186.0     0.928
186.25     0.928
186.5     0.93
186.75     0.93
187.0     0.93
187.25     0.93
187.5     0.93
187.75     0.932
188.0     0.932
188.25     0.932
188.5     0.934
188.75     0.934
189.0     0.936
189.25     0.936
189.5     0.938
189.75     0.938
190.0     0.938
190.25     0.94
190.5     0.94
190.75     0.938
191.0     0.938
191.25     0.938
191.5     0.938
191.75     0.94
192.0     0.94
192.25     0.944
192.5     0.944
192.75     0.944
193.0     0.944
193.25     0.944
193.5     0.944
193.75     0.944
194.0     0.944
194.25     0.942
194.5     0.944
194.75     0.944
195.0     0.944
195.25     0.948
195.5     0.95
195.75     0.95
196.0     0.95
196.25     0.95
196.5     0.95
196.75     0.95
197.0     0.95
197.25     0.95
197.5     0.95
197.75     0.95
198.0     0.95
198.25     0.95
198.5     0.95
198.75     0.95
199.0     0.95
199.25     0.95
199.5     0.95
199.75     0.95
200.0     0.95
200.25     0.95
200.5     0.948
200.75     0.948
201.0     0.948
201.25     0.95
201.5     0.95
201.75     0.95
202.0     0.952
202.25     0.952
202.5     0.95
202.75     0.952
203.0     0.952
203.25     0.954
203.5     0.954
203.75     0.954
204.0     0.954
204.25     0.954
204.5     0.954
204.75     0.954
205.0     0.954
205.25     0.954
205.5     0.952
205.75     0.952
206.0     0.956
206.25     0.956
206.5     0.956
206.75     0.956
207.0     0.956
207.25     0.956
207.5     0.956
207.75     0.956
208.0     0.956
208.25     0.956
208.5     0.96
208.75     0.96
209.0     0.96
209.25     0.96
209.5     0.96
209.75     0.96
210.0     0.96
210.25     0.96
210.5     0.96
210.75     0.96
211.0     0.962
211.25     0.962
211.5     0.962
211.75     0.962
212.0     0.962
212.25     0.962
212.5     0.962
212.75     0.964
213.0     0.964
213.25     0.964
213.5     0.964
213.75     0.964
214.0     0.964
214.25     0.964
214.5     0.964
214.75     0.964
215.0     0.964
215.25     0.964
215.5     0.964
215.75     0.964
216.0     0.964
216.25     0.964
216.5     0.964
216.75     0.964
217.0     0.964
217.25     0.964
217.5     0.964
217.75     0.964
218.0     0.964
218.25     0.964
218.5     0.964
218.75     0.964
219.0     0.964
219.25     0.964
219.5     0.964
219.75     0.964
220.0     0.964
220.25     0.964
220.5     0.964
220.75     0.964
221.0     0.966
221.25     0.966
221.5     0.966
221.75     0.966
222.0     0.966
222.25     0.966
222.5     0.966
222.75     0.966
223.0     0.966
223.25     0.966
223.5     0.966
223.75     0.966
224.0     0.966
224.25     0.966
224.5     0.966
224.75     0.966
225.0     0.966
225.25     0.968
225.5     0.968
225.75     0.966
226.0     0.966
226.25     0.966
226.5     0.966
226.75     0.966
227.0     0.966
227.25     0.966
227.5     0.966
227.75     0.966
228.0     0.966
228.25     0.966
228.5     0.966
228.75     0.966
229.0     0.966
229.25     0.966
229.5     0.966
229.75     0.966
230.0     0.968
230.25     0.968
230.5     0.968
230.75     0.97
231.0     0.97
231.25     0.97
231.5     0.97
231.75     0.97
232.0     0.968
232.25     0.968
232.5     0.968
232.75     0.966
233.0     0.966
233.25     0.966
233.5     0.966
233.75     0.968
234.0     0.968
234.25     0.968
234.5     0.968
234.75     0.968
235.0     0.97
235.25     0.97
235.5     0.97
235.75     0.97
236.0     0.97
236.25     0.97
236.5     0.97
236.75     0.97
237.0     0.97
237.25     0.97
237.5     0.97
237.75     0.97
238.0     0.97
238.25     0.97
238.5     0.97
238.75     0.97
239.0     0.97
239.25     0.97
239.5     0.97
239.75     0.97
240.0     0.972
240.25     0.972
240.5     0.972
240.75     0.976
241.0     0.976
241.25     0.976
241.5     0.976
241.75     0.976
242.0     0.976
242.25     0.976
242.5     0.976
242.75     0.976
243.0     0.976
243.25     0.976
243.5     0.976
243.75     0.976
244.0     0.976
244.25     0.976
244.5     0.976
244.75     0.976
245.0     0.976
245.25     0.976
245.5     0.976
245.75     0.976
246.0     0.976
246.25     0.976
246.5     0.976
246.75     0.976
247.0     0.976
247.25     0.976
247.5     0.976
247.75     0.976
248.0     0.976
248.25     0.976
248.5     0.976
248.75     0.976
249.0     0.976
249.25     0.976
249.5     0.976
249.75     0.976
250.0     0.976
250.25     0.976
250.5     0.976
250.75     0.976
251.0     0.976
251.25     0.976
251.5     0.976
251.75     0.976
252.0     0.976
252.25     0.976
252.5     0.976
252.75     0.976
253.0     0.976
253.25     0.976
253.5     0.976
253.75     0.978
254.0     0.978
254.25     0.978
254.5     0.978
254.75     0.978
255.0     0.974
255.25     0.974
255.5     0.974
255.75     0.974
256.0     0.974
256.25     0.974
256.5     0.974
256.75     0.974
257.0     0.976
257.25     0.976
257.5     0.976
257.75     0.976
258.0     0.976
258.25     0.976
258.5     0.976
258.75     0.976
259.0     0.976
259.25     0.976
259.5     0.976
259.75     0.978
260.0     0.978
260.25     0.978
260.5     0.978
260.75     0.978
261.0     0.978
261.25     0.978
261.5     0.978
261.75     0.978
262.0     0.978
262.25     0.978
262.5     0.978
262.75     0.978
263.0     0.978
263.25     0.978
263.5     0.978
263.75     0.978
264.0     0.978
264.25     0.978
264.5     0.978
264.75     0.98
265.0     0.98
265.25     0.98
265.5     0.98
265.75     0.98
266.0     0.98
266.25     0.98
266.5     0.98
266.75     0.98
267.0     0.98
267.25     0.98
267.5     0.98
267.75     0.98
268.0     0.98
268.25     0.98
268.5     0.98
268.75     0.98
269.0     0.98
269.25     0.98
269.5     0.98
269.75     0.98
270.0     0.98
270.25     0.98
270.5     0.98
270.75     0.98
271.0     0.98
271.25     0.98
271.5     0.98
271.75     0.98
272.0     0.98
272.25     0.98
272.5     0.98
272.75     0.98
273.0     0.98
273.25     0.98
273.5     0.98
273.75     0.98
274.0     0.98
274.25     0.98
274.5     0.98
274.75     0.98
275.0     0.978
275.25     0.978
275.5     0.978
275.75     0.978
276.0     0.978
276.25     0.978
276.5     0.978
276.75     0.978
277.0     0.978
277.25     0.978
277.5     0.976
277.75     0.976
278.0     0.976
278.25     0.976
278.5     0.976
278.75     0.976
279.0     0.976
279.25     0.976
279.5     0.976
279.75     0.976
280.0     0.976
280.25     0.976
280.5     0.976
280.75     0.976
281.0     0.976
281.25     0.976
281.5     0.976
281.75     0.976
282.0     0.976
282.25     0.976
282.5     0.976
282.75     0.976
283.0     0.976
283.25     0.976
283.5     0.976
283.75     0.976
284.0     0.976
284.25     0.976
284.5     0.976
284.75     0.976
285.0     0.976
285.25     0.976
285.5     0.976
285.75     0.976
286.0     0.976
286.25     0.976
286.5     0.976
286.75     0.976
287.0     0.976
287.25     0.976
287.5     0.976
287.75     0.976
288.0     0.976
288.25     0.976
288.5     0.976
288.75     0.976
289.0     0.976
289.25     0.976
289.5     0.976
289.75     0.976
290.0     0.976
290.25     0.976
290.5     0.976
290.75     0.976
291.0     0.976
291.25     0.976
291.5     0.976
291.75     0.976
292.0     0.976
292.25     0.976
292.5     0.976
292.75     0.976
293.0     0.976
293.25     0.976
293.5     0.976
293.75     0.976
294.0     0.976
294.25     0.976
294.5     0.976
294.75     0.976
295.0     0.976
295.25     0.976
295.5     0.976
295.75     0.976
296.0     0.976
296.25     0.976
296.5     0.978
296.75     0.978
297.0     0.978
297.25     0.978
297.5     0.978
297.75     0.98
298.0     0.98
298.25     0.98
298.5     0.98
298.75     0.98
299.0     0.98
299.25     0.98
299.5     0.98
299.75     0.98
300.0     0.98
300.25     0.98
300.5     0.98
300.75     0.98
301.0     0.98
301.25     0.982
301.5     0.982
301.75     0.982
302.0     0.982
302.25     0.982
302.5     0.982
302.75     0.982
303.0     0.982
303.25     0.982
303.5     0.984
303.75     0.984
304.0     0.984
304.25     0.984
304.5     0.984
304.75     0.984
305.0     0.984
305.25     0.984
305.5     0.984
305.75     0.984
306.0     0.984
306.25     0.984
306.5     0.984
306.75     0.984
307.0     0.984
307.25     0.984
307.5     0.986
307.75     0.986
308.0     0.986
308.25     0.986
308.5     0.986
308.75     0.986
309.0     0.988
309.25     0.988
309.5     0.988
309.75     0.988
310.0     0.988
310.25     0.988
310.5     0.988
310.75     0.988
311.0     0.988
311.25     0.988
311.5     0.988
311.75     0.988
312.0     0.988
312.25     0.988
312.5     0.988
312.75     0.988
313.0     0.988
313.25     0.988
313.5     0.988
313.75     0.988
314.0     0.988
314.25     0.988
314.5     0.988
314.75     0.988
315.0     0.988
315.25     0.988
315.5     0.988
315.75     0.988
316.0     0.988
316.25     0.988
316.5     0.988
316.75     0.988
317.0     0.988
317.25     0.988
317.5     0.988
317.75     0.988
318.0     0.988
318.25     0.988
318.5     0.988
318.75     0.988
319.0     0.988
319.25     0.988
319.5     0.988
319.75     0.988
320.0     0.988
320.25     0.988
320.5     0.988
320.75     0.988
321.0     0.988
321.25     0.988
321.5     0.988
321.75     0.988
322.0     0.988
322.25     0.988
322.5     0.988
322.75     0.988
323.0     0.988
323.25     0.988
323.5     0.988
323.75     0.988
324.0     0.988
324.25     0.99
324.5     0.99
324.75     0.99
325.0     0.99
325.25     0.99
325.5     0.99
325.75     0.99
326.0     0.99
326.25     0.99
326.5     0.99
326.75     0.99
327.0     0.99
327.25     0.988
327.5     0.988
327.75     0.988
328.0     0.988
328.25     0.988
328.5     0.988
328.75     0.988
329.0     0.988
329.25     0.988
329.5     0.988
329.75     0.988
330.0     0.988
330.25     0.988
330.5     0.988
330.75     0.988
331.0     0.988
331.25     0.988
331.5     0.988
331.75     0.988
332.0     0.988
332.25     0.988
332.5     0.988
332.75     0.988
333.0     0.988
333.25     0.988
333.5     0.988
333.75     0.988
334.0     0.988
334.25     0.988
334.5     0.988
334.75     0.988
335.0     0.988
335.25     0.988
335.5     0.988
335.75     0.988
336.0     0.988
336.25     0.988
336.5     0.988
336.75     0.988
337.0     0.988
337.25     0.988
337.5     0.988
337.75     0.988
338.0     0.988
338.25     0.988
338.5     0.988
338.75     0.988
339.0     0.988
339.25     0.988
339.5     0.988
339.75     0.988
340.0     0.99
340.25     0.99
340.5     0.99
340.75     0.99
341.0     0.99
341.25     0.99
341.5     0.99
341.75     0.99
342.0     0.99
342.25     0.99
342.5     0.99
342.75     0.99
343.0     0.99
343.25     0.99
343.5     0.99
343.75     0.99
344.0     0.99
344.25     0.99
344.5     0.99
344.75     0.99
345.0     0.99
345.25     0.99
345.5     0.99
345.75     0.99
346.0     0.99
346.25     0.99
346.5     0.992
346.75     0.992
347.0     0.992
347.25     0.99
347.5     0.99
347.75     0.99
348.0     0.99
348.25     0.99
348.5     0.99
348.75     0.99
349.0     0.99
349.25     0.99
349.5     0.99
349.75     0.99
350.0     0.99
350.25     0.99
350.5     0.99
350.75     0.99
351.0     0.99
351.25     0.99
351.5     0.99
351.75     0.988
352.0     0.988
352.25     0.988
352.5     0.988
352.75     0.988
353.0     0.988
353.25     0.988
353.5     0.99
353.75     0.99
354.0     0.99
354.25     0.99
354.5     0.99
354.75     0.99
355.0     0.99
355.25     0.99
355.5     0.99
355.75     0.992
356.0     0.992
356.25     0.992
356.5     0.992
356.75     0.992
357.0     0.992
357.25     0.992
357.5     0.992
357.75     0.992
358.0     0.992
358.25     0.992
358.5     0.992
358.75     0.992
359.0     0.992
359.25     0.992
359.5     0.992
359.75     0.992
360.0     0.992
360.25     0.992
360.5     0.992
360.75     0.992
361.0     0.992
361.25     0.992
361.5     0.992
361.75     0.992
362.0     0.992
362.25     0.992
362.5     0.992
362.75     0.992
363.0     0.992
363.25     0.992
363.5     0.992
363.75     0.992
364.0     0.992
364.25     0.992
364.5     0.992
364.75     0.992
365.0     0.992
365.25     0.992
365.5     0.992
365.75     0.992
366.0     0.992
366.25     0.992
366.5     0.992
366.75     0.992
367.0     0.992
367.25     0.992
367.5     0.992
367.75     0.992
368.0     0.992
368.25     0.992
368.5     0.992
368.75     0.994
369.0     0.994
369.25     0.994
369.5     0.994
369.75     0.994
370.0     0.994
370.25     0.994
370.5     0.994
370.75     0.994
371.0     0.994
371.25     0.994
371.5     0.994
371.75     0.994
372.0     0.994
372.25     0.994
372.5     0.994
372.75     0.994
373.0     0.994
373.25     0.994
373.5     0.994
373.75     0.994
374.0     0.994
374.25     0.994
374.5     0.994
374.75     0.994
375.0     0.994
375.25     0.994
375.5     0.994
375.75     0.994
376.0     0.994
376.25     0.994
376.5     0.994
376.75     0.994
377.0     0.994
377.25     0.994
377.5     0.994
377.75     0.994
378.0     0.994
378.25     0.994
378.5     0.994
378.75     0.994
379.0     0.994
379.25     0.994
379.5     0.994
379.75     0.994
380.0     0.994
380.25     0.994
380.5     0.994
380.75     0.994
381.0     0.994
381.25     0.994
381.5     0.994
381.75     0.994
382.0     0.994
382.25     0.994
382.5     0.994
382.75     0.994
383.0     0.994
383.25     0.994
383.5     0.994
383.75     0.994
384.0     0.994
384.25     0.994
384.5     0.994
384.75     0.994
385.0     0.994
385.25     0.994
385.5     0.994
385.75     0.994
386.0     0.994
386.25     0.994
386.5     0.994
386.75     0.994
387.0     0.994
387.25     0.994
387.5     0.994
387.75     0.994
388.0     0.994
388.25     0.994
388.5     0.994
388.75     0.994
389.0     0.994
389.25     0.994
389.5     0.994
389.75     0.994
390.0     0.994
390.25     0.994
390.5     0.994
390.75     0.994
391.0     0.994
391.25     0.994
391.5     0.994
391.75     0.994
392.0     0.994
392.25     0.994
392.5     0.992
392.75     0.992
393.0     0.992
393.25     0.992
393.5     0.992
393.75     0.992
394.0     0.992
394.25     0.992
394.5     0.992
394.75     0.992
395.0     0.992
395.25     0.992
395.5     0.992
395.75     0.992
396.0     0.992
396.25     0.992
396.5     0.992
396.75     0.992
397.0     0.992
397.25     0.992
397.5     0.992
397.75     0.992
398.0     0.992
398.25     0.992
398.5     0.992
398.75     0.992
399.0     0.992
399.25     0.992
399.5     0.992
399.75     0.992
400.0     0.992
400.25     0.992
400.5     0.992
400.75     0.992
401.0     0.992
401.25     0.992
401.5     0.992
401.75     0.992
402.0     0.992
402.25     0.992
402.5     0.992
402.75     0.992
403.0     0.992
403.25     0.992
403.5     0.992
403.75     0.992
404.0     0.992
404.25     0.992
404.5     0.992
404.75     0.992
405.0     0.994
405.25     0.994
405.5     0.994
405.75     0.994
406.0     0.994
406.25     0.994
406.5     0.994
406.75     0.994
407.0     0.994
407.25     0.994
407.5     0.994
407.75     0.994
408.0     0.994
408.25     0.994
408.5     0.994
408.75     0.994
409.0     0.994
409.25     0.994
409.5     0.994
409.75     0.994
410.0     0.994
410.25     0.994
410.5     0.994
410.75     0.994
411.0     0.994
411.25     0.994
411.5     0.994
411.75     0.994
412.0     0.994
412.25     0.994
412.5     0.994
412.75     0.994
413.0     0.994
413.25     0.994
413.5     0.994
413.75     0.994
414.0     0.994
414.25     0.994
414.5     0.994
414.75     0.994
415.0     0.994
415.25     0.994
415.5     0.994
415.75     0.994
416.0     0.994
416.25     0.994
416.5     0.994
416.75     0.994
417.0     0.992
417.25     0.992
417.5     0.994
417.75     0.994
418.0     0.992
418.25     0.992
418.5     0.992
418.75     0.994
419.0     0.994
419.25     0.994
419.5     0.994
419.75     0.994
420.0     0.994
420.25     0.994
420.5     0.994
420.75     0.994
421.0     0.994
421.25     0.994
421.5     0.994
421.75     0.994
422.0     0.994
422.25     0.994
422.5     0.994
422.75     0.994
423.0     0.994
423.25     0.994
423.5     0.994
423.75     0.994
424.0     0.994
424.25     0.994
424.5     0.994
424.75     0.994
425.0     0.994
425.25     0.994
425.5     0.994
425.75     0.994
426.0     0.994
426.25     0.994
426.5     0.994
426.75     0.994
427.0     0.994
427.25     0.994
427.5     0.994
427.75     0.994
428.0     0.994
428.25     0.994
428.5     0.994
428.75     0.994
429.0     0.994
429.25     0.994
429.5     0.994
429.75     0.994
430.0     0.994
430.25     0.994
430.5     0.994
430.75     0.994
431.0     0.994
431.25     0.994
431.5     0.994
431.75     0.994
432.0     0.994
432.25     0.994
432.5     0.994
432.75     0.994
433.0     0.994
433.25     0.994
433.5     0.994
433.75     0.994
434.0     0.994
434.25     0.994
434.5     0.994
434.75     0.994
435.0     0.994
435.25     0.994
435.5     0.994
435.75     0.994
436.0     0.994
436.25     0.994
436.5     0.994
436.75     0.994
437.0     0.994
437.25     0.994
437.5     0.994
437.75     0.994
438.0     0.994
438.25     0.994
438.5     0.994
438.75     0.994
439.0     0.994
439.25     0.994
439.5     0.994
439.75     0.994
440.0     0.994
440.25     0.994
440.5     0.994
440.75     0.994
441.0     0.994
441.25     0.994
441.5     0.994
441.75     0.994
442.0     0.996
442.25     0.996
442.5     0.996
442.75     0.996
443.0     0.996
443.25     0.996
443.5     0.996
443.75     0.996
444.0     0.996
444.25     0.996
444.5     0.996
444.75     0.996
445.0     0.996
445.25     0.996
445.5     0.996
445.75     0.996
446.0     0.996
446.25     0.996
446.5     0.996
446.75     0.996
447.0     0.996
447.25     0.996
447.5     0.996
447.75     0.996
448.0     0.996
448.25     0.996
448.5     0.996
448.75     0.994
449.0     0.994
449.25     0.994
449.5     0.992
449.75     0.992
450.0     0.992
450.25     0.992
450.5     0.992
450.75     0.992
451.0     0.992
451.25     0.992
451.5     0.992
451.75     0.992
452.0     0.992
452.25     0.992
452.5     0.992
452.75     0.992
453.0     0.992
453.25     0.992
453.5     0.992
453.75     0.992
454.0     0.992
454.25     0.992
454.5     0.992
454.75     0.992
455.0     0.992
455.25     0.992
455.5     0.992
455.75     0.992
456.0     0.992
456.25     0.992
456.5     0.992
456.75     0.992
457.0     0.992
457.25     0.992
457.5     0.992
457.75     0.992
458.0     0.992
458.25     0.992
458.5     0.992
458.75     0.992
459.0     0.992
459.25     0.992
459.5     0.992
459.75     0.992
460.0     0.992
460.25     0.992
460.5     0.992
460.75     0.992
461.0     0.992
461.25     0.992
461.5     0.992
461.75     0.992
462.0     0.992
462.25     0.992
462.5     0.992
462.75     0.992
463.0     0.992
463.25     0.992
463.5     0.992
463.75     0.992
464.0     0.992
464.25     0.992
464.5     0.992
464.75     0.992
465.0     0.992
465.25     0.992
465.5     0.992
465.75     0.992
466.0     0.992
466.25     0.992
466.5     0.992
466.75     0.992
467.0     0.992
467.25     0.992
467.5     0.992
467.75     0.992
468.0     0.992
468.25     0.992
468.5     0.992
468.75     0.992
469.0     0.992
469.25     0.992
469.5     0.992
469.75     0.992
470.0     0.99
470.25     0.99
470.5     0.99
470.75     0.99
471.0     0.99
471.25     0.992
471.5     0.992
471.75     0.992
472.0     0.992
472.25     0.992
472.5     0.992
472.75     0.992
473.0     0.992
473.25     0.992
473.5     0.992
473.75     0.992
474.0     0.992
474.25     0.992
474.5     0.992
474.75     0.992
475.0     0.992
475.25     0.992
475.5     0.992
475.75     0.992
476.0     0.992
476.25     0.992
476.5     0.992
476.75     0.992
477.0     0.992
477.25     0.992
477.5     0.992
477.75     0.992
478.0     0.992
478.25     0.992
478.5     0.992
478.75     0.992
479.0     0.992
479.25     0.992
479.5     0.992
479.75     0.992
480.0     0.992
480.25     0.992
480.5     0.992
480.75     0.992
481.0     0.992
481.25     0.994
481.5     0.994
481.75     0.994
482.0     0.994
482.25     0.994
482.5     0.994
482.75     0.994
483.0     0.994
483.25     0.994
483.5     0.994
483.75     0.994
484.0     0.994
484.25     0.994
484.5     0.994
484.75     0.994
485.0     0.994
485.25     0.994
485.5     0.994
485.75     0.994
486.0     0.994
486.25     0.994
486.5     0.994
486.75     0.994
487.0     0.994
487.25     0.994
487.5     0.994
487.75     0.994
488.0     0.994
488.25     0.994
488.5     0.994
488.75     0.994
489.0     0.994
489.25     0.994
489.5     0.992
489.75     0.992
490.0     0.992
490.25     0.992
490.5     0.992
490.75     0.992
491.0     0.992
491.25     0.992
491.5     0.992
491.75     0.992
492.0     0.992
492.25     0.992
492.5     0.992
492.75     0.992
493.0     0.992
493.25     0.992
493.5     0.992
493.75     0.992
494.0     0.992
494.25     0.992
494.5     0.992
494.75     0.992
495.0     0.992
495.25     0.992
495.5     0.992
495.75     0.992
496.0     0.992
496.25     0.992
496.5     0.992
496.75     0.992
497.0     0.992
497.25     0.992
497.5     0.992
497.75     0.992
498.0     0.992
498.25     0.992
498.5     0.992
498.75     0.992
499.0     0.992
499.25     0.992
499.5     0.992
499.75     0.992
500.0     0.992
500.25     0.992
500.5     0.992
500.75     0.992
501.0     0.992
501.25     0.992
501.5     0.992
501.75     0.992
502.0     0.992
502.25     0.992
502.5     0.992
502.75     0.992
503.0     0.992
503.25     0.992
503.5     0.992
503.75     0.992
504.0     0.992
504.25     0.992
504.5     0.992
504.75     0.994
505.0     0.994
505.25     0.994
505.5     0.994
505.75     0.994
506.0     0.994
506.25     0.994
506.5     0.994
506.75     0.994
507.0     0.994
507.25     0.994
507.5     0.994
507.75     0.994
508.0     0.994
508.25     0.994
508.5     0.994
508.75     0.994
509.0     0.994
509.25     0.994
509.5     0.994
509.75     0.994
510.0     0.994
510.25     0.994
510.5     0.994
510.75     0.994
511.0     0.994
511.25     0.994
511.5     0.994
511.75     0.994
512.0     0.994
512.25     0.994
512.5     0.994
512.75     0.994
513.0     0.994
513.25     0.994
513.5     0.994
513.75     0.994
514.0     0.994
514.25     0.994
514.5     0.994
514.75     0.994
515.0     0.994
515.25     0.994
515.5     0.994
515.75     0.994
516.0     0.994
516.25     0.994
516.5     0.994
516.75     0.994
517.0     0.994
517.25     0.994
517.5     0.994
517.75     0.994
518.0     0.994
518.25     0.994
518.5     0.994
518.75     0.994
519.0     0.994
519.25     0.994
519.5     0.994
519.75     0.994
520.0     0.994
520.25     0.994
520.5     0.994
520.75     0.994
521.0     0.994
521.25     0.994
521.5     0.994
521.75     0.994
522.0     0.994
522.25     0.994
522.5     0.994
522.75     0.994
523.0     0.994
523.25     0.994
523.5     0.994
523.75     0.994
524.0     0.994
524.25     0.994
524.5     0.994
524.75     0.994
525.0     0.994
525.25     0.994
525.5     0.994
525.75     0.994
526.0     0.994
526.25     0.994
526.5     0.994
526.75     0.994
527.0     0.994
527.25     0.994
527.5     0.994
527.75     0.994
528.0     0.994
528.25     0.994
528.5     0.994
528.75     0.994
529.0     0.994
529.25     0.994
529.5     0.994
529.75     0.994
530.0     0.994
530.25     0.994
530.5     0.994
530.75     0.994
531.0     0.994
531.25     0.994
531.5     0.994
531.75     0.994
532.0     0.994
532.25     0.994
532.5     0.994
532.75     0.994
533.0     0.994
533.25     0.994
533.5     0.994
533.75     0.994
534.0     0.994
534.25     0.994
534.5     0.994
534.75     0.994
535.0     0.994
535.25     0.994
535.5     0.994
535.75     0.994
536.0     0.994
536.25     0.994
536.5     0.994
536.75     0.994
537.0     0.994
537.25     0.994
537.5     0.994
537.75     0.994
538.0     0.994
538.25     0.994
538.5     0.994
538.75     0.994
539.0     0.994
539.25     0.994
539.5     0.994
539.75     0.994
540.0     0.994
540.25     0.994
540.5     0.994
540.75     0.994
541.0     0.994
541.25     0.994
541.5     0.994
541.75     0.994
542.0     0.994
542.25     0.994
542.5     0.994
542.75     0.994
543.0     0.994
543.25     0.994
543.5     0.994
543.75     0.994
544.0     0.994
544.25     0.994
544.5     0.994
544.75     0.994
545.0     0.994
545.25     0.994
545.5     0.994
545.75     0.994
546.0     0.994
546.25     0.994
546.5     0.994
546.75     0.994
547.0     0.994
547.25     0.994
547.5     0.994
547.75     0.994
548.0     0.994
548.25     0.994
548.5     0.994
548.75     0.994
549.0     0.994
549.25     0.994
549.5     0.994
549.75     0.994
550.0     0.994
550.25     0.994
550.5     0.994
550.75     0.994
551.0     0.996
551.25     0.996
551.5     0.996
551.75     0.996
552.0     0.996
552.25     0.996
552.5     0.996
552.75     0.996
553.0     0.996
553.25     0.996
553.5     0.996
553.75     0.996
554.0     0.996
554.25     0.996
554.5     0.996
554.75     0.996
555.0     0.996
555.25     0.996
555.5     0.996
555.75     0.996
556.0     0.996
556.25     0.996
556.5     0.996
556.75     0.996
557.0     0.996
557.25     0.996
557.5     0.996
557.75     0.996
558.0     0.996
558.25     0.996
558.5     0.996
558.75     0.996
559.0     0.996
559.25     0.996
559.5     0.996
559.75     0.996
560.0     0.996
560.25     0.996
560.5     0.996
560.75     0.996
561.0     0.996
561.25     0.996
561.5     0.996
561.75     0.996
562.0     0.996
562.25     0.996
562.5     0.996
562.75     0.996
563.0     0.996
563.25     0.996
563.5     0.996
563.75     0.996
564.0     0.996
564.25     0.996
564.5     0.996
564.75     0.996
565.0     0.996
565.25     0.996
565.5     0.996
565.75     0.996
566.0     0.996
566.25     0.996
566.5     0.996
566.75     0.996
567.0     0.996
567.25     0.996
567.5     0.996
567.75     0.996
568.0     0.996
568.25     0.996
568.5     0.996
568.75     0.996
569.0     0.996
569.25     0.996
569.5     0.996
569.75     0.996
570.0     0.996
570.25     0.996
570.5     0.996
570.75     0.996
571.0     0.996
571.25     0.996
571.5     0.996
571.75     0.996
572.0     0.996
572.25     0.996
572.5     0.996
572.75     0.996
573.0     0.996
573.25     0.996
573.5     0.996
573.75     0.996
574.0     0.996
574.25     0.996
574.5     0.996
574.75     0.996
575.0     0.996
575.25     0.996
575.5     0.996
575.75     0.996
576.0     0.996
576.25     0.996
576.5     0.996
576.75     0.996
577.0     0.996
577.25     0.996
577.5     0.996
577.75     0.996
578.0     0.996
578.25     0.996
578.5     0.996
578.75     0.996
579.0     0.996
579.25     0.996
579.5     0.996
579.75     0.996
580.0     0.996
580.25     0.996
580.5     0.996
580.75     0.996
581.0     0.996
581.25     0.996
581.5     0.996
581.75     0.996
582.0     0.996
582.25     0.996
582.5     0.996
582.75     0.996
583.0     0.996
583.25     0.996
583.5     0.996
583.75     0.996
584.0     0.996
584.25     0.996
584.5     0.996
584.75     0.996
585.0     0.996
585.25     0.996
585.5     0.996
585.75     0.996
586.0     0.996
586.25     0.996
586.5     0.996
586.75     0.996
587.0     0.996
587.25     0.996
587.5     0.996
587.75     0.996
588.0     0.996
588.25     0.996
588.5     0.996
588.75     0.996
589.0     0.996
589.25     0.996
589.5     0.996
589.75     0.996
590.0     0.996
590.25     0.996
590.5     0.996
590.75     0.996
591.0     0.996
591.25     0.996
591.5     0.996
591.75     0.996
592.0     0.996
592.25     0.996
592.5     0.996
592.75     0.996
593.0     0.996
593.25     0.996
593.5     0.996
593.75     0.996
594.0     0.996
594.25     0.996
594.5     0.996
594.75     0.996
595.0     0.996
595.25     0.996
595.5     0.996
595.75     0.996
596.0     0.996
596.25     0.996
596.5     0.996
596.75     0.996
597.0     0.996
597.25     0.996
597.5     0.996
597.75     0.996
598.0     0.996
598.25     0.996
598.5     0.996
598.75     0.996
599.0     0.996
599.25     0.996
599.5     0.996
599.75     0.996
600.0     0.996
600.25     0.996
600.5     0.996
600.75     0.996
601.0     0.996
601.25     0.996
601.5     0.996
601.75     0.996
602.0     0.996
602.25     0.996
602.5     0.996
602.75     0.996
603.0     0.996
603.25     0.996
603.5     0.996
603.75     0.996
604.0     0.996
604.25     0.996
604.5     0.996
604.75     0.996
605.0     0.996
605.25     0.996
605.5     0.996
605.75     0.996
606.0     0.996
606.25     0.996
606.5     0.996
606.75     0.996
607.0     0.996
607.25     0.996
607.5     0.996
607.75     0.996
608.0     0.996
608.25     0.996
608.5     0.996
608.75     0.996
609.0     0.996
609.25     0.996
609.5     0.996
609.75     0.996
610.0     0.996
610.25     0.996
610.5     0.996
610.75     0.996
611.0     0.996
611.25     0.996
611.5     0.996
611.75     0.996
612.0     0.996
612.25     0.996
612.5     0.996
612.75     0.996
613.0     0.996
613.25     0.996
613.5     0.996
613.75     0.996
614.0     0.996
614.25     0.996
614.5     0.996
614.75     0.996
615.0     0.996
615.25     0.996
615.5     0.996
615.75     0.996
616.0     0.996
616.25     0.996
616.5     0.996
616.75     0.996
617.0     0.996
617.25     0.996
617.5     0.996
617.75     0.996
618.0     0.996
618.25     0.996
618.5     0.996
618.75     0.996
619.0     0.996
619.25     0.996
619.5     0.996
619.75     0.996
620.0     0.996
620.25     0.996
620.5     0.996
620.75     0.996
621.0     0.996
621.25     0.996
621.5     0.996
621.75     0.996
622.0     0.994
622.25     0.994
622.5     0.994
622.75     0.994
623.0     0.994
623.25     0.994
623.5     0.994
623.75     0.994
624.0     0.994
624.25     0.994
624.5     0.994
624.75     0.994
625.0     0.994
625.25     0.994
625.5     0.994
625.75     0.994
626.0     0.994
626.25     0.994
626.5     0.994
626.75     0.994
627.0     0.994
627.25     0.994
627.5     0.994
627.75     0.994
628.0     0.994
628.25     0.994
628.5     0.994
628.75     0.994
629.0     0.994
629.25     0.994
629.5     0.994
629.75     0.994
630.0     0.994
630.25     0.994
630.5     0.994
630.75     0.994
631.0     0.994
631.25     0.994
631.5     0.994
631.75     0.994
632.0     0.994
632.25     0.994
632.5     0.994
632.75     0.994
633.0     0.994
633.25     0.994
633.5     0.994
633.75     0.994
634.0     0.994
634.25     0.994
634.5     0.994
634.75     0.994
635.0     0.994
635.25     0.994
635.5     0.994
635.75     0.994
636.0     0.994
636.25     0.994
636.5     0.994
636.75     0.994
637.0     0.994
637.25     0.994
637.5     0.994
637.75     0.994
638.0     0.994
638.25     0.994
638.5     0.994
638.75     0.994
639.0     0.996
639.25     0.996
639.5     0.996
639.75     0.996
640.0     0.996
640.25     0.996
640.5     0.996
640.75     0.996
641.0     0.996
641.25     0.996
641.5     0.996
641.75     0.996
642.0     0.996
642.25     0.996
642.5     0.996
642.75     0.996
643.0     0.996
643.25     0.996
643.5     0.996
643.75     0.996
644.0     0.996
644.25     0.996
644.5     0.996
644.75     0.996
645.0     0.996
645.25     0.996
645.5     0.996
645.75     0.996
646.0     0.996
646.25     0.996
646.5     0.996
646.75     0.996
647.0     0.996
647.25     0.996
647.5     0.996
647.75     0.996
648.0     0.996
648.25     0.996
648.5     0.996
648.75     0.996
649.0     0.996
649.25     0.996
649.5     0.996
649.75     0.996
650.0     0.996
650.25     0.996
650.5     0.996
650.75     0.996
651.0     0.996
651.25     0.996
651.5     0.996
651.75     0.996
652.0     0.996
652.25     0.996
652.5     0.996
652.75     0.996
653.0     0.996
653.25     0.996
653.5     0.996
653.75     0.996
654.0     0.996
654.25     0.996
654.5     0.996
654.75     0.996
655.0     0.996
655.25     0.996
655.5     0.996
655.75     0.996
656.0     0.996
656.25     0.996
656.5     0.996
656.75     0.996
657.0     0.996
657.25     0.996
657.5     0.996
657.75     0.996
658.0     0.996
658.25     0.996
658.5     0.996
658.75     0.996
659.0     0.996
659.25     0.996
659.5     0.996
659.75     0.996
660.0     0.996
660.25     0.996
660.5     0.996
660.75     0.996
661.0     0.996
661.25     0.996
661.5     0.996
661.75     0.996
662.0     0.996
662.25     0.996
662.5     0.996
662.75     0.996
663.0     0.996
663.25     0.996
663.5     0.996
663.75     0.996
664.0     0.996
664.25     0.996
664.5     0.996
664.75     0.996
665.0     0.996
665.25     0.996
665.5     0.996
665.75     0.996
666.0     0.996
666.25     0.996
666.5     0.996
666.75     0.996
667.0     0.996
667.25     0.996
667.5     0.996
667.75     0.996
668.0     0.996
668.25     0.996
668.5     0.996
668.75     0.996
669.0     0.996
669.25     0.996
669.5     0.996
669.75     0.996
670.0     0.996
670.25     0.996
670.5     0.996
670.75     0.996
671.0     0.996
671.25     0.996
671.5     0.996
671.75     0.996
672.0     0.996
672.25     0.996
672.5     0.996
672.75     0.996
673.0     0.996
673.25     0.996
673.5     0.996
673.75     0.996
674.0     0.996
674.25     0.996
674.5     0.996
674.75     0.996
675.0     0.996
675.25     0.996
675.5     0.996
675.75     0.996
676.0     0.996
676.25     0.996
676.5     0.996
676.75     0.996
677.0     0.996
677.25     0.996
677.5     0.996
677.75     0.996
678.0     0.996
678.25     0.996
678.5     0.996
678.75     0.996
679.0     0.996
679.25     0.996
679.5     0.996
679.75     0.996
680.0     0.996
680.25     0.996
680.5     0.996
680.75     0.996
681.0     0.996
681.25     0.996
681.5     0.996
681.75     0.996
682.0     0.996
682.25     0.996
682.5     0.996
682.75     0.996
683.0     0.996
683.25     0.996
683.5     0.996
683.75     0.996
684.0     0.996
684.25     0.996
684.5     0.996
684.75     0.996
685.0     0.996
685.25     0.996
685.5     0.996
685.75     0.996
686.0     0.996
686.25     0.996
686.5     0.996
686.75     0.996
687.0     0.996
687.25     0.996
687.5     0.996
687.75     0.996
688.0     0.996
688.25     0.996
688.5     0.996
688.75     0.996
689.0     0.996
689.25     0.996
689.5     0.996
689.75     0.996
690.0     0.996
690.25     0.996
690.5     0.996
690.75     0.996
691.0     0.996
691.25     0.996
691.5     0.996
691.75     0.996
692.0     0.996
692.25     0.996
692.5     0.996
692.75     0.996
693.0     0.996
693.25     0.996
693.5     0.996
693.75     0.996
694.0     0.996
694.25     0.996
694.5     0.996
694.75     0.996
695.0     0.996
695.25     0.996
695.5     0.996
695.75     0.996
696.0     0.996
696.25     0.996
696.5     0.996
696.75     0.996
697.0     0.996
697.25     0.996
697.5     0.996
697.75     0.996
698.0     0.996
698.25     0.996
698.5     0.996
698.75     0.996
699.0     0.996
699.25     0.996
699.5     0.996
699.75     0.996
700.0     0.996
700.25     0.996
700.5     0.996
700.75     0.996
701.0     0.996
701.25     0.996
701.5     0.996
701.75     0.996
702.0     0.996
702.25     0.996
702.5     0.996
702.75     0.996
703.0     0.996
703.25     0.996
703.5     0.996
703.75     0.996
704.0     0.996
704.25     0.996
704.5     0.996
704.75     0.996
705.0     0.996
705.25     0.996
705.5     0.996
705.75     0.996
706.0     0.996
706.25     0.996
706.5     0.996
706.75     0.996
707.0     0.996
707.25     0.996
707.5     0.996
707.75     0.996
708.0     0.996
708.25     0.996
708.5     0.996
708.75     0.996
709.0     0.996
709.25     0.996
709.5     0.996
709.75     0.996
710.0     0.996
710.25     0.996
710.5     0.996
710.75     0.996
711.0     0.996
711.25     0.996
711.5     0.996
711.75     0.996
712.0     0.996
712.25     0.996
712.5     0.996
712.75     0.996
713.0     0.996
713.25     0.996
713.5     0.996
713.75     0.996
714.0     0.996
714.25     0.996
714.5     0.996
714.75     0.996
715.0     0.996
715.25     0.996
715.5     0.996
715.75     0.996
716.0     0.996
716.25     0.996
716.5     0.996
716.75     0.996
717.0     0.996
717.25     0.996
717.5     0.996
717.75     0.996
718.0     0.996
718.25     0.996
718.5     0.996
718.75     0.996
719.0     0.996
719.25     0.996
719.5     0.996
719.75     0.996
720.0     0.996
720.25     0.996
720.5     0.996
720.75     0.996
721.0     0.996
721.25     0.996
721.5     0.996
721.75     0.996
722.0     0.996
722.25     0.996
722.5     0.996
722.75     0.996
723.0     0.996
723.25     0.996
723.5     0.996
723.75     0.996
724.0     0.996
724.25     0.994
724.5     0.994
724.75     0.994
725.0     0.994
725.25     0.994
725.5     0.994
725.75     0.994
726.0     0.994
726.25     0.994
726.5     0.994
726.75     0.994
727.0     0.994
727.25     0.994
727.5     0.994
727.75     0.994
728.0     0.994
728.25     0.994
728.5     0.994
728.75     0.994
729.0     0.994
729.25     0.994
729.5     0.994
729.75     0.994
730.0     0.994
730.25     0.994
730.5     0.994
730.75     0.994
731.0     0.994
731.25     0.994
731.5     0.994
731.75     0.994
732.0     0.994
732.25     0.994
732.5     0.994
732.75     0.994
733.0     0.994
733.25     0.994
733.5     0.994
733.75     0.994
734.0     0.994
734.25     0.994
734.5     0.994
734.75     0.994
735.0     0.994
735.25     0.994
735.5     0.994
735.75     0.994
736.0     0.994
736.25     0.994
736.5     0.994
736.75     0.994
737.0     0.994
737.25     0.994
737.5     0.994
737.75     0.994
738.0     0.994
738.25     0.994
738.5     0.994
738.75     0.994
739.0     0.994
739.25     0.994
739.5     0.994
739.75     0.994
740.0     0.994
740.25     0.994
740.5     0.994
740.75     0.994
741.0     0.994
741.25     0.994
741.5     0.994
741.75     0.994
742.0     0.994
742.25     0.994
742.5     0.994
742.75     0.994
743.0     0.994
743.25     0.994
743.5     0.994
743.75     0.994
744.0     0.994
744.25     0.994
744.5     0.994
744.75     0.994
745.0     0.994
745.25     0.994
745.5     0.994
745.75     0.994
746.0     0.994
746.25     0.994
746.5     0.992
746.75     0.992
747.0     0.992
747.25     0.992
747.5     0.992
747.75     0.992
748.0     0.992
748.25     0.992
748.5     0.992
748.75     0.994
749.0     0.994
749.25     0.994
749.5     0.994
749.75     0.994
750.0     0.994
750.25     0.994
750.5     0.994
750.75     0.994
751.0     0.994
751.25     0.994
751.5     0.994
751.75     0.994
752.0     0.994
752.25     0.994
752.5     0.994
752.75     0.994
753.0     0.994
753.25     0.994
753.5     0.994
753.75     0.994
754.0     0.994
754.25     0.994
754.5     0.994
754.75     0.994
755.0     0.994
755.25     0.994
755.5     0.994
755.75     0.994
756.0     0.994
756.25     0.994
756.5     0.994
756.75     0.994
757.0     0.994
757.25     0.994
757.5     0.994
757.75     0.994
758.0     0.994
758.25     0.994
758.5     0.994
758.75     0.994
759.0     0.994
759.25     0.994
759.5     0.994
759.75     0.994
760.0     0.994
760.25     0.994
760.5     0.994
760.75     0.994
761.0     0.994
761.25     0.994
761.5     0.994
761.75     0.994
762.0     0.994
762.25     0.994
762.5     0.994
762.75     0.994
763.0     0.994
763.25     0.994
763.5     0.994
763.75     0.994
764.0     0.994
764.25     0.994
764.5     0.994
764.75     0.994
765.0     0.994
765.25     0.994
765.5     0.994
765.75     0.994
766.0     0.994
766.25     0.994
766.5     0.994
766.75     0.994
767.0     0.994
767.25     0.994
767.5     0.994
767.75     0.994
768.0     0.994
768.25     0.994
768.5     0.994
768.75     0.994
769.0     0.994
769.25     0.994
769.5     0.994
769.75     0.994
770.0     0.994
770.25     0.996
770.5     0.996
770.75     0.996
771.0     0.996
771.25     0.996
771.5     0.996
771.75     0.996
772.0     0.996
772.25     0.996
772.5     0.996
772.75     0.996
773.0     0.996
773.25     0.996
773.5     0.996
773.75     0.996
774.0     0.996
774.25     0.996
774.5     0.996
774.75     0.994
775.0     0.994
775.25     0.994
775.5     0.994
775.75     0.994
776.0     0.994
776.25     0.994
776.5     0.994
776.75     0.994
777.0     0.994
777.25     0.994
777.5     0.994
777.75     0.994
778.0     0.994
778.25     0.994
778.5     0.994
778.75     0.994
779.0     0.994
779.25     0.994
779.5     0.994
779.75     0.994
780.0     0.994
780.25     0.994
780.5     0.994
780.75     0.994
781.0     0.994
781.25     0.994
781.5     0.994
781.75     0.994
782.0     0.994
782.25     0.994
782.5     0.994
782.75     0.994
783.0     0.994
783.25     0.994
783.5     0.994
783.75     0.994
784.0     0.994
784.25     0.994
784.5     0.994
784.75     0.994
785.0     0.994
785.25     0.994
785.5     0.994
785.75     0.994
786.0     0.994
786.25     0.994
786.5     0.994
786.75     0.994
787.0     0.994
787.25     0.994
787.5     0.994
787.75     0.994
788.0     0.994
788.25     0.994
788.5     0.994
788.75     0.994
789.0     0.994
789.25     0.994
789.5     0.994
789.75     0.994
790.0     0.994
790.25     0.994
790.5     0.994
790.75     0.994
791.0     0.994
791.25     0.994
791.5     0.994
791.75     0.994
792.0     0.994
792.25     0.994
792.5     0.994
792.75     0.994
793.0     0.994
793.25     0.994
793.5     0.994
793.75     0.994
794.0     0.994
794.25     0.994
794.5     0.994
794.75     0.994
795.0     0.994
795.25     0.994
795.5     0.994
795.75     0.994
796.0     0.994
796.25     0.994
796.5     0.994
796.75     0.994
797.0     0.994
797.25     0.994
797.5     0.994
797.75     0.994
798.0     0.994
798.25     0.994
798.5     0.994
798.75     0.994
799.0     0.994
799.25     0.994
799.5     0.996
799.75     0.996
800.0     0.996
800.25     0.996
800.5     0.996
800.75     0.996
801.0     0.996
801.25     0.996
801.5     0.996
801.75     0.996
802.0     0.996
802.25     0.996
802.5     0.996
802.75     0.996
803.0     0.996
803.25     0.996
803.5     0.996
803.75     0.996
804.0     0.996
804.25     0.996
804.5     0.996
804.75     0.996
805.0     0.996
805.25     0.996
805.5     0.996
805.75     0.996
806.0     0.996
806.25     0.996
806.5     0.996
806.75     0.996
807.0     0.996
807.25     0.996
807.5     0.996
807.75     0.996
808.0     0.996
808.25     0.996
808.5     0.996
808.75     0.996
809.0     0.996
809.25     0.996
809.5     0.996
809.75     0.996
810.0     0.996
810.25     0.996
810.5     0.996
810.75     0.996
811.0     0.996
811.25     0.996
811.5     0.996
811.75     0.996
812.0     0.996
812.25     0.996
812.5     0.996
812.75     0.996
813.0     0.996
813.25     0.996
813.5     0.996
813.75     0.996
814.0     0.996
814.25     0.996
814.5     0.996
814.75     0.996
815.0     0.996
815.25     0.996
815.5     0.996
815.75     0.996
816.0     0.996
816.25     0.996
816.5     0.996
816.75     0.996
817.0     0.996
817.25     0.996
817.5     0.996
817.75     0.996
818.0     0.996
818.25     0.996
818.5     0.996
818.75     0.996
819.0     0.996
819.25     0.996
819.5     0.996
819.75     0.996
820.0     0.996
820.25     0.994
820.5     0.994
820.75     0.994
821.0     0.994
821.25     0.994
821.5     0.994
821.75     0.994
822.0     0.994
822.25     0.994
822.5     0.994
822.75     0.994
823.0     0.994
823.25     0.994
823.5     0.994
823.75     0.994
824.0     0.994
824.25     0.994
824.5     0.994
824.75     0.994
825.0     0.994
825.25     0.994
825.5     0.994
825.75     0.994
826.0     0.994
826.25     0.994
826.5     0.994
826.75     0.994
827.0     0.994
827.25     0.994
827.5     0.994
827.75     0.994
828.0     0.994
828.25     0.994
828.5     0.994
828.75     0.994
829.0     0.994
829.25     0.994
829.5     0.994
829.75     0.994
830.0     0.994
830.25     0.994
830.5     0.994
830.75     0.994
831.0     0.994
831.25     0.994
831.5     0.994
831.75     0.994
832.0     0.994
832.25     0.994
832.5     0.994
832.75     0.994
833.0     0.994
833.25     0.994
833.5     0.994
833.75     0.994
834.0     0.994
834.25     0.994
834.5     0.994
834.75     0.994
835.0     0.994
835.25     0.994
835.5     0.994
835.75     0.994
836.0     0.994
836.25     0.994
836.5     0.994
836.75     0.994
837.0     0.994
837.25     0.994
837.5     0.994
837.75     0.994
838.0     0.994
838.25     0.994
838.5     0.994
838.75     0.994
839.0     0.994
839.25     0.994
839.5     0.994
839.75     0.994
840.0     0.994
840.25     0.994
840.5     0.994
840.75     0.994
841.0     0.994
841.25     0.994
841.5     0.994
841.75     0.994
842.0     0.994
842.25     0.994
842.5     0.994
842.75     0.994
843.0     0.994
843.25     0.994
843.5     0.994
843.75     0.994
844.0     0.994
844.25     0.994
844.5     0.994
844.75     0.994
845.0     0.994
845.25     0.994
845.5     0.994
845.75     0.994
846.0     0.994
846.25     0.994
846.5     0.994
846.75     0.994
847.0     0.994
847.25     0.994
847.5     0.994
847.75     0.994
848.0     0.994
848.25     0.994
848.5     0.994
848.75     0.994
849.0     0.994
849.25     0.994
849.5     0.994
849.75     0.994
850.0     0.994
850.25     0.994
850.5     0.994
850.75     0.994
851.0     0.994
851.25     0.994
851.5     0.994
851.75     0.994
852.0     0.994
852.25     0.994
852.5     0.994
852.75     0.994
853.0     0.994
853.25     0.994
853.5     0.994
853.75     0.994
854.0     0.994
854.25     0.994
854.5     0.994
854.75     0.994
855.0     0.994
855.25     0.994
855.5     0.994
855.75     0.994
856.0     0.994
856.25     0.994
856.5     0.994
856.75     0.994
857.0     0.994
857.25     0.994
857.5     0.994
857.75     0.994
858.0     0.994
858.25     0.994
858.5     0.994
858.75     0.994
859.0     0.994
859.25     0.994
859.5     0.994
859.75     0.994
860.0     0.994
860.25     0.994
860.5     0.994
860.75     0.994
861.0     0.994
861.25     0.994
861.5     0.994
861.75     0.994
862.0     0.994
862.25     0.994
862.5     0.994
862.75     0.994
863.0     0.994
863.25     0.994
863.5     0.994
863.75     0.994
864.0     0.994
864.25     0.994
864.5     0.994
864.75     0.994
865.0     0.994
865.25     0.994
865.5     0.994
865.75     0.994
866.0     0.994
866.25     0.994
866.5     0.994
866.75     0.994
867.0     0.994
867.25     0.996
867.5     0.996
867.75     0.996
868.0     0.996
868.25     0.996
868.5     0.996
868.75     0.996
869.0     0.996
869.25     0.996
869.5     0.996
869.75     0.996
870.0     0.996
870.25     0.996
870.5     0.996
870.75     0.996
871.0     0.996
871.25     0.996
871.5     0.996
871.75     0.996
872.0     0.996
872.25     0.996
872.5     0.996
872.75     0.996
873.0     0.996
873.25     0.996
873.5     0.996
873.75     0.996
874.0     0.996
874.25     0.996
874.5     0.996
874.75     0.996
875.0     0.996
875.25     0.996
875.5     0.996
875.75     0.996
876.0     0.996
876.25     0.996
876.5     0.996
876.75     0.996
877.0     0.996
877.25     0.996
877.5     0.996
877.75     0.996
878.0     0.996
878.25     0.996
878.5     0.996
878.75     0.996
879.0     0.996
879.25     0.996
879.5     0.996
879.75     0.996
880.0     0.996
880.25     0.996
880.5     0.996
880.75     0.996
881.0     0.996
881.25     0.996
881.5     0.996
881.75     0.996
882.0     0.996
882.25     0.996
882.5     0.996
882.75     0.996
883.0     0.996
883.25     0.996
883.5     0.996
883.75     0.996
884.0     0.996
884.25     0.996
884.5     0.996
884.75     0.996
885.0     0.996
885.25     0.996
885.5     0.996
885.75     0.996
886.0     0.996
886.25     0.996
886.5     0.996
886.75     0.996
887.0     0.996
887.25     0.996
887.5     0.996
887.75     0.996
888.0     0.996
888.25     0.996
888.5     0.996
888.75     0.996
889.0     0.996
889.25     0.996
889.5     0.996
889.75     0.996
890.0     0.996
890.25     0.996
890.5     0.996
890.75     0.996
891.0     0.996
891.25     0.996
891.5     0.996
891.75     0.996
892.0     0.996
892.25     0.996
892.5     0.996
892.75     0.996
893.0     0.996
893.25     0.996
893.5     0.996
893.75     0.998
894.0     0.998
894.25     0.998
894.5     0.998
894.75     0.998
895.0     0.998
895.25     0.998
895.5     0.998
895.75     0.998
896.0     0.998
896.25     0.998
896.5     0.998
896.75     0.998
897.0     0.998
897.25     0.998
897.5     0.998
897.75     0.998
898.0     0.998
898.25     0.998
898.5     0.998
898.75     0.998
899.0     0.998
899.25     0.998
899.5     0.998
899.75     0.998
900.0     0.998
900.25     0.998
900.5     0.998
900.75     0.998
901.0     0.998
901.25     0.998
901.5     0.998
901.75     0.998
902.0     0.998
902.25     0.998
902.5     0.998
902.75     0.998
903.0     0.998
903.25     0.998
903.5     0.998
903.75     0.998
904.0     0.998
904.25     0.998
904.5     0.996
904.75     0.996
905.0     0.996
905.25     0.996
905.5     0.996
905.75     0.996
906.0     0.996
906.25     0.996
906.5     0.996
906.75     0.996
907.0     0.996
907.25     0.996
907.5     0.996
907.75     0.996
908.0     0.996
908.25     0.996
908.5     0.996
908.75     0.996
909.0     0.996
909.25     0.996
909.5     0.996
909.75     0.996
910.0     0.996
910.25     0.996
910.5     0.996
910.75     0.996
911.0     0.996
911.25     0.996
911.5     0.996
911.75     0.996
912.0     0.996
912.25     0.996
912.5     0.996
912.75     0.996
913.0     0.996
913.25     0.996
913.5     0.996
913.75     0.996
914.0     0.996
914.25     0.996
914.5     0.996
914.75     0.996
915.0     0.996
915.25     0.996
915.5     0.996
915.75     0.996
916.0     0.996
916.25     0.996
916.5     0.996
916.75     0.996
917.0     0.996
917.25     0.996
917.5     0.996
917.75     0.996
918.0     0.996
918.25     0.996
918.5     0.996
918.75     0.996
919.0     0.996
919.25     0.996
919.5     0.996
919.75     0.996
920.0     0.996
920.25     0.996
920.5     0.996
920.75     0.996
921.0     0.996
921.25     0.996
921.5     0.996
921.75     0.996
922.0     0.996
922.25     0.996
922.5     0.996
922.75     0.996
923.0     0.996
923.25     0.996
923.5     0.996
923.75     0.996
924.0     0.996
924.25     0.996
924.5     0.996
924.75     0.996
925.0     0.994
925.25     0.994
925.5     0.994
925.75     0.994
926.0     0.994
926.25     0.994
926.5     0.994
926.75     0.994
927.0     0.994
927.25     0.994
927.5     0.994
927.75     0.994
928.0     0.994
928.25     0.994
928.5     0.994
928.75     0.994
929.0     0.994
929.25     0.994
929.5     0.994
929.75     0.994
930.0     0.994
930.25     0.994
930.5     0.994
930.75     0.994
931.0     0.994
931.25     0.994
931.5     0.994
931.75     0.994
932.0     0.994
932.25     0.994
932.5     0.994
932.75     0.994
933.0     0.994
933.25     0.994
933.5     0.994
933.75     0.994
934.0     0.994
934.25     0.994
934.5     0.994
934.75     0.996
935.0     0.996
935.25     0.996
935.5     0.996
935.75     0.996
936.0     0.996
936.25     0.996
936.5     0.996
936.75     0.996
937.0     0.996
937.25     0.996
937.5     0.996
937.75     0.996
938.0     0.996
938.25     0.996
938.5     0.996
938.75     0.996
939.0     0.996
939.25     0.996
939.5     0.996
939.75     0.996
940.0     0.996
940.25     0.996
940.5     0.996
940.75     0.996
941.0     0.994
941.25     0.994
941.5     0.996
941.75     0.996
942.0     0.994
942.25     0.994
942.5     0.994
942.75     0.994
943.0     0.994
943.25     0.994
943.5     0.994
943.75     0.994
944.0     0.994
944.25     0.994
944.5     0.994
944.75     0.994
945.0     0.994
945.25     0.994
945.5     0.994
945.75     0.994
946.0     0.996
946.25     0.996
946.5     0.996
946.75     0.996
947.0     0.996
947.25     0.996
947.5     0.996
947.75     0.996
948.0     0.996
948.25     0.996
948.5     0.996
948.75     0.996
949.0     0.996
949.25     0.996
949.5     0.996
949.75     0.996
950.0     0.996
950.25     0.996
950.5     0.996
950.75     0.996
951.0     0.996
951.25     0.996
951.5     0.996
951.75     0.996
952.0     0.996
952.25     0.996
952.5     0.996
952.75     0.996
953.0     0.996
953.25     0.996
953.5     0.996
953.75     0.996
954.0     0.996
954.25     0.996
954.5     0.996
954.75     0.996
955.0     0.996
955.25     0.996
955.5     0.996
955.75     0.996
956.0     0.996
956.25     0.994
956.5     0.994
956.75     0.994
957.0     0.994
957.25     0.994
957.5     0.994
957.75     0.994
958.0     0.994
958.25     0.994
958.5     0.994
958.75     0.994
959.0     0.994
959.25     0.994
959.5     0.994
959.75     0.994
960.0     0.994
960.25     0.994
960.5     0.994
960.75     0.994
961.0     0.994
961.25     0.994
961.5     0.994
961.75     0.994
962.0     0.994
962.25     0.994
962.5     0.994
962.75     0.994
963.0     0.994
963.25     0.994
963.5     0.994
963.75     0.994
964.0     0.996
964.25     0.996
964.5     0.994
964.75     0.994
965.0     0.994
965.25     0.994
965.5     0.994
965.75     0.994
966.0     0.994
966.25     0.994
966.5     0.994
966.75     0.994
967.0     0.994
967.25     0.994
967.5     0.994
967.75     0.994
968.0     0.994
968.25     0.994
968.5     0.994
968.75     0.994
969.0     0.994
969.25     0.994
969.5     0.994
969.75     0.994
970.0     0.994
970.25     0.994
970.5     0.994
970.75     0.994
971.0     0.994
971.25     0.996
971.5     0.996
971.75     0.996
972.0     0.996
972.25     0.996
972.5     0.996
972.75     0.996
973.0     0.996
973.25     0.996
973.5     0.996
973.75     0.996
974.0     0.996
974.25     0.996
974.5     0.996
974.75     0.996
975.0     0.996
975.25     0.996
975.5     0.996
975.75     0.996
976.0     0.996
976.25     0.996
976.5     0.996
976.75     0.996
977.0     0.996
977.25     0.994
977.5     0.994
977.75     0.994
978.0     0.994
978.25     0.994
978.5     0.994
978.75     0.994
979.0     0.994
979.25     0.994
979.5     0.994
979.75     0.994
980.0     0.994
980.25     0.994
980.5     0.994
980.75     0.994
981.0     0.994
981.25     0.994
981.5     0.994
981.75     0.994
982.0     0.994
982.25     0.994
982.5     0.994
982.75     0.994
983.0     0.996
983.25     0.996
983.5     0.996
983.75     0.996
984.0     0.996
984.25     0.996
984.5     0.996
984.75     0.998
985.0     0.998
985.25     0.998
985.5     0.998
985.75     0.998
986.0     0.998
986.25     0.998
986.5     0.998
986.75     0.998
987.0     0.998
987.25     0.998
987.5     0.998
987.75     0.998
988.0     0.998
988.25     0.998
988.5     0.998
988.75     0.998
989.0     0.998
989.25     0.998
989.5     0.996
989.75     0.996
990.0     0.996
990.25     0.994
990.5     0.994
990.75     0.994
991.0     0.994
991.25     0.994
991.5     0.994
991.75     0.994
992.0     0.994
992.25     0.996
992.5     0.996
992.75     0.996
993.0     0.994
993.25     0.994
993.5     0.994
993.75     0.994
994.0     0.994
994.25     0.994
994.5     0.994
994.75     0.994
995.0     0.994
995.25     0.994
995.5     0.994
995.75     0.994
996.0     0.994
996.25     0.994
996.5     0.994
996.75     0.994
997.0     0.994
997.25     0.994
997.5     0.994
997.75     0.996
998.0     0.996
998.25     0.996
998.5     0.996
998.75     0.996
999.0     0.996
999.25     0.996
999.5     0.996
999.75     0.996
1000.0     0.996
