0.25     1.0
0.5     1.0
0.75     1.0
1.0     1.0
1.25     1.0
1.5     1.0
1.75     1.0
2.0     1.0
2.25     1.0
2.5     1.0
2.75     1.0
3.0     1.0
3.25     1.0
3.5     1.0
3.75     1.0
4.0     1.0
4.25     1.0
4.5     1.0
4.75     1.0
5.0     1.0
5.25     1.0
5.5     1.0
5.75     1.0
6.0     1.0
6.25     1.0
6.5     1.0
6.75     1.0
7.0     1.0
7.25     0.998
7.5     0.998
7.75     0.998
8.0     0.998
8.25     0.998
8.5     0.998
8.75     0.998
9.0     0.998
9.25     0.998
9.5     0.998
9.75     0.998
10.0     0.998
10.25     0.998
10.5     0.998
10.75     0.998
11.0     0.998
11.25     0.998
11.5     0.998
11.75     0.998
12.0     0.998
12.25     0.998
12.5     0.998
12.75     0.998
13.0     0.998
13.25     0.998
13.5     0.998
13.75     0.998
14.0     0.998
14.25     0.998
14.5     0.998
14.75     0.998
15.0     0.998
15.25     0.998
15.5     0.998
15.75     1.0
16.0     1.0
16.25     1.002
16.5     1.002
16.75     1.002
17.0     1.002
17.25     1.002
17.5     1.002
17.75     1.002
18.0     1.0
18.25     1.0
18.5     1.0
18.75     1.0
19.0     1.0
19.25     0.998
19.5     0.998
19.75     0.996
20.0     0.992
20.25     0.99
20.5     0.99
20.75     0.988
21.0     0.988
21.25     0.988
21.5     0.984
21.75     0.982
22.0     0.976
22.25     0.97
22.5     0.97
22.75     0.976
23.0     0.98
23.25     0.976
23.5     0.978
23.75     0.97
24.0     0.962
24.25     0.958
24.5     0.954
24.75     0.954
25.0     0.946
25.25     0.952
25.5     0.942
25.75     0.938
26.0     0.934
26.25     0.924
26.5     0.922
26.75     0.912
27.0     0.91
27.25     0.91
27.5     0.902
27.75     0.898
28.0     0.896
28.25     0.89
28.5     0.878
28.75     0.872
29.0     0.866
29.25     0.864
29.5     0.858
29.75     0.852
30.0     0.852
30.25     0.852
30.5     0.844
30.75     0.842
31.0     0.836
31.25     0.84
31.5     0.84
31.75     0.844
32.0     0.842
32.25     0.832
32.5     0.83
32.75     0.828
33.0     0.83
33.25     0.822
33.5     0.82
33.75     0.82
34.0     0.81
34.25     0.81
34.5     0.814
34.75     0.812
35.0     0.802
35.25     0.8
35.5     0.798
35.75     0.796
36.0     0.788
36.25     0.784
36.5     0.782
36.75     0.776
37.0     0.768
37.25     0.768
37.5     0.762
37.75     0.762
38.0     0.758
38.25     0.76
38.5     0.754
38.75     0.752
39.0     0.75
39.25     0.75
39.5     0.746
39.75     0.74
40.0     0.74
40.25     0.734
40.5     0.732
40.75     0.73
41.0     0.726
41.25     0.72
41.5     0.714
41.75     0.708
42.0     0.702
42.25     0.7
42.5     0.7
42.75     0.702
43.0     0.69
43.25     0.682
43.5     0.678
43.75     0.676
44.0     0.674
44.25     0.672
44.5     0.672
44.75     0.67
45.0     0.666
45.25     0.66
45.5     0.658
45.75     0.658
46.0     0.662
46.25     0.658
46.5     0.658
46.75     0.656
47.0     0.654
47.25     0.656
47.5     0.65
47.75     0.65
48.0     0.642
48.25     0.638
48.5     0.634
48.75     0.628
49.0     0.628
49.25     0.628
49.5     0.626
49.75     0.622
50.0     0.62
50.25     0.618
50.5     0.616
50.75     0.614
51.0     0.61
51.25     0.61
51.5     0.606
51.75     0.604
52.0     0.596
52.25     0.594
52.5     0.594
52.75     0.594
53.0     0.586
53.25     0.586
53.5     0.584
53.75     0.58
54.0     0.576
54.25     0.574
54.5     0.574
54.75     0.568
55.0     0.568
55.25     0.566
55.5     0.56
55.75     0.556
56.0     0.556
56.25     0.552
56.5     0.546
56.75     0.546
57.0     0.544
57.25     0.54
57.5     0.542
57.75     0.54
58.0     0.542
58.25     0.54
58.5     0.54
58.75     0.536
59.0     0.536
59.25     0.534
59.5     0.532
59.75     0.53
60.0     0.526
60.25     0.524
60.5     0.524
60.75     0.522
61.0     0.524
61.25     0.522
61.5     0.522
61.75     0.518
62.0     0.514
62.25     0.51
62.5     0.506
62.75     0.504
63.0     0.504
63.25     0.504
63.5     0.502
63.75     0.498
64.0     0.494
64.25     0.496
64.5     0.492
64.75     0.492
65.0     0.488
65.25     0.488
65.5     0.488
65.75     0.488
66.0     0.488
66.25     0.486
66.5     0.486
66.75     0.48
67.0     0.48
67.25     0.478
67.5     0.476
67.75     0.474
68.0     0.476
68.25     0.474
68.5     0.474
68.75     0.474
69.0     0.472
69.25     0.472
69.5     0.468
69.75     0.466
70.0     0.462
70.25     0.462
70.5     0.464
70.75     0.458
71.0     0.456
71.25     0.454
71.5     0.45
71.75     0.446
72.0     0.448
72.25     0.448
72.5     0.45
72.75     0.448
73.0     0.45
73.25     0.448
73.5     0.448
73.75     0.446
74.0     0.448
74.25     0.446
74.5     0.444
74.75     0.438
75.0     0.434
75.25     0.434
75.5     0.434
75.75     0.434
76.0     0.434
76.25     0.434
76.5     0.432
76.75     0.428
77.0     0.428
77.25     0.426
77.5     0.424
77.75     0.422
78.0     0.42
78.25     0.42
78.5     0.418
78.75     0.414
79.0     0.412
79.25     0.41
79.5     0.41
79.75     0.41
80.0     0.41
80.25     0.412
80.5     0.41
80.75     0.406
81.0     0.406
81.25     0.406
81.5     0.404
81.75     0.402
82.0     0.402
82.25     0.4
82.5     0.4
82.75     0.4
83.0     0.398
83.25     0.396
83.5     0.394
83.75     0.394
84.0     0.394
84.25     0.392
84.5     0.39
84.75     0.39
85.0     0.39
85.25     0.388
85.5     0.386
85.75     0.384
86.0     0.384
86.25     0.38
86.5     0.378
86.75     0.378
87.0     0.376
87.25     0.372
87.5     0.37
87.75     0.368
88.0     0.366
88.25     0.366
88.5     0.364
88.75     0.364
89.0     0.362
89.25     0.362
89.5     0.36
89.75     0.356
90.0     0.356
90.25     0.352
90.5     0.35
90.75     0.35
91.0     0.35
91.25     0.348
91.5     0.348
91.75     0.35
92.0     0.348
92.25     0.344
92.5     0.342
92.75     0.34
93.0     0.338
93.25     0.338
93.5     0.334
93.75     0.332
94.0     0.332
94.25     0.332
94.5     0.33
94.75     0.33
95.0     0.33
95.25     0.326
95.5     0.326
95.75     0.326
96.0     0.326
96.25     0.324
96.5     0.324
96.75     0.322
97.0     0.322
97.25     0.32
97.5     0.32
97.75     0.318
98.0     0.316
98.25     0.316
98.5     0.31
98.75     0.308
99.0     0.304
99.25     0.304
99.5     0.304
99.75     0.304
100.0     0.3
100.25     0.3
100.5     0.298
100.75     0.298
101.0     0.298
101.25     0.296
101.5     0.296
101.75     0.29
102.0     0.288
102.25     0.288
102.5     0.286
102.75     0.288
103.0     0.286
103.25     0.286
103.5     0.286
103.75     0.284
104.0     0.284
104.25     0.284
104.5     0.284
104.75     0.284
105.0     0.284
105.25     0.284
105.5     0.282
105.75     0.282
106.0     0.284
106.25     0.284
106.5     0.284
106.75     0.284
107.0     0.284
107.25     0.284
107.5     0.284
107.75     0.284
108.0     0.284
108.25     0.282
108.5     0.282
108.75     0.282
109.0     0.282
109.25     0.282
109.5     0.282
109.75     0.282
110.0     0.28
110.25     0.28
110.5     0.28
110.75     0.276
111.0     0.276
111.25     0.276
111.5     0.276
111.75     0.276
112.0     0.276
112.25     0.276
112.5     0.276
112.75     0.276
113.0     0.276
113.25     0.274
113.5     0.274
113.75     0.274
114.0     0.274
114.25     0.274
114.5     0.274
114.75     0.272
115.0     0.272
115.25     0.27
115.5     0.268
115.75     0.268
116.0     0.268
116.25     0.268
116.5     0.268
116.75     0.268
117.0     0.268
117.25     0.264
117.5     0.264
117.75     0.264
118.0     0.264
118.25     0.262
118.5     0.262
118.75     0.264
119.0     0.264
119.25     0.264
119.5     0.264
119.75     0.264
120.0     0.264
120.25     0.262
120.5     0.26
120.75     0.256
121.0     0.256
121.25     0.254
121.5     0.254
121.75     0.254
122.0     0.252
122.25     0.25
122.5     0.25
122.75     0.248
123.0     0.248
123.25     0.25
123.5     0.25
123.75     0.25
124.0     0.248
124.25     0.246
124.5     0.246
124.75     0.242
125.0     0.242
125.25     0.242
125.5     0.242
125.75     0.24
126.0     0.238
126.25     0.238
126.5     0.24
126.75     0.24
127.0     0.24
127.25     0.238
127.5     0.238
127.75     0.234
128.0     0.234
128.25     0.234
128.5     0.234
128.75     0.234
129.0     0.23
129.25     0.23
129.5     0.228
129.75     0.228
130.0     0.226
130.25     0.226
130.5     0.226
130.75     0.226
131.0     0.224
131.25     0.226
131.5     0.222
131.75     0.22
132.0     0.22
132.25     0.218
132.5     0.218
132.75     0.216
133.0     0.214
133.25     0.212
133.5     0.21
133.75     0.21
134.0     0.21
134.25     0.21
134.5     0.21
134.75     0.208
135.0     0.208
135.25     0.208
135.5     0.206
135.75     0.206
136.0     0.206
136.25     0.204
136.5     0.204
136.75     0.204
137.0     0.204
137.25     0.2
137.5     0.2
137.75     0.198
138.0     0.196
138.25     0.19
138.5     0.19
138.75     0.19
139.0     0.19
139.25     0.188
139.5     0.188
139.75     0.188
140.0     0.186
140.25     0.186
140.5     0.186
140.75     0.188
141.0     0.186
141.25     0.188
141.5     0.188
141.75     0.18
142.0     0.18
142.25     0.18
142.5     0.178
142.75     0.176
143.0     0.174
143.25     0.174
143.5     0.172
143.75     0.172
144.0     0.172
144.25     0.172
144.5     0.17
144.75     0.166
145.0     0.166
145.25     0.166
145.5     0.166
145.75     0.168
146.0     0.168
146.25     0.168
146.5     0.168
146.75     0.168
147.0     0.164
147.25     0.164
147.5     0.16
147.75     0.16
148.0     0.16
148.25     0.156
148.5     0.156
148.75     0.156
149.0     0.154
149.25     0.156
149.5     0.156
149.75     0.152
150.0     0.152
150.25     0.152
150.5     0.15
150.75     0.15
151.0     0.15
151.25     0.148
151.5     0.148
151.75     0.148
152.0     0.144
152.25     0.142
152.5     0.14
152.75     0.14
153.0     0.14
153.25     0.14
153.5     0.14
153.75     0.14
154.0     0.14
154.25     0.14
154.5     0.14
154.75     0.14
155.0     0.14
155.25     0.14
155.5     0.138
155.75     0.138
156.0     0.136
156.25     0.136
156.5     0.136
156.75     0.136
157.0     0.134
157.25     0.134
157.5     0.134
157.75     0.132
158.0     0.132
158.25     0.132
158.5     0.132
158.75     0.132
159.0     0.132
159.25     0.132
159.5     0.132
159.75     0.128
160.0     0.128
160.25     0.128
160.5     0.128
160.75     0.128
161.0     0.128
161.25     0.128
161.5     0.128
161.75     0.128
162.0     0.128
162.25     0.126
162.5     0.126
162.75     0.126
163.0     0.128
163.25     0.128
163.5     0.128
163.75     0.128
164.0     0.128
164.25     0.128
164.5     0.128
164.75     0.126
165.0     0.126
165.25     0.124
165.5     0.124
165.75     0.124
166.0     0.122
166.25     0.122
166.5     0.122
166.75     0.122
167.0     0.116
167.25     0.114
167.5     0.114
167.75     0.112
168.0     0.112
168.25     0.11
168.5     0.11
168.75     0.11
169.0     0.108
169.25     0.108
169.5     0.104
169.75     0.104
170.0     0.104
170.25     0.104
170.5     0.104
170.75     0.104
171.0     0.104
171.25     0.104
171.5     0.102
171.75     0.102
172.0     0.1
172.25     0.1
172.5     0.1
172.75     0.1
173.0     0.1
173.25     0.1
173.5     0.098
173.75     0.098
174.0     0.096
174.25     0.096
174.5     0.096
174.75     0.096
175.0     0.094
175.25     0.094
175.5     0.094
175.75     0.094
176.0     0.088
176.25     0.088
176.5     0.09
176.75     0.09
177.0     0.09
177.25     0.09
177.5     0.09
177.75     0.09
178.0     0.09
178.25     0.088
178.5     0.084
178.75     0.082
179.0     0.08
179.25     0.08
179.5     0.082
179.75     0.084
180.0     0.084
180.25     0.082
180.5     0.082
180.75     0.082
181.0     0.082
181.25     0.082
181.5     0.082
181.75     0.082
182.0     0.08
182.25     0.08
182.5     0.078
182.75     0.078
183.0     0.078
183.25     0.078
183.5     0.076
183.75     0.076
184.0     0.074
184.25     0.074
184.5     0.076
184.75     0.076
185.0     0.078
185.25     0.076
185.5     0.074
185.75     0.074
186.0     0.072
186.25     0.072
186.5     0.07
186.75     0.07
187.0     0.07
187.25     0.07
187.5     0.07
187.75     0.068
188.0     0.068
188.25     0.068
188.5     0.066
188.75     0.066
189.0     0.064
189.25     0.064
189.5     0.062
189.75     0.062
190.0     0.062
190.25     0.06
190.5     0.06
190.75     0.062
191.0     0.062
191.25     0.062
191.5     0.062
191.75     0.06
192.0     0.06
192.25     0.056
192.5     0.056
192.75     0.056
193.0     0.056
193.25     0.056
193.5     0.056
193.75     0.056
194.0     0.056
194.25     0.058
194.5     0.056
194.75     0.056
195.0     0.056
195.25     0.052
195.5     0.05
195.75     0.05
196.0     0.05
196.25     0.05
196.5     0.05
196.75     0.05
197.0     0.05
197.25     0.05
197.5     0.05
197.75     0.05
198.0     0.05
198.25     0.05
198.5     0.05
198.75     0.05
199.0     0.05
199.25     0.05
199.5     0.05
199.75     0.05
200.0     0.05
200.25     0.05
200.5     0.052
200.75     0.052
201.0     0.052
201.25     0.05
201.5     0.05
201.75     0.05
202.0     0.048
202.25     0.048
202.5     0.05
202.75     0.048
203.0     0.048
203.25     0.046
203.5     0.046
203.75     0.046
204.0     0.046
204.25     0.046
204.5     0.046
204.75     0.046
205.0     0.046
205.25     0.046
205.5     0.048
205.75     0.048
206.0     0.044
206.25     0.044
206.5     0.044
206.75     0.044
207.0     0.044
207.25     0.044
207.5     0.044
207.75     0.044
208.0     0.044
208.25     0.044
208.5     0.04
208.75     0.04
209.0     0.04
209.25     0.04
209.5     0.04
209.75     0.04
210.0     0.04
210.25     0.04
210.5     0.04
210.75     0.04
211.0     0.038
211.25     0.038
211.5     0.038
211.75     0.038
212.0     0.038
212.25     0.038
212.5     0.038
212.75     0.036
213.0     0.036
213.25     0.036
213.5     0.036
213.75     0.036
214.0     0.036
214.25     0.036
214.5     0.036
214.75     0.036
215.0     0.036
215.25     0.036
215.5     0.036
215.75     0.036
216.0     0.036
216.25     0.036
216.5     0.036
216.75     0.036
217.0     0.036
217.25     0.036
217.5     0.036
217.75     0.036
218.0     0.036
218.25     0.036
218.5     0.036
218.75     0.036
219.0     0.036
219.25     0.036
219.5     0.036
219.75     0.036
220.0     0.036
220.25     0.036
220.5     0.036
220.75     0.036
221.0     0.034
221.25     0.034
221.5     0.034
221.75     0.034
222.0     0.034
222.25     0.034
222.5     0.034
222.75     0.034
223.0     0.034
223.25     0.034
223.5     0.034
223.75     0.034
224.0     0.034
224.25     0.034
224.5     0.034
224.75     0.034
225.0     0.034
225.25     0.032
225.5     0.032
225.75     0.034
226.0     0.034
226.25     0.034
226.5     0.034
226.75     0.034
227.0     0.034
227.25     0.034
227.5     0.034
227.75     0.034
228.0     0.034
228.25     0.034
228.5     0.034
228.75     0.034
229.0     0.034
229.25     0.034
229.5     0.034
229.75     0.034
230.0     0.032
230.25     0.032
230.5     0.032
230.75     0.03
231.0     0.03
231.25     0.03
231.5     0.03
231.75     0.03
232.0     0.032
232.25     0.032
232.5     0.032
232.75     0.034
233.0     0.034
233.25     0.034
233.5     0.034
233.75     0.032
234.0     0.032
234.25     0.032
234.5     0.032
234.75     0.032
235.0     0.03
235.25     0.03
235.5     0.03
235.75     0.03
236.0     0.03
236.25     0.03
236.5     0.03
236.75     0.03
237.0     0.03
237.25     0.03
237.5     0.03
237.75     0.03
238.0     0.03
238.25     0.03
238.5     0.03
238.75     0.03
239.0     0.03
239.25     0.03
239.5     0.03
239.75     0.03
240.0     0.028
240.25     0.028
240.5     0.028
240.75     0.024
241.0     0.024
241.25     0.024
241.5     0.024
241.75     0.024
242.0     0.024
242.25     0.024
242.5     0.024
242.75     0.024
243.0     0.024
243.25     0.024
243.5     0.024
243.75     0.024
244.0     0.024
244.25     0.024
244.5     0.024
244.75     0.024
245.0     0.024
245.25     0.024
245.5     0.024
245.75     0.024
246.0     0.024
246.25     0.024
246.5     0.024
246.75     0.024
247.0     0.024
247.25     0.024
247.5     0.024
247.75     0.024
248.0     0.024
248.25     0.024
248.5     0.024
248.75     0.024
249.0     0.024
249.25     0.024
249.5     0.024
249.75     0.024
250.0     0.024
250.25     0.024
250.5     0.024
250.75     0.024
251.0     0.024
251.25     0.024
251.5     0.024
251.75     0.024
252.0     0.024
252.25     0.024
252.5     0.024
252.75     0.024
253.0     0.024
253.25     0.024
253.5     0.024
253.75     0.022
254.0     0.022
254.25     0.022
254.5     0.022
254.75     0.022
255.0     0.026
255.25     0.026
255.5     0.026
255.75     0.026
256.0     0.026
256.25     0.026
256.5     0.026
256.75     0.026
257.0     0.024
257.25     0.024
257.5     0.024
257.75     0.024
258.0     0.024
258.25     0.024
258.5     0.024
258.75     0.024
259.0     0.024
259.25     0.024
259.5     0.024
259.75     0.022
260.0     0.022
260.25     0.022
260.5     0.022
260.75     0.022
261.0     0.022
261.25     0.022
261.5     0.022
261.75     0.022
262.0     0.022
262.25     0.022
262.5     0.022
262.75     0.022
263.0     0.022
263.25     0.022
263.5     0.022
263.75     0.022
264.0     0.022
264.25     0.022
264.5     0.022
264.75     0.02
265.0     0.02
265.25     0.02
265.5     0.02
265.75     0.02
266.0     0.02
266.25     0.02
266.5     0.02
266.75     0.02
267.0     0.02
267.25     0.02
267.5     0.02
267.75     0.02
268.0     0.02
268.25     0.02
268.5     0.02
268.75     0.02
269.0     0.02
269.25     0.02
269.5     0.02
269.75     0.02
270.0     0.02
270.25     0.02
270.5     0.02
270.75     0.02
271.0     0.02
271.25     0.02
271.5     0.02
271.75     0.02
272.0     0.02
272.25     0.02
272.5     0.02
272.75     0.02
273.0     0.02
273.25     0.02
273.5     0.02
273.75     0.02
274.0     0.02
274.25     0.02
274.5     0.02
274.75     0.02
275.0     0.022
275.25     0.022
275.5     0.022
275.75     0.022
276.0     0.022
276.25     0.022
276.5     0.022
276.75     0.022
277.0     0.022
277.25     0.022
277.5     0.024
277.75     0.024
278.0     0.024
278.25     0.024
278.5     0.024
278.75     0.024
279.0     0.024
279.25     0.024
279.5     0.024
279.75     0.024
280.0     0.024
280.25     0.024
280.5     0.024
280.75     0.024
281.0     0.024
281.25     0.024
281.5     0.024
281.75     0.024
282.0     0.024
282.25     0.024
282.5     0.024
282.75     0.024
283.0     0.024
283.25     0.024
283.5     0.024
283.75     0.024
284.0     0.024
284.25     0.024
284.5     0.024
284.75     0.024
285.0     0.024
285.25     0.024
285.5     0.024
285.75     0.024
286.0     0.024
286.25     0.024
286.5     0.024
286.75     0.024
287.0     0.024
287.25     0.024
287.5     0.024
287.75     0.024
288.0     0.024
288.25     0.024
288.5     0.024
288.75     0.024
289.0     0.024
289.25     0.024
289.5     0.024
289.75     0.024
290.0     0.024
290.25     0.024
290.5     0.024
290.75     0.024
291.0     0.024
291.25     0.024
291.5     0.024
291.75     0.024
292.0     0.024
292.25     0.024
292.5     0.024
292.75     0.024
293.0     0.024
293.25     0.024
293.5     0.024
293.75     0.024
294.0     0.024
294.25     0.024
294.5     0.024
294.75     0.024
295.0     0.024
295.25     0.024
295.5     0.024
295.75     0.024
296.0     0.024
296.25     0.024
296.5     0.022
296.75     0.022
297.0     0.022
297.25     0.022
297.5     0.022
297.75     0.02
298.0     0.02
298.25     0.02
298.5     0.02
298.75     0.02
299.0     0.02
299.25     0.02
299.5     0.02
299.75     0.02
300.0     0.02
300.25     0.02
300.5     0.02
300.75     0.02
301.0     0.02
301.25     0.018
301.5     0.018
301.75     0.018
302.0     0.018
302.25     0.018
302.5     0.018
302.75     0.018
303.0     0.018
303.25     0.018
303.5     0.016
303.75     0.016
304.0     0.016
304.25     0.016
304.5     0.016
304.75     0.016
305.0     0.016
305.25     0.016
305.5     0.016
305.75     0.016
306.0     0.016
306.25     0.016
306.5     0.016
306.75     0.016
307.0     0.016
307.25     0.016
307.5     0.014
307.75     0.014
308.0     0.014
308.25     0.014
308.5     0.014
308.75     0.014
309.0     0.012
309.25     0.012
309.5     0.012
309.75     0.012
310.0     0.012
310.25     0.012
310.5     0.012
310.75     0.012
311.0     0.012
311.25     0.012
311.5     0.012
311.75     0.012
312.0     0.012
312.25     0.012
312.5     0.012
312.75     0.012
313.0     0.012
313.25     0.012
313.5     0.012
313.75     0.012
314.0     0.012
314.25     0.012
314.5     0.012
314.75     0.012
315.0     0.012
315.25     0.012
315.5     0.012
315.75     0.012
316.0     0.012
316.25     0.012
316.5     0.012
316.75     0.012
317.0     0.012
317.25     0.012
317.5     0.012
317.75     0.012
318.0     0.012
318.25     0.012
318.5     0.012
318.75     0.012
319.0     0.012
319.25     0.012
319.5     0.012
319.75     0.012
320.0     0.012
320.25     0.012
320.5     0.012
320.75     0.012
321.0     0.012
321.25     0.012
321.5     0.012
321.75     0.012
322.0     0.012
322.25     0.012
322.5     0.012
322.75     0.012
323.0     0.012
323.25     0.012
323.5     0.012
323.75     0.012
324.0     0.012
324.25     0.01
324.5     0.01
324.75     0.01
325.0     0.01
325.25     0.01
325.5     0.01
325.75     0.01
326.0     0.01
326.25     0.01
326.5     0.01
326.75     0.01
327.0     0.01
327.25     0.012
327.5     0.012
327.75     0.012
328.0     0.012
328.25     0.012
328.5     0.012
328.75     0.012
329.0     0.012
329.25     0.012
329.5     0.012
329.75     0.012
330.0     0.012
330.25     0.012
330.5     0.012
330.75     0.012
331.0     0.012
331.25     0.012
331.5     0.012
331.75     0.012
332.0     0.012
332.25     0.012
332.5     0.012
332.75     0.012
333.0     0.012
333.25     0.012
333.5     0.012
333.75     0.012
334.0     0.012
334.25     0.012
334.5     0.012
334.75     0.012
335.0     0.012
335.25     0.012
335.5     0.012
335.75     0.012
336.0     0.012
336.25     0.012
336.5     0.012
336.75     0.012
337.0     0.012
337.25     0.012
337.5     0.012
337.75     0.012
338.0     0.012
338.25     0.012
338.5     0.012
338.75     0.012
339.0     0.012
339.25     0.012
339.5     0.012
339.75     0.012
340.0     0.01
340.25     0.01
340.5     0.01
340.75     0.01
341.0     0.01
341.25     0.01
341.5     0.01
341.75     0.01
342.0     0.01
342.25     0.01
342.5     0.01
342.75     0.01
343.0     0.01
343.25     0.01
343.5     0.01
343.75     0.01
344.0     0.01
344.25     0.01
344.5     0.01
344.75     0.01
345.0     0.01
345.25     0.01
345.5     0.01
345.75     0.01
346.0     0.01
346.25     0.01
346.5     0.008
346.75     0.008
347.0     0.008
347.25     0.01
347.5     0.01
347.75     0.01
348.0     0.01
348.25     0.01
348.5     0.01
348.75     0.01
349.0     0.01
349.25     0.01
349.5     0.01
349.75     0.01
350.0     0.01
350.25     0.01
350.5     0.01
350.75     0.01
351.0     0.01
351.25     0.01
351.5     0.01
351.75     0.012
352.0     0.012
352.25     0.012
352.5     0.012
352.75     0.012
353.0     0.012
353.25     0.012
353.5     0.01
353.75     0.01
354.0     0.01
354.25     0.01
354.5     0.01
354.75     0.01
355.0     0.01
355.25     0.01
355.5     0.01
355.75     0.008
356.0     0.008
356.25     0.008
356.5     0.008
356.75     0.008
357.0     0.008
357.25     0.008
357.5     0.008
357.75     0.008
358.0     0.008
358.25     0.008
358.5     0.008
358.75     0.008
359.0     0.008
359.25     0.008
359.5     0.008
359.75     0.008
360.0     0.008
360.25     0.008
360.5     0.008
360.75     0.008
361.0     0.008
361.25     0.008
361.5     0.008
361.75     0.008
362.0     0.008
362.25     0.008
362.5     0.008
362.75     0.008
363.0     0.008
363.25     0.008
363.5     0.008
363.75     0.008
364.0     0.008
364.25     0.008
364.5     0.008
364.75     0.008
365.0     0.008
365.25     0.008
365.5     0.008
365.75     0.008
366.0     0.008
366.25     0.008
366.5     0.008
366.75     0.008
367.0     0.008
367.25     0.008
367.5     0.008
367.75     0.008
368.0     0.008
368.25     0.008
368.5     0.008
368.75     0.006
369.0     0.006
369.25     0.006
369.5     0.006
369.75     0.006
370.0     0.006
370.25     0.006
370.5     0.006
370.75     0.006
371.0     0.006
371.25     0.006
371.5     0.006
371.75     0.006
372.0     0.006
372.25     0.006
372.5     0.006
372.75     0.006
373.0     0.006
373.25     0.006
373.5     0.006
373.75     0.006
374.0     0.006
374.25     0.006
374.5     0.006
374.75     0.006
375.0     0.006
375.25     0.006
375.5     0.006
375.75     0.006
376.0     0.006
376.25     0.006
376.5     0.006
376.75     0.006
377.0     0.006
377.25     0.006
377.5     0.006
377.75     0.006
378.0     0.006
378.25     0.006
378.5     0.006
378.75     0.006
379.0     0.006
379.25     0.006
379.5     0.006
379.75     0.006
380.0     0.006
380.25     0.006
380.5     0.006
380.75     0.006
381.0     0.006
381.25     0.006
381.5     0.006
381.75     0.006
382.0     0.006
382.25     0.006
382.5     0.006
382.75     0.006
383.0     0.006
383.25     0.006
383.5     0.006
383.75     0.006
384.0     0.006
384.25     0.006
384.5     0.006
384.75     0.006
385.0     0.006
385.25     0.006
385.5     0.006
385.75     0.006
386.0     0.006
386.25     0.006
386.5     0.006
386.75     0.006
387.0     0.006
387.25     0.006
387.5     0.006
387.75     0.006
388.0     0.006
388.25     0.006
388.5     0.006
388.75     0.006
389.0     0.006
389.25     0.006
389.5     0.006
389.75     0.006
390.0     0.006
390.25     0.006
390.5     0.006
390.75     0.006
391.0     0.006
391.25     0.006
391.5     0.006
391.75     0.006
392.0     0.006
392.25     0.006
392.5     0.008
392.75     0.008
393.0     0.008
393.25     0.008
393.5     0.008
393.75     0.008
394.0     0.008
394.25     0.008
394.5     0.008
394.75     0.008
395.0     0.008
395.25     0.008
395.5     0.008
395.75     0.008
396.0     0.008
396.25     0.008
396.5     0.008
396.75     0.008
397.0     0.008
397.25     0.008
397.5     0.008
397.75     0.008
398.0     0.008
398.25     0.008
398.5     0.008
398.75     0.008
399.0     0.008
399.25     0.008
399.5     0.008
399.75     0.008
400.0     0.008
400.25     0.008
400.5     0.008
400.75     0.008
401.0     0.008
401.25     0.008
401.5     0.008
401.75     0.008
402.0     0.008
402.25     0.008
402.5     0.008
402.75     0.008
403.0     0.008
403.25     0.008
403.5     0.008
403.75     0.008
404.0     0.008
404.25     0.008
404.5     0.008
404.75     0.008
405.0     0.006
405.25     0.006
405.5     0.006
405.75     0.006
406.0     0.006
406.25     0.006
406.5     0.006
406.75     0.006
407.0     0.006
407.25     0.006
407.5     0.006
407.75     0.006
408.0     0.006
408.25     0.006
408.5     0.006
408.75     0.006
409.0     0.006
409.25     0.006
409.5     0.006
409.75     0.006
410.0     0.006
410.25     0.006
410.5     0.006
410.75     0.006
411.0     0.006
411.25     0.006
411.5     0.006
411.75     0.006
412.0     0.006
412.25     0.006
412.5     0.006
412.75     0.006
413.0     0.006
413.25     0.006
413.5     0.006
413.75     0.006
414.0     0.006
414.25     0.006
414.5     0.006
414.75     0.006
415.0     0.006
415.25     0.006
415.5     0.006
415.75     0.006
416.0     0.006
416.25     0.006
416.5     0.006
416.75     0.006
417.0     0.008
417.25     0.008
417.5     0.006
417.75     0.006
418.0     0.008
418.25     0.008
418.5     0.008
418.75     0.006
419.0     0.006
419.25     0.006
419.5     0.006
419.75     0.006
420.0     0.006
420.25     0.006
420.5     0.006
420.75     0.006
421.0     0.006
421.25     0.006
421.5     0.006
421.75     0.006
422.0     0.006
422.25     0.006
422.5     0.006
422.75     0.006
423.0     0.006
423.25     0.006
423.5     0.006
423.75     0.006
424.0     0.006
424.25     0.006
424.5     0.006
424.75     0.006
425.0     0.006
425.25     0.006
425.5     0.006
425.75     0.006
426.0     0.006
426.25     0.006
426.5     0.006
426.75     0.006
427.0     0.006
427.25     0.006
427.5     0.006
427.75     0.006
428.0     0.006
428.25     0.006
428.5     0.006
428.75     0.006
429.0     0.006
429.25     0.006
429.5     0.006
429.75     0.006
430.0     0.006
430.25     0.006
430.5     0.006
430.75     0.006
431.0     0.006
431.25     0.006
431.5     0.006
431.75     0.006
432.0     0.006
432.25     0.006
432.5     0.006
432.75     0.006
433.0     0.006
433.25     0.006
433.5     0.006
433.75     0.006
434.0     0.006
434.25     0.006
434.5     0.006
434.75     0.006
435.0     0.006
435.25     0.006
435.5     0.006
435.75     0.006
436.0     0.006
436.25     0.006
436.5     0.006
436.75     0.006
437.0     0.006
437.25     0.006
437.5     0.006
437.75     0.006
438.0     0.006
438.25     0.006
438.5     0.006
438.75     0.006
439.0     0.006
439.25     0.006
439.5     0.006
439.75     0.006
440.0     0.006
440.25     0.006
440.5     0.006
440.75     0.006
441.0     0.006
441.25     0.006
441.5     0.006
441.75     0.006
442.0     0.004
442.25     0.004
442.5     0.004
442.75     0.004
443.0     0.004
443.25     0.004
443.5     0.004
443.75     0.004
444.0     0.004
444.25     0.004
444.5     0.004
444.75     0.004
445.0     0.004
445.25     0.004
445.5     0.004
445.75     0.004
446.0     0.004
446.25     0.004
446.5     0.004
446.75     0.004
447.0     0.004
447.25     0.004
447.5     0.004
447.75     0.004
448.0     0.004
448.25     0.004
448.5     0.004
448.75     0.006
449.0     0.006
449.25     0.006
449.5     0.008
449.75     0.008
450.0     0.008
450.25     0.008
450.5     0.008
450.75     0.008
451.0     0.008
451.25     0.008
451.5     0.008
451.75     0.008
452.0     0.008
452.25     0.008
452.5     0.008
452.75     0.008
453.0     0.008
453.25     0.008
453.5     0.008
453.75     0.008
454.0     0.008
454.25     0.008
454.5     0.008
454.75     0.008
455.0     0.008
455.25     0.008
455.5     0.008
455.75     0.008
456.0     0.008
456.25     0.008
456.5     0.008
456.75     0.008
457.0     0.008
457.25     0.008
457.5     0.008
457.75     0.008
458.0     0.008
458.25     0.008
458.5     0.008
458.75     0.008
459.0     0.008
459.25     0.008
459.5     0.008
459.75     0.008
460.0     0.008
460.25     0.008
460.5     0.008
460.75     0.008
461.0     0.008
461.25     0.008
461.5     0.008
461.75     0.008
462.0     0.008
462.25     0.008
462.5     0.008
462.75     0.008
463.0     0.008
463.25     0.008
463.5     0.008
463.75     0.008
464.0     0.008
464.25     0.008
464.5     0.008
464.75     0.008
465.0     0.008
465.25     0.008
465.5     0.008
465.75     0.008
466.0     0.008
466.25     0.008
466.5     0.008
466.75     0.008
467.0     0.008
467.25     0.008
467.5     0.008
467.75     0.008
468.0     0.008
468.25     0.008
468.5     0.008
468.75     0.008
469.0     0.008
469.25     0.008
469.5     0.008
469.75     0.008
470.0     0.01
470.25     0.01
470.5     0.01
470.75     0.01
471.0     0.01
471.25     0.008
471.5     0.008
471.75     0.008
472.0     0.008
472.25     0.008
472.5     0.008
472.75     0.008
473.0     0.008
473.25     0.008
473.5     0.008
473.75     0.008
474.0     0.008
474.25     0.008
474.5     0.008
474.75     0.008
475.0     0.008
475.25     0.008
475.5     0.008
475.75     0.008
476.0     0.008
476.25     0.008
476.5     0.008
476.75     0.008
477.0     0.008
477.25     0.008
477.5     0.008
477.75     0.008
478.0     0.008
478.25     0.008
478.5     0.008
478.75     0.008
479.0     0.008
479.25     0.008
479.5     0.008
479.75     0.008
480.0     0.008
480.25     0.008
480.5     0.008
480.75     0.008
481.0     0.008
481.25     0.006
481.5     0.006
481.75     0.006
482.0     0.006
482.25     0.006
482.5     0.006
482.75     0.006
483.0     0.006
483.25     0.006
483.5     0.006
483.75     0.006
484.0     0.006
484.25     0.006
484.5     0.006
484.75     0.006
485.0     0.006
485.25     0.006
485.5     0.006
485.75     0.006
486.0     0.006
486.25     0.006
486.5     0.006
486.75     0.006
487.0     0.006
487.25     0.006
487.5     0.006
487.75     0.006
488.0     0.006
488.25     0.006
488.5     0.006
488.75     0.006
489.0     0.006
489.25     0.006
489.5     0.008
489.75     0.008
490.0     0.008
490.25     0.008
490.5     0.008
490.75     0.008
491.0     0.008
491.25     0.008
491.5     0.008
491.75     0.008
492.0     0.008
492.25     0.008
492.5     0.008
492.75     0.008
493.0     0.008
493.25     0.008
493.5     0.008
493.75     0.008
494.0     0.008
494.25     0.008
494.5     0.008
494.75     0.008
495.0     0.008
495.25     0.008
495.5     0.008
495.75     0.008
496.0     0.008
496.25     0.008
496.5     0.008
496.75     0.008
497.0     0.008
497.25     0.008
497.5     0.008
497.75     0.008
498.0     0.008
498.25     0.008
498.5     0.008
498.75     0.008
499.0     0.008
499.25     0.008
499.5     0.008
499.75     0.008
500.0     0.008
500.25     0.008
500.5     0.008
500.75     0.008
501.0     0.008
501.25     0.008
501.5     0.008
501.75     0.008
502.0     0.008
502.25     0.008
502.5     0.008
502.75     0.008
503.0     0.008
503.25     0.008
503.5     0.008
503.75     0.008
504.0     0.008
504.25     0.008
504.5     0.008
504.75     0.006
505.0     0.006
505.25     0.006
505.5     0.006
505.75     0.006
506.0     0.006
506.25     0.006
506.5     0.006
506.75     0.006
507.0     0.006
507.25     0.006
507.5     0.006
507.75     0.006
508.0     0.006
508.25     0.006
508.5     0.006
508.75     0.006
509.0     0.006
509.25     0.006
509.5     0.006
509.75     0.006
510.0     0.006
510.25     0.006
510.5     0.006
510.75     0.006
511.0     0.006
511.25     0.006
511.5     0.006
511.75     0.006
512.0     0.006
512.25     0.006
512.5     0.006
512.75     0.006
513.0     0.006
513.25     0.006
513.5     0.006
513.75     0.006
514.0     0.006
514.25     0.006
514.5     0.006
514.75     0.006
515.0     0.006
515.25     0.006
515.5     0.006
515.75     0.006
516.0     0.006
516.25     0.006
516.5     0.006
516.75     0.006
517.0     0.006
517.25     0.006
517.5     0.006
517.75     0.006
518.0     0.006
518.25     0.006
518.5     0.006
518.75     0.006
519.0     0.006
519.25     0.006
519.5     0.006
519.75     0.006
520.0     0.006
520.25     0.006
520.5     0.006
520.75     0.006
521.0     0.006
521.25     0.006
521.5     0.006
521.75     0.006
522.0     0.006
522.25     0.006
522.5     0.006
522.75     0.006
523.0     0.006
523.25     0.006
523.5     0.006
523.75     0.006
524.0     0.006
524.25     0.006
524.5     0.006
524.75     0.006
525.0     0.006
525.25     0.006
525.5     0.006
525.75     0.006
526.0     0.006
526.25     0.006
526.5     0.006
526.75     0.006
527.0     0.006
527.25     0.006
527.5     0.006
527.75     0.006
528.0     0.006
528.25     0.006
528.5     0.006
528.75     0.006
529.0     0.006
529.25     0.006
529.5     0.006
529.75     0.006
530.0     0.006
530.25     0.006
530.5     0.006
530.75     0.006
531.0     0.006
531.25     0.006
531.5     0.006
531.75     0.006
532.0     0.006
532.25     0.006
532.5     0.006
532.75     0.006
533.0     0.006
533.25     0.006
533.5     0.006
533.75     0.006
534.0     0.006
534.25     0.006
534.5     0.006
534.75     0.006
535.0     0.006
535.25     0.006
535.5     0.006
535.75     0.006
536.0     0.006
536.25     0.006
536.5     0.006
536.75     0.006
537.0     0.006
537.25     0.006
537.5     0.006
537.75     0.006
538.0     0.006
538.25     0.006
538.5     0.006
538.75     0.006
539.0     0.006
539.25     0.006
539.5     0.006
539.75     0.006
540.0     0.006
540.25     0.006
540.5     0.006
540.75     0.006
541.0     0.006
541.25     0.006
541.5     0.006
541.75     0.006
542.0     0.006
542.25     0.006
542.5     0.006
542.75     0.006
543.0     0.006
543.25     0.006
543.5     0.006
543.75     0.006
544.0     0.006
544.25     0.006
544.5     0.006
544.75     0.006
545.0     0.006
545.25     0.006
545.5     0.006
545.75     0.006
546.0     0.006
546.25     0.006
546.5     0.006
546.75     0.006
547.0     0.006
547.25     0.006
547.5     0.006
547.75     0.006
548.0     0.006
548.25     0.006
548.5     0.006
548.75     0.006
549.0     0.006
549.25     0.006
549.5     0.006
549.75     0.006
550.0     0.006
550.25     0.006
550.5     0.006
550.75     0.006
551.0     0.004
551.25     0.004
551.5     0.004
551.75     0.004
552.0     0.004
552.25     0.004
552.5     0.004
552.75     0.004
553.0     0.004
553.25     0.004
553.5     0.004
553.75     0.004
554.0     0.004
554.25     0.004
554.5     0.004
554.75     0.004
555.0     0.004
555.25     0.004
555.5     0.004
555.75     0.004
556.0     0.004
556.25     0.004
556.5     0.004
556.75     0.004
557.0     0.004
557.25     0.004
557.5     0.004
557.75     0.004
558.0     0.004
558.25     0.004
558.5     0.004
558.75     0.004
559.0     0.004
559.25     0.004
559.5     0.004
559.75     0.004
560.0     0.004
560.25     0.004
560.5     0.004
560.75     0.004
561.0     0.004
561.25     0.004
561.5     0.004
561.75     0.004
562.0     0.004
562.25     0.004
562.5     0.004
562.75     0.004
563.0     0.004
563.25     0.004
563.5     0.004
563.75     0.004
564.0     0.004
564.25     0.004
564.5     0.004
564.75     0.004
565.0     0.004
565.25     0.004
565.5     0.004
565.75     0.004
566.0     0.004
566.25     0.004
566.5     0.004
566.75     0.004
567.0     0.004
567.25     0.004
567.5     0.004
567.75     0.004
568.0     0.004
568.25     0.004
568.5     0.004
568.75     0.004
569.0     0.004
569.25     0.004
569.5     0.004
569.75     0.004
570.0     0.004
570.25     0.004
570.5     0.004
570.75     0.004
571.0     0.004
571.25     0.004
571.5     0.004
571.75     0.004
572.0     0.004
572.25     0.004
572.5     0.004
572.75     0.004
573.0     0.004
573.25     0.004
573.5     0.004
573.75     0.004
574.0     0.004
574.25     0.004
574.5     0.004
574.75     0.004
575.0     0.004
575.25     0.004
575.5     0.004
575.75     0.004
576.0     0.004
576.25     0.004
576.5     0.004
576.75     0.004
577.0     0.004
577.25     0.004
577.5     0.004
577.75     0.004
578.0     0.004
578.25     0.004
578.5     0.004
578.75     0.004
579.0     0.004
579.25     0.004
579.5     0.004
579.75     0.004
580.0     0.004
580.25     0.004
580.5     0.004
580.75     0.004
581.0     0.004
581.25     0.004
581.5     0.004
581.75     0.004
582.0     0.004
582.25     0.004
582.5     0.004
582.75     0.004
583.0     0.004
583.25     0.004
583.5     0.004
583.75     0.004
584.0     0.004
584.25     0.004
584.5     0.004
584.75     0.004
585.0     0.004
585.25     0.004
585.5     0.004
585.75     0.004
586.0     0.004
586.25     0.004
586.5     0.004
586.75     0.004
587.0     0.004
587.25     0.004
587.5     0.004
587.75     0.004
588.0     0.004
588.25     0.004
588.5     0.004
588.75     0.004
589.0     0.004
589.25     0.004
589.5     0.004
589.75     0.004
590.0     0.004
590.25     0.004
590.5     0.004
590.75     0.004
591.0     0.004
591.25     0.004
591.5     0.004
591.75     0.004
592.0     0.004
592.25     0.004
592.5     0.004
592.75     0.004
593.0     0.004
593.25     0.004
593.5     0.004
593.75     0.004
594.0     0.004
594.25     0.004
594.5     0.004
594.75     0.004
595.0     0.004
595.25     0.004
595.5     0.004
595.75     0.004
596.0     0.004
596.25     0.004
596.5     0.004
596.75     0.004
597.0     0.004
597.25     0.004
597.5     0.004
597.75     0.004
598.0     0.004
598.25     0.004
598.5     0.004
598.75     0.004
599.0     0.004
599.25     0.004
599.5     0.004
599.75     0.004
600.0     0.004
600.25     0.004
600.5     0.004
600.75     0.004
601.0     0.004
601.25     0.004
601.5     0.004
601.75     0.004
602.0     0.004
602.25     0.004
602.5     0.004
602.75     0.004
603.0     0.004
603.25     0.004
603.5     0.004
603.75     0.004
604.0     0.004
604.25     0.004
604.5     0.004
604.75     0.004
605.0     0.004
605.25     0.004
605.5     0.004
605.75     0.004
606.0     0.004
606.25     0.004
606.5     0.004
606.75     0.004
607.0     0.004
607.25     0.004
607.5     0.004
607.75     0.004
608.0     0.004
608.25     0.004
608.5     0.004
608.75     0.004
609.0     0.004
609.25     0.004
609.5     0.004
609.75     0.004
610.0     0.004
610.25     0.004
610.5     0.004
610.75     0.004
611.0     0.004
611.25     0.004
611.5     0.004
611.75     0.004
612.0     0.004
612.25     0.004
612.5     0.004
612.75     0.004
613.0     0.004
613.25     0.004
613.5     0.004
613.75     0.004
614.0     0.004
614.25     0.004
614.5     0.004
614.75     0.004
615.0     0.004
615.25     0.004
615.5     0.004
615.75     0.004
616.0     0.004
616.25     0.004
616.5     0.004
616.75     0.004
617.0     0.004
617.25     0.004
617.5     0.004
617.75     0.004
618.0     0.004
618.25     0.004
618.5     0.004
618.75     0.004
619.0     0.004
619.25     0.004
619.5     0.004
619.75     0.004
620.0     0.004
620.25     0.004
620.5     0.004
620.75     0.004
621.0     0.004
621.25     0.004
621.5     0.004
621.75     0.004
622.0     0.006
622.25     0.006
622.5     0.006
622.75     0.006
623.0     0.006
623.25     0.006
623.5     0.006
623.75     0.006
624.0     0.006
624.25     0.006
624.5     0.006
624.75     0.006
625.0     0.006
625.25     0.006
625.5     0.006
625.75     0.006
626.0     0.006
626.25     0.006
626.5     0.006
626.75     0.006
627.0     0.006
627.25     0.006
627.5     0.006
627.75     0.006
628.0     0.006
628.25     0.006
628.5     0.006
628.75     0.006
629.0     0.006
629.25     0.006
629.5     0.006
629.75     0.006
630.0     0.006
630.25     0.006
630.5     0.006
630.75     0.006
631.0     0.006
631.25     0.006
631.5     0.006
631.75     0.006
632.0     0.006
632.25     0.006
632.5     0.006
632.75     0.006
633.0     0.006
633.25     0.006
633.5     0.006
633.75     0.006
634.0     0.006
634.25     0.006
634.5     0.006
634.75     0.006
635.0     0.006
635.25     0.006
635.5     0.006
635.75     0.006
636.0     0.006
636.25     0.006
636.5     0.006
636.75     0.006
637.0     0.006
637.25     0.006
637.5     0.006
637.75     0.006
638.0     0.006
638.25     0.006
638.5     0.006
638.75     0.006
639.0     0.004
639.25     0.004
639.5     0.004
639.75     0.004
640.0     0.004
640.25     0.004
640.5     0.004
640.75     0.004
641.0     0.004
641.25     0.004
641.5     0.004
641.75     0.004
642.0     0.004
642.25     0.004
642.5     0.004
642.75     0.004
643.0     0.004
643.25     0.004
643.5     0.004
643.75     0.004
644.0     0.004
644.25     0.004
644.5     0.004
644.75     0.004
645.0     0.004
645.25     0.004
645.5     0.004
645.75     0.004
646.0     0.004
646.25     0.004
646.5     0.004
646.75     0.004
647.0     0.004
647.25     0.004
647.5     0.004
647.75     0.004
648.0     0.004
648.25     0.004
648.5     0.004
648.75     0.004
649.0     0.004
649.25     0.004
649.5     0.004
649.75     0.004
650.0     0.004
650.25     0.004
650.5     0.004
650.75     0.004
651.0     0.004
651.25     0.004
651.5     0.004
651.75     0.004
652.0     0.004
652.25     0.004
652.5     0.004
652.75     0.004
653.0     0.004
653.25     0.004
653.5     0.004
653.75     0.004
654.0     0.004
654.25     0.004
654.5     0.004
654.75     0.004
655.0     0.004
655.25     0.004
655.5     0.004
655.75     0.004
656.0     0.004
656.25     0.004
656.5     0.004
656.75     0.004
657.0     0.004
657.25     0.004
657.5     0.004
657.75     0.004
658.0     0.004
658.25     0.004
658.5     0.004
658.75     0.004
659.0     0.004
659.25     0.004
659.5     0.004
659.75     0.004
660.0     0.004
660.25     0.004
660.5     0.004
660.75     0.004
661.0     0.004
661.25     0.004
661.5     0.004
661.75     0.004
662.0     0.004
662.25     0.004
662.5     0.004
662.75     0.004
663.0     0.004
663.25     0.004
663.5     0.004
663.75     0.004
664.0     0.004
664.25     0.004
664.5     0.004
664.75     0.004
665.0     0.004
665.25     0.004
665.5     0.004
665.75     0.004
666.0     0.004
666.25     0.004
666.5     0.004
666.75     0.004
667.0     0.004
667.25     0.004
667.5     0.004
667.75     0.004
668.0     0.004
668.25     0.004
668.5     0.004
668.75     0.004
669.0     0.004
669.25     0.004
669.5     0.004
669.75     0.004
670.0     0.004
670.25     0.004
670.5     0.004
670.75     0.004
671.0     0.004
671.25     0.004
671.5     0.004
671.75     0.004
672.0     0.004
672.25     0.004
672.5     0.004
672.75     0.004
673.0     0.004
673.25     0.004
673.5     0.004
673.75     0.004
674.0     0.004
674.25     0.004
674.5     0.004
674.75     0.004
675.0     0.004
675.25     0.004
675.5     0.004
675.75     0.004
676.0     0.004
676.25     0.004
676.5     0.004
676.75     0.004
677.0     0.004
677.25     0.004
677.5     0.004
677.75     0.004
678.0     0.004
678.25     0.004
678.5     0.004
678.75     0.004
679.0     0.004
679.25     0.004
679.5     0.004
679.75     0.004
680.0     0.004
680.25     0.004
680.5     0.004
680.75     0.004
681.0     0.004
681.25     0.004
681.5     0.004
681.75     0.004
682.0     0.004
682.25     0.004
682.5     0.004
682.75     0.004
683.0     0.004
683.25     0.004
683.5     0.004
683.75     0.004
684.0     0.004
684.25     0.004
684.5     0.004
684.75     0.004
685.0     0.004
685.25     0.004
685.5     0.004
685.75     0.004
686.0     0.004
686.25     0.004
686.5     0.004
686.75     0.004
687.0     0.004
687.25     0.004
687.5     0.004
687.75     0.004
688.0     0.004
688.25     0.004
688.5     0.004
688.75     0.004
689.0     0.004
689.25     0.004
689.5     0.004
689.75     0.004
690.0     0.004
690.25     0.004
690.5     0.004
690.75     0.004
691.0     0.004
691.25     0.004
691.5     0.004
691.75     0.004
692.0     0.004
692.25     0.004
692.5     0.004
692.75     0.004
693.0     0.004
693.25     0.004
693.5     0.004
693.75     0.004
694.0     0.004
694.25     0.004
694.5     0.004
694.75     0.004
695.0     0.004
695.25     0.004
695.5     0.004
695.75     0.004
696.0     0.004
696.25     0.004
696.5     0.004
696.75     0.004
697.0     0.004
697.25     0.004
697.5     0.004
697.75     0.004
698.0     0.004
698.25     0.004
698.5     0.004
698.75     0.004
699.0     0.004
699.25     0.004
699.5     0.004
699.75     0.004
700.0     0.004
700.25     0.004
700.5     0.004
700.75     0.004
701.0     0.004
701.25     0.004
701.5     0.004
701.75     0.004
702.0     0.004
702.25     0.004
702.5     0.004
702.75     0.004
703.0     0.004
703.25     0.004
703.5     0.004
703.75     0.004
704.0     0.004
704.25     0.004
704.5     0.004
704.75     0.004
705.0     0.004
705.25     0.004
705.5     0.004
705.75     0.004
706.0     0.004
706.25     0.004
706.5     0.004
706.75     0.004
707.0     0.004
707.25     0.004
707.5     0.004
707.75     0.004
708.0     0.004
708.25     0.004
708.5     0.004
708.75     0.004
709.0     0.004
709.25     0.004
709.5     0.004
709.75     0.004
710.0     0.004
710.25     0.004
710.5     0.004
710.75     0.004
711.0     0.004
711.25     0.004
711.5     0.004
711.75     0.004
712.0     0.004
712.25     0.004
712.5     0.004
712.75     0.004
713.0     0.004
713.25     0.004
713.5     0.004
713.75     0.004
714.0     0.004
714.25     0.004
714.5     0.004
714.75     0.004
715.0     0.004
715.25     0.004
715.5     0.004
715.75     0.004
716.0     0.004
716.25     0.004
716.5     0.004
716.75     0.004
717.0     0.004
717.25     0.004
717.5     0.004
717.75     0.004
718.0     0.004
718.25     0.004
718.5     0.004
718.75     0.004
719.0     0.004
719.25     0.004
719.5     0.004
719.75     0.004
720.0     0.004
720.25     0.004
720.5     0.004
720.75     0.004
721.0     0.004
721.25     0.004
721.5     0.004
721.75     0.004
722.0     0.004
722.25     0.004
722.5     0.004
722.75     0.004
723.0     0.004
723.25     0.004
723.5     0.004
723.75     0.004
724.0     0.004
724.25     0.006
724.5     0.006
724.75     0.006
725.0     0.006
725.25     0.006
725.5     0.006
725.75     0.006
726.0     0.006
726.25     0.006
726.5     0.006
726.75     0.006
727.0     0.006
727.25     0.006
727.5     0.006
727.75     0.006
728.0     0.006
728.25     0.006
728.5     0.006
728.75     0.006
729.0     0.006
729.25     0.006
729.5     0.006
729.75     0.006
730.0     0.006
730.25     0.006
730.5     0.006
730.75     0.006
731.0     0.006
731.25     0.006
731.5     0.006
731.75     0.006
732.0     0.006
732.25     0.006
732.5     0.006
732.75     0.006
733.0     0.006
733.25     0.006
733.5     0.006
733.75     0.006
734.0     0.006
734.25     0.006
734.5     0.006
734.75     0.006
735.0     0.006
735.25     0.006
735.5     0.006
735.75     0.006
736.0     0.006
736.25     0.006
736.5     0.006
736.75     0.006
737.0     0.006
737.25     0.006
737.5     0.006
737.75     0.006
738.0     0.006
738.25     0.006
738.5     0.006
738.75     0.006
739.0     0.006
739.25     0.006
739.5     0.006
739.75     0.006
740.0     0.006
740.25     0.006
740.5     0.006
740.75     0.006
741.0     0.006
741.25     0.006
741.5     0.006
741.75     0.006
742.0     0.006
742.25     0.006
742.5     0.006
742.75     0.006
743.0     0.006
743.25     0.006
743.5     0.006
743.75     0.006
744.0     0.006
744.25     0.006
744.5     0.006
744.75     0.006
745.0     0.006
745.25     0.006
745.5     0.006
745.75     0.006
746.0     0.006
746.25     0.006
746.5     0.008
746.75     0.008
747.0     0.008
747.25     0.008
747.5     0.008
747.75     0.008
748.0     0.008
748.25     0.008
748.5     0.008
748.75     0.006
749.0     0.006
749.25     0.006
749.5     0.006
749.75     0.006
750.0     0.006
750.25     0.006
750.5     0.006
750.75     0.006
751.0     0.006
751.25     0.006
751.5     0.006
751.75     0.006
752.0     0.006
752.25     0.006
752.5     0.006
752.75     0.006
753.0     0.006
753.25     0.006
753.5     0.006
753.75     0.006
754.0     0.006
754.25     0.006
754.5     0.006
754.75     0.006
755.0     0.006
755.25     0.006
755.5     0.006
755.75     0.006
756.0     0.006
756.25     0.006
756.5     0.006
756.75     0.006
757.0     0.006
757.25     0.006
757.5     0.006
757.75     0.006
758.0     0.006
758.25     0.006
758.5     0.006
758.75     0.006
759.0     0.006
759.25     0.006
759.5     0.006
759.75     0.006
760.0     0.006
760.25     0.006
760.5     0.006
760.75     0.006
761.0     0.006
761.25     0.006
761.5     0.006
761.75     0.006
762.0     0.006
762.25     0.006
762.5     0.006
762.75     0.006
763.0     0.006
763.25     0.006
763.5     0.006
763.75     0.006
764.0     0.006
764.25     0.006
764.5     0.006
764.75     0.006
765.0     0.006
765.25     0.006
765.5     0.006
765.75     0.006
766.0     0.006
766.25     0.006
766.5     0.006
766.75     0.006
767.0     0.006
767.25     0.006
767.5     0.006
767.75     0.006
768.0     0.006
768.25     0.006
768.5     0.006
768.75     0.006
769.0     0.006
769.25     0.006
769.5     0.006
769.75     0.006
770.0     0.006
770.25     0.004
770.5     0.004
770.75     0.004
771.0     0.004
771.25     0.004
771.5     0.004
771.75     0.004
772.0     0.004
772.25     0.004
772.5     0.004
772.75     0.004
773.0     0.004
773.25     0.004
773.5     0.004
773.75     0.004
774.0     0.004
774.25     0.004
774.5     0.004
774.75     0.006
775.0     0.006
775.25     0.006
775.5     0.006
775.75     0.006
776.0     0.006
776.25     0.006
776.5     0.006
776.75     0.006
777.0     0.006
777.25     0.006
777.5     0.006
777.75     0.006
778.0     0.006
778.25     0.006
778.5     0.006
778.75     0.006
779.0     0.006
779.25     0.006
779.5     0.006
779.75     0.006
780.0     0.006
780.25     0.006
780.5     0.006
780.75     0.006
781.0     0.006
781.25     0.006
781.5     0.006
781.75     0.006
782.0     0.006
782.25     0.006
782.5     0.006
782.75     0.006
783.0     0.006
783.25     0.006
783.5     0.006
783.75     0.006
784.0     0.006
784.25     0.006
784.5     0.006
784.75     0.006
785.0     0.006
785.25     0.006
785.5     0.006
785.75     0.006
786.0     0.006
786.25     0.006
786.5     0.006
786.75     0.006
787.0     0.006
787.25     0.006
787.5     0.006
787.75     0.006
788.0     0.006
788.25     0.006
788.5     0.006
788.75     0.006
789.0     0.006
789.25     0.006
789.5     0.006
789.75     0.006
790.0     0.006
790.25     0.006
790.5     0.006
790.75     0.006
791.0     0.006
791.25     0.006
791.5     0.006
791.75     0.006
792.0     0.006
792.25     0.006
792.5     0.006
792.75     0.006
793.0     0.006
793.25     0.006
793.5     0.006
793.75     0.006
794.0     0.006
794.25     0.006
794.5     0.006
794.75     0.006
795.0     0.006
795.25     0.006
795.5     0.006
795.75     0.006
796.0     0.006
796.25     0.006
796.5     0.006
796.75     0.006
797.0     0.006
797.25     0.006
797.5     0.006
797.75     0.006
798.0     0.006
798.25     0.006
798.5     0.006
798.75     0.006
799.0     0.006
799.25     0.006
799.5     0.004
799.75     0.004
800.0     0.004
800.25     0.004
800.5     0.004
800.75     0.004
801.0     0.004
801.25     0.004
801.5     0.004
801.75     0.004
802.0     0.004
802.25     0.004
802.5     0.004
802.75     0.004
803.0     0.004
803.25     0.004
803.5     0.004
803.75     0.004
804.0     0.004
804.25     0.004
804.5     0.004
804.75     0.004
805.0     0.004
805.25     0.004
805.5     0.004
805.75     0.004
806.0     0.004
806.25     0.004
806.5     0.004
806.75     0.004
807.0     0.004
807.25     0.004
807.5     0.004
807.75     0.004
808.0     0.004
808.25     0.004
808.5     0.004
808.75     0.004
809.0     0.004
809.25     0.004
809.5     0.004
809.75     0.004
810.0     0.004
810.25     0.004
810.5     0.004
810.75     0.004
811.0     0.004
811.25     0.004
811.5     0.004
811.75     0.004
812.0     0.004
812.25     0.004
812.5     0.004
812.75     0.004
813.0     0.004
813.25     0.004
813.5     0.004
813.75     0.004
814.0     0.004
814.25     0.004
814.5     0.004
814.75     0.004
815.0     0.004
815.25     0.004
815.5     0.004
815.75     0.004
816.0     0.004
816.25     0.004
816.5     0.004
816.75     0.004
817.0     0.004
817.25     0.004
817.5     0.004
817.75     0.004
818.0     0.004
818.25     0.004
818.5     0.004
818.75     0.004
819.0     0.004
819.25     0.004
819.5     0.004
819.75     0.004
820.0     0.004
820.25     0.006
820.5     0.006
820.75     0.006
821.0     0.006
821.25     0.006
821.5     0.006
821.75     0.006
822.0     0.006
822.25     0.006
822.5     0.006
822.75     0.006
823.0     0.006
823.25     0.006
823.5     0.006
823.75     0.006
824.0     0.006
824.25     0.006
824.5     0.006
824.75     0.006
825.0     0.006
825.25     0.006
825.5     0.006
825.75     0.006
826.0     0.006
826.25     0.006
826.5     0.006
826.75     0.006
827.0     0.006
827.25     0.006
827.5     0.006
827.75     0.006
828.0     0.006
828.25     0.006
828.5     0.006
828.75     0.006
829.0     0.006
829.25     0.006
829.5     0.006
829.75     0.006
830.0     0.006
830.25     0.006
830.5     0.006
830.75     0.006
831.0     0.006
831.25     0.006
831.5     0.006
831.75     0.006
832.0     0.006
832.25     0.006
832.5     0.006
832.75     0.006
833.0     0.006
833.25     0.006
833.5     0.006
833.75     0.006
834.0     0.006
834.25     0.006
834.5     0.006
834.75     0.006
835.0     0.006
835.25     0.006
835.5     0.006
835.75     0.006
836.0     0.006
836.25     0.006
836.5     0.006
836.75     0.006
837.0     0.006
837.25     0.006
837.5     0.006
837.75     0.006
838.0     0.006
838.25     0.006
838.5     0.006
838.75     0.006
839.0     0.006
839.25     0.006
839.5     0.006
839.75     0.006
840.0     0.006
840.25     0.006
840.5     0.006
840.75     0.006
841.0     0.006
841.25     0.006
841.5     0.006
841.75     0.006
842.0     0.006
842.25     0.006
842.5     0.006
842.75     0.006
843.0     0.006
843.25     0.006
843.5     0.006
843.75     0.006
844.0     0.006
844.25     0.006
844.5     0.006
844.75     0.006
845.0     0.006
845.25     0.006
845.5     0.006
845.75     0.006
846.0     0.006
846.25     0.006
846.5     0.006
846.75     0.006
847.0     0.006
847.25     0.006
847.5     0.006
847.75     0.006
848.0     0.006
848.25     0.006
848.5     0.006
848.75     0.006
849.0     0.006
849.25     0.006
849.5     0.006
849.75     0.006
850.0     0.006
850.25     0.006
850.5     0.006
850.75     0.006
851.0     0.006
851.25     0.006
851.5     0.006
851.75     0.006
852.0     0.006
852.25     0.006
852.5     0.006
852.75     0.006
853.0     0.006
853.25     0.006
853.5     0.006
853.75     0.006
854.0     0.006
854.25     0.006
854.5     0.006
854.75     0.006
855.0     0.006
855.25     0.006
855.5     0.006
855.75     0.006
856.0     0.006
856.25     0.006
856.5     0.006
856.75     0.006
857.0     0.006
857.25     0.006
857.5     0.006
857.75     0.006
858.0     0.006
858.25     0.006
858.5     0.006
858.75     0.006
859.0     0.006
859.25     0.006
859.5     0.006
859.75     0.006
860.0     0.006
860.25     0.006
860.5     0.006
860.75     0.006
861.0     0.006
861.25     0.006
861.5     0.006
861.75     0.006
862.0     0.006
862.25     0.006
862.5     0.006
862.75     0.006
863.0     0.006
863.25     0.006
863.5     0.006
863.75     0.006
864.0     0.006
864.25     0.006
864.5     0.006
864.75     0.006
865.0     0.006
865.25     0.006
865.5     0.006
865.75     0.006
866.0     0.006
866.25     0.006
866.5     0.006
866.75     0.006
867.0     0.006
867.25     0.004
867.5     0.004
867.75     0.004
868.0     0.004
868.25     0.004
868.5     0.004
868.75     0.004
869.0     0.004
869.25     0.004
869.5     0.004
869.75     0.004
870.0     0.004
870.25     0.004
870.5     0.004
870.75     0.004
871.0     0.004
871.25     0.004
871.5     0.004
871.75     0.004
872.0     0.004
872.25     0.004
872.5     0.004
872.75     0.004
873.0     0.004
873.25     0.004
873.5     0.004
873.75     0.004
874.0     0.004
874.25     0.004
874.5     0.004
874.75     0.004
875.0     0.004
875.25     0.004
875.5     0.004
875.75     0.004
876.0     0.004
876.25     0.004
876.5     0.004
876.75     0.004
877.0     0.004
877.25     0.004
877.5     0.004
877.75     0.004
878.0     0.004
878.25     0.004
878.5     0.004
878.75     0.004
879.0     0.004
879.25     0.004
879.5     0.004
879.75     0.004
880.0     0.004
880.25     0.004
880.5     0.004
880.75     0.004
881.0     0.004
881.25     0.004
881.5     0.004
881.75     0.004
882.0     0.004
882.25     0.004
882.5     0.004
882.75     0.004
883.0     0.004
883.25     0.004
883.5     0.004
883.75     0.004
884.0     0.004
884.25     0.004
884.5     0.004
884.75     0.004
885.0     0.004
885.25     0.004
885.5     0.004
885.75     0.004
886.0     0.004
886.25     0.004
886.5     0.004
886.75     0.004
887.0     0.004
887.25     0.004
887.5     0.004
887.75     0.004
888.0     0.004
888.25     0.004
888.5     0.004
888.75     0.004
889.0     0.004
889.25     0.004
889.5     0.004
889.75     0.004
890.0     0.004
890.25     0.004
890.5     0.004
890.75     0.004
891.0     0.004
891.25     0.004
891.5     0.004
891.75     0.004
892.0     0.004
892.25     0.004
892.5     0.004
892.75     0.004
893.0     0.004
893.25     0.004
893.5     0.004
893.75     0.002
894.0     0.002
894.25     0.002
894.5     0.002
894.75     0.002
895.0     0.002
895.25     0.002
895.5     0.002
895.75     0.002
896.0     0.002
896.25     0.002
896.5     0.002
896.75     0.002
897.0     0.002
897.25     0.002
897.5     0.002
897.75     0.002
898.0     0.002
898.25     0.002
898.5     0.002
898.75     0.002
899.0     0.002
899.25     0.002
899.5     0.002
899.75     0.002
900.0     0.002
900.25     0.002
900.5     0.002
900.75     0.002
901.0     0.002
901.25     0.002
901.5     0.002
901.75     0.002
902.0     0.002
902.25     0.002
902.5     0.002
902.75     0.002
903.0     0.002
903.25     0.002
903.5     0.002
903.75     0.002
904.0     0.002
904.25     0.002
904.5     0.004
904.75     0.004
905.0     0.004
905.25     0.004
905.5     0.004
905.75     0.004
906.0     0.004
906.25     0.004
906.5     0.004
906.75     0.004
907.0     0.004
907.25     0.004
907.5     0.004
907.75     0.004
908.0     0.004
908.25     0.004
908.5     0.004
908.75     0.004
909.0     0.004
909.25     0.004
909.5     0.004
909.75     0.004
910.0     0.004
910.25     0.004
910.5     0.004
910.75     0.004
911.0     0.004
911.25     0.004
911.5     0.004
911.75     0.004
912.0     0.004
912.25     0.004
912.5     0.004
912.75     0.004
913.0     0.004
913.25     0.004
913.5     0.004
913.75     0.004
914.0     0.004
914.25     0.004
914.5     0.004
914.75     0.004
915.0     0.004
915.25     0.004
915.5     0.004
915.75     0.004
916.0     0.004
916.25     0.004
916.5     0.004
916.75     0.004
917.0     0.004
917.25     0.004
917.5     0.004
917.75     0.004
918.0     0.004
918.25     0.004
918.5     0.004
918.75     0.004
919.0     0.004
919.25     0.004
919.5     0.004
919.75     0.004
920.0     0.004
920.25     0.004
920.5     0.004
920.75     0.004
921.0     0.004
921.25     0.004
921.5     0.004
921.75     0.004
922.0     0.004
922.25     0.004
922.5     0.004
922.75     0.004
923.0     0.004
923.25     0.004
923.5     0.004
923.75     0.004
924.0     0.004
924.25     0.004
924.5     0.004
924.75     0.004
925.0     0.006
925.25     0.006
925.5     0.006
925.75     0.006
926.0     0.006
926.25     0.006
926.5     0.006
926.75     0.006
927.0     0.006
927.25     0.006
927.5     0.006
927.75     0.006
928.0     0.006
928.25     0.006
928.5     0.006
928.75     0.006
929.0     0.006
929.25     0.006
929.5     0.006
929.75     0.006
930.0     0.006
930.25     0.006
930.5     0.006
930.75     0.006
931.0     0.006
931.25     0.006
931.5     0.006
931.75     0.006
932.0     0.006
932.25     0.006
932.5     0.006
932.75     0.006
933.0     0.006
933.25     0.006
933.5     0.006
933.75     0.006
934.0     0.006
934.25     0.006
934.5     0.006
934.75     0.004
935.0     0.004
935.25     0.004
935.5     0.004
935.75     0.004
936.0     0.004
936.25     0.004
936.5     0.004
936.75     0.004
937.0     0.004
937.25     0.004
937.5     0.004
937.75     0.004
938.0     0.004
938.25     0.004
938.5     0.004
938.75     0.004
939.0     0.004
939.25     0.004
939.5     0.004
939.75     0.004
940.0     0.004
940.25     0.004
940.5     0.004
940.75     0.004
941.0     0.006
941.25     0.006
941.5     0.004
941.75     0.004
942.0     0.006
942.25     0.006
942.5     0.006
942.75     0.006
943.0     0.006
943.25     0.006
943.5     0.006
943.75     0.006
944.0     0.006
944.25     0.006
944.5     0.006
944.75     0.006
945.0     0.006
945.25     0.006
945.5     0.006
945.75     0.006
946.0     0.004
946.25     0.004
946.5     0.004
946.75     0.004
947.0     0.004
947.25     0.004
947.5     0.004
947.75     0.004
948.0     0.004
948.25     0.004
948.5     0.004
948.75     0.004
949.0     0.004
949.25     0.004
949.5     0.004
949.75     0.004
950.0     0.004
950.25     0.004
950.5     0.004
950.75     0.004
951.0     0.004
951.25     0.004
951.5     0.004
951.75     0.004
952.0     0.004
952.25     0.004
952.5     0.004
952.75     0.004
953.0     0.004
953.25     0.004
953.5     0.004
953.75     0.004
954.0     0.004
954.25     0.004
954.5     0.004
954.75     0.004
955.0     0.004
955.25     0.004
955.5     0.004
955.75     0.004
956.0     0.004
956.25     0.006
956.5     0.006
956.75     0.006
957.0     0.006
957.25     0.006
957.5     0.006
957.75     0.006
958.0     0.006
958.25     0.006
958.5     0.006
958.75     0.006
959.0     0.006
959.25     0.006
959.5     0.006
959.75     0.006
960.0     0.006
960.25     0.006
960.5     0.006
960.75     0.006
961.0     0.006
961.25     0.006
961.5     0.006
961.75     0.006
962.0     0.006
962.25     0.006
962.5     0.006
962.75     0.006
963.0     0.006
963.25     0.006
963.5     0.006
963.75     0.006
964.0     0.004
964.25     0.004
964.5     0.006
964.75     0.006
965.0     0.006
965.25     0.006
965.5     0.006
965.75     0.006
966.0     0.006
966.25     0.006
966.5     0.006
966.75     0.006
967.0     0.006
967.25     0.006
967.5     0.006
967.75     0.006
968.0     0.006
968.25     0.006
968.5     0.006
968.75     0.006
969.0     0.006
969.25     0.006
969.5     0.006
969.75     0.006
970.0     0.006
970.25     0.006
970.5     0.006
970.75     0.006
971.0     0.006
971.25     0.004
971.5     0.004
971.75     0.004
972.0     0.004
972.25     0.004
972.5     0.004
972.75     0.004
973.0     0.004
973.25     0.004
973.5     0.004
973.75     0.004
974.0     0.004
974.25     0.004
974.5     0.004
974.75     0.004
975.0     0.004
975.25     0.004
975.5     0.004
975.75     0.004
976.0     0.004
976.25     0.004
976.5     0.004
976.75     0.004
977.0     0.004
977.25     0.006
977.5     0.006
977.75     0.006
978.0     0.006
978.25     0.006
978.5     0.006
978.75     0.006
979.0     0.006
979.25     0.006
979.5     0.006
979.75     0.006
980.0     0.006
980.25     0.006
980.5     0.006
980.75     0.006
981.0     0.006
981.25     0.006
981.5     0.006
981.75     0.006
982.0     0.006
982.25     0.006
982.5     0.006
982.75     0.006
983.0     0.004
983.25     0.004
983.5     0.004
983.75     0.004
984.0     0.004
984.25     0.004
984.5     0.004
984.75     0.002
985.0     0.002
985.25     0.002
985.5     0.002
985.75     0.002
986.0     0.002
986.25     0.002
986.5     0.002
986.75     0.002
987.0     0.002
987.25     0.002
987.5     0.002
987.75     0.002
988.0     0.002
988.25     0.002
988.5     0.002
988.75     0.002
989.0     0.002
989.25     0.002
989.5     0.004
989.75     0.004
990.0     0.004
990.25     0.006
990.5     0.006
990.75     0.006
991.0     0.006
991.25     0.006
991.5     0.006
991.75     0.006
992.0     0.006
992.25     0.004
992.5     0.004
992.75     0.004
993.0     0.006
993.25     0.006
993.5     0.006
993.75     0.006
994.0     0.006
994.25     0.006
994.5     0.006
994.75     0.006
995.0     0.006
995.25     0.006
995.5     0.006
995.75     0.006
996.0     0.006
996.25     0.006
996.5     0.006
996.75     0.006
997.0     0.006
997.25     0.006
997.5     0.006
997.75     0.004
998.0     0.004
998.25     0.004
998.5     0.004
998.75     0.004
999.0     0.004
999.25     0.004
999.5     0.004
999.75     0.004
1000.0     0.004
