  5.0    94.58424
 15.0    84.04911
 18.0   104.40411
 27.0    99.97548
 34.0   103.32706
 43.0    99.07711
 47.0    94.39600
 62.0   100.66035
 69.0    97.88550
 70.0    99.21372
 74.0    96.76642
 76.0    99.37908
 81.0   102.15725
 89.0    97.74548
 93.0    98.70764
 94.0    98.63914
 99.0    99.00309
112.0    90.80025
115.0    95.39058
117.0    96.44143
129.0    99.38512
133.0    94.66529
147.0    95.31038
160.0    95.59327
167.0   100.95019
168.0    94.76788
176.0    95.08323
179.0    94.38228
201.0    95.76142
217.0    91.19107
226.0    79.48300
237.0    99.60035
239.0    98.57113
247.0   105.63247
250.0   100.97707
260.0    99.13690
275.0    90.63072
276.0    99.68082
281.0    97.36862
284.0    98.10121
302.0    91.36506
303.0   101.86032
304.0    94.28234
305.0   105.48785
309.0    94.10836
313.0    93.89943
315.0   103.07819
316.0    36.57857
322.0    91.71760
326.0    96.83591
328.0    95.23032
338.0    97.28716
340.0   101.57934
347.0    91.54977
349.0   100.34979
367.0   100.11736
370.0    93.69953
374.0    88.30579
394.0    84.54968
400.0    91.70306
407.0    90.82754
423.0   103.19533
425.0    98.70512
429.0    89.05357
444.0    90.09656
446.0    96.51262
462.0    97.05652
467.0    97.57611
471.0    90.24347
481.0    97.97989
484.0    95.60248
493.0   100.86955
496.0    95.58619
