  5.0   417.25000
 15.0   729.75000
 18.0   301.25000
 27.0   312.25000
 34.0   497.25000
 43.0   539.50000
 47.0   300.50000
 62.0   883.50000
 69.0   328.00000
 70.0   306.00000
 74.0   889.25000
 76.0   312.50000
 81.0   310.75000
 89.0   388.50000
 93.0   318.00000
 94.0   309.50000
 99.0   683.75000
112.0   594.50000
115.0   506.50000
117.0   269.00000
129.0   270.75000
133.0   352.50000
147.0   570.75000
160.0   346.00000
167.0   401.75000
168.0   279.25000
176.0   408.50000
179.0   461.00000
201.0   442.25000
217.0   863.25000
226.0   421.75000
237.0   406.25000
239.0   483.00000
247.0   406.00000
250.0   445.50000
260.0   320.50000
275.0   310.00000
276.0   560.25000
281.0   310.25000
284.0   368.50000
302.0   438.75000
303.0   631.25000
304.0   343.50000
305.0   309.25000
309.0   410.00000
313.0   696.25000
315.0   441.00000
316.0     0.00000
322.0   355.00000
326.0   484.25000
328.0   407.25000
338.0   488.75000
340.0   485.75000
347.0   413.00000
349.0   363.00000
367.0   407.25000
370.0   754.00000
374.0   331.75000
394.0   344.25000
400.0   434.25000
407.0   858.75000
423.0   487.25000
425.0   316.75000
429.0   481.00000
444.0   426.50000
446.0   456.75000
462.0   407.00000
467.0   272.25000
471.0   489.50000
481.0   952.25000
484.0   534.50000
493.0   392.75000
496.0   376.75000
