  1.0   380.25000
  2.0   685.75000
  3.0   556.75000
  4.0   270.50000
  6.0   486.25000
  7.0   519.25000
  8.0   395.50000
  9.0   219.00000
 10.0   428.50000
 11.0   330.25000
 12.0   261.00000
 13.0    24.50000
 14.0   516.25000
 16.0   696.25000
 17.0   408.25000
 19.0   733.25000
 20.0   381.50000
 21.0   515.00000
 22.0   292.50000
 23.0   304.75000
 24.0   558.50000
 25.0   440.25000
 26.0   367.50000
 28.0   801.75000
 29.0   538.75000
 30.0     0.00000
 31.0   543.50000
 32.0   443.50000
 33.0   437.50000
 35.0   278.00000
 36.0   746.25000
 37.0   194.25000
 38.0   471.00000
 39.0   636.50000
 40.0   570.00000
 41.0   322.75000
 42.0   477.75000
 44.0   437.50000
 45.0   313.75000
 46.0   593.25000
 48.0   248.00000
 49.0   464.00000
 50.0   382.00000
 51.0   658.00000
 52.0   825.00000
 53.0   324.00000
 54.0   793.50000
 55.0   372.00000
 56.0   413.75000
 57.0   443.00000
 58.0   380.00000
 59.0   303.00000
 60.0   693.00000
 61.0   321.50000
 63.0   481.00000
 64.0   375.75000
 65.0   366.25000
 66.0   964.75000
 67.0   177.25000
 68.0   429.50000
 71.0   494.00000
 72.0   430.25000
 73.0   363.25000
 75.0   357.75000
 77.0   413.00000
 78.0   412.75000
 79.0   456.25000
 80.0   598.00000
 82.0   395.75000
 83.0   384.25000
 84.0   428.75000
 85.0   421.75000
 86.0   755.00000
 87.0   276.75000
 88.0   594.50000
 90.0   772.25000
 91.0   297.50000
 92.0   850.00000
 95.0   382.50000
 96.0   277.75000
 97.0   267.75000
 98.0   311.75000
100.0   303.75000
101.0   418.50000
102.0   457.25000
103.0   387.25000
104.0   315.50000
105.0   994.50000
106.0   328.75000
107.0   367.50000
108.0   796.25000
109.0   867.50000
110.0     0.00000
111.0   309.50000
113.0   364.00000
114.0   262.75000
116.0   404.00000
118.0   259.50000
119.0   461.00000
120.0   530.75000
121.0   403.25000
122.0   268.25000
123.0   431.00000
124.0   231.25000
125.0   650.75000
126.0   495.25000
127.0   462.75000
128.0   738.50000
130.0   318.75000
131.0   708.25000
132.0   567.00000
134.0   934.50000
135.0   593.50000
136.0   547.75000
137.0   860.75000
138.0   427.75000
139.0   377.25000
140.0   173.00000
141.0   461.00000
142.0   510.50000
143.0   325.50000
144.0   558.50000
145.0   579.25000
146.0   188.00000
148.0   113.25000
149.0   487.25000
150.0   361.25000
151.0   354.00000
152.0   456.25000
153.0   434.50000
154.0   559.75000
155.0   335.00000
156.0   403.50000
157.0   401.25000
158.0   566.50000
159.0   317.25000
161.0   756.75000
162.0   670.50000
163.0   467.25000
164.0   555.50000
165.0   327.25000
166.0   345.00000
169.0   535.50000
170.0   847.00000
171.0   210.25000
172.0   278.25000
173.0   338.75000
174.0   320.75000
175.0   424.50000
177.0   669.50000
178.0   938.50000
180.0   387.50000
181.0   268.75000
182.0   349.75000
183.0   468.50000
184.0   292.50000
185.0   631.25000
186.0   446.00000
187.0   419.50000
188.0   588.50000
189.0   332.00000
190.0   382.25000
191.0   249.75000
192.0   860.00000
193.0   711.00000
194.0   277.75000
195.0   545.75000
196.0   585.25000
197.0   462.50000
198.0   202.50000
199.0   628.75000
200.0     0.00000
202.0   569.75000
203.0   307.25000
204.0   999.25000
205.0   618.50000
206.0   432.50000
207.0   286.25000
208.0   333.50000
209.0   334.00000
210.0   475.25000
211.0   290.00000
212.0   266.50000
213.0   299.00000
214.0   907.50000
215.0   748.00000
216.0   710.75000
218.0   467.00000
219.0   324.75000
220.0   411.25000
221.0   218.25000
222.0   225.00000
223.0   455.25000
224.0   359.25000
225.0   277.75000
227.0   554.75000
228.0   596.50000
229.0   381.50000
230.0   557.25000
231.0   581.25000
232.0   744.50000
233.0   704.50000
234.0   209.50000
235.0   321.50000
238.0   408.75000
240.0   523.50000
241.0   300.50000
242.0   412.50000
243.0   482.75000
244.0   445.00000
245.0   310.50000
246.0   435.75000
248.0   754.75000
249.0   558.50000
251.0   258.50000
252.0   353.00000
253.0   278.25000
254.0   489.00000
255.0   425.50000
256.0   206.75000
257.0   474.25000
258.0   652.25000
259.0   293.25000
261.0   638.75000
262.0   945.00000
263.0   210.50000
264.0   654.00000
265.0   643.75000
266.0   265.00000
267.0   332.00000
268.0   361.50000
269.0   911.50000
270.0   272.75000
272.0   545.25000
273.0   413.50000
274.0   490.75000
277.0   481.50000
278.0   496.00000
279.0   353.75000
280.0   319.25000
282.0   320.25000
283.0   311.75000
285.0   365.75000
286.0   303.50000
287.0   307.00000
288.0   227.00000
289.0   445.75000
290.0   342.25000
291.0   417.75000
292.0   571.00000
293.0   412.00000
294.0   287.75000
295.0   363.00000
296.0   413.75000
297.0   425.25000
298.0   556.75000
299.0   377.00000
300.0   330.75000
301.0   364.00000
306.0   346.00000
307.0   368.75000
308.0   563.00000
310.0   533.50000
311.0   678.25000
312.0   311.00000
314.0   351.50000
317.0   428.75000
318.0   322.50000
319.0   263.25000
320.0   495.25000
321.0   608.75000
323.0   418.00000
324.0   407.50000
325.0   480.25000
327.0   499.00000
329.0   308.00000
330.0   432.50000
331.0   744.50000
332.0   643.75000
333.0   422.50000
334.0   877.00000
335.0   408.00000
336.0   246.50000
337.0   458.75000
339.0   204.25000
341.0   547.25000
342.0   408.25000
343.0   494.50000
344.0   506.50000
345.0   609.50000
346.0   267.00000
348.0   664.75000
351.0   750.50000
352.0   650.75000
353.0   325.75000
354.0   361.00000
355.0   225.00000
356.0   371.25000
357.0   376.75000
358.0   514.75000
359.0   309.75000
360.0   433.25000
361.0   641.00000
362.0   780.75000
363.0   694.25000
364.0   482.00000
365.0   332.25000
366.0   556.75000
368.0   425.00000
369.0   253.75000
371.0   465.50000
372.0   430.50000
373.0   348.25000
375.0   841.75000
376.0   414.75000
377.0   434.50000
378.0   531.25000
379.0   340.25000
380.0   427.75000
381.0   294.00000
382.0   581.00000
383.0   451.75000
384.0   387.25000
385.0   589.75000
386.0   848.00000
387.0   897.25000
388.0   379.25000
389.0   423.25000
390.0   531.75000
391.0   430.75000
392.0   428.50000
393.0   370.75000
395.0   628.50000
396.0   338.75000
397.0   405.50000
398.0   446.75000
399.0   286.25000
401.0   271.00000
402.0   308.50000
403.0   278.50000
404.0   341.50000
405.0   437.25000
406.0   270.75000
408.0   386.50000
409.0   496.75000
410.0   356.50000
411.0   510.25000
412.0   521.75000
413.0   671.25000
414.0   313.75000
415.0   472.75000
416.0   545.50000
417.0   412.75000
418.0   446.25000
419.0   759.75000
420.0   215.25000
421.0   590.50000
422.0   437.50000
424.0   410.25000
426.0   315.00000
427.0   441.75000
428.0   224.25000
430.0   518.00000
431.0   406.25000
432.0   427.75000
433.0   524.00000
434.0   503.50000
435.0   608.00000
436.0   830.25000
437.0   347.75000
438.0   772.50000
439.0   315.75000
440.0   604.00000
441.0   550.00000
442.0   507.25000
443.0   444.25000
445.0   374.00000
447.0   407.00000
448.0    84.25000
449.0   409.25000
450.0   263.75000
451.0   305.75000
452.0   414.50000
453.0   461.25000
454.0   710.75000
455.0   420.00000
456.0   318.50000
457.0   497.75000
458.0   382.25000
459.0   682.50000
460.0   513.75000
461.0   335.00000
463.0   671.00000
464.0   891.75000
465.0   281.00000
466.0   424.75000
468.0   853.75000
469.0   304.50000
470.0   380.25000
472.0   309.00000
473.0   606.00000
474.0   551.75000
475.0   626.75000
476.0   524.25000
477.0   716.25000
478.0   725.75000
479.0   445.00000
480.0   484.50000
482.0   563.75000
483.0   405.00000
485.0   732.50000
486.0   240.75000
487.0   323.75000
488.0   272.50000
489.0   805.25000
490.0   462.00000
491.0   336.75000
492.0   286.25000
494.0   249.00000
495.0   562.75000
497.0   399.25000
498.0     0.00000
499.0   600.75000
500.0   615.00000
