  1.0    99.68423
  2.0   139.51039
  3.0    99.01503
  4.0   103.14487
  6.0   156.47097
  7.0   102.99149
  8.0    99.55671
  9.0   115.10123
 10.0   105.29734
 11.0   112.18413
 12.0   114.91781
 13.0   171.25566
 14.0   113.68899
 16.0    91.53679
 17.0   105.01809
 19.0   116.21899
 20.0   109.85024
 21.0   100.44343
 22.0   109.45518
 23.0   130.27564
 24.0   108.92620
 25.0   105.06655
 26.0   110.00100
 28.0    97.64751
 29.0   104.07436
 30.0   150.32616
 31.0   116.96763
 32.0   122.57479
 33.0   109.62977
 35.0   102.61144
 36.0   109.56650
 37.0   123.87797
 38.0   140.75212
 39.0   101.81339
 40.0   119.97347
 41.0   103.46051
 42.0   126.51948
 44.0   102.24317
 45.0   106.43634
 46.0   115.91128
 48.0   116.09905
 49.0   123.16530
 50.0    96.48687
 51.0    98.66592
 52.0   123.10458
 53.0   102.78995
 54.0   113.77567
 55.0   110.93299
 56.0   105.64190
 57.0    97.67860
 58.0   106.97601
 59.0    99.36913
 60.0   115.82446
 61.0   117.10502
 63.0   104.44672
 64.0   117.28386
 65.0   105.88157
 66.0   106.47270
 67.0   116.81501
 68.0    98.68225
 71.0   123.85909
 72.0   103.05025
 73.0   103.48502
 75.0   101.19449
 77.0   100.40569
 78.0   101.30588
 79.0   118.37733
 80.0   102.46737
 82.0   100.36418
 83.0   144.27860
 84.0    96.78052
 85.0   103.47480
 86.0   100.03240
 87.0    98.83697
 88.0    95.71366
 90.0   100.24881
 91.0   106.86468
 92.0   102.77511
 95.0   109.80291
 96.0   122.20408
 97.0   100.16425
 98.0    98.47026
100.0   120.22083
101.0   107.98622
102.0   113.01227
103.0   111.19697
104.0   114.38865
105.0    91.94681
106.0   108.77597
107.0   101.69747
108.0   108.76164
109.0   102.29509
110.0   120.94941
111.0   112.10412
113.0   102.89826
114.0   110.63865
116.0   137.99210
118.0   114.63443
119.0   108.26821
120.0   117.01844
121.0   109.69531
122.0   106.29371
123.0    98.51575
124.0   116.76869
125.0   103.48742
126.0   109.96019
127.0   109.87918
128.0   123.96106
130.0   106.42735
131.0   129.47535
132.0   100.46049
134.0   101.29795
135.0   123.40224
136.0   127.82176
137.0   116.13896
138.0   117.92364
139.0   120.99172
140.0   146.34133
141.0    99.03783
142.0   117.24112
143.0   122.72210
144.0   134.89748
145.0   116.21683
146.0   128.69726
148.0   148.41521
149.0   115.19340
150.0   119.15786
151.0   115.04572
152.0   100.59394
153.0   105.58311
154.0   114.02941
155.0   113.20052
156.0   103.69822
157.0   108.41290
158.0    96.85337
159.0   110.96707
161.0    98.92568
162.0   103.44064
163.0   125.65247
164.0   107.60279
165.0   110.33828
166.0   109.54676
169.0   108.31007
170.0   108.70858
171.0   108.43863
172.0   120.75682
173.0   113.24736
174.0   100.62447
175.0   104.43770
177.0   103.58129
178.0   104.44007
180.0    99.59985
181.0   110.00631
182.0   101.90797
183.0    98.23201
184.0   100.97926
185.0   124.81303
186.0   105.06763
187.0    94.83850
188.0   113.51888
189.0   111.06760
190.0   102.13393
191.0   136.22654
192.0   104.93429
193.0   122.60414
194.0   108.73831
195.0    97.20502
196.0   105.90128
197.0   116.09169
198.0   108.37217
199.0   105.39100
200.0   108.63942
202.0   115.14546
203.0   110.39394
204.0   103.52839
205.0   109.53249
206.0    99.39091
207.0   100.99941
208.0   113.04116
209.0    97.76838
210.0    97.33503
211.0   109.41307
212.0   102.30709
213.0   120.30693
214.0   114.92591
215.0   108.48989
216.0    98.27828
218.0   111.30534
219.0   107.05214
220.0    95.68064
221.0   113.60186
222.0   110.87417
223.0   100.36801
224.0   107.28049
225.0   110.67539
227.0   112.41175
228.0   117.81002
229.0   123.42030
230.0   108.48633
231.0   115.06281
232.0   105.74417
233.0   106.76483
234.0   115.60711
235.0    96.14253
238.0   102.56923
240.0   122.78630
241.0   113.43794
242.0   113.50863
243.0   145.09045
244.0   111.88321
245.0   107.45025
246.0    97.32227
248.0    94.06817
249.0   100.10453
251.0   114.74605
252.0   101.10417
253.0   109.50670
254.0   105.71455
255.0   117.26402
256.0   111.19038
257.0   103.24384
258.0   118.73912
259.0   125.39142
261.0   109.37371
262.0   145.11921
263.0   106.93910
264.0   110.33079
265.0   107.92169
266.0   114.45182
267.0   106.78367
268.0   122.54134
269.0   102.79613
270.0   112.22147
272.0   112.99062
273.0    94.73646
274.0    95.73018
277.0   145.63253
278.0    97.84058
279.0   106.90215
280.0   124.28561
282.0   105.08261
283.0   105.42095
285.0   107.93363
286.0   120.73159
287.0   100.91360
288.0   125.69379
289.0   107.49870
290.0   110.75329
291.0   102.52049
292.0   100.48074
293.0   108.02711
294.0   120.20505
295.0   107.88818
296.0   114.88193
297.0    99.75025
298.0   119.50854
299.0   114.31604
300.0   100.53753
301.0   121.85268
306.0   101.10405
307.0   114.30598
308.0   110.17432
310.0   113.71053
311.0   100.73389
312.0    95.59727
314.0   120.87591
317.0    98.66977
318.0   102.70192
319.0   138.63617
320.0   109.83105
321.0   123.95539
323.0   104.94830
324.0   101.19108
325.0   107.08763
327.0   116.86691
329.0   101.14917
330.0   126.22880
331.0   102.05688
332.0   101.93906
333.0   101.96615
334.0   104.25872
335.0   100.87623
336.0   101.24921
337.0   102.09923
339.0   116.73166
341.0   111.67351
342.0   128.98524
343.0   110.19909
344.0   103.89252
345.0    93.66636
346.0   110.58669
348.0   131.23745
351.0   120.77151
352.0   106.34793
353.0   111.26169
354.0   105.77017
355.0   102.46249
356.0   120.79263
357.0   114.15677
358.0   115.29478
359.0   114.36980
360.0   101.09720
361.0   110.85959
362.0   102.31396
363.0   103.35311
364.0   106.46112
365.0   104.82856
366.0   130.04310
368.0   101.36136
369.0   119.69123
371.0    97.36653
372.0   105.31293
373.0   108.88833
375.0   106.92477
376.0   111.74750
377.0   120.34641
378.0   126.31518
379.0    99.79493
380.0   109.23756
381.0   109.09902
382.0   111.94725
383.0    97.26653
384.0   112.33697
385.0   123.63777
386.0   117.40543
387.0   101.85725
388.0    96.12193
389.0   108.12064
390.0   113.22670
391.0    97.87745
392.0   107.59729
393.0   111.79735
395.0   108.95044
396.0   111.39890
397.0   100.88932
398.0   102.02182
399.0   103.15984
401.0   112.99990
402.0    96.23845
403.0   117.88461
404.0    97.39809
405.0   105.09546
406.0   118.18574
408.0   112.20321
409.0    99.98108
410.0   106.21307
411.0   117.19036
412.0   116.22722
413.0   105.12400
414.0   111.39602
415.0    98.54706
416.0   129.09280
417.0   109.15980
418.0   105.70229
419.0   104.15971
420.0   109.47709
421.0   125.38850
422.0   107.16475
424.0   101.39646
426.0   103.50897
427.0    96.07543
428.0   110.65766
430.0   110.55869
431.0    96.76903
432.0   116.46816
433.0    96.55914
434.0    99.08964
435.0   111.17619
436.0   103.21018
437.0   100.56971
438.0   121.00201
439.0    95.82341
440.0   107.79454
441.0   106.13761
442.0    93.72571
443.0   119.65452
445.0   112.61076
447.0   114.87257
448.0   149.73247
449.0   101.40946
450.0   119.36720
451.0   101.24689
452.0   111.15034
453.0   116.69564
454.0   105.37836
455.0   103.50176
456.0   104.94231
457.0   117.00765
458.0   100.44249
459.0   109.09894
460.0   116.35059
461.0   119.67120
463.0   120.14651
464.0   106.44935
465.0   102.69573
466.0   118.79021
468.0   108.87329
469.0   109.80744
470.0   103.71722
472.0   102.15355
473.0   116.23202
474.0   121.32522
475.0   120.47937
476.0   127.68704
477.0   119.10192
478.0    98.05225
479.0   114.77484
480.0   110.27236
482.0   114.94735
483.0    96.65739
485.0   120.47429
486.0   123.78592
487.0   103.79513
488.0   126.76147
489.0   112.99405
490.0   102.71284
491.0    97.27107
492.0   100.91899
494.0   101.55858
495.0    99.36290
497.0   114.11540
498.0    90.17858
499.0   133.78723
500.0   125.46598
