0.25     0.0
0.5     0.0
0.75     0.0
1.0     0.0
1.25     0.0
1.5     0.0
1.75     0.0
2.0     0.0
2.25     0.0
2.5     0.0
2.75     0.0
3.0     0.0
3.25     0.0
3.5     0.0
3.75     0.0
4.0     0.0
4.25     0.0
4.5     0.0
4.75     0.0
5.0     0.0
5.25     0.0
5.5     0.0
5.75     0.0
6.0     0.0
6.25     0.0
6.5     0.0
6.75     0.0
7.0     0.0
7.25     0.0
7.5     0.0
7.75     0.0
8.0     0.0
8.25     0.0
8.5     0.0
8.75     0.0
9.0     0.0
9.25     0.0
9.5     0.0
9.75     0.0
10.0     0.0
10.25     0.0
10.5     0.0
10.75     0.0
11.0     0.0
11.25     0.0
11.5     0.0
11.75     0.0
12.0     0.0
12.25     0.0
12.5     0.0
12.75     0.0
13.0     0.0
13.25     0.0
13.5     0.0
13.75     0.0
14.0     0.0
14.25     0.0
14.5     0.0
14.75     0.0
15.0     0.0
15.25     0.0
15.5     0.0
15.75     0.0
16.0     0.0
16.25     0.0
16.5     0.0
16.75     0.0
17.0     0.0
17.25     0.0
17.5     0.0
17.75     0.0
18.0     0.0
18.25     0.0
18.5     0.0
18.75     0.0
19.0     0.0
19.25     0.0
19.5     0.0
19.75     0.0
20.0     0.0
20.25     0.0
20.5     0.0
20.75     0.0
21.0     0.0
21.25     0.0
21.5     0.0
21.75     0.0
22.0     0.0
22.25     0.0
22.5     0.0
22.75     0.0
23.0     0.0
23.25     0.0
23.5     0.0
23.75     0.0
24.0     0.0
24.25     0.0
24.5     0.0
24.75     0.0
25.0     0.0
25.25     0.0
25.5     0.0
25.75     0.0
26.0     0.0
26.25     0.0
26.5     0.0
26.75     0.0
27.0     0.0
27.25     0.0
27.5     0.0
27.75     0.0
28.0     0.0
28.25     0.0
28.5     0.0
28.75     0.0
29.0     0.0
29.25     0.0
29.5     0.0
29.75     0.0
30.0     0.0
30.25     0.0
30.5     0.0
30.75     0.0
31.0     0.0
31.25     0.0
31.5     0.0
31.75     0.0
32.0     0.0
32.25     0.0
32.5     0.0
32.75     0.0
33.0     0.0
33.25     0.0
33.5     0.0
33.75     0.0
34.0     0.0
34.25     0.0
34.5     0.0
34.75     0.0
35.0     0.0
35.25     0.0
35.5     0.0
35.75     0.0
36.0     0.0
36.25     0.0
36.5     0.0
36.75     0.0
37.0     0.0
37.25     0.0
37.5     0.0
37.75     0.0
38.0     0.0
38.25     0.0
38.5     0.0
38.75     0.0
39.0     0.0
39.25     0.0
39.5     0.0
39.75     0.0
40.0     0.0
40.25     0.0
40.5     0.0
40.75     0.0
41.0     0.0
41.25     0.0
41.5     0.0
41.75     0.0
42.0     0.0
42.25     0.0
42.5     0.0
42.75     0.0
43.0     0.0
43.25     0.0
43.5     0.0
43.75     0.0
44.0     0.0
44.25     0.0
44.5     0.0
44.75     0.0
45.0     0.0
45.25     0.0
45.5     0.0
45.75     0.0
46.0     0.0
46.25     0.0
46.5     0.0
46.75     0.0
47.0     0.0
47.25     0.0
47.5     0.0
47.75     0.0
48.0     0.0
48.25     0.0
48.5     0.0
48.75     0.0
49.0     0.0
49.25     0.0
49.5     0.0
49.75     0.0
50.0     0.0
50.25     0.0
50.5     0.0
50.75     0.0
51.0     0.0
51.25     0.0
51.5     0.0
51.75     0.0
52.0     0.0
52.25     0.0
52.5     0.0
52.75     0.0
53.0     0.0
53.25     0.0
53.5     0.0
53.75     0.0
54.0     0.0
54.25     0.0
54.5     0.0
54.75     0.0
55.0     0.0
55.25     0.0
55.5     0.0
55.75     0.0
56.0     0.0
56.25     0.0
56.5     0.0
56.75     0.0
57.0     0.0
57.25     0.0
57.5     0.0
57.75     0.0
58.0     0.0
58.25     0.0
58.5     0.0
58.75     0.0
59.0     0.0
59.25     0.0
59.5     0.0
59.75     0.0
60.0     0.0
60.25     0.0
60.5     0.0
60.75     0.0
61.0     0.0
61.25     0.0
61.5     0.0
61.75     0.0
62.0     0.0
62.25     0.0
62.5     0.0
62.75     0.0
63.0     0.0
63.25     0.0
63.5     0.0
63.75     0.0
64.0     0.0
64.25     0.0
64.5     0.0
64.75     0.0
65.0     0.0
65.25     0.0
65.5     0.0
65.75     0.0
66.0     0.0
66.25     0.0
66.5     0.0
66.75     0.0
67.0     0.0
67.25     0.0
67.5     0.0
67.75     0.0
68.0     0.0
68.25     0.0
68.5     0.0
68.75     0.0
69.0     0.0
69.25     0.0
69.5     0.0
69.75     0.0
70.0     0.0
70.25     0.0
70.5     0.0
70.75     0.0
71.0     0.0
71.25     0.0
71.5     0.0
71.75     0.0
72.0     0.002
72.25     0.002
72.5     0.002
72.75     0.002
73.0     0.002
73.25     0.002
73.5     0.002
73.75     0.002
74.0     0.002
74.25     0.002
74.5     0.004
74.75     0.004
75.0     0.004
75.25     0.004
75.5     0.004
75.75     0.004
76.0     0.006
76.25     0.006
76.5     0.006
76.75     0.006
77.0     0.006
77.25     0.006
77.5     0.006
77.75     0.006
78.0     0.006
78.25     0.006
78.5     0.006
78.75     0.006
79.0     0.006
79.25     0.006
79.5     0.006
79.75     0.006
80.0     0.006
80.25     0.006
80.5     0.006
80.75     0.006
81.0     0.006
81.25     0.006
81.5     0.006
81.75     0.006
82.0     0.006
82.25     0.006
82.5     0.006
82.75     0.006
83.0     0.006
83.25     0.006
83.5     0.006
83.75     0.006
84.0     0.006
84.25     0.006
84.5     0.006
84.75     0.006
85.0     0.006
85.25     0.006
85.5     0.006
85.75     0.006
86.0     0.006
86.25     0.006
86.5     0.006
86.75     0.006
87.0     0.006
87.25     0.006
87.5     0.006
87.75     0.006
88.0     0.006
88.25     0.006
88.5     0.006
88.75     0.006
89.0     0.006
89.25     0.006
89.5     0.006
89.75     0.006
90.0     0.006
90.25     0.006
90.5     0.006
90.75     0.006
91.0     0.006
91.25     0.006
91.5     0.006
91.75     0.006
92.0     0.006
92.25     0.006
92.5     0.006
92.75     0.006
93.0     0.006
93.25     0.006
93.5     0.006
93.75     0.006
94.0     0.006
94.25     0.006
94.5     0.006
94.75     0.006
95.0     0.006
95.25     0.006
95.5     0.006
95.75     0.006
96.0     0.006
96.25     0.006
96.5     0.006
96.75     0.006
97.0     0.006
97.25     0.006
97.5     0.006
97.75     0.006
98.0     0.006
98.25     0.006
98.5     0.006
98.75     0.006
99.0     0.006
99.25     0.006
99.5     0.006
99.75     0.006
100.0     0.006
100.25     0.006
100.5     0.006
100.75     0.006
101.0     0.006
101.25     0.006
101.5     0.006
101.75     0.006
102.0     0.006
102.25     0.006
102.5     0.006
102.75     0.006
103.0     0.006
103.25     0.006
103.5     0.006
103.75     0.006
104.0     0.006
104.25     0.006
104.5     0.006
104.75     0.006
105.0     0.006
105.25     0.006
105.5     0.006
105.75     0.006
106.0     0.006
106.25     0.006
106.5     0.006
106.75     0.006
107.0     0.006
107.25     0.006
107.5     0.006
107.75     0.006
108.0     0.006
108.25     0.006
108.5     0.006
108.75     0.006
109.0     0.006
109.25     0.006
109.5     0.006
109.75     0.006
110.0     0.006
110.25     0.006
110.5     0.006
110.75     0.006
111.0     0.006
111.25     0.006
111.5     0.006
111.75     0.006
112.0     0.006
112.25     0.006
112.5     0.006
112.75     0.006
113.0     0.006
113.25     0.006
113.5     0.006
113.75     0.006
114.0     0.006
114.25     0.006
114.5     0.006
114.75     0.006
115.0     0.006
115.25     0.006
115.5     0.006
115.75     0.006
116.0     0.006
116.25     0.006
116.5     0.006
116.75     0.006
117.0     0.006
117.25     0.006
117.5     0.006
117.75     0.006
118.0     0.006
118.25     0.006
118.5     0.006
118.75     0.006
119.0     0.006
119.25     0.006
119.5     0.006
119.75     0.006
120.0     0.006
120.25     0.006
120.5     0.006
120.75     0.006
121.0     0.006
121.25     0.006
121.5     0.006
121.75     0.006
122.0     0.006
122.25     0.006
122.5     0.006
122.75     0.006
123.0     0.006
123.25     0.006
123.5     0.006
123.75     0.006
124.0     0.006
124.25     0.006
124.5     0.006
124.75     0.006
125.0     0.006
125.25     0.006
125.5     0.006
125.75     0.006
126.0     0.006
126.25     0.006
126.5     0.006
126.75     0.006
127.0     0.006
127.25     0.006
127.5     0.006
127.75     0.006
128.0     0.006
128.25     0.006
128.5     0.006
128.75     0.006
129.0     0.006
129.25     0.006
129.5     0.006
129.75     0.006
130.0     0.006
130.25     0.006
130.5     0.006
130.75     0.006
131.0     0.006
131.25     0.006
131.5     0.006
131.75     0.006
132.0     0.006
132.25     0.006
132.5     0.006
132.75     0.006
133.0     0.006
133.25     0.006
133.5     0.006
133.75     0.006
134.0     0.006
134.25     0.006
134.5     0.006
134.75     0.006
135.0     0.006
135.25     0.006
135.5     0.006
135.75     0.006
136.0     0.006
136.25     0.006
136.5     0.006
136.75     0.006
137.0     0.006
137.25     0.006
137.5     0.006
137.75     0.006
138.0     0.006
138.25     0.006
138.5     0.006
138.75     0.006
139.0     0.006
139.25     0.006
139.5     0.006
139.75     0.006
140.0     0.006
140.25     0.006
140.5     0.006
140.75     0.006
141.0     0.006
141.25     0.006
141.5     0.01
141.75     0.01
142.0     0.01
142.25     0.01
142.5     0.01
142.75     0.01
143.0     0.01
143.25     0.01
143.5     0.01
143.75     0.01
144.0     0.01
144.25     0.01
144.5     0.01
144.75     0.01
145.0     0.01
145.25     0.01
145.5     0.01
145.75     0.01
146.0     0.01
146.25     0.01
146.5     0.01
146.75     0.01
147.0     0.01
147.25     0.01
147.5     0.01
147.75     0.01
148.0     0.01
148.25     0.01
148.5     0.01
148.75     0.01
149.0     0.01
149.25     0.01
149.5     0.01
149.75     0.01
150.0     0.01
150.25     0.01
150.5     0.01
150.75     0.01
151.0     0.01
151.25     0.01
151.5     0.01
151.75     0.01
152.0     0.01
152.25     0.01
152.5     0.01
152.75     0.01
153.0     0.01
153.25     0.01
153.5     0.01
153.75     0.01
154.0     0.01
154.25     0.01
154.5     0.01
154.75     0.01
155.0     0.01
155.25     0.01
155.5     0.01
155.75     0.012
156.0     0.012
156.25     0.012
156.5     0.014
156.75     0.012
157.0     0.012
157.25     0.01
157.5     0.01
157.75     0.01
158.0     0.01
158.25     0.01
158.5     0.01
158.75     0.01
159.0     0.012
159.25     0.012
159.5     0.012
159.75     0.012
160.0     0.012
160.25     0.012
160.5     0.014
160.75     0.018
161.0     0.018
161.25     0.018
161.5     0.018
161.75     0.02
162.0     0.02
162.25     0.022
162.5     0.022
162.75     0.028
163.0     0.026
163.25     0.028
163.5     0.03
163.75     0.032
164.0     0.036
164.25     0.036
164.5     0.04
164.75     0.036
165.0     0.032
165.25     0.038
165.5     0.042
165.75     0.044
166.0     0.042
166.25     0.044
166.5     0.052
166.75     0.056
167.0     0.066
167.25     0.07
167.5     0.07
167.75     0.076
168.0     0.08
168.25     0.082
168.5     0.082
168.75     0.082
169.0     0.082
169.25     0.082
169.5     0.088
169.75     0.09
170.0     0.096
170.25     0.104
170.5     0.102
170.75     0.106
171.0     0.11
171.25     0.112
171.5     0.118
171.75     0.12
172.0     0.122
172.25     0.124
172.5     0.124
172.75     0.128
173.0     0.128
173.25     0.126
173.5     0.13
173.75     0.132
174.0     0.13
174.25     0.132
174.5     0.138
174.75     0.142
175.0     0.142
175.25     0.14
175.5     0.14
175.75     0.14
176.0     0.142
176.25     0.144
176.5     0.144
176.75     0.144
177.0     0.146
177.25     0.15
177.5     0.15
177.75     0.152
178.0     0.152
178.25     0.152
178.5     0.152
178.75     0.156
179.0     0.156
179.25     0.16
179.5     0.16
179.75     0.16
180.0     0.162
180.25     0.166
180.5     0.168
180.75     0.168
181.0     0.17
181.25     0.17
181.5     0.172
181.75     0.172
182.0     0.174
182.25     0.174
182.5     0.176
182.75     0.176
183.0     0.174
183.25     0.18
183.5     0.18
183.75     0.18
184.0     0.18
184.25     0.18
184.5     0.184
184.75     0.19
185.0     0.19
185.25     0.19
185.5     0.19
185.75     0.192
186.0     0.194
186.25     0.198
186.5     0.202
186.75     0.206
187.0     0.208
187.25     0.208
187.5     0.21
187.75     0.214
188.0     0.214
188.25     0.214
188.5     0.214
188.75     0.216
189.0     0.216
189.25     0.218
189.5     0.22
189.75     0.218
190.0     0.218
190.25     0.22
190.5     0.222
190.75     0.224
191.0     0.224
191.25     0.226
191.5     0.226
191.75     0.226
192.0     0.226
192.25     0.226
192.5     0.226
192.75     0.226
193.0     0.226
193.25     0.226
193.5     0.226
193.75     0.226
194.0     0.226
194.25     0.228
194.5     0.228
194.75     0.23
195.0     0.23
195.25     0.234
195.5     0.236
195.75     0.236
196.0     0.236
196.25     0.238
196.5     0.238
196.75     0.238
197.0     0.238
197.25     0.238
197.5     0.238
197.75     0.238
198.0     0.238
198.25     0.24
198.5     0.24
198.75     0.242
199.0     0.242
199.25     0.242
199.5     0.242
199.75     0.242
200.0     0.242
200.25     0.242
200.5     0.242
200.75     0.242
201.0     0.242
201.25     0.244
201.5     0.244
201.75     0.244
202.0     0.244
202.25     0.244
202.5     0.244
202.75     0.244
203.0     0.244
203.25     0.244
203.5     0.244
203.75     0.244
204.0     0.246
204.25     0.248
204.5     0.25
204.75     0.25
205.0     0.25
205.25     0.25
205.5     0.25
205.75     0.252
206.0     0.252
206.25     0.252
206.5     0.252
206.75     0.252
207.0     0.252
207.25     0.252
207.5     0.254
207.75     0.254
208.0     0.254
208.25     0.252
208.5     0.252
208.75     0.252
209.0     0.252
209.25     0.252
209.5     0.256
209.75     0.258
210.0     0.258
210.25     0.258
210.5     0.256
210.75     0.256
211.0     0.256
211.25     0.258
211.5     0.258
211.75     0.26
212.0     0.262
212.25     0.262
212.5     0.268
212.75     0.27
213.0     0.268
213.25     0.272
213.5     0.274
213.75     0.274
214.0     0.28
214.25     0.286
214.5     0.286
214.75     0.286
215.0     0.286
215.25     0.288
215.5     0.286
215.75     0.286
216.0     0.292
216.25     0.292
216.5     0.294
216.75     0.294
217.0     0.298
217.25     0.298
217.5     0.304
217.75     0.304
218.0     0.302
218.25     0.304
218.5     0.306
218.75     0.306
219.0     0.31
219.25     0.31
219.5     0.312
219.75     0.314
220.0     0.314
220.25     0.314
220.5     0.314
220.75     0.316
221.0     0.316
221.25     0.316
221.5     0.316
221.75     0.316
222.0     0.318
222.25     0.318
222.5     0.322
222.75     0.326
223.0     0.33
223.25     0.332
223.5     0.334
223.75     0.334
224.0     0.334
224.25     0.336
224.5     0.338
224.75     0.338
225.0     0.338
225.25     0.34
225.5     0.34
225.75     0.34
226.0     0.346
226.25     0.346
226.5     0.346
226.75     0.352
227.0     0.352
227.25     0.354
227.5     0.356
227.75     0.358
228.0     0.36
228.25     0.36
228.5     0.362
228.75     0.362
229.0     0.37
229.25     0.37
229.5     0.37
229.75     0.374
230.0     0.374
230.25     0.374
230.5     0.374
230.75     0.374
231.0     0.376
231.25     0.378
231.5     0.376
231.75     0.378
232.0     0.378
232.25     0.38
232.5     0.38
232.75     0.384
233.0     0.384
233.25     0.386
233.5     0.386
233.75     0.386
234.0     0.394
234.25     0.394
234.5     0.396
234.75     0.402
235.0     0.402
235.25     0.402
235.5     0.404
235.75     0.404
236.0     0.408
236.25     0.416
236.5     0.414
236.75     0.416
237.0     0.416
237.25     0.416
237.5     0.418
237.75     0.422
238.0     0.422
238.25     0.422
238.5     0.424
238.75     0.426
239.0     0.424
239.25     0.424
239.5     0.422
239.75     0.422
240.0     0.422
240.25     0.424
240.5     0.424
240.75     0.426
241.0     0.428
241.25     0.428
241.5     0.428
241.75     0.428
242.0     0.43
242.25     0.43
242.5     0.43
242.75     0.43
243.0     0.43
243.25     0.43
243.5     0.43
243.75     0.432
244.0     0.432
244.25     0.434
244.5     0.434
244.75     0.434
245.0     0.438
245.25     0.438
245.5     0.44
245.75     0.438
246.0     0.44
246.25     0.44
246.5     0.442
246.75     0.442
247.0     0.442
247.25     0.442
247.5     0.442
247.75     0.446
248.0     0.448
248.25     0.452
248.5     0.452
248.75     0.452
249.0     0.452
249.25     0.452
249.5     0.452
249.75     0.454
250.0     0.456
250.25     0.458
250.5     0.458
250.75     0.458
251.0     0.462
251.25     0.464
251.5     0.464
251.75     0.464
252.0     0.464
252.25     0.464
252.5     0.464
252.75     0.464
253.0     0.466
253.25     0.466
253.5     0.468
253.75     0.468
254.0     0.47
254.25     0.47
254.5     0.474
254.75     0.476
255.0     0.478
255.25     0.478
255.5     0.484
255.75     0.49
256.0     0.492
256.25     0.49
256.5     0.49
256.75     0.49
257.0     0.492
257.25     0.496
257.5     0.496
257.75     0.498
258.0     0.498
258.25     0.496
258.5     0.5
258.75     0.5
259.0     0.498
259.25     0.502
259.5     0.502
259.75     0.506
260.0     0.508
260.25     0.508
260.5     0.508
260.75     0.512
261.0     0.512
261.25     0.512
261.5     0.514
261.75     0.514
262.0     0.52
262.25     0.522
262.5     0.526
262.75     0.534
263.0     0.538
263.25     0.54
263.5     0.544
263.75     0.548
264.0     0.552
264.25     0.56
264.5     0.564
264.75     0.566
265.0     0.566
265.25     0.566
265.5     0.568
265.75     0.568
266.0     0.568
266.25     0.57
266.5     0.57
266.75     0.578
267.0     0.576
267.25     0.578
267.5     0.582
267.75     0.586
268.0     0.588
268.25     0.59
268.5     0.59
268.75     0.594
269.0     0.596
269.25     0.602
269.5     0.602
269.75     0.606
270.0     0.606
270.25     0.606
270.5     0.608
270.75     0.612
271.0     0.616
271.25     0.618
271.5     0.622
271.75     0.628
272.0     0.628
272.25     0.63
272.5     0.632
272.75     0.632
273.0     0.632
273.25     0.632
273.5     0.63
273.75     0.632
274.0     0.634
274.25     0.636
274.5     0.634
274.75     0.636
275.0     0.636
275.25     0.636
275.5     0.636
275.75     0.636
276.0     0.64
276.25     0.642
276.5     0.644
276.75     0.646
277.0     0.646
277.25     0.646
277.5     0.646
277.75     0.646
278.0     0.646
278.25     0.648
278.5     0.65
278.75     0.654
279.0     0.654
279.25     0.654
279.5     0.658
279.75     0.66
280.0     0.662
280.25     0.662
280.5     0.662
280.75     0.662
281.0     0.662
281.25     0.662
281.5     0.664
281.75     0.67
282.0     0.672
282.25     0.674
282.5     0.674
282.75     0.674
283.0     0.676
283.25     0.676
283.5     0.676
283.75     0.678
284.0     0.678
284.25     0.68
284.5     0.68
284.75     0.68
285.0     0.68
285.25     0.682
285.5     0.684
285.75     0.686
286.0     0.688
286.25     0.688
286.5     0.692
286.75     0.692
287.0     0.694
287.25     0.696
287.5     0.696
287.75     0.698
288.0     0.698
288.25     0.7
288.5     0.7
288.75     0.702
289.0     0.706
289.25     0.708
289.5     0.708
289.75     0.716
290.0     0.718
290.25     0.718
290.5     0.72
290.75     0.72
291.0     0.722
291.25     0.722
291.5     0.726
291.75     0.728
292.0     0.728
292.25     0.728
292.5     0.732
292.75     0.732
293.0     0.734
293.25     0.736
293.5     0.736
293.75     0.738
294.0     0.742
294.25     0.744
294.5     0.75
294.75     0.75
295.0     0.748
295.25     0.75
295.5     0.752
295.75     0.756
296.0     0.756
296.25     0.756
296.5     0.758
296.75     0.758
297.0     0.76
297.25     0.76
297.5     0.76
297.75     0.762
298.0     0.762
298.25     0.77
298.5     0.772
298.75     0.772
299.0     0.772
299.25     0.774
299.5     0.774
299.75     0.776
300.0     0.776
300.25     0.776
300.5     0.778
300.75     0.778
301.0     0.78
301.25     0.78
301.5     0.78
301.75     0.78
302.0     0.78
302.25     0.78
302.5     0.784
302.75     0.784
303.0     0.784
303.25     0.784
303.5     0.784
303.75     0.784
304.0     0.784
304.25     0.788
304.5     0.788
304.75     0.788
305.0     0.788
305.25     0.788
305.5     0.788
305.75     0.792
306.0     0.79
306.25     0.79
306.5     0.79
306.75     0.79
307.0     0.792
307.25     0.792
307.5     0.796
307.75     0.798
308.0     0.796
308.25     0.798
308.5     0.798
308.75     0.798
309.0     0.798
309.25     0.796
309.5     0.796
309.75     0.796
310.0     0.802
310.25     0.804
310.5     0.804
310.75     0.804
311.0     0.804
311.25     0.804
311.5     0.806
311.75     0.812
312.0     0.812
312.25     0.812
312.5     0.818
312.75     0.82
313.0     0.82
313.25     0.82
313.5     0.82
313.75     0.822
314.0     0.824
314.25     0.824
314.5     0.824
314.75     0.824
315.0     0.832
315.25     0.832
315.5     0.832
315.75     0.832
316.0     0.832
316.25     0.834
316.5     0.834
316.75     0.834
317.0     0.834
317.25     0.836
317.5     0.836
317.75     0.836
318.0     0.836
318.25     0.84
318.5     0.84
318.75     0.84
319.0     0.84
319.25     0.842
319.5     0.842
319.75     0.842
320.0     0.842
320.25     0.842
320.5     0.842
320.75     0.842
321.0     0.844
321.25     0.844
321.5     0.846
321.75     0.846
322.0     0.846
322.25     0.846
322.5     0.848
322.75     0.848
323.0     0.848
323.25     0.85
323.5     0.85
323.75     0.85
324.0     0.85
324.25     0.85
324.5     0.852
324.75     0.854
325.0     0.858
325.25     0.86
325.5     0.864
325.75     0.862
326.0     0.864
326.25     0.864
326.5     0.862
326.75     0.864
327.0     0.864
327.25     0.864
327.5     0.864
327.75     0.864
328.0     0.864
328.25     0.864
328.5     0.866
328.75     0.866
329.0     0.866
329.25     0.866
329.5     0.866
329.75     0.866
330.0     0.866
330.25     0.868
330.5     0.868
330.75     0.868
331.0     0.868
331.25     0.868
331.5     0.868
331.75     0.872
332.0     0.872
332.25     0.872
332.5     0.872
332.75     0.872
333.0     0.874
333.25     0.874
333.5     0.874
333.75     0.874
334.0     0.874
334.25     0.876
334.5     0.878
334.75     0.876
335.0     0.876
335.25     0.876
335.5     0.876
335.75     0.876
336.0     0.876
336.25     0.876
336.5     0.876
336.75     0.878
337.0     0.878
337.25     0.88
337.5     0.88
337.75     0.882
338.0     0.882
338.25     0.882
338.5     0.884
338.75     0.884
339.0     0.886
339.25     0.886
339.5     0.886
339.75     0.886
340.0     0.886
340.25     0.886
340.5     0.886
340.75     0.886
341.0     0.888
341.25     0.888
341.5     0.888
341.75     0.886
342.0     0.886
342.25     0.886
342.5     0.886
342.75     0.886
343.0     0.888
343.25     0.888
343.5     0.888
343.75     0.888
344.0     0.888
344.25     0.89
344.5     0.89
344.75     0.892
345.0     0.892
345.25     0.894
345.5     0.894
345.75     0.896
346.0     0.896
346.25     0.896
346.5     0.896
346.75     0.896
347.0     0.898
347.25     0.898
347.5     0.898
347.75     0.898
348.0     0.898
348.25     0.898
348.5     0.9
348.75     0.9
349.0     0.9
349.25     0.9
349.5     0.9
349.75     0.9
350.0     0.9
350.25     0.9
350.5     0.9
350.75     0.9
351.0     0.9
351.25     0.9
351.5     0.902
351.75     0.902
352.0     0.904
352.25     0.904
352.5     0.904
352.75     0.904
353.0     0.904
353.25     0.906
353.5     0.906
353.75     0.908
354.0     0.908
354.25     0.908
354.5     0.908
354.75     0.908
355.0     0.908
355.25     0.908
355.5     0.91
355.75     0.91
356.0     0.91
356.25     0.91
356.5     0.912
356.75     0.912
357.0     0.912
357.25     0.912
357.5     0.912
357.75     0.914
358.0     0.916
358.25     0.916
358.5     0.916
358.75     0.916
359.0     0.916
359.25     0.92
359.5     0.924
359.75     0.924
360.0     0.924
360.25     0.924
360.5     0.924
360.75     0.924
361.0     0.924
361.25     0.926
361.5     0.926
361.75     0.926
362.0     0.926
362.25     0.926
362.5     0.926
362.75     0.926
363.0     0.926
363.25     0.926
363.5     0.926
363.75     0.926
364.0     0.926
364.25     0.926
364.5     0.928
364.75     0.928
365.0     0.928
365.25     0.928
365.5     0.928
365.75     0.928
366.0     0.928
366.25     0.928
366.5     0.93
366.75     0.93
367.0     0.93
367.25     0.93
367.5     0.93
367.75     0.93
368.0     0.93
368.25     0.93
368.5     0.93
368.75     0.93
369.0     0.93
369.25     0.93
369.5     0.932
369.75     0.932
370.0     0.932
370.25     0.932
370.5     0.932
370.75     0.934
371.0     0.934
371.25     0.934
371.5     0.934
371.75     0.934
372.0     0.934
372.25     0.934
372.5     0.934
372.75     0.934
373.0     0.934
373.25     0.934
373.5     0.934
373.75     0.934
374.0     0.934
374.25     0.934
374.5     0.934
374.75     0.934
375.0     0.934
375.25     0.934
375.5     0.936
375.75     0.936
376.0     0.94
376.25     0.94
376.5     0.94
376.75     0.94
377.0     0.94
377.25     0.94
377.5     0.94
377.75     0.94
378.0     0.94
378.25     0.94
378.5     0.94
378.75     0.94
379.0     0.94
379.25     0.94
379.5     0.94
379.75     0.94
380.0     0.94
380.25     0.942
380.5     0.942
380.75     0.942
381.0     0.942
381.25     0.942
381.5     0.942
381.75     0.942
382.0     0.942
382.25     0.942
382.5     0.942
382.75     0.942
383.0     0.944
383.25     0.944
383.5     0.944
383.75     0.944
384.0     0.944
384.25     0.944
384.5     0.944
384.75     0.944
385.0     0.944
385.25     0.944
385.5     0.944
385.75     0.946
386.0     0.946
386.25     0.946
386.5     0.946
386.75     0.946
387.0     0.946
387.25     0.946
387.5     0.946
387.75     0.946
388.0     0.946
388.25     0.946
388.5     0.946
388.75     0.946
389.0     0.946
389.25     0.946
389.5     0.948
389.75     0.95
390.0     0.95
390.25     0.95
390.5     0.95
390.75     0.95
391.0     0.95
391.25     0.95
391.5     0.95
391.75     0.95
392.0     0.95
392.25     0.95
392.5     0.952
392.75     0.952
393.0     0.952
393.25     0.952
393.5     0.952
393.75     0.952
394.0     0.952
394.25     0.952
394.5     0.952
394.75     0.952
395.0     0.952
395.25     0.952
395.5     0.952
395.75     0.952
396.0     0.952
396.25     0.952
396.5     0.952
396.75     0.952
397.0     0.952
397.25     0.952
397.5     0.952
397.75     0.952
398.0     0.952
398.25     0.952
398.5     0.954
398.75     0.956
399.0     0.954
399.25     0.956
399.5     0.956
399.75     0.956
400.0     0.956
400.25     0.956
400.5     0.956
400.75     0.956
401.0     0.956
401.25     0.956
401.5     0.956
401.75     0.956
402.0     0.958
402.25     0.958
402.5     0.958
402.75     0.96
403.0     0.96
403.25     0.96
403.5     0.96
403.75     0.96
404.0     0.96
404.25     0.96
404.5     0.962
404.75     0.962
405.0     0.962
405.25     0.962
405.5     0.962
405.75     0.962
406.0     0.96
406.25     0.96
406.5     0.96
406.75     0.96
407.0     0.96
407.25     0.96
407.5     0.96
407.75     0.96
408.0     0.96
408.25     0.962
408.5     0.962
408.75     0.962
409.0     0.962
409.25     0.962
409.5     0.964
409.75     0.966
410.0     0.966
410.25     0.966
410.5     0.966
410.75     0.966
411.0     0.966
411.25     0.966
411.5     0.966
411.75     0.966
412.0     0.966
412.25     0.966
412.5     0.966
412.75     0.966
413.0     0.966
413.25     0.966
413.5     0.966
413.75     0.966
414.0     0.966
414.25     0.966
414.5     0.966
414.75     0.966
415.0     0.966
415.25     0.966
415.5     0.966
415.75     0.966
416.0     0.966
416.25     0.968
416.5     0.968
416.75     0.968
417.0     0.968
417.25     0.968
417.5     0.968
417.75     0.968
418.0     0.968
418.25     0.968
418.5     0.968
418.75     0.968
419.0     0.968
419.25     0.968
419.5     0.968
419.75     0.968
420.0     0.968
420.25     0.968
420.5     0.968
420.75     0.968
421.0     0.968
421.25     0.968
421.5     0.968
421.75     0.97
422.0     0.97
422.25     0.97
422.5     0.97
422.75     0.97
423.0     0.97
423.25     0.97
423.5     0.97
423.75     0.97
424.0     0.972
424.25     0.972
424.5     0.972
424.75     0.972
425.0     0.972
425.25     0.972
425.5     0.972
425.75     0.972
426.0     0.972
426.25     0.972
426.5     0.972
426.75     0.972
427.0     0.972
427.25     0.972
427.5     0.972
427.75     0.972
428.0     0.972
428.25     0.972
428.5     0.972
428.75     0.972
429.0     0.972
429.25     0.972
429.5     0.972
429.75     0.974
430.0     0.974
430.25     0.974
430.5     0.974
430.75     0.974
431.0     0.974
431.25     0.974
431.5     0.974
431.75     0.974
432.0     0.974
432.25     0.974
432.5     0.974
432.75     0.974
433.0     0.974
433.25     0.974
433.5     0.974
433.75     0.974
434.0     0.974
434.25     0.974
434.5     0.976
434.75     0.976
435.0     0.976
435.25     0.976
435.5     0.976
435.75     0.976
436.0     0.976
436.25     0.976
436.5     0.976
436.75     0.976
437.0     0.976
437.25     0.976
437.5     0.976
437.75     0.976
438.0     0.976
438.25     0.976
438.5     0.976
438.75     0.976
439.0     0.976
439.25     0.976
439.5     0.976
439.75     0.976
440.0     0.976
440.25     0.976
440.5     0.976
440.75     0.976
441.0     0.976
441.25     0.976
441.5     0.976
441.75     0.976
442.0     0.976
442.25     0.976
442.5     0.976
442.75     0.976
443.0     0.976
443.25     0.976
443.5     0.976
443.75     0.976
444.0     0.976
444.25     0.976
444.5     0.976
444.75     0.976
445.0     0.976
445.25     0.976
445.5     0.978
445.75     0.978
446.0     0.978
446.25     0.978
446.5     0.978
446.75     0.978
447.0     0.978
447.25     0.978
447.5     0.978
447.75     0.978
448.0     0.978
448.25     0.978
448.5     0.978
448.75     0.978
449.0     0.978
449.25     0.978
449.5     0.978
449.75     0.978
450.0     0.978
450.25     0.978
450.5     0.978
450.75     0.978
451.0     0.978
451.25     0.978
451.5     0.978
451.75     0.978
452.0     0.978
452.25     0.978
452.5     0.978
452.75     0.98
453.0     0.98
453.25     0.98
453.5     0.98
453.75     0.98
454.0     0.98
454.25     0.98
454.5     0.98
454.75     0.98
455.0     0.98
455.25     0.98
455.5     0.98
455.75     0.98
456.0     0.98
456.25     0.98
456.5     0.98
456.75     0.982
457.0     0.982
457.25     0.982
457.5     0.982
457.75     0.984
458.0     0.984
458.25     0.984
458.5     0.984
458.75     0.984
459.0     0.984
459.25     0.984
459.5     0.984
459.75     0.984
460.0     0.986
460.25     0.986
460.5     0.986
460.75     0.986
461.0     0.986
461.25     0.986
461.5     0.986
461.75     0.986
462.0     0.986
462.25     0.986
462.5     0.986
462.75     0.986
463.0     0.986
463.25     0.986
463.5     0.986
463.75     0.986
464.0     0.986
464.25     0.986
464.5     0.986
464.75     0.986
465.0     0.986
465.25     0.988
465.5     0.988
465.75     0.988
466.0     0.988
466.25     0.988
466.5     0.988
466.75     0.988
467.0     0.988
467.25     0.988
467.5     0.988
467.75     0.988
468.0     0.988
468.25     0.988
468.5     0.988
468.75     0.988
469.0     0.988
469.25     0.988
469.5     0.988
469.75     0.988
470.0     0.988
470.25     0.988
470.5     0.988
470.75     0.99
471.0     0.99
471.25     0.99
471.5     0.99
471.75     0.99
472.0     0.99
472.25     0.99
472.5     0.99
472.75     0.99
473.0     0.99
473.25     0.99
473.5     0.99
473.75     0.99
474.0     0.99
474.25     0.99
474.5     0.99
474.75     0.99
475.0     0.99
475.25     0.99
475.5     0.99
475.75     0.99
476.0     0.99
476.25     0.99
476.5     0.99
476.75     0.99
477.0     0.99
477.25     0.99
477.5     0.99
477.75     0.99
478.0     0.99
478.25     0.99
478.5     0.99
478.75     0.99
479.0     0.99
479.25     0.99
479.5     0.99
479.75     0.99
480.0     0.99
480.25     0.99
480.5     0.99
480.75     0.99
481.0     0.99
481.25     0.99
481.5     0.99
481.75     0.99
482.0     0.99
482.25     0.99
482.5     0.99
482.75     0.99
483.0     0.99
483.25     0.99
483.5     0.99
483.75     0.99
484.0     0.99
484.25     0.99
484.5     0.99
484.75     0.99
485.0     0.99
485.25     0.99
485.5     0.99
485.75     0.99
486.0     0.99
486.25     0.99
486.5     0.99
486.75     0.99
487.0     0.99
487.25     0.99
487.5     0.99
487.75     0.99
488.0     0.99
488.25     0.99
488.5     0.99
488.75     0.99
489.0     0.99
489.25     0.99
489.5     0.99
489.75     0.99
490.0     0.99
490.25     0.99
490.5     0.99
490.75     0.99
491.0     0.99
491.25     0.99
491.5     0.99
491.75     0.99
492.0     0.99
492.25     0.99
492.5     0.99
492.75     0.99
493.0     0.99
493.25     0.99
493.5     0.99
493.75     0.99
494.0     0.99
494.25     0.99
494.5     0.99
494.75     0.99
495.0     0.99
495.25     0.99
495.5     0.99
495.75     0.99
496.0     0.99
496.25     0.99
496.5     0.99
496.75     0.99
497.0     0.99
497.25     0.99
497.5     0.99
497.75     0.99
498.0     0.988
498.25     0.988
498.5     0.988
498.75     0.988
499.0     0.988
499.25     0.988
499.5     0.988
499.75     0.988
500.0     0.988
500.25     0.988
500.5     0.988
500.75     0.988
501.0     0.988
501.25     0.988
501.5     0.988
501.75     0.988
502.0     0.988
502.25     0.988
502.5     0.988
502.75     0.988
503.0     0.988
503.25     0.988
503.5     0.988
503.75     0.988
504.0     0.988
504.25     0.988
504.5     0.988
504.75     0.988
505.0     0.988
505.25     0.988
505.5     0.988
505.75     0.988
506.0     0.988
506.25     0.988
506.5     0.988
506.75     0.988
507.0     0.988
507.25     0.988
507.5     0.988
507.75     0.988
508.0     0.988
508.25     0.988
508.5     0.988
508.75     0.988
509.0     0.988
509.25     0.988
509.5     0.99
509.75     0.99
510.0     0.99
510.25     0.99
510.5     0.99
510.75     0.99
511.0     0.99
511.25     0.99
511.5     0.99
511.75     0.99
512.0     0.99
512.25     0.99
512.5     0.99
512.75     0.99
513.0     0.99
513.25     0.99
513.5     0.99
513.75     0.99
514.0     0.99
514.25     0.99
514.5     0.99
514.75     0.99
515.0     0.99
515.25     0.99
515.5     0.99
515.75     0.99
516.0     0.99
516.25     0.99
516.5     0.99
516.75     0.99
517.0     0.99
517.25     0.99
517.5     0.99
517.75     0.99
518.0     0.99
518.25     0.99
518.5     0.99
518.75     0.99
519.0     0.99
519.25     0.99
519.5     0.99
519.75     0.99
520.0     0.99
520.25     0.99
520.5     0.99
520.75     0.99
521.0     0.99
521.25     0.99
521.5     0.99
521.75     0.99
522.0     0.99
522.25     0.99
522.5     0.99
522.75     0.99
523.0     0.99
523.25     0.99
523.5     0.99
523.75     0.99
524.0     0.99
524.25     0.99
524.5     0.99
524.75     0.99
525.0     0.99
525.25     0.99
525.5     0.99
525.75     0.99
526.0     0.99
526.25     0.99
526.5     0.99
526.75     0.99
527.0     0.99
527.25     0.99
527.5     0.99
527.75     0.99
528.0     0.99
528.25     0.99
528.5     0.99
528.75     0.99
529.0     0.99
529.25     0.99
529.5     0.99
529.75     0.99
530.0     0.99
530.25     0.99
530.5     0.99
530.75     0.99
531.0     0.99
531.25     0.99
531.5     0.99
531.75     0.99
532.0     0.99
532.25     0.99
532.5     0.99
532.75     0.99
533.0     0.99
533.25     0.99
533.5     0.99
533.75     0.99
534.0     0.99
534.25     0.99
534.5     0.99
534.75     0.99
535.0     0.99
535.25     0.99
535.5     0.99
535.75     0.99
536.0     0.99
536.25     0.99
536.5     0.99
536.75     0.99
537.0     0.99
537.25     0.99
537.5     0.99
537.75     0.99
538.0     0.99
538.25     0.99
538.5     0.99
538.75     0.99
539.0     0.99
539.25     0.99
539.5     0.99
539.75     0.99
540.0     0.99
540.25     0.99
540.5     0.99
540.75     0.99
541.0     0.99
541.25     0.99
541.5     0.99
541.75     0.99
542.0     0.99
542.25     0.99
542.5     0.99
542.75     0.99
543.0     0.99
543.25     0.99
543.5     0.99
543.75     0.99
544.0     0.99
544.25     0.99
544.5     0.99
544.75     0.99
545.0     0.99
545.25     0.99
545.5     0.99
545.75     0.99
546.0     0.99
546.25     0.99
546.5     0.99
546.75     0.99
547.0     0.99
547.25     0.99
547.5     0.99
547.75     0.99
548.0     0.99
548.25     0.99
548.5     0.99
548.75     0.99
549.0     0.99
549.25     0.99
549.5     0.99
549.75     0.99
550.0     0.99
550.25     0.99
550.5     0.99
550.75     0.99
551.0     0.99
551.25     0.99
551.5     0.99
551.75     0.99
552.0     0.99
552.25     0.99
552.5     0.99
552.75     0.99
553.0     0.99
553.25     0.99
553.5     0.99
553.75     0.99
554.0     0.99
554.25     0.99
554.5     0.99
554.75     0.99
555.0     0.99
555.25     0.99
555.5     0.99
555.75     0.99
556.0     0.99
556.25     0.99
556.5     0.99
556.75     0.99
557.0     0.99
557.25     0.99
557.5     0.99
557.75     0.99
558.0     0.99
558.25     0.99
558.5     0.99
558.75     0.99
559.0     0.99
559.25     0.99
559.5     0.99
559.75     0.99
560.0     0.99
560.25     0.99
560.5     0.99
560.75     0.99
561.0     0.99
561.25     0.99
561.5     0.99
561.75     0.99
562.0     0.99
562.25     0.99
562.5     0.99
562.75     0.99
563.0     0.99
563.25     0.99
563.5     0.99
563.75     0.99
564.0     0.99
564.25     0.99
564.5     0.992
564.75     0.992
565.0     0.992
565.25     0.992
565.5     0.992
565.75     0.992
566.0     0.992
566.25     0.992
566.5     0.992
566.75     0.992
567.0     0.992
567.25     0.992
567.5     0.992
567.75     0.992
568.0     0.992
568.25     0.992
568.5     0.992
568.75     0.992
569.0     0.992
569.25     0.992
569.5     0.992
569.75     0.992
570.0     0.992
570.25     0.992
570.5     0.992
570.75     0.992
571.0     0.992
571.25     0.992
571.5     0.992
571.75     0.992
572.0     0.992
572.25     0.992
572.5     0.992
572.75     0.992
573.0     0.992
573.25     0.992
573.5     0.992
573.75     0.992
574.0     0.992
574.25     0.992
574.5     0.992
574.75     0.992
575.0     0.992
575.25     0.992
575.5     0.992
575.75     0.992
576.0     0.992
576.25     0.992
576.5     0.992
576.75     0.992
577.0     0.992
577.25     0.992
577.5     0.992
577.75     0.992
578.0     0.992
578.25     0.992
578.5     0.992
578.75     0.992
579.0     0.992
579.25     0.992
579.5     0.992
579.75     0.992
580.0     0.992
580.25     0.992
580.5     0.992
580.75     0.992
581.0     0.992
581.25     0.992
581.5     0.992
581.75     0.992
582.0     0.992
582.25     0.992
582.5     0.992
582.75     0.992
583.0     0.992
583.25     0.994
583.5     0.994
583.75     0.994
584.0     0.994
584.25     0.994
584.5     0.994
584.75     0.994
585.0     0.994
585.25     0.994
585.5     0.994
585.75     0.994
586.0     0.994
586.25     0.992
586.5     0.99
586.75     0.99
587.0     0.992
587.25     0.992
587.5     0.992
587.75     0.992
588.0     0.992
588.25     0.992
588.5     0.992
588.75     0.992
589.0     0.992
589.25     0.992
589.5     0.992
589.75     0.992
590.0     0.992
590.25     0.992
590.5     0.992
590.75     0.992
591.0     0.992
591.25     0.992
591.5     0.992
591.75     0.992
592.0     0.992
592.25     0.992
592.5     0.992
592.75     0.992
593.0     0.992
593.25     0.992
593.5     0.992
593.75     0.992
594.0     0.992
594.25     0.992
594.5     0.992
594.75     0.992
595.0     0.992
595.25     0.992
595.5     0.992
595.75     0.992
596.0     0.992
596.25     0.992
596.5     0.992
596.75     0.992
597.0     0.992
597.25     0.992
597.5     0.992
597.75     0.992
598.0     0.992
598.25     0.992
598.5     0.992
598.75     0.992
599.0     0.992
599.25     0.992
599.5     0.992
599.75     0.992
600.0     0.992
600.25     0.992
600.5     0.992
600.75     0.992
601.0     0.992
601.25     0.992
601.5     0.992
601.75     0.992
602.0     0.992
602.25     0.992
602.5     0.992
602.75     0.992
603.0     0.992
603.25     0.992
603.5     0.992
603.75     0.992
604.0     0.992
604.25     0.992
604.5     0.992
604.75     0.992
605.0     0.992
605.25     0.992
605.5     0.992
605.75     0.992
606.0     0.992
606.25     0.992
606.5     0.992
606.75     0.992
607.0     0.992
607.25     0.992
607.5     0.992
607.75     0.992
608.0     0.992
608.25     0.992
608.5     0.992
608.75     0.992
609.0     0.992
609.25     0.992
609.5     0.992
609.75     0.992
610.0     0.992
610.25     0.992
610.5     0.99
610.75     0.99
611.0     0.99
611.25     0.99
611.5     0.99
611.75     0.99
612.0     0.99
612.25     0.99
612.5     0.99
612.75     0.99
613.0     0.99
613.25     0.99
613.5     0.99
613.75     0.99
614.0     0.99
614.25     0.99
614.5     0.99
614.75     0.99
615.0     0.99
615.25     0.99
615.5     0.99
615.75     0.99
616.0     0.99
616.25     0.99
616.5     0.99
616.75     0.99
617.0     0.99
617.25     0.99
617.5     0.99
617.75     0.99
618.0     0.99
618.25     0.99
618.5     0.992
618.75     0.992
619.0     0.992
619.25     0.992
619.5     0.992
619.75     0.992
620.0     0.992
620.25     0.992
620.5     0.992
620.75     0.992
621.0     0.992
621.25     0.992
621.5     0.992
621.75     0.992
622.0     0.992
622.25     0.992
622.5     0.992
622.75     0.992
623.0     0.992
623.25     0.992
623.5     0.992
623.75     0.992
624.0     0.992
624.25     0.992
624.5     0.992
624.75     0.992
625.0     0.992
625.25     0.992
625.5     0.992
625.75     0.992
626.0     0.992
626.25     0.992
626.5     0.992
626.75     0.992
627.0     0.992
627.25     0.992
627.5     0.992
627.75     0.992
628.0     0.992
628.25     0.992
628.5     0.992
628.75     0.992
629.0     0.992
629.25     0.992
629.5     0.992
629.75     0.992
630.0     0.992
630.25     0.992
630.5     0.992
630.75     0.992
631.0     0.992
631.25     0.992
631.5     0.992
631.75     0.992
632.0     0.992
632.25     0.992
632.5     0.992
632.75     0.992
633.0     0.992
633.25     0.992
633.5     0.992
633.75     0.992
634.0     0.992
634.25     0.992
634.5     0.992
634.75     0.992
635.0     0.992
635.25     0.992
635.5     0.992
635.75     0.992
636.0     0.992
636.25     0.992
636.5     0.992
636.75     0.992
637.0     0.992
637.25     0.992
637.5     0.992
637.75     0.992
638.0     0.992
638.25     0.992
638.5     0.992
638.75     0.992
639.0     0.992
639.25     0.992
639.5     0.992
639.75     0.992
640.0     0.992
640.25     0.992
640.5     0.992
640.75     0.992
641.0     0.992
641.25     0.992
641.5     0.992
641.75     0.992
642.0     0.992
642.25     0.992
642.5     0.992
642.75     0.992
643.0     0.992
643.25     0.992
643.5     0.992
643.75     0.992
644.0     0.992
644.25     0.992
644.5     0.992
644.75     0.992
645.0     0.992
645.25     0.992
645.5     0.992
645.75     0.992
646.0     0.992
646.25     0.992
646.5     0.992
646.75     0.992
647.0     0.992
647.25     0.992
647.5     0.992
647.75     0.992
648.0     0.992
648.25     0.992
648.5     0.992
648.75     0.992
649.0     0.992
649.25     0.992
649.5     0.992
649.75     0.992
650.0     0.992
650.25     0.992
650.5     0.992
650.75     0.992
651.0     0.992
651.25     0.992
651.5     0.992
651.75     0.992
652.0     0.992
652.25     0.992
652.5     0.992
652.75     0.992
653.0     0.992
653.25     0.992
653.5     0.992
653.75     0.992
654.0     0.992
654.25     0.992
654.5     0.992
654.75     0.992
655.0     0.992
655.25     0.992
655.5     0.992
655.75     0.992
656.0     0.992
656.25     0.992
656.5     0.992
656.75     0.992
657.0     0.992
657.25     0.992
657.5     0.992
657.75     0.992
658.0     0.992
658.25     0.992
658.5     0.992
658.75     0.992
659.0     0.992
659.25     0.992
659.5     0.992
659.75     0.992
660.0     0.992
660.25     0.992
660.5     0.992
660.75     0.992
661.0     0.992
661.25     0.992
661.5     0.992
661.75     0.992
662.0     0.992
662.25     0.992
662.5     0.992
662.75     0.992
663.0     0.992
663.25     0.992
663.5     0.992
663.75     0.992
664.0     0.992
664.25     0.992
664.5     0.992
664.75     0.992
665.0     0.992
665.25     0.992
665.5     0.992
665.75     0.992
666.0     0.992
666.25     0.992
666.5     0.992
666.75     0.992
667.0     0.992
667.25     0.992
667.5     0.992
667.75     0.992
668.0     0.992
668.25     0.992
668.5     0.992
668.75     0.992
669.0     0.992
669.25     0.992
669.5     0.992
669.75     0.992
670.0     0.992
670.25     0.992
670.5     0.992
670.75     0.992
671.0     0.992
671.25     0.992
671.5     0.992
671.75     0.992
672.0     0.992
672.25     0.992
672.5     0.992
672.75     0.992
673.0     0.992
673.25     0.992
673.5     0.992
673.75     0.992
674.0     0.992
674.25     0.992
674.5     0.992
674.75     0.992
675.0     0.992
675.25     0.992
675.5     0.992
675.75     0.992
676.0     0.992
676.25     0.992
676.5     0.992
676.75     0.992
677.0     0.992
677.25     0.992
677.5     0.992
677.75     0.992
678.0     0.992
678.25     0.992
678.5     0.992
678.75     0.992
679.0     0.992
679.25     0.992
679.5     0.992
679.75     0.992
680.0     0.992
680.25     0.992
680.5     0.992
680.75     0.992
681.0     0.992
681.25     0.992
681.5     0.992
681.75     0.992
682.0     0.992
682.25     0.992
682.5     0.992
682.75     0.992
683.0     0.992
683.25     0.992
683.5     0.992
683.75     0.992
684.0     0.992
684.25     0.992
684.5     0.992
684.75     0.992
685.0     0.992
685.25     0.992
685.5     0.992
685.75     0.992
686.0     0.992
686.25     0.992
686.5     0.992
686.75     0.992
687.0     0.992
687.25     0.992
687.5     0.992
687.75     0.992
688.0     0.992
688.25     0.992
688.5     0.992
688.75     0.992
689.0     0.992
689.25     0.992
689.5     0.992
689.75     0.992
690.0     0.992
690.25     0.992
690.5     0.992
690.75     0.992
691.0     0.992
691.25     0.992
691.5     0.992
691.75     0.992
692.0     0.992
692.25     0.992
692.5     0.992
692.75     0.992
693.0     0.992
693.25     0.992
693.5     0.992
693.75     0.992
694.0     0.992
694.25     0.992
694.5     0.992
694.75     0.992
695.0     0.992
695.25     0.992
695.5     0.992
695.75     0.992
696.0     0.992
696.25     0.992
696.5     0.992
696.75     0.992
697.0     0.992
697.25     0.992
697.5     0.992
697.75     0.992
698.0     0.992
698.25     0.992
698.5     0.992
698.75     0.992
699.0     0.992
699.25     0.992
699.5     0.992
699.75     0.992
700.0     0.992
700.25     0.992
700.5     0.992
700.75     0.992
701.0     0.992
701.25     0.992
701.5     0.992
701.75     0.992
702.0     0.992
702.25     0.992
702.5     0.992
702.75     0.992
703.0     0.992
703.25     0.992
703.5     0.992
703.75     0.992
704.0     0.992
704.25     0.992
704.5     0.992
704.75     0.992
705.0     0.992
705.25     0.992
705.5     0.992
705.75     0.992
706.0     0.992
706.25     0.994
706.5     0.994
706.75     0.994
707.0     0.994
707.25     0.994
707.5     0.994
707.75     0.994
708.0     0.994
708.25     0.994
708.5     0.994
708.75     0.996
709.0     0.996
709.25     0.996
709.5     0.996
709.75     0.996
710.0     0.996
710.25     0.996
710.5     0.996
710.75     0.996
711.0     0.996
711.25     0.996
711.5     0.996
711.75     0.996
712.0     0.996
712.25     0.996
712.5     0.996
712.75     0.996
713.0     0.996
713.25     0.996
713.5     0.996
713.75     0.996
714.0     0.996
714.25     0.996
714.5     0.996
714.75     0.996
715.0     0.996
715.25     0.996
715.5     0.996
715.75     0.996
716.0     0.996
716.25     0.996
716.5     0.996
716.75     0.996
717.0     0.996
717.25     0.998
717.5     0.998
717.75     0.998
718.0     0.998
718.25     0.998
718.5     0.998
718.75     0.998
719.0     0.998
719.25     0.998
719.5     0.998
719.75     0.998
720.0     0.998
720.25     0.996
720.5     0.996
720.75     0.996
721.0     0.996
721.25     0.996
721.5     0.996
721.75     0.996
722.0     0.996
722.25     0.996
722.5     0.996
722.75     0.996
723.0     0.996
723.25     0.996
723.5     0.996
723.75     0.996
724.0     0.996
724.25     0.996
724.5     0.996
724.75     0.996
725.0     0.996
725.25     0.996
725.5     0.996
725.75     0.996
726.0     0.996
726.25     0.996
726.5     0.996
726.75     0.996
727.0     0.996
727.25     0.996
727.5     0.996
727.75     0.996
728.0     0.996
728.25     0.996
728.5     0.996
728.75     0.996
729.0     0.996
729.25     0.996
729.5     0.996
729.75     0.996
730.0     0.996
730.25     0.996
730.5     0.996
730.75     0.996
731.0     0.996
731.25     0.996
731.5     0.996
731.75     0.996
732.0     0.996
732.25     0.996
732.5     0.996
732.75     0.996
733.0     0.996
733.25     0.996
733.5     0.996
733.75     0.996
734.0     0.996
734.25     0.996
734.5     0.996
734.75     0.996
735.0     0.996
735.25     0.996
735.5     0.996
735.75     0.996
736.0     0.996
736.25     0.996
736.5     0.996
736.75     0.996
737.0     0.996
737.25     0.996
737.5     0.996
737.75     0.996
738.0     0.996
738.25     0.996
738.5     0.996
738.75     0.996
739.0     0.996
739.25     0.996
739.5     0.996
739.75     0.996
740.0     0.996
740.25     0.996
740.5     0.996
740.75     0.996
741.0     0.996
741.25     0.996
741.5     0.996
741.75     0.996
742.0     0.996
742.25     0.996
742.5     0.996
742.75     0.996
743.0     0.996
743.25     0.996
743.5     0.996
743.75     0.996
744.0     0.996
744.25     0.996
744.5     0.996
744.75     0.996
745.0     0.996
745.25     0.996
745.5     0.996
745.75     0.996
746.0     0.996
746.25     0.996
746.5     0.996
746.75     0.996
747.0     0.996
747.25     0.996
747.5     0.996
747.75     0.996
748.0     0.996
748.25     0.996
748.5     0.996
748.75     0.996
749.0     0.996
749.25     0.996
749.5     0.996
749.75     0.996
750.0     0.996
750.25     0.996
750.5     0.996
750.75     0.996
751.0     0.996
751.25     0.996
751.5     0.996
751.75     0.996
752.0     0.996
752.25     0.996
752.5     0.996
752.75     0.996
753.0     0.996
753.25     0.996
753.5     0.996
753.75     0.996
754.0     0.996
754.25     0.996
754.5     0.996
754.75     0.996
755.0     0.996
755.25     0.996
755.5     0.996
755.75     0.996
756.0     0.996
756.25     0.996
756.5     0.996
756.75     0.996
757.0     0.996
757.25     0.996
757.5     0.996
757.75     0.996
758.0     0.996
758.25     0.996
758.5     0.996
758.75     0.996
759.0     0.996
759.25     0.996
759.5     0.996
759.75     0.996
760.0     0.996
760.25     0.996
760.5     0.996
760.75     0.996
761.0     0.996
761.25     0.996
761.5     0.996
761.75     0.996
762.0     0.996
762.25     0.996
762.5     0.996
762.75     0.996
763.0     0.996
763.25     0.996
763.5     0.996
763.75     0.996
764.0     0.996
764.25     0.996
764.5     0.996
764.75     0.996
765.0     0.996
765.25     0.996
765.5     0.996
765.75     0.996
766.0     0.996
766.25     0.996
766.5     0.996
766.75     0.996
767.0     0.996
767.25     0.996
767.5     0.996
767.75     0.996
768.0     0.996
768.25     0.996
768.5     0.996
768.75     0.996
769.0     0.996
769.25     0.996
769.5     0.996
769.75     0.996
770.0     0.996
770.25     0.996
770.5     0.996
770.75     0.996
771.0     0.996
771.25     0.996
771.5     0.996
771.75     0.996
772.0     0.996
772.25     0.996
772.5     0.996
772.75     0.996
773.0     0.996
773.25     0.996
773.5     0.996
773.75     0.996
774.0     0.996
774.25     0.996
774.5     0.996
774.75     0.996
775.0     0.996
775.25     0.996
775.5     0.996
775.75     0.996
776.0     0.996
776.25     0.996
776.5     0.996
776.75     0.996
777.0     0.996
777.25     0.996
777.5     0.996
777.75     0.996
778.0     0.996
778.25     0.996
778.5     0.996
778.75     0.996
779.0     0.996
779.25     0.996
779.5     0.996
779.75     0.996
780.0     0.996
780.25     0.996
780.5     0.996
780.75     0.996
781.0     0.996
781.25     0.996
781.5     0.996
781.75     0.996
782.0     0.996
782.25     0.996
782.5     0.996
782.75     0.996
783.0     0.996
783.25     0.996
783.5     0.996
783.75     0.994
784.0     0.994
784.25     0.994
784.5     0.994
784.75     0.994
785.0     0.994
785.25     0.994
785.5     0.994
785.75     0.994
786.0     0.994
786.25     0.994
786.5     0.994
786.75     0.994
787.0     0.994
787.25     0.994
787.5     0.994
787.75     0.994
788.0     0.994
788.25     0.994
788.5     0.994
788.75     0.994
789.0     0.994
789.25     0.994
789.5     0.994
789.75     0.994
790.0     0.994
790.25     0.994
790.5     0.994
790.75     0.994
791.0     0.994
791.25     0.994
791.5     0.994
791.75     0.994
792.0     0.994
792.25     0.994
792.5     0.994
792.75     0.994
793.0     0.994
793.25     0.994
793.5     0.994
793.75     0.994
794.0     0.994
794.25     0.994
794.5     0.994
794.75     0.994
795.0     0.994
795.25     0.994
795.5     0.994
795.75     0.994
796.0     0.994
796.25     0.994
796.5     0.994
796.75     0.994
797.0     0.994
797.25     0.994
797.5     0.994
797.75     0.994
798.0     0.994
798.25     0.994
798.5     0.994
798.75     0.994
799.0     0.994
799.25     0.994
799.5     0.994
799.75     0.994
800.0     0.994
800.25     0.994
800.5     0.994
800.75     0.994
801.0     0.994
801.25     0.994
801.5     0.994
801.75     0.994
802.0     0.994
802.25     0.994
802.5     0.994
802.75     0.994
803.0     0.994
803.25     0.994
803.5     0.994
803.75     0.994
804.0     0.994
804.25     0.994
804.5     0.994
804.75     0.994
805.0     0.994
805.25     0.994
805.5     0.994
805.75     0.994
806.0     0.994
806.25     0.994
806.5     0.994
806.75     0.994
807.0     0.994
807.25     0.994
807.5     0.994
807.75     0.994
808.0     0.994
808.25     0.994
808.5     0.994
808.75     0.994
809.0     0.994
809.25     0.994
809.5     0.994
809.75     0.994
810.0     0.994
810.25     0.994
810.5     0.994
810.75     0.994
811.0     0.994
811.25     0.994
811.5     0.994
811.75     0.994
812.0     0.994
812.25     0.994
812.5     0.994
812.75     0.994
813.0     0.994
813.25     0.994
813.5     0.994
813.75     0.994
814.0     0.994
814.25     0.994
814.5     0.994
814.75     0.994
815.0     0.994
815.25     0.994
815.5     0.994
815.75     0.994
816.0     0.994
816.25     0.994
816.5     0.994
816.75     0.994
817.0     0.994
817.25     0.994
817.5     0.994
817.75     0.994
818.0     0.994
818.25     0.994
818.5     0.994
818.75     0.994
819.0     0.994
819.25     0.994
819.5     0.994
819.75     0.994
820.0     0.994
820.25     0.994
820.5     0.994
820.75     0.994
821.0     0.994
821.25     0.994
821.5     0.994
821.75     0.994
822.0     0.994
822.25     0.994
822.5     0.994
822.75     0.994
823.0     0.994
823.25     0.994
823.5     0.994
823.75     0.994
824.0     0.994
824.25     0.994
824.5     0.994
824.75     0.994
825.0     0.994
825.25     0.994
825.5     0.994
825.75     0.994
826.0     0.994
826.25     0.994
826.5     0.994
826.75     0.994
827.0     0.994
827.25     0.994
827.5     0.994
827.75     0.994
828.0     0.994
828.25     0.994
828.5     0.994
828.75     0.994
829.0     0.994
829.25     0.994
829.5     0.994
829.75     0.994
830.0     0.994
830.25     0.994
830.5     0.994
830.75     0.994
831.0     0.994
831.25     0.994
831.5     0.994
831.75     0.994
832.0     0.994
832.25     0.994
832.5     0.994
832.75     0.994
833.0     0.994
833.25     0.994
833.5     0.994
833.75     0.994
834.0     0.994
834.25     0.994
834.5     0.994
834.75     0.994
835.0     0.994
835.25     0.994
835.5     0.994
835.75     0.996
836.0     0.996
836.25     0.996
836.5     0.996
836.75     0.996
837.0     0.996
837.25     0.996
837.5     0.996
837.75     0.996
838.0     0.996
838.25     0.996
838.5     0.996
838.75     0.996
839.0     0.996
839.25     0.996
839.5     0.996
839.75     0.996
840.0     0.996
840.25     0.996
840.5     0.996
840.75     0.996
841.0     0.996
841.25     0.996
841.5     0.996
841.75     0.996
842.0     0.996
842.25     0.996
842.5     0.996
842.75     0.996
843.0     0.996
843.25     0.996
843.5     0.996
843.75     0.996
844.0     0.996
844.25     0.996
844.5     0.996
844.75     0.996
845.0     0.996
845.25     0.996
845.5     0.996
845.75     0.996
846.0     0.996
846.25     0.996
846.5     0.996
846.75     0.996
847.0     0.996
847.25     0.996
847.5     0.996
847.75     0.996
848.0     0.996
848.25     0.996
848.5     0.996
848.75     0.996
849.0     0.996
849.25     0.996
849.5     0.996
849.75     0.996
850.0     0.996
850.25     0.996
850.5     0.996
850.75     0.996
851.0     0.996
851.25     0.996
851.5     0.996
851.75     0.996
852.0     0.996
852.25     0.996
852.5     0.996
852.75     0.996
853.0     0.996
853.25     0.996
853.5     0.996
853.75     0.996
854.0     0.996
854.25     0.996
854.5     0.996
854.75     0.996
855.0     0.996
855.25     0.996
855.5     0.996
855.75     0.996
856.0     0.996
856.25     0.996
856.5     0.996
856.75     0.996
857.0     0.996
857.25     0.996
857.5     0.996
857.75     0.996
858.0     0.996
858.25     0.996
858.5     0.996
858.75     0.996
859.0     0.996
859.25     0.996
859.5     0.996
859.75     0.996
860.0     0.996
860.25     0.996
860.5     0.996
860.75     0.996
861.0     0.996
861.25     0.996
861.5     0.996
861.75     0.996
862.0     0.996
862.25     0.996
862.5     0.996
862.75     0.996
863.0     0.996
863.25     0.996
863.5     0.996
863.75     0.996
864.0     0.996
864.25     0.996
864.5     0.996
864.75     0.996
865.0     0.996
865.25     0.996
865.5     0.996
865.75     0.996
866.0     0.996
866.25     0.996
866.5     0.996
866.75     0.996
867.0     0.996
867.25     0.996
867.5     0.996
867.75     0.996
868.0     0.996
868.25     0.996
868.5     0.996
868.75     0.996
869.0     0.996
869.25     0.996
869.5     0.996
869.75     0.996
870.0     0.996
870.25     0.996
870.5     0.996
870.75     0.996
871.0     0.996
871.25     0.996
871.5     0.996
871.75     0.996
872.0     0.996
872.25     0.996
872.5     0.996
872.75     0.996
873.0     0.996
873.25     0.996
873.5     0.996
873.75     0.996
874.0     0.996
874.25     0.996
874.5     0.996
874.75     0.996
875.0     0.996
875.25     0.996
875.5     0.996
875.75     0.996
876.0     0.996
876.25     0.996
876.5     0.996
876.75     0.996
877.0     0.996
877.25     0.996
877.5     0.996
877.75     0.996
878.0     0.996
878.25     0.996
878.5     0.996
878.75     0.996
879.0     0.996
879.25     0.996
879.5     0.996
879.75     0.996
880.0     0.996
880.25     0.996
880.5     0.996
880.75     0.996
881.0     0.996
881.25     0.996
881.5     0.996
881.75     0.996
882.0     0.996
882.25     0.996
882.5     0.996
882.75     0.996
883.0     0.996
883.25     0.996
883.5     0.996
883.75     0.996
884.0     0.996
884.25     0.996
884.5     0.996
884.75     0.996
885.0     0.996
885.25     0.996
885.5     0.996
885.75     0.996
886.0     0.996
886.25     0.996
886.5     0.996
886.75     0.996
887.0     0.996
887.25     0.996
887.5     0.996
887.75     0.996
888.0     0.996
888.25     0.996
888.5     0.996
888.75     0.996
889.0     0.996
889.25     0.996
889.5     0.996
889.75     0.996
890.0     0.996
890.25     0.996
890.5     0.996
890.75     0.996
891.0     0.996
891.25     0.996
891.5     0.996
891.75     0.996
892.0     0.996
892.25     0.996
892.5     0.996
892.75     0.996
893.0     0.996
893.25     0.996
893.5     0.996
893.75     0.996
894.0     0.996
894.25     0.996
894.5     0.996
894.75     0.996
895.0     0.996
895.25     0.996
895.5     0.996
895.75     0.996
896.0     0.996
896.25     0.996
896.5     0.996
896.75     0.996
897.0     0.996
897.25     0.996
897.5     0.996
897.75     0.996
898.0     0.996
898.25     0.996
898.5     0.996
898.75     0.996
899.0     0.996
899.25     0.996
899.5     0.996
899.75     0.996
900.0     0.996
900.25     0.996
900.5     0.996
900.75     0.996
901.0     0.996
901.25     0.996
901.5     0.996
901.75     0.996
902.0     0.996
902.25     0.996
902.5     0.996
902.75     0.996
903.0     0.996
903.25     0.996
903.5     0.996
903.75     0.996
904.0     0.996
904.25     0.996
904.5     0.996
904.75     0.996
905.0     0.996
905.25     0.996
905.5     0.996
905.75     0.996
906.0     0.996
906.25     0.996
906.5     0.996
906.75     0.996
907.0     0.996
907.25     0.996
907.5     0.996
907.75     0.996
908.0     0.996
908.25     0.996
908.5     0.996
908.75     0.996
909.0     0.996
909.25     0.996
909.5     0.996
909.75     0.996
910.0     0.996
910.25     0.996
910.5     0.996
910.75     0.996
911.0     0.996
911.25     0.996
911.5     0.996
911.75     0.996
912.0     0.996
912.25     0.996
912.5     0.996
912.75     0.996
913.0     0.996
913.25     0.996
913.5     0.996
913.75     0.996
914.0     0.996
914.25     0.996
914.5     0.996
914.75     0.996
915.0     0.996
915.25     0.996
915.5     0.996
915.75     0.996
916.0     0.996
916.25     0.996
916.5     0.996
916.75     0.996
917.0     0.996
917.25     0.996
917.5     0.996
917.75     0.996
918.0     0.996
918.25     0.996
918.5     0.996
918.75     0.996
919.0     0.996
919.25     0.996
919.5     0.996
919.75     0.996
920.0     0.996
920.25     0.996
920.5     0.996
920.75     0.996
921.0     0.996
921.25     0.996
921.5     0.996
921.75     0.996
922.0     0.996
922.25     0.996
922.5     0.996
922.75     0.996
923.0     0.996
923.25     0.996
923.5     0.996
923.75     0.996
924.0     0.996
924.25     0.996
924.5     0.996
924.75     0.996
925.0     0.996
925.25     0.996
925.5     0.996
925.75     0.996
926.0     0.996
926.25     0.996
926.5     0.996
926.75     0.996
927.0     0.996
927.25     0.996
927.5     0.996
927.75     0.996
928.0     0.996
928.25     0.996
928.5     0.996
928.75     0.996
929.0     0.996
929.25     0.996
929.5     0.996
929.75     0.996
930.0     0.996
930.25     0.996
930.5     0.996
930.75     0.996
931.0     0.996
931.25     0.996
931.5     0.996
931.75     0.996
932.0     0.996
932.25     0.996
932.5     0.996
932.75     0.996
933.0     0.996
933.25     0.996
933.5     0.996
933.75     0.996
934.0     0.996
934.25     0.996
934.5     0.996
934.75     0.996
935.0     0.996
935.25     0.996
935.5     0.996
935.75     0.996
936.0     0.996
936.25     0.996
936.5     0.996
936.75     0.996
937.0     0.996
937.25     0.996
937.5     0.996
937.75     0.996
938.0     0.996
938.25     0.996
938.5     0.996
938.75     0.996
939.0     0.996
939.25     0.996
939.5     0.996
939.75     0.996
940.0     0.996
940.25     0.996
940.5     0.996
940.75     0.996
941.0     0.996
941.25     0.996
941.5     0.996
941.75     0.996
942.0     0.996
942.25     0.996
942.5     0.996
942.75     0.996
943.0     0.996
943.25     0.996
943.5     0.996
943.75     0.996
944.0     0.996
944.25     0.996
944.5     0.996
944.75     0.996
945.0     0.996
945.25     0.996
945.5     0.996
945.75     0.996
946.0     0.996
946.25     0.996
946.5     0.996
946.75     0.996
947.0     0.996
947.25     0.996
947.5     0.996
947.75     0.996
948.0     0.996
948.25     0.996
948.5     0.996
948.75     0.996
949.0     0.996
949.25     0.996
949.5     0.996
949.75     0.996
950.0     0.994
950.25     0.994
950.5     0.994
950.75     0.994
951.0     0.994
951.25     0.994
951.5     0.994
951.75     0.994
952.0     0.994
952.25     0.994
952.5     0.994
952.75     0.994
953.0     0.994
953.25     0.994
953.5     0.994
953.75     0.994
954.0     0.994
954.25     0.994
954.5     0.994
954.75     0.994
955.0     0.994
955.25     0.994
955.5     0.994
955.75     0.994
956.0     0.994
956.25     0.994
956.5     0.994
956.75     0.994
957.0     0.994
957.25     0.994
957.5     0.994
957.75     0.994
958.0     0.994
958.25     0.994
958.5     0.994
958.75     0.994
959.0     0.994
959.25     0.994
959.5     0.994
959.75     0.994
960.0     0.994
960.25     0.994
960.5     0.994
960.75     0.994
961.0     0.994
961.25     0.994
961.5     0.994
961.75     0.994
962.0     0.994
962.25     0.994
962.5     0.994
962.75     0.994
963.0     0.994
963.25     0.994
963.5     0.994
963.75     0.994
964.0     0.994
964.25     0.994
964.5     0.994
964.75     0.994
965.0     0.994
965.25     0.994
965.5     0.994
965.75     0.994
966.0     0.994
966.25     0.994
966.5     0.994
966.75     0.994
967.0     0.994
967.25     0.994
967.5     0.994
967.75     0.994
968.0     0.994
968.25     0.994
968.5     0.994
968.75     0.994
969.0     0.994
969.25     0.994
969.5     0.994
969.75     0.994
970.0     0.994
970.25     0.994
970.5     0.994
970.75     0.994
971.0     0.994
971.25     0.994
971.5     0.994
971.75     0.994
972.0     0.994
972.25     0.994
972.5     0.994
972.75     0.994
973.0     0.994
973.25     0.994
973.5     0.994
973.75     0.994
974.0     0.994
974.25     0.994
974.5     0.994
974.75     0.994
975.0     0.994
975.25     0.994
975.5     0.994
975.75     0.994
976.0     0.994
976.25     0.994
976.5     0.994
976.75     0.994
977.0     0.994
977.25     0.994
977.5     0.994
977.75     0.994
978.0     0.994
978.25     0.994
978.5     0.994
978.75     0.994
979.0     0.994
979.25     0.994
979.5     0.994
979.75     0.994
980.0     0.994
980.25     0.994
980.5     0.994
980.75     0.994
981.0     0.994
981.25     0.994
981.5     0.994
981.75     0.994
982.0     0.994
982.25     0.994
982.5     0.994
982.75     0.994
983.0     0.994
983.25     0.994
983.5     0.994
983.75     0.994
984.0     0.994
984.25     0.994
984.5     0.994
984.75     0.994
985.0     0.994
985.25     0.994
985.5     0.994
985.75     0.994
986.0     0.994
986.25     0.994
986.5     0.994
986.75     0.994
987.0     0.994
987.25     0.994
987.5     0.994
987.75     0.994
988.0     0.994
988.25     0.994
988.5     0.994
988.75     0.994
989.0     0.994
989.25     0.994
989.5     0.994
989.75     0.994
990.0     0.994
990.25     0.994
990.5     0.994
990.75     0.994
991.0     0.994
991.25     0.994
991.5     0.994
991.75     0.994
992.0     0.994
992.25     0.994
992.5     0.994
992.75     0.994
993.0     0.994
993.25     0.994
993.5     0.994
993.75     0.994
994.0     0.994
994.25     0.994
994.5     0.994
994.75     0.994
995.0     0.994
995.25     0.994
995.5     0.994
995.75     0.994
996.0     0.994
996.25     0.994
996.5     0.994
996.75     0.994
997.0     0.994
997.25     0.994
997.5     0.994
997.75     0.994
998.0     0.994
998.25     0.994
998.5     0.994
998.75     0.994
999.0     0.994
999.25     0.994
999.5     0.994
999.75     0.994
1000.0     0.994
