0.25     1.0
0.5     1.0
0.75     1.0
1.0     1.0
1.25     1.0
1.5     1.0
1.75     1.0
2.0     1.0
2.25     1.0
2.5     1.0
2.75     1.0
3.0     1.0
3.25     1.0
3.5     1.0
3.75     1.0
4.0     1.0
4.25     1.0
4.5     1.0
4.75     1.0
5.0     1.0
5.25     1.0
5.5     1.0
5.75     1.0
6.0     1.0
6.25     1.0
6.5     1.0
6.75     1.0
7.0     1.0
7.25     1.0
7.5     1.0
7.75     1.0
8.0     1.0
8.25     1.0
8.5     1.0
8.75     1.0
9.0     1.0
9.25     1.0
9.5     1.0
9.75     1.0
10.0     1.0
10.25     1.0
10.5     1.0
10.75     1.0
11.0     1.0
11.25     1.0
11.5     1.0
11.75     1.0
12.0     1.0
12.25     1.0
12.5     1.0
12.75     1.0
13.0     1.0
13.25     1.0
13.5     1.0
13.75     1.0
14.0     1.0
14.25     1.0
14.5     1.0
14.75     1.0
15.0     1.0
15.25     1.0
15.5     1.0
15.75     1.0
16.0     1.0
16.25     1.0
16.5     1.0
16.75     1.0
17.0     1.0
17.25     1.0
17.5     1.0
17.75     1.0
18.0     1.0
18.25     1.0
18.5     1.0
18.75     1.0
19.0     1.0
19.25     1.0
19.5     1.0
19.75     1.0
20.0     1.0
20.25     1.0
20.5     1.0
20.75     1.0
21.0     1.0
21.25     1.0
21.5     1.0
21.75     1.0
22.0     1.0
22.25     1.0
22.5     1.0
22.75     1.0
23.0     1.0
23.25     1.0
23.5     1.0
23.75     1.0
24.0     1.0
24.25     1.0
24.5     1.0
24.75     1.0
25.0     1.0
25.25     1.0
25.5     1.0
25.75     1.0
26.0     1.0
26.25     1.0
26.5     1.0
26.75     1.0
27.0     1.0
27.25     1.0
27.5     1.0
27.75     1.0
28.0     1.0
28.25     1.0
28.5     1.0
28.75     1.0
29.0     1.0
29.25     1.0
29.5     1.0
29.75     1.0
30.0     1.0
30.25     1.0
30.5     1.0
30.75     1.0
31.0     1.0
31.25     1.0
31.5     1.0
31.75     1.0
32.0     1.0
32.25     1.0
32.5     1.0
32.75     1.0
33.0     1.0
33.25     1.0
33.5     1.0
33.75     1.0
34.0     1.0
34.25     1.0
34.5     1.0
34.75     1.0
35.0     1.0
35.25     1.0
35.5     1.0
35.75     1.0
36.0     1.0
36.25     1.0
36.5     1.0
36.75     1.0
37.0     1.0
37.25     1.0
37.5     1.0
37.75     1.0
38.0     1.0
38.25     1.0
38.5     1.0
38.75     1.0
39.0     1.0
39.25     1.0
39.5     1.0
39.75     1.0
40.0     1.0
40.25     1.0
40.5     1.0
40.75     1.0
41.0     1.0
41.25     1.0
41.5     1.0
41.75     1.0
42.0     1.0
42.25     1.0
42.5     1.0
42.75     1.0
43.0     1.0
43.25     1.0
43.5     1.0
43.75     1.0
44.0     1.0
44.25     1.0
44.5     1.0
44.75     1.0
45.0     1.0
45.25     1.0
45.5     1.0
45.75     1.0
46.0     1.0
46.25     1.0
46.5     1.0
46.75     1.0
47.0     1.0
47.25     1.0
47.5     1.0
47.75     1.0
48.0     1.0
48.25     1.0
48.5     1.0
48.75     1.0
49.0     1.0
49.25     1.0
49.5     1.0
49.75     1.0
50.0     1.0
50.25     1.0
50.5     1.0
50.75     1.0
51.0     1.0
51.25     1.0
51.5     1.0
51.75     1.0
52.0     1.0
52.25     1.0
52.5     1.0
52.75     1.0
53.0     1.0
53.25     1.0
53.5     1.0
53.75     1.0
54.0     1.0
54.25     1.0
54.5     1.0
54.75     1.0
55.0     1.0
55.25     1.0
55.5     1.0
55.75     1.0
56.0     1.0
56.25     1.0
56.5     1.0
56.75     1.0
57.0     1.0
57.25     1.0
57.5     1.0
57.75     1.0
58.0     1.0
58.25     1.0
58.5     1.0
58.75     1.0
59.0     1.0
59.25     1.0
59.5     1.0
59.75     1.0
60.0     1.0
60.25     1.0
60.5     1.0
60.75     1.0
61.0     1.0
61.25     1.0
61.5     1.0
61.75     1.0
62.0     1.0
62.25     1.0
62.5     1.0
62.75     1.0
63.0     1.0
63.25     1.0
63.5     1.0
63.75     1.0
64.0     1.0
64.25     1.0
64.5     1.0
64.75     1.0
65.0     1.0
65.25     1.0
65.5     1.0
65.75     1.0
66.0     1.0
66.25     1.0
66.5     1.0
66.75     1.0
67.0     1.0
67.25     1.0
67.5     1.0
67.75     1.0
68.0     1.0
68.25     1.0
68.5     1.0
68.75     1.0
69.0     1.0
69.25     1.0
69.5     1.0
69.75     1.0
70.0     1.0
70.25     1.0
70.5     1.0
70.75     1.0
71.0     1.0
71.25     1.0
71.5     1.0
71.75     1.0
72.0     0.998
72.25     0.998
72.5     0.998
72.75     0.998
73.0     0.998
73.25     0.998
73.5     0.998
73.75     0.998
74.0     0.998
74.25     0.998
74.5     0.996
74.75     0.996
75.0     0.996
75.25     0.996
75.5     0.996
75.75     0.996
76.0     0.994
76.25     0.994
76.5     0.994
76.75     0.994
77.0     0.994
77.25     0.994
77.5     0.994
77.75     0.994
78.0     0.994
78.25     0.994
78.5     0.994
78.75     0.994
79.0     0.994
79.25     0.994
79.5     0.994
79.75     0.994
80.0     0.994
80.25     0.994
80.5     0.994
80.75     0.994
81.0     0.994
81.25     0.994
81.5     0.994
81.75     0.994
82.0     0.994
82.25     0.994
82.5     0.994
82.75     0.994
83.0     0.994
83.25     0.994
83.5     0.994
83.75     0.994
84.0     0.994
84.25     0.994
84.5     0.994
84.75     0.994
85.0     0.994
85.25     0.994
85.5     0.994
85.75     0.994
86.0     0.994
86.25     0.994
86.5     0.994
86.75     0.994
87.0     0.994
87.25     0.994
87.5     0.994
87.75     0.994
88.0     0.994
88.25     0.994
88.5     0.994
88.75     0.994
89.0     0.994
89.25     0.994
89.5     0.994
89.75     0.994
90.0     0.994
90.25     0.994
90.5     0.994
90.75     0.994
91.0     0.994
91.25     0.994
91.5     0.994
91.75     0.994
92.0     0.994
92.25     0.994
92.5     0.994
92.75     0.994
93.0     0.994
93.25     0.994
93.5     0.994
93.75     0.994
94.0     0.994
94.25     0.994
94.5     0.994
94.75     0.994
95.0     0.994
95.25     0.994
95.5     0.994
95.75     0.994
96.0     0.994
96.25     0.994
96.5     0.994
96.75     0.994
97.0     0.994
97.25     0.994
97.5     0.994
97.75     0.994
98.0     0.994
98.25     0.994
98.5     0.994
98.75     0.994
99.0     0.994
99.25     0.994
99.5     0.994
99.75     0.994
100.0     0.994
100.25     0.994
100.5     0.994
100.75     0.994
101.0     0.994
101.25     0.994
101.5     0.994
101.75     0.994
102.0     0.994
102.25     0.994
102.5     0.994
102.75     0.994
103.0     0.994
103.25     0.994
103.5     0.994
103.75     0.994
104.0     0.994
104.25     0.994
104.5     0.994
104.75     0.994
105.0     0.994
105.25     0.994
105.5     0.994
105.75     0.994
106.0     0.994
106.25     0.994
106.5     0.994
106.75     0.994
107.0     0.994
107.25     0.994
107.5     0.994
107.75     0.994
108.0     0.994
108.25     0.994
108.5     0.994
108.75     0.994
109.0     0.994
109.25     0.994
109.5     0.994
109.75     0.994
110.0     0.994
110.25     0.994
110.5     0.994
110.75     0.994
111.0     0.994
111.25     0.994
111.5     0.994
111.75     0.994
112.0     0.994
112.25     0.994
112.5     0.994
112.75     0.994
113.0     0.994
113.25     0.994
113.5     0.994
113.75     0.994
114.0     0.994
114.25     0.994
114.5     0.994
114.75     0.994
115.0     0.994
115.25     0.994
115.5     0.994
115.75     0.994
116.0     0.994
116.25     0.994
116.5     0.994
116.75     0.994
117.0     0.994
117.25     0.994
117.5     0.994
117.75     0.994
118.0     0.994
118.25     0.994
118.5     0.994
118.75     0.994
119.0     0.994
119.25     0.994
119.5     0.994
119.75     0.994
120.0     0.994
120.25     0.994
120.5     0.994
120.75     0.994
121.0     0.994
121.25     0.994
121.5     0.994
121.75     0.994
122.0     0.994
122.25     0.994
122.5     0.994
122.75     0.994
123.0     0.994
123.25     0.994
123.5     0.994
123.75     0.994
124.0     0.994
124.25     0.994
124.5     0.994
124.75     0.994
125.0     0.994
125.25     0.994
125.5     0.994
125.75     0.994
126.0     0.994
126.25     0.994
126.5     0.994
126.75     0.994
127.0     0.994
127.25     0.994
127.5     0.994
127.75     0.994
128.0     0.994
128.25     0.994
128.5     0.994
128.75     0.994
129.0     0.994
129.25     0.994
129.5     0.994
129.75     0.994
130.0     0.994
130.25     0.994
130.5     0.994
130.75     0.994
131.0     0.994
131.25     0.994
131.5     0.994
131.75     0.994
132.0     0.994
132.25     0.994
132.5     0.994
132.75     0.994
133.0     0.994
133.25     0.994
133.5     0.994
133.75     0.994
134.0     0.994
134.25     0.994
134.5     0.994
134.75     0.994
135.0     0.994
135.25     0.994
135.5     0.994
135.75     0.994
136.0     0.994
136.25     0.994
136.5     0.994
136.75     0.994
137.0     0.994
137.25     0.994
137.5     0.994
137.75     0.994
138.0     0.994
138.25     0.994
138.5     0.994
138.75     0.994
139.0     0.994
139.25     0.994
139.5     0.994
139.75     0.994
140.0     0.994
140.25     0.994
140.5     0.994
140.75     0.994
141.0     0.994
141.25     0.994
141.5     0.99
141.75     0.99
142.0     0.99
142.25     0.99
142.5     0.99
142.75     0.99
143.0     0.99
143.25     0.99
143.5     0.99
143.75     0.99
144.0     0.99
144.25     0.99
144.5     0.99
144.75     0.99
145.0     0.99
145.25     0.99
145.5     0.99
145.75     0.99
146.0     0.99
146.25     0.99
146.5     0.99
146.75     0.99
147.0     0.99
147.25     0.99
147.5     0.99
147.75     0.99
148.0     0.99
148.25     0.99
148.5     0.99
148.75     0.99
149.0     0.99
149.25     0.99
149.5     0.99
149.75     0.99
150.0     0.99
150.25     0.99
150.5     0.99
150.75     0.99
151.0     0.99
151.25     0.99
151.5     0.99
151.75     0.99
152.0     0.99
152.25     0.99
152.5     0.99
152.75     0.99
153.0     0.99
153.25     0.99
153.5     0.99
153.75     0.99
154.0     0.99
154.25     0.99
154.5     0.99
154.75     0.99
155.0     0.99
155.25     0.99
155.5     0.99
155.75     0.988
156.0     0.988
156.25     0.988
156.5     0.986
156.75     0.988
157.0     0.988
157.25     0.99
157.5     0.99
157.75     0.99
158.0     0.99
158.25     0.99
158.5     0.99
158.75     0.99
159.0     0.988
159.25     0.988
159.5     0.988
159.75     0.988
160.0     0.988
160.25     0.988
160.5     0.986
160.75     0.982
161.0     0.982
161.25     0.982
161.5     0.982
161.75     0.98
162.0     0.98
162.25     0.978
162.5     0.978
162.75     0.972
163.0     0.974
163.25     0.972
163.5     0.97
163.75     0.968
164.0     0.964
164.25     0.964
164.5     0.96
164.75     0.964
165.0     0.968
165.25     0.962
165.5     0.958
165.75     0.956
166.0     0.958
166.25     0.956
166.5     0.948
166.75     0.944
167.0     0.934
167.25     0.93
167.5     0.93
167.75     0.924
168.0     0.92
168.25     0.918
168.5     0.918
168.75     0.918
169.0     0.918
169.25     0.918
169.5     0.912
169.75     0.91
170.0     0.904
170.25     0.896
170.5     0.898
170.75     0.894
171.0     0.89
171.25     0.888
171.5     0.882
171.75     0.88
172.0     0.878
172.25     0.876
172.5     0.876
172.75     0.872
173.0     0.872
173.25     0.874
173.5     0.87
173.75     0.868
174.0     0.87
174.25     0.868
174.5     0.862
174.75     0.858
175.0     0.858
175.25     0.86
175.5     0.86
175.75     0.86
176.0     0.858
176.25     0.856
176.5     0.856
176.75     0.856
177.0     0.854
177.25     0.85
177.5     0.85
177.75     0.848
178.0     0.848
178.25     0.848
178.5     0.848
178.75     0.844
179.0     0.844
179.25     0.84
179.5     0.84
179.75     0.84
180.0     0.838
180.25     0.834
180.5     0.832
180.75     0.832
181.0     0.83
181.25     0.83
181.5     0.828
181.75     0.828
182.0     0.826
182.25     0.826
182.5     0.824
182.75     0.824
183.0     0.826
183.25     0.82
183.5     0.82
183.75     0.82
184.0     0.82
184.25     0.82
184.5     0.816
184.75     0.81
185.0     0.81
185.25     0.81
185.5     0.81
185.75     0.808
186.0     0.806
186.25     0.802
186.5     0.798
186.75     0.794
187.0     0.792
187.25     0.792
187.5     0.79
187.75     0.786
188.0     0.786
188.25     0.786
188.5     0.786
188.75     0.784
189.0     0.784
189.25     0.782
189.5     0.78
189.75     0.782
190.0     0.782
190.25     0.78
190.5     0.778
190.75     0.776
191.0     0.776
191.25     0.774
191.5     0.774
191.75     0.774
192.0     0.774
192.25     0.774
192.5     0.774
192.75     0.774
193.0     0.774
193.25     0.774
193.5     0.774
193.75     0.774
194.0     0.774
194.25     0.772
194.5     0.772
194.75     0.77
195.0     0.77
195.25     0.766
195.5     0.764
195.75     0.764
196.0     0.764
196.25     0.762
196.5     0.762
196.75     0.762
197.0     0.762
197.25     0.762
197.5     0.762
197.75     0.762
198.0     0.762
198.25     0.76
198.5     0.76
198.75     0.758
199.0     0.758
199.25     0.758
199.5     0.758
199.75     0.758
200.0     0.758
200.25     0.758
200.5     0.758
200.75     0.758
201.0     0.758
201.25     0.756
201.5     0.756
201.75     0.756
202.0     0.756
202.25     0.756
202.5     0.756
202.75     0.756
203.0     0.756
203.25     0.756
203.5     0.756
203.75     0.756
204.0     0.754
204.25     0.752
204.5     0.75
204.75     0.75
205.0     0.75
205.25     0.75
205.5     0.75
205.75     0.748
206.0     0.748
206.25     0.748
206.5     0.748
206.75     0.748
207.0     0.748
207.25     0.748
207.5     0.746
207.75     0.746
208.0     0.746
208.25     0.748
208.5     0.748
208.75     0.748
209.0     0.748
209.25     0.748
209.5     0.744
209.75     0.742
210.0     0.742
210.25     0.742
210.5     0.744
210.75     0.744
211.0     0.744
211.25     0.742
211.5     0.742
211.75     0.74
212.0     0.738
212.25     0.738
212.5     0.732
212.75     0.73
213.0     0.732
213.25     0.728
213.5     0.726
213.75     0.726
214.0     0.72
214.25     0.714
214.5     0.714
214.75     0.714
215.0     0.714
215.25     0.712
215.5     0.714
215.75     0.714
216.0     0.708
216.25     0.708
216.5     0.706
216.75     0.706
217.0     0.702
217.25     0.702
217.5     0.696
217.75     0.696
218.0     0.698
218.25     0.696
218.5     0.694
218.75     0.694
219.0     0.69
219.25     0.69
219.5     0.688
219.75     0.686
220.0     0.686
220.25     0.686
220.5     0.686
220.75     0.684
221.0     0.684
221.25     0.684
221.5     0.684
221.75     0.684
222.0     0.682
222.25     0.682
222.5     0.678
222.75     0.674
223.0     0.67
223.25     0.668
223.5     0.666
223.75     0.666
224.0     0.666
224.25     0.664
224.5     0.662
224.75     0.662
225.0     0.662
225.25     0.66
225.5     0.66
225.75     0.66
226.0     0.654
226.25     0.654
226.5     0.654
226.75     0.648
227.0     0.648
227.25     0.646
227.5     0.644
227.75     0.642
228.0     0.64
228.25     0.64
228.5     0.638
228.75     0.638
229.0     0.63
229.25     0.63
229.5     0.63
229.75     0.626
230.0     0.626
230.25     0.626
230.5     0.626
230.75     0.626
231.0     0.624
231.25     0.622
231.5     0.624
231.75     0.622
232.0     0.622
232.25     0.62
232.5     0.62
232.75     0.616
233.0     0.616
233.25     0.614
233.5     0.614
233.75     0.614
234.0     0.606
234.25     0.606
234.5     0.604
234.75     0.598
235.0     0.598
235.25     0.598
235.5     0.596
235.75     0.596
236.0     0.592
236.25     0.584
236.5     0.586
236.75     0.584
237.0     0.584
237.25     0.584
237.5     0.582
237.75     0.578
238.0     0.578
238.25     0.578
238.5     0.576
238.75     0.574
239.0     0.576
239.25     0.576
239.5     0.578
239.75     0.578
240.0     0.578
240.25     0.576
240.5     0.576
240.75     0.574
241.0     0.572
241.25     0.572
241.5     0.572
241.75     0.572
242.0     0.57
242.25     0.57
242.5     0.57
242.75     0.57
243.0     0.57
243.25     0.57
243.5     0.57
243.75     0.568
244.0     0.568
244.25     0.566
244.5     0.566
244.75     0.566
245.0     0.562
245.25     0.562
245.5     0.56
245.75     0.562
246.0     0.56
246.25     0.56
246.5     0.558
246.75     0.558
247.0     0.558
247.25     0.558
247.5     0.558
247.75     0.554
248.0     0.552
248.25     0.548
248.5     0.548
248.75     0.548
249.0     0.548
249.25     0.548
249.5     0.548
249.75     0.546
250.0     0.544
250.25     0.542
250.5     0.542
250.75     0.542
251.0     0.538
251.25     0.536
251.5     0.536
251.75     0.536
252.0     0.536
252.25     0.536
252.5     0.536
252.75     0.536
253.0     0.534
253.25     0.534
253.5     0.532
253.75     0.532
254.0     0.53
254.25     0.53
254.5     0.526
254.75     0.524
255.0     0.522
255.25     0.522
255.5     0.516
255.75     0.51
256.0     0.508
256.25     0.51
256.5     0.51
256.75     0.51
257.0     0.508
257.25     0.504
257.5     0.504
257.75     0.502
258.0     0.502
258.25     0.504
258.5     0.5
258.75     0.5
259.0     0.502
259.25     0.498
259.5     0.498
259.75     0.494
260.0     0.492
260.25     0.492
260.5     0.492
260.75     0.488
261.0     0.488
261.25     0.488
261.5     0.486
261.75     0.486
262.0     0.48
262.25     0.478
262.5     0.474
262.75     0.466
263.0     0.462
263.25     0.46
263.5     0.456
263.75     0.452
264.0     0.448
264.25     0.44
264.5     0.436
264.75     0.434
265.0     0.434
265.25     0.434
265.5     0.432
265.75     0.432
266.0     0.432
266.25     0.43
266.5     0.43
266.75     0.422
267.0     0.424
267.25     0.422
267.5     0.418
267.75     0.414
268.0     0.412
268.25     0.41
268.5     0.41
268.75     0.406
269.0     0.404
269.25     0.398
269.5     0.398
269.75     0.394
270.0     0.394
270.25     0.394
270.5     0.392
270.75     0.388
271.0     0.384
271.25     0.382
271.5     0.378
271.75     0.372
272.0     0.372
272.25     0.37
272.5     0.368
272.75     0.368
273.0     0.368
273.25     0.368
273.5     0.37
273.75     0.368
274.0     0.366
274.25     0.364
274.5     0.366
274.75     0.364
275.0     0.364
275.25     0.364
275.5     0.364
275.75     0.364
276.0     0.36
276.25     0.358
276.5     0.356
276.75     0.354
277.0     0.354
277.25     0.354
277.5     0.354
277.75     0.354
278.0     0.354
278.25     0.352
278.5     0.35
278.75     0.346
279.0     0.346
279.25     0.346
279.5     0.342
279.75     0.34
280.0     0.338
280.25     0.338
280.5     0.338
280.75     0.338
281.0     0.338
281.25     0.338
281.5     0.336
281.75     0.33
282.0     0.328
282.25     0.326
282.5     0.326
282.75     0.326
283.0     0.324
283.25     0.324
283.5     0.324
283.75     0.322
284.0     0.322
284.25     0.32
284.5     0.32
284.75     0.32
285.0     0.32
285.25     0.318
285.5     0.316
285.75     0.314
286.0     0.312
286.25     0.312
286.5     0.308
286.75     0.308
287.0     0.306
287.25     0.304
287.5     0.304
287.75     0.302
288.0     0.302
288.25     0.3
288.5     0.3
288.75     0.298
289.0     0.294
289.25     0.292
289.5     0.292
289.75     0.284
290.0     0.282
290.25     0.282
290.5     0.28
290.75     0.28
291.0     0.278
291.25     0.278
291.5     0.274
291.75     0.272
292.0     0.272
292.25     0.272
292.5     0.268
292.75     0.268
293.0     0.266
293.25     0.264
293.5     0.264
293.75     0.262
294.0     0.258
294.25     0.256
294.5     0.25
294.75     0.25
295.0     0.252
295.25     0.25
295.5     0.248
295.75     0.244
296.0     0.244
296.25     0.244
296.5     0.242
296.75     0.242
297.0     0.24
297.25     0.24
297.5     0.24
297.75     0.238
298.0     0.238
298.25     0.23
298.5     0.228
298.75     0.228
299.0     0.228
299.25     0.226
299.5     0.226
299.75     0.224
300.0     0.224
300.25     0.224
300.5     0.222
300.75     0.222
301.0     0.22
301.25     0.22
301.5     0.22
301.75     0.22
302.0     0.22
302.25     0.22
302.5     0.216
302.75     0.216
303.0     0.216
303.25     0.216
303.5     0.216
303.75     0.216
304.0     0.216
304.25     0.212
304.5     0.212
304.75     0.212
305.0     0.212
305.25     0.212
305.5     0.212
305.75     0.208
306.0     0.21
306.25     0.21
306.5     0.21
306.75     0.21
307.0     0.208
307.25     0.208
307.5     0.204
307.75     0.202
308.0     0.204
308.25     0.202
308.5     0.202
308.75     0.202
309.0     0.202
309.25     0.204
309.5     0.204
309.75     0.204
310.0     0.198
310.25     0.196
310.5     0.196
310.75     0.196
311.0     0.196
311.25     0.196
311.5     0.194
311.75     0.188
312.0     0.188
312.25     0.188
312.5     0.182
312.75     0.18
313.0     0.18
313.25     0.18
313.5     0.18
313.75     0.178
314.0     0.176
314.25     0.176
314.5     0.176
314.75     0.176
315.0     0.168
315.25     0.168
315.5     0.168
315.75     0.168
316.0     0.168
316.25     0.166
316.5     0.166
316.75     0.166
317.0     0.166
317.25     0.164
317.5     0.164
317.75     0.164
318.0     0.164
318.25     0.16
318.5     0.16
318.75     0.16
319.0     0.16
319.25     0.158
319.5     0.158
319.75     0.158
320.0     0.158
320.25     0.158
320.5     0.158
320.75     0.158
321.0     0.156
321.25     0.156
321.5     0.154
321.75     0.154
322.0     0.154
322.25     0.154
322.5     0.152
322.75     0.152
323.0     0.152
323.25     0.15
323.5     0.15
323.75     0.15
324.0     0.15
324.25     0.15
324.5     0.148
324.75     0.146
325.0     0.142
325.25     0.14
325.5     0.136
325.75     0.138
326.0     0.136
326.25     0.136
326.5     0.138
326.75     0.136
327.0     0.136
327.25     0.136
327.5     0.136
327.75     0.136
328.0     0.136
328.25     0.136
328.5     0.134
328.75     0.134
329.0     0.134
329.25     0.134
329.5     0.134
329.75     0.134
330.0     0.134
330.25     0.132
330.5     0.132
330.75     0.132
331.0     0.132
331.25     0.132
331.5     0.132
331.75     0.128
332.0     0.128
332.25     0.128
332.5     0.128
332.75     0.128
333.0     0.126
333.25     0.126
333.5     0.126
333.75     0.126
334.0     0.126
334.25     0.124
334.5     0.122
334.75     0.124
335.0     0.124
335.25     0.124
335.5     0.124
335.75     0.124
336.0     0.124
336.25     0.124
336.5     0.124
336.75     0.122
337.0     0.122
337.25     0.12
337.5     0.12
337.75     0.118
338.0     0.118
338.25     0.118
338.5     0.116
338.75     0.116
339.0     0.114
339.25     0.114
339.5     0.114
339.75     0.114
340.0     0.114
340.25     0.114
340.5     0.114
340.75     0.114
341.0     0.112
341.25     0.112
341.5     0.112
341.75     0.114
342.0     0.114
342.25     0.114
342.5     0.114
342.75     0.114
343.0     0.112
343.25     0.112
343.5     0.112
343.75     0.112
344.0     0.112
344.25     0.11
344.5     0.11
344.75     0.108
345.0     0.108
345.25     0.106
345.5     0.106
345.75     0.104
346.0     0.104
346.25     0.104
346.5     0.104
346.75     0.104
347.0     0.102
347.25     0.102
347.5     0.102
347.75     0.102
348.0     0.102
348.25     0.102
348.5     0.1
348.75     0.1
349.0     0.1
349.25     0.1
349.5     0.1
349.75     0.1
350.0     0.1
350.25     0.1
350.5     0.1
350.75     0.1
351.0     0.1
351.25     0.1
351.5     0.098
351.75     0.098
352.0     0.096
352.25     0.096
352.5     0.096
352.75     0.096
353.0     0.096
353.25     0.094
353.5     0.094
353.75     0.092
354.0     0.092
354.25     0.092
354.5     0.092
354.75     0.092
355.0     0.092
355.25     0.092
355.5     0.09
355.75     0.09
356.0     0.09
356.25     0.09
356.5     0.088
356.75     0.088
357.0     0.088
357.25     0.088
357.5     0.088
357.75     0.086
358.0     0.084
358.25     0.084
358.5     0.084
358.75     0.084
359.0     0.084
359.25     0.08
359.5     0.076
359.75     0.076
360.0     0.076
360.25     0.076
360.5     0.076
360.75     0.076
361.0     0.076
361.25     0.074
361.5     0.074
361.75     0.074
362.0     0.074
362.25     0.074
362.5     0.074
362.75     0.074
363.0     0.074
363.25     0.074
363.5     0.074
363.75     0.074
364.0     0.074
364.25     0.074
364.5     0.072
364.75     0.072
365.0     0.072
365.25     0.072
365.5     0.072
365.75     0.072
366.0     0.072
366.25     0.072
366.5     0.07
366.75     0.07
367.0     0.07
367.25     0.07
367.5     0.07
367.75     0.07
368.0     0.07
368.25     0.07
368.5     0.07
368.75     0.07
369.0     0.07
369.25     0.07
369.5     0.068
369.75     0.068
370.0     0.068
370.25     0.068
370.5     0.068
370.75     0.066
371.0     0.066
371.25     0.066
371.5     0.066
371.75     0.066
372.0     0.066
372.25     0.066
372.5     0.066
372.75     0.066
373.0     0.066
373.25     0.066
373.5     0.066
373.75     0.066
374.0     0.066
374.25     0.066
374.5     0.066
374.75     0.066
375.0     0.066
375.25     0.066
375.5     0.064
375.75     0.064
376.0     0.06
376.25     0.06
376.5     0.06
376.75     0.06
377.0     0.06
377.25     0.06
377.5     0.06
377.75     0.06
378.0     0.06
378.25     0.06
378.5     0.06
378.75     0.06
379.0     0.06
379.25     0.06
379.5     0.06
379.75     0.06
380.0     0.06
380.25     0.058
380.5     0.058
380.75     0.058
381.0     0.058
381.25     0.058
381.5     0.058
381.75     0.058
382.0     0.058
382.25     0.058
382.5     0.058
382.75     0.058
383.0     0.056
383.25     0.056
383.5     0.056
383.75     0.056
384.0     0.056
384.25     0.056
384.5     0.056
384.75     0.056
385.0     0.056
385.25     0.056
385.5     0.056
385.75     0.054
386.0     0.054
386.25     0.054
386.5     0.054
386.75     0.054
387.0     0.054
387.25     0.054
387.5     0.054
387.75     0.054
388.0     0.054
388.25     0.054
388.5     0.054
388.75     0.054
389.0     0.054
389.25     0.054
389.5     0.052
389.75     0.05
390.0     0.05
390.25     0.05
390.5     0.05
390.75     0.05
391.0     0.05
391.25     0.05
391.5     0.05
391.75     0.05
392.0     0.05
392.25     0.05
392.5     0.048
392.75     0.048
393.0     0.048
393.25     0.048
393.5     0.048
393.75     0.048
394.0     0.048
394.25     0.048
394.5     0.048
394.75     0.048
395.0     0.048
395.25     0.048
395.5     0.048
395.75     0.048
396.0     0.048
396.25     0.048
396.5     0.048
396.75     0.048
397.0     0.048
397.25     0.048
397.5     0.048
397.75     0.048
398.0     0.048
398.25     0.048
398.5     0.046
398.75     0.044
399.0     0.046
399.25     0.044
399.5     0.044
399.75     0.044
400.0     0.044
400.25     0.044
400.5     0.044
400.75     0.044
401.0     0.044
401.25     0.044
401.5     0.044
401.75     0.044
402.0     0.042
402.25     0.042
402.5     0.042
402.75     0.04
403.0     0.04
403.25     0.04
403.5     0.04
403.75     0.04
404.0     0.04
404.25     0.04
404.5     0.038
404.75     0.038
405.0     0.038
405.25     0.038
405.5     0.038
405.75     0.038
406.0     0.04
406.25     0.04
406.5     0.04
406.75     0.04
407.0     0.04
407.25     0.04
407.5     0.04
407.75     0.04
408.0     0.04
408.25     0.038
408.5     0.038
408.75     0.038
409.0     0.038
409.25     0.038
409.5     0.036
409.75     0.034
410.0     0.034
410.25     0.034
410.5     0.034
410.75     0.034
411.0     0.034
411.25     0.034
411.5     0.034
411.75     0.034
412.0     0.034
412.25     0.034
412.5     0.034
412.75     0.034
413.0     0.034
413.25     0.034
413.5     0.034
413.75     0.034
414.0     0.034
414.25     0.034
414.5     0.034
414.75     0.034
415.0     0.034
415.25     0.034
415.5     0.034
415.75     0.034
416.0     0.034
416.25     0.032
416.5     0.032
416.75     0.032
417.0     0.032
417.25     0.032
417.5     0.032
417.75     0.032
418.0     0.032
418.25     0.032
418.5     0.032
418.75     0.032
419.0     0.032
419.25     0.032
419.5     0.032
419.75     0.032
420.0     0.032
420.25     0.032
420.5     0.032
420.75     0.032
421.0     0.032
421.25     0.032
421.5     0.032
421.75     0.03
422.0     0.03
422.25     0.03
422.5     0.03
422.75     0.03
423.0     0.03
423.25     0.03
423.5     0.03
423.75     0.03
424.0     0.028
424.25     0.028
424.5     0.028
424.75     0.028
425.0     0.028
425.25     0.028
425.5     0.028
425.75     0.028
426.0     0.028
426.25     0.028
426.5     0.028
426.75     0.028
427.0     0.028
427.25     0.028
427.5     0.028
427.75     0.028
428.0     0.028
428.25     0.028
428.5     0.028
428.75     0.028
429.0     0.028
429.25     0.028
429.5     0.028
429.75     0.026
430.0     0.026
430.25     0.026
430.5     0.026
430.75     0.026
431.0     0.026
431.25     0.026
431.5     0.026
431.75     0.026
432.0     0.026
432.25     0.026
432.5     0.026
432.75     0.026
433.0     0.026
433.25     0.026
433.5     0.026
433.75     0.026
434.0     0.026
434.25     0.026
434.5     0.024
434.75     0.024
435.0     0.024
435.25     0.024
435.5     0.024
435.75     0.024
436.0     0.024
436.25     0.024
436.5     0.024
436.75     0.024
437.0     0.024
437.25     0.024
437.5     0.024
437.75     0.024
438.0     0.024
438.25     0.024
438.5     0.024
438.75     0.024
439.0     0.024
439.25     0.024
439.5     0.024
439.75     0.024
440.0     0.024
440.25     0.024
440.5     0.024
440.75     0.024
441.0     0.024
441.25     0.024
441.5     0.024
441.75     0.024
442.0     0.024
442.25     0.024
442.5     0.024
442.75     0.024
443.0     0.024
443.25     0.024
443.5     0.024
443.75     0.024
444.0     0.024
444.25     0.024
444.5     0.024
444.75     0.024
445.0     0.024
445.25     0.024
445.5     0.022
445.75     0.022
446.0     0.022
446.25     0.022
446.5     0.022
446.75     0.022
447.0     0.022
447.25     0.022
447.5     0.022
447.75     0.022
448.0     0.022
448.25     0.022
448.5     0.022
448.75     0.022
449.0     0.022
449.25     0.022
449.5     0.022
449.75     0.022
450.0     0.022
450.25     0.022
450.5     0.022
450.75     0.022
451.0     0.022
451.25     0.022
451.5     0.022
451.75     0.022
452.0     0.022
452.25     0.022
452.5     0.022
452.75     0.02
453.0     0.02
453.25     0.02
453.5     0.02
453.75     0.02
454.0     0.02
454.25     0.02
454.5     0.02
454.75     0.02
455.0     0.02
455.25     0.02
455.5     0.02
455.75     0.02
456.0     0.02
456.25     0.02
456.5     0.02
456.75     0.018
457.0     0.018
457.25     0.018
457.5     0.018
457.75     0.016
458.0     0.016
458.25     0.016
458.5     0.016
458.75     0.016
459.0     0.016
459.25     0.016
459.5     0.016
459.75     0.016
460.0     0.014
460.25     0.014
460.5     0.014
460.75     0.014
461.0     0.014
461.25     0.014
461.5     0.014
461.75     0.014
462.0     0.014
462.25     0.014
462.5     0.014
462.75     0.014
463.0     0.014
463.25     0.014
463.5     0.014
463.75     0.014
464.0     0.014
464.25     0.014
464.5     0.014
464.75     0.014
465.0     0.014
465.25     0.012
465.5     0.012
465.75     0.012
466.0     0.012
466.25     0.012
466.5     0.012
466.75     0.012
467.0     0.012
467.25     0.012
467.5     0.012
467.75     0.012
468.0     0.012
468.25     0.012
468.5     0.012
468.75     0.012
469.0     0.012
469.25     0.012
469.5     0.012
469.75     0.012
470.0     0.012
470.25     0.012
470.5     0.012
470.75     0.01
471.0     0.01
471.25     0.01
471.5     0.01
471.75     0.01
472.0     0.01
472.25     0.01
472.5     0.01
472.75     0.01
473.0     0.01
473.25     0.01
473.5     0.01
473.75     0.01
474.0     0.01
474.25     0.01
474.5     0.01
474.75     0.01
475.0     0.01
475.25     0.01
475.5     0.01
475.75     0.01
476.0     0.01
476.25     0.01
476.5     0.01
476.75     0.01
477.0     0.01
477.25     0.01
477.5     0.01
477.75     0.01
478.0     0.01
478.25     0.01
478.5     0.01
478.75     0.01
479.0     0.01
479.25     0.01
479.5     0.01
479.75     0.01
480.0     0.01
480.25     0.01
480.5     0.01
480.75     0.01
481.0     0.01
481.25     0.01
481.5     0.01
481.75     0.01
482.0     0.01
482.25     0.01
482.5     0.01
482.75     0.01
483.0     0.01
483.25     0.01
483.5     0.01
483.75     0.01
484.0     0.01
484.25     0.01
484.5     0.01
484.75     0.01
485.0     0.01
485.25     0.01
485.5     0.01
485.75     0.01
486.0     0.01
486.25     0.01
486.5     0.01
486.75     0.01
487.0     0.01
487.25     0.01
487.5     0.01
487.75     0.01
488.0     0.01
488.25     0.01
488.5     0.01
488.75     0.01
489.0     0.01
489.25     0.01
489.5     0.01
489.75     0.01
490.0     0.01
490.25     0.01
490.5     0.01
490.75     0.01
491.0     0.01
491.25     0.01
491.5     0.01
491.75     0.01
492.0     0.01
492.25     0.01
492.5     0.01
492.75     0.01
493.0     0.01
493.25     0.01
493.5     0.01
493.75     0.01
494.0     0.01
494.25     0.01
494.5     0.01
494.75     0.01
495.0     0.01
495.25     0.01
495.5     0.01
495.75     0.01
496.0     0.01
496.25     0.01
496.5     0.01
496.75     0.01
497.0     0.01
497.25     0.01
497.5     0.01
497.75     0.01
498.0     0.012
498.25     0.012
498.5     0.012
498.75     0.012
499.0     0.012
499.25     0.012
499.5     0.012
499.75     0.012
500.0     0.012
500.25     0.012
500.5     0.012
500.75     0.012
501.0     0.012
501.25     0.012
501.5     0.012
501.75     0.012
502.0     0.012
502.25     0.012
502.5     0.012
502.75     0.012
503.0     0.012
503.25     0.012
503.5     0.012
503.75     0.012
504.0     0.012
504.25     0.012
504.5     0.012
504.75     0.012
505.0     0.012
505.25     0.012
505.5     0.012
505.75     0.012
506.0     0.012
506.25     0.012
506.5     0.012
506.75     0.012
507.0     0.012
507.25     0.012
507.5     0.012
507.75     0.012
508.0     0.012
508.25     0.012
508.5     0.012
508.75     0.012
509.0     0.012
509.25     0.012
509.5     0.01
509.75     0.01
510.0     0.01
510.25     0.01
510.5     0.01
510.75     0.01
511.0     0.01
511.25     0.01
511.5     0.01
511.75     0.01
512.0     0.01
512.25     0.01
512.5     0.01
512.75     0.01
513.0     0.01
513.25     0.01
513.5     0.01
513.75     0.01
514.0     0.01
514.25     0.01
514.5     0.01
514.75     0.01
515.0     0.01
515.25     0.01
515.5     0.01
515.75     0.01
516.0     0.01
516.25     0.01
516.5     0.01
516.75     0.01
517.0     0.01
517.25     0.01
517.5     0.01
517.75     0.01
518.0     0.01
518.25     0.01
518.5     0.01
518.75     0.01
519.0     0.01
519.25     0.01
519.5     0.01
519.75     0.01
520.0     0.01
520.25     0.01
520.5     0.01
520.75     0.01
521.0     0.01
521.25     0.01
521.5     0.01
521.75     0.01
522.0     0.01
522.25     0.01
522.5     0.01
522.75     0.01
523.0     0.01
523.25     0.01
523.5     0.01
523.75     0.01
524.0     0.01
524.25     0.01
524.5     0.01
524.75     0.01
525.0     0.01
525.25     0.01
525.5     0.01
525.75     0.01
526.0     0.01
526.25     0.01
526.5     0.01
526.75     0.01
527.0     0.01
527.25     0.01
527.5     0.01
527.75     0.01
528.0     0.01
528.25     0.01
528.5     0.01
528.75     0.01
529.0     0.01
529.25     0.01
529.5     0.01
529.75     0.01
530.0     0.01
530.25     0.01
530.5     0.01
530.75     0.01
531.0     0.01
531.25     0.01
531.5     0.01
531.75     0.01
532.0     0.01
532.25     0.01
532.5     0.01
532.75     0.01
533.0     0.01
533.25     0.01
533.5     0.01
533.75     0.01
534.0     0.01
534.25     0.01
534.5     0.01
534.75     0.01
535.0     0.01
535.25     0.01
535.5     0.01
535.75     0.01
536.0     0.01
536.25     0.01
536.5     0.01
536.75     0.01
537.0     0.01
537.25     0.01
537.5     0.01
537.75     0.01
538.0     0.01
538.25     0.01
538.5     0.01
538.75     0.01
539.0     0.01
539.25     0.01
539.5     0.01
539.75     0.01
540.0     0.01
540.25     0.01
540.5     0.01
540.75     0.01
541.0     0.01
541.25     0.01
541.5     0.01
541.75     0.01
542.0     0.01
542.25     0.01
542.5     0.01
542.75     0.01
543.0     0.01
543.25     0.01
543.5     0.01
543.75     0.01
544.0     0.01
544.25     0.01
544.5     0.01
544.75     0.01
545.0     0.01
545.25     0.01
545.5     0.01
545.75     0.01
546.0     0.01
546.25     0.01
546.5     0.01
546.75     0.01
547.0     0.01
547.25     0.01
547.5     0.01
547.75     0.01
548.0     0.01
548.25     0.01
548.5     0.01
548.75     0.01
549.0     0.01
549.25     0.01
549.5     0.01
549.75     0.01
550.0     0.01
550.25     0.01
550.5     0.01
550.75     0.01
551.0     0.01
551.25     0.01
551.5     0.01
551.75     0.01
552.0     0.01
552.25     0.01
552.5     0.01
552.75     0.01
553.0     0.01
553.25     0.01
553.5     0.01
553.75     0.01
554.0     0.01
554.25     0.01
554.5     0.01
554.75     0.01
555.0     0.01
555.25     0.01
555.5     0.01
555.75     0.01
556.0     0.01
556.25     0.01
556.5     0.01
556.75     0.01
557.0     0.01
557.25     0.01
557.5     0.01
557.75     0.01
558.0     0.01
558.25     0.01
558.5     0.01
558.75     0.01
559.0     0.01
559.25     0.01
559.5     0.01
559.75     0.01
560.0     0.01
560.25     0.01
560.5     0.01
560.75     0.01
561.0     0.01
561.25     0.01
561.5     0.01
561.75     0.01
562.0     0.01
562.25     0.01
562.5     0.01
562.75     0.01
563.0     0.01
563.25     0.01
563.5     0.01
563.75     0.01
564.0     0.01
564.25     0.01
564.5     0.008
564.75     0.008
565.0     0.008
565.25     0.008
565.5     0.008
565.75     0.008
566.0     0.008
566.25     0.008
566.5     0.008
566.75     0.008
567.0     0.008
567.25     0.008
567.5     0.008
567.75     0.008
568.0     0.008
568.25     0.008
568.5     0.008
568.75     0.008
569.0     0.008
569.25     0.008
569.5     0.008
569.75     0.008
570.0     0.008
570.25     0.008
570.5     0.008
570.75     0.008
571.0     0.008
571.25     0.008
571.5     0.008
571.75     0.008
572.0     0.008
572.25     0.008
572.5     0.008
572.75     0.008
573.0     0.008
573.25     0.008
573.5     0.008
573.75     0.008
574.0     0.008
574.25     0.008
574.5     0.008
574.75     0.008
575.0     0.008
575.25     0.008
575.5     0.008
575.75     0.008
576.0     0.008
576.25     0.008
576.5     0.008
576.75     0.008
577.0     0.008
577.25     0.008
577.5     0.008
577.75     0.008
578.0     0.008
578.25     0.008
578.5     0.008
578.75     0.008
579.0     0.008
579.25     0.008
579.5     0.008
579.75     0.008
580.0     0.008
580.25     0.008
580.5     0.008
580.75     0.008
581.0     0.008
581.25     0.008
581.5     0.008
581.75     0.008
582.0     0.008
582.25     0.008
582.5     0.008
582.75     0.008
583.0     0.008
583.25     0.006
583.5     0.006
583.75     0.006
584.0     0.006
584.25     0.006
584.5     0.006
584.75     0.006
585.0     0.006
585.25     0.006
585.5     0.006
585.75     0.006
586.0     0.006
586.25     0.008
586.5     0.01
586.75     0.01
587.0     0.008
587.25     0.008
587.5     0.008
587.75     0.008
588.0     0.008
588.25     0.008
588.5     0.008
588.75     0.008
589.0     0.008
589.25     0.008
589.5     0.008
589.75     0.008
590.0     0.008
590.25     0.008
590.5     0.008
590.75     0.008
591.0     0.008
591.25     0.008
591.5     0.008
591.75     0.008
592.0     0.008
592.25     0.008
592.5     0.008
592.75     0.008
593.0     0.008
593.25     0.008
593.5     0.008
593.75     0.008
594.0     0.008
594.25     0.008
594.5     0.008
594.75     0.008
595.0     0.008
595.25     0.008
595.5     0.008
595.75     0.008
596.0     0.008
596.25     0.008
596.5     0.008
596.75     0.008
597.0     0.008
597.25     0.008
597.5     0.008
597.75     0.008
598.0     0.008
598.25     0.008
598.5     0.008
598.75     0.008
599.0     0.008
599.25     0.008
599.5     0.008
599.75     0.008
600.0     0.008
600.25     0.008
600.5     0.008
600.75     0.008
601.0     0.008
601.25     0.008
601.5     0.008
601.75     0.008
602.0     0.008
602.25     0.008
602.5     0.008
602.75     0.008
603.0     0.008
603.25     0.008
603.5     0.008
603.75     0.008
604.0     0.008
604.25     0.008
604.5     0.008
604.75     0.008
605.0     0.008
605.25     0.008
605.5     0.008
605.75     0.008
606.0     0.008
606.25     0.008
606.5     0.008
606.75     0.008
607.0     0.008
607.25     0.008
607.5     0.008
607.75     0.008
608.0     0.008
608.25     0.008
608.5     0.008
608.75     0.008
609.0     0.008
609.25     0.008
609.5     0.008
609.75     0.008
610.0     0.008
610.25     0.008
610.5     0.01
610.75     0.01
611.0     0.01
611.25     0.01
611.5     0.01
611.75     0.01
612.0     0.01
612.25     0.01
612.5     0.01
612.75     0.01
613.0     0.01
613.25     0.01
613.5     0.01
613.75     0.01
614.0     0.01
614.25     0.01
614.5     0.01
614.75     0.01
615.0     0.01
615.25     0.01
615.5     0.01
615.75     0.01
616.0     0.01
616.25     0.01
616.5     0.01
616.75     0.01
617.0     0.01
617.25     0.01
617.5     0.01
617.75     0.01
618.0     0.01
618.25     0.01
618.5     0.008
618.75     0.008
619.0     0.008
619.25     0.008
619.5     0.008
619.75     0.008
620.0     0.008
620.25     0.008
620.5     0.008
620.75     0.008
621.0     0.008
621.25     0.008
621.5     0.008
621.75     0.008
622.0     0.008
622.25     0.008
622.5     0.008
622.75     0.008
623.0     0.008
623.25     0.008
623.5     0.008
623.75     0.008
624.0     0.008
624.25     0.008
624.5     0.008
624.75     0.008
625.0     0.008
625.25     0.008
625.5     0.008
625.75     0.008
626.0     0.008
626.25     0.008
626.5     0.008
626.75     0.008
627.0     0.008
627.25     0.008
627.5     0.008
627.75     0.008
628.0     0.008
628.25     0.008
628.5     0.008
628.75     0.008
629.0     0.008
629.25     0.008
629.5     0.008
629.75     0.008
630.0     0.008
630.25     0.008
630.5     0.008
630.75     0.008
631.0     0.008
631.25     0.008
631.5     0.008
631.75     0.008
632.0     0.008
632.25     0.008
632.5     0.008
632.75     0.008
633.0     0.008
633.25     0.008
633.5     0.008
633.75     0.008
634.0     0.008
634.25     0.008
634.5     0.008
634.75     0.008
635.0     0.008
635.25     0.008
635.5     0.008
635.75     0.008
636.0     0.008
636.25     0.008
636.5     0.008
636.75     0.008
637.0     0.008
637.25     0.008
637.5     0.008
637.75     0.008
638.0     0.008
638.25     0.008
638.5     0.008
638.75     0.008
639.0     0.008
639.25     0.008
639.5     0.008
639.75     0.008
640.0     0.008
640.25     0.008
640.5     0.008
640.75     0.008
641.0     0.008
641.25     0.008
641.5     0.008
641.75     0.008
642.0     0.008
642.25     0.008
642.5     0.008
642.75     0.008
643.0     0.008
643.25     0.008
643.5     0.008
643.75     0.008
644.0     0.008
644.25     0.008
644.5     0.008
644.75     0.008
645.0     0.008
645.25     0.008
645.5     0.008
645.75     0.008
646.0     0.008
646.25     0.008
646.5     0.008
646.75     0.008
647.0     0.008
647.25     0.008
647.5     0.008
647.75     0.008
648.0     0.008
648.25     0.008
648.5     0.008
648.75     0.008
649.0     0.008
649.25     0.008
649.5     0.008
649.75     0.008
650.0     0.008
650.25     0.008
650.5     0.008
650.75     0.008
651.0     0.008
651.25     0.008
651.5     0.008
651.75     0.008
652.0     0.008
652.25     0.008
652.5     0.008
652.75     0.008
653.0     0.008
653.25     0.008
653.5     0.008
653.75     0.008
654.0     0.008
654.25     0.008
654.5     0.008
654.75     0.008
655.0     0.008
655.25     0.008
655.5     0.008
655.75     0.008
656.0     0.008
656.25     0.008
656.5     0.008
656.75     0.008
657.0     0.008
657.25     0.008
657.5     0.008
657.75     0.008
658.0     0.008
658.25     0.008
658.5     0.008
658.75     0.008
659.0     0.008
659.25     0.008
659.5     0.008
659.75     0.008
660.0     0.008
660.25     0.008
660.5     0.008
660.75     0.008
661.0     0.008
661.25     0.008
661.5     0.008
661.75     0.008
662.0     0.008
662.25     0.008
662.5     0.008
662.75     0.008
663.0     0.008
663.25     0.008
663.5     0.008
663.75     0.008
664.0     0.008
664.25     0.008
664.5     0.008
664.75     0.008
665.0     0.008
665.25     0.008
665.5     0.008
665.75     0.008
666.0     0.008
666.25     0.008
666.5     0.008
666.75     0.008
667.0     0.008
667.25     0.008
667.5     0.008
667.75     0.008
668.0     0.008
668.25     0.008
668.5     0.008
668.75     0.008
669.0     0.008
669.25     0.008
669.5     0.008
669.75     0.008
670.0     0.008
670.25     0.008
670.5     0.008
670.75     0.008
671.0     0.008
671.25     0.008
671.5     0.008
671.75     0.008
672.0     0.008
672.25     0.008
672.5     0.008
672.75     0.008
673.0     0.008
673.25     0.008
673.5     0.008
673.75     0.008
674.0     0.008
674.25     0.008
674.5     0.008
674.75     0.008
675.0     0.008
675.25     0.008
675.5     0.008
675.75     0.008
676.0     0.008
676.25     0.008
676.5     0.008
676.75     0.008
677.0     0.008
677.25     0.008
677.5     0.008
677.75     0.008
678.0     0.008
678.25     0.008
678.5     0.008
678.75     0.008
679.0     0.008
679.25     0.008
679.5     0.008
679.75     0.008
680.0     0.008
680.25     0.008
680.5     0.008
680.75     0.008
681.0     0.008
681.25     0.008
681.5     0.008
681.75     0.008
682.0     0.008
682.25     0.008
682.5     0.008
682.75     0.008
683.0     0.008
683.25     0.008
683.5     0.008
683.75     0.008
684.0     0.008
684.25     0.008
684.5     0.008
684.75     0.008
685.0     0.008
685.25     0.008
685.5     0.008
685.75     0.008
686.0     0.008
686.25     0.008
686.5     0.008
686.75     0.008
687.0     0.008
687.25     0.008
687.5     0.008
687.75     0.008
688.0     0.008
688.25     0.008
688.5     0.008
688.75     0.008
689.0     0.008
689.25     0.008
689.5     0.008
689.75     0.008
690.0     0.008
690.25     0.008
690.5     0.008
690.75     0.008
691.0     0.008
691.25     0.008
691.5     0.008
691.75     0.008
692.0     0.008
692.25     0.008
692.5     0.008
692.75     0.008
693.0     0.008
693.25     0.008
693.5     0.008
693.75     0.008
694.0     0.008
694.25     0.008
694.5     0.008
694.75     0.008
695.0     0.008
695.25     0.008
695.5     0.008
695.75     0.008
696.0     0.008
696.25     0.008
696.5     0.008
696.75     0.008
697.0     0.008
697.25     0.008
697.5     0.008
697.75     0.008
698.0     0.008
698.25     0.008
698.5     0.008
698.75     0.008
699.0     0.008
699.25     0.008
699.5     0.008
699.75     0.008
700.0     0.008
700.25     0.008
700.5     0.008
700.75     0.008
701.0     0.008
701.25     0.008
701.5     0.008
701.75     0.008
702.0     0.008
702.25     0.008
702.5     0.008
702.75     0.008
703.0     0.008
703.25     0.008
703.5     0.008
703.75     0.008
704.0     0.008
704.25     0.008
704.5     0.008
704.75     0.008
705.0     0.008
705.25     0.008
705.5     0.008
705.75     0.008
706.0     0.008
706.25     0.006
706.5     0.006
706.75     0.006
707.0     0.006
707.25     0.006
707.5     0.006
707.75     0.006
708.0     0.006
708.25     0.006
708.5     0.006
708.75     0.004
709.0     0.004
709.25     0.004
709.5     0.004
709.75     0.004
710.0     0.004
710.25     0.004
710.5     0.004
710.75     0.004
711.0     0.004
711.25     0.004
711.5     0.004
711.75     0.004
712.0     0.004
712.25     0.004
712.5     0.004
712.75     0.004
713.0     0.004
713.25     0.004
713.5     0.004
713.75     0.004
714.0     0.004
714.25     0.004
714.5     0.004
714.75     0.004
715.0     0.004
715.25     0.004
715.5     0.004
715.75     0.004
716.0     0.004
716.25     0.004
716.5     0.004
716.75     0.004
717.0     0.004
717.25     0.002
717.5     0.002
717.75     0.002
718.0     0.002
718.25     0.002
718.5     0.002
718.75     0.002
719.0     0.002
719.25     0.002
719.5     0.002
719.75     0.002
720.0     0.002
720.25     0.004
720.5     0.004
720.75     0.004
721.0     0.004
721.25     0.004
721.5     0.004
721.75     0.004
722.0     0.004
722.25     0.004
722.5     0.004
722.75     0.004
723.0     0.004
723.25     0.004
723.5     0.004
723.75     0.004
724.0     0.004
724.25     0.004
724.5     0.004
724.75     0.004
725.0     0.004
725.25     0.004
725.5     0.004
725.75     0.004
726.0     0.004
726.25     0.004
726.5     0.004
726.75     0.004
727.0     0.004
727.25     0.004
727.5     0.004
727.75     0.004
728.0     0.004
728.25     0.004
728.5     0.004
728.75     0.004
729.0     0.004
729.25     0.004
729.5     0.004
729.75     0.004
730.0     0.004
730.25     0.004
730.5     0.004
730.75     0.004
731.0     0.004
731.25     0.004
731.5     0.004
731.75     0.004
732.0     0.004
732.25     0.004
732.5     0.004
732.75     0.004
733.0     0.004
733.25     0.004
733.5     0.004
733.75     0.004
734.0     0.004
734.25     0.004
734.5     0.004
734.75     0.004
735.0     0.004
735.25     0.004
735.5     0.004
735.75     0.004
736.0     0.004
736.25     0.004
736.5     0.004
736.75     0.004
737.0     0.004
737.25     0.004
737.5     0.004
737.75     0.004
738.0     0.004
738.25     0.004
738.5     0.004
738.75     0.004
739.0     0.004
739.25     0.004
739.5     0.004
739.75     0.004
740.0     0.004
740.25     0.004
740.5     0.004
740.75     0.004
741.0     0.004
741.25     0.004
741.5     0.004
741.75     0.004
742.0     0.004
742.25     0.004
742.5     0.004
742.75     0.004
743.0     0.004
743.25     0.004
743.5     0.004
743.75     0.004
744.0     0.004
744.25     0.004
744.5     0.004
744.75     0.004
745.0     0.004
745.25     0.004
745.5     0.004
745.75     0.004
746.0     0.004
746.25     0.004
746.5     0.004
746.75     0.004
747.0     0.004
747.25     0.004
747.5     0.004
747.75     0.004
748.0     0.004
748.25     0.004
748.5     0.004
748.75     0.004
749.0     0.004
749.25     0.004
749.5     0.004
749.75     0.004
750.0     0.004
750.25     0.004
750.5     0.004
750.75     0.004
751.0     0.004
751.25     0.004
751.5     0.004
751.75     0.004
752.0     0.004
752.25     0.004
752.5     0.004
752.75     0.004
753.0     0.004
753.25     0.004
753.5     0.004
753.75     0.004
754.0     0.004
754.25     0.004
754.5     0.004
754.75     0.004
755.0     0.004
755.25     0.004
755.5     0.004
755.75     0.004
756.0     0.004
756.25     0.004
756.5     0.004
756.75     0.004
757.0     0.004
757.25     0.004
757.5     0.004
757.75     0.004
758.0     0.004
758.25     0.004
758.5     0.004
758.75     0.004
759.0     0.004
759.25     0.004
759.5     0.004
759.75     0.004
760.0     0.004
760.25     0.004
760.5     0.004
760.75     0.004
761.0     0.004
761.25     0.004
761.5     0.004
761.75     0.004
762.0     0.004
762.25     0.004
762.5     0.004
762.75     0.004
763.0     0.004
763.25     0.004
763.5     0.004
763.75     0.004
764.0     0.004
764.25     0.004
764.5     0.004
764.75     0.004
765.0     0.004
765.25     0.004
765.5     0.004
765.75     0.004
766.0     0.004
766.25     0.004
766.5     0.004
766.75     0.004
767.0     0.004
767.25     0.004
767.5     0.004
767.75     0.004
768.0     0.004
768.25     0.004
768.5     0.004
768.75     0.004
769.0     0.004
769.25     0.004
769.5     0.004
769.75     0.004
770.0     0.004
770.25     0.004
770.5     0.004
770.75     0.004
771.0     0.004
771.25     0.004
771.5     0.004
771.75     0.004
772.0     0.004
772.25     0.004
772.5     0.004
772.75     0.004
773.0     0.004
773.25     0.004
773.5     0.004
773.75     0.004
774.0     0.004
774.25     0.004
774.5     0.004
774.75     0.004
775.0     0.004
775.25     0.004
775.5     0.004
775.75     0.004
776.0     0.004
776.25     0.004
776.5     0.004
776.75     0.004
777.0     0.004
777.25     0.004
777.5     0.004
777.75     0.004
778.0     0.004
778.25     0.004
778.5     0.004
778.75     0.004
779.0     0.004
779.25     0.004
779.5     0.004
779.75     0.004
780.0     0.004
780.25     0.004
780.5     0.004
780.75     0.004
781.0     0.004
781.25     0.004
781.5     0.004
781.75     0.004
782.0     0.004
782.25     0.004
782.5     0.004
782.75     0.004
783.0     0.004
783.25     0.004
783.5     0.004
783.75     0.006
784.0     0.006
784.25     0.006
784.5     0.006
784.75     0.006
785.0     0.006
785.25     0.006
785.5     0.006
785.75     0.006
786.0     0.006
786.25     0.006
786.5     0.006
786.75     0.006
787.0     0.006
787.25     0.006
787.5     0.006
787.75     0.006
788.0     0.006
788.25     0.006
788.5     0.006
788.75     0.006
789.0     0.006
789.25     0.006
789.5     0.006
789.75     0.006
790.0     0.006
790.25     0.006
790.5     0.006
790.75     0.006
791.0     0.006
791.25     0.006
791.5     0.006
791.75     0.006
792.0     0.006
792.25     0.006
792.5     0.006
792.75     0.006
793.0     0.006
793.25     0.006
793.5     0.006
793.75     0.006
794.0     0.006
794.25     0.006
794.5     0.006
794.75     0.006
795.0     0.006
795.25     0.006
795.5     0.006
795.75     0.006
796.0     0.006
796.25     0.006
796.5     0.006
796.75     0.006
797.0     0.006
797.25     0.006
797.5     0.006
797.75     0.006
798.0     0.006
798.25     0.006
798.5     0.006
798.75     0.006
799.0     0.006
799.25     0.006
799.5     0.006
799.75     0.006
800.0     0.006
800.25     0.006
800.5     0.006
800.75     0.006
801.0     0.006
801.25     0.006
801.5     0.006
801.75     0.006
802.0     0.006
802.25     0.006
802.5     0.006
802.75     0.006
803.0     0.006
803.25     0.006
803.5     0.006
803.75     0.006
804.0     0.006
804.25     0.006
804.5     0.006
804.75     0.006
805.0     0.006
805.25     0.006
805.5     0.006
805.75     0.006
806.0     0.006
806.25     0.006
806.5     0.006
806.75     0.006
807.0     0.006
807.25     0.006
807.5     0.006
807.75     0.006
808.0     0.006
808.25     0.006
808.5     0.006
808.75     0.006
809.0     0.006
809.25     0.006
809.5     0.006
809.75     0.006
810.0     0.006
810.25     0.006
810.5     0.006
810.75     0.006
811.0     0.006
811.25     0.006
811.5     0.006
811.75     0.006
812.0     0.006
812.25     0.006
812.5     0.006
812.75     0.006
813.0     0.006
813.25     0.006
813.5     0.006
813.75     0.006
814.0     0.006
814.25     0.006
814.5     0.006
814.75     0.006
815.0     0.006
815.25     0.006
815.5     0.006
815.75     0.006
816.0     0.006
816.25     0.006
816.5     0.006
816.75     0.006
817.0     0.006
817.25     0.006
817.5     0.006
817.75     0.006
818.0     0.006
818.25     0.006
818.5     0.006
818.75     0.006
819.0     0.006
819.25     0.006
819.5     0.006
819.75     0.006
820.0     0.006
820.25     0.006
820.5     0.006
820.75     0.006
821.0     0.006
821.25     0.006
821.5     0.006
821.75     0.006
822.0     0.006
822.25     0.006
822.5     0.006
822.75     0.006
823.0     0.006
823.25     0.006
823.5     0.006
823.75     0.006
824.0     0.006
824.25     0.006
824.5     0.006
824.75     0.006
825.0     0.006
825.25     0.006
825.5     0.006
825.75     0.006
826.0     0.006
826.25     0.006
826.5     0.006
826.75     0.006
827.0     0.006
827.25     0.006
827.5     0.006
827.75     0.006
828.0     0.006
828.25     0.006
828.5     0.006
828.75     0.006
829.0     0.006
829.25     0.006
829.5     0.006
829.75     0.006
830.0     0.006
830.25     0.006
830.5     0.006
830.75     0.006
831.0     0.006
831.25     0.006
831.5     0.006
831.75     0.006
832.0     0.006
832.25     0.006
832.5     0.006
832.75     0.006
833.0     0.006
833.25     0.006
833.5     0.006
833.75     0.006
834.0     0.006
834.25     0.006
834.5     0.006
834.75     0.006
835.0     0.006
835.25     0.006
835.5     0.006
835.75     0.004
836.0     0.004
836.25     0.004
836.5     0.004
836.75     0.004
837.0     0.004
837.25     0.004
837.5     0.004
837.75     0.004
838.0     0.004
838.25     0.004
838.5     0.004
838.75     0.004
839.0     0.004
839.25     0.004
839.5     0.004
839.75     0.004
840.0     0.004
840.25     0.004
840.5     0.004
840.75     0.004
841.0     0.004
841.25     0.004
841.5     0.004
841.75     0.004
842.0     0.004
842.25     0.004
842.5     0.004
842.75     0.004
843.0     0.004
843.25     0.004
843.5     0.004
843.75     0.004
844.0     0.004
844.25     0.004
844.5     0.004
844.75     0.004
845.0     0.004
845.25     0.004
845.5     0.004
845.75     0.004
846.0     0.004
846.25     0.004
846.5     0.004
846.75     0.004
847.0     0.004
847.25     0.004
847.5     0.004
847.75     0.004
848.0     0.004
848.25     0.004
848.5     0.004
848.75     0.004
849.0     0.004
849.25     0.004
849.5     0.004
849.75     0.004
850.0     0.004
850.25     0.004
850.5     0.004
850.75     0.004
851.0     0.004
851.25     0.004
851.5     0.004
851.75     0.004
852.0     0.004
852.25     0.004
852.5     0.004
852.75     0.004
853.0     0.004
853.25     0.004
853.5     0.004
853.75     0.004
854.0     0.004
854.25     0.004
854.5     0.004
854.75     0.004
855.0     0.004
855.25     0.004
855.5     0.004
855.75     0.004
856.0     0.004
856.25     0.004
856.5     0.004
856.75     0.004
857.0     0.004
857.25     0.004
857.5     0.004
857.75     0.004
858.0     0.004
858.25     0.004
858.5     0.004
858.75     0.004
859.0     0.004
859.25     0.004
859.5     0.004
859.75     0.004
860.0     0.004
860.25     0.004
860.5     0.004
860.75     0.004
861.0     0.004
861.25     0.004
861.5     0.004
861.75     0.004
862.0     0.004
862.25     0.004
862.5     0.004
862.75     0.004
863.0     0.004
863.25     0.004
863.5     0.004
863.75     0.004
864.0     0.004
864.25     0.004
864.5     0.004
864.75     0.004
865.0     0.004
865.25     0.004
865.5     0.004
865.75     0.004
866.0     0.004
866.25     0.004
866.5     0.004
866.75     0.004
867.0     0.004
867.25     0.004
867.5     0.004
867.75     0.004
868.0     0.004
868.25     0.004
868.5     0.004
868.75     0.004
869.0     0.004
869.25     0.004
869.5     0.004
869.75     0.004
870.0     0.004
870.25     0.004
870.5     0.004
870.75     0.004
871.0     0.004
871.25     0.004
871.5     0.004
871.75     0.004
872.0     0.004
872.25     0.004
872.5     0.004
872.75     0.004
873.0     0.004
873.25     0.004
873.5     0.004
873.75     0.004
874.0     0.004
874.25     0.004
874.5     0.004
874.75     0.004
875.0     0.004
875.25     0.004
875.5     0.004
875.75     0.004
876.0     0.004
876.25     0.004
876.5     0.004
876.75     0.004
877.0     0.004
877.25     0.004
877.5     0.004
877.75     0.004
878.0     0.004
878.25     0.004
878.5     0.004
878.75     0.004
879.0     0.004
879.25     0.004
879.5     0.004
879.75     0.004
880.0     0.004
880.25     0.004
880.5     0.004
880.75     0.004
881.0     0.004
881.25     0.004
881.5     0.004
881.75     0.004
882.0     0.004
882.25     0.004
882.5     0.004
882.75     0.004
883.0     0.004
883.25     0.004
883.5     0.004
883.75     0.004
884.0     0.004
884.25     0.004
884.5     0.004
884.75     0.004
885.0     0.004
885.25     0.004
885.5     0.004
885.75     0.004
886.0     0.004
886.25     0.004
886.5     0.004
886.75     0.004
887.0     0.004
887.25     0.004
887.5     0.004
887.75     0.004
888.0     0.004
888.25     0.004
888.5     0.004
888.75     0.004
889.0     0.004
889.25     0.004
889.5     0.004
889.75     0.004
890.0     0.004
890.25     0.004
890.5     0.004
890.75     0.004
891.0     0.004
891.25     0.004
891.5     0.004
891.75     0.004
892.0     0.004
892.25     0.004
892.5     0.004
892.75     0.004
893.0     0.004
893.25     0.004
893.5     0.004
893.75     0.004
894.0     0.004
894.25     0.004
894.5     0.004
894.75     0.004
895.0     0.004
895.25     0.004
895.5     0.004
895.75     0.004
896.0     0.004
896.25     0.004
896.5     0.004
896.75     0.004
897.0     0.004
897.25     0.004
897.5     0.004
897.75     0.004
898.0     0.004
898.25     0.004
898.5     0.004
898.75     0.004
899.0     0.004
899.25     0.004
899.5     0.004
899.75     0.004
900.0     0.004
900.25     0.004
900.5     0.004
900.75     0.004
901.0     0.004
901.25     0.004
901.5     0.004
901.75     0.004
902.0     0.004
902.25     0.004
902.5     0.004
902.75     0.004
903.0     0.004
903.25     0.004
903.5     0.004
903.75     0.004
904.0     0.004
904.25     0.004
904.5     0.004
904.75     0.004
905.0     0.004
905.25     0.004
905.5     0.004
905.75     0.004
906.0     0.004
906.25     0.004
906.5     0.004
906.75     0.004
907.0     0.004
907.25     0.004
907.5     0.004
907.75     0.004
908.0     0.004
908.25     0.004
908.5     0.004
908.75     0.004
909.0     0.004
909.25     0.004
909.5     0.004
909.75     0.004
910.0     0.004
910.25     0.004
910.5     0.004
910.75     0.004
911.0     0.004
911.25     0.004
911.5     0.004
911.75     0.004
912.0     0.004
912.25     0.004
912.5     0.004
912.75     0.004
913.0     0.004
913.25     0.004
913.5     0.004
913.75     0.004
914.0     0.004
914.25     0.004
914.5     0.004
914.75     0.004
915.0     0.004
915.25     0.004
915.5     0.004
915.75     0.004
916.0     0.004
916.25     0.004
916.5     0.004
916.75     0.004
917.0     0.004
917.25     0.004
917.5     0.004
917.75     0.004
918.0     0.004
918.25     0.004
918.5     0.004
918.75     0.004
919.0     0.004
919.25     0.004
919.5     0.004
919.75     0.004
920.0     0.004
920.25     0.004
920.5     0.004
920.75     0.004
921.0     0.004
921.25     0.004
921.5     0.004
921.75     0.004
922.0     0.004
922.25     0.004
922.5     0.004
922.75     0.004
923.0     0.004
923.25     0.004
923.5     0.004
923.75     0.004
924.0     0.004
924.25     0.004
924.5     0.004
924.75     0.004
925.0     0.004
925.25     0.004
925.5     0.004
925.75     0.004
926.0     0.004
926.25     0.004
926.5     0.004
926.75     0.004
927.0     0.004
927.25     0.004
927.5     0.004
927.75     0.004
928.0     0.004
928.25     0.004
928.5     0.004
928.75     0.004
929.0     0.004
929.25     0.004
929.5     0.004
929.75     0.004
930.0     0.004
930.25     0.004
930.5     0.004
930.75     0.004
931.0     0.004
931.25     0.004
931.5     0.004
931.75     0.004
932.0     0.004
932.25     0.004
932.5     0.004
932.75     0.004
933.0     0.004
933.25     0.004
933.5     0.004
933.75     0.004
934.0     0.004
934.25     0.004
934.5     0.004
934.75     0.004
935.0     0.004
935.25     0.004
935.5     0.004
935.75     0.004
936.0     0.004
936.25     0.004
936.5     0.004
936.75     0.004
937.0     0.004
937.25     0.004
937.5     0.004
937.75     0.004
938.0     0.004
938.25     0.004
938.5     0.004
938.75     0.004
939.0     0.004
939.25     0.004
939.5     0.004
939.75     0.004
940.0     0.004
940.25     0.004
940.5     0.004
940.75     0.004
941.0     0.004
941.25     0.004
941.5     0.004
941.75     0.004
942.0     0.004
942.25     0.004
942.5     0.004
942.75     0.004
943.0     0.004
943.25     0.004
943.5     0.004
943.75     0.004
944.0     0.004
944.25     0.004
944.5     0.004
944.75     0.004
945.0     0.004
945.25     0.004
945.5     0.004
945.75     0.004
946.0     0.004
946.25     0.004
946.5     0.004
946.75     0.004
947.0     0.004
947.25     0.004
947.5     0.004
947.75     0.004
948.0     0.004
948.25     0.004
948.5     0.004
948.75     0.004
949.0     0.004
949.25     0.004
949.5     0.004
949.75     0.004
950.0     0.006
950.25     0.006
950.5     0.006
950.75     0.006
951.0     0.006
951.25     0.006
951.5     0.006
951.75     0.006
952.0     0.006
952.25     0.006
952.5     0.006
952.75     0.006
953.0     0.006
953.25     0.006
953.5     0.006
953.75     0.006
954.0     0.006
954.25     0.006
954.5     0.006
954.75     0.006
955.0     0.006
955.25     0.006
955.5     0.006
955.75     0.006
956.0     0.006
956.25     0.006
956.5     0.006
956.75     0.006
957.0     0.006
957.25     0.006
957.5     0.006
957.75     0.006
958.0     0.006
958.25     0.006
958.5     0.006
958.75     0.006
959.0     0.006
959.25     0.006
959.5     0.006
959.75     0.006
960.0     0.006
960.25     0.006
960.5     0.006
960.75     0.006
961.0     0.006
961.25     0.006
961.5     0.006
961.75     0.006
962.0     0.006
962.25     0.006
962.5     0.006
962.75     0.006
963.0     0.006
963.25     0.006
963.5     0.006
963.75     0.006
964.0     0.006
964.25     0.006
964.5     0.006
964.75     0.006
965.0     0.006
965.25     0.006
965.5     0.006
965.75     0.006
966.0     0.006
966.25     0.006
966.5     0.006
966.75     0.006
967.0     0.006
967.25     0.006
967.5     0.006
967.75     0.006
968.0     0.006
968.25     0.006
968.5     0.006
968.75     0.006
969.0     0.006
969.25     0.006
969.5     0.006
969.75     0.006
970.0     0.006
970.25     0.006
970.5     0.006
970.75     0.006
971.0     0.006
971.25     0.006
971.5     0.006
971.75     0.006
972.0     0.006
972.25     0.006
972.5     0.006
972.75     0.006
973.0     0.006
973.25     0.006
973.5     0.006
973.75     0.006
974.0     0.006
974.25     0.006
974.5     0.006
974.75     0.006
975.0     0.006
975.25     0.006
975.5     0.006
975.75     0.006
976.0     0.006
976.25     0.006
976.5     0.006
976.75     0.006
977.0     0.006
977.25     0.006
977.5     0.006
977.75     0.006
978.0     0.006
978.25     0.006
978.5     0.006
978.75     0.006
979.0     0.006
979.25     0.006
979.5     0.006
979.75     0.006
980.0     0.006
980.25     0.006
980.5     0.006
980.75     0.006
981.0     0.006
981.25     0.006
981.5     0.006
981.75     0.006
982.0     0.006
982.25     0.006
982.5     0.006
982.75     0.006
983.0     0.006
983.25     0.006
983.5     0.006
983.75     0.006
984.0     0.006
984.25     0.006
984.5     0.006
984.75     0.006
985.0     0.006
985.25     0.006
985.5     0.006
985.75     0.006
986.0     0.006
986.25     0.006
986.5     0.006
986.75     0.006
987.0     0.006
987.25     0.006
987.5     0.006
987.75     0.006
988.0     0.006
988.25     0.006
988.5     0.006
988.75     0.006
989.0     0.006
989.25     0.006
989.5     0.006
989.75     0.006
990.0     0.006
990.25     0.006
990.5     0.006
990.75     0.006
991.0     0.006
991.25     0.006
991.5     0.006
991.75     0.006
992.0     0.006
992.25     0.006
992.5     0.006
992.75     0.006
993.0     0.006
993.25     0.006
993.5     0.006
993.75     0.006
994.0     0.006
994.25     0.006
994.5     0.006
994.75     0.006
995.0     0.006
995.25     0.006
995.5     0.006
995.75     0.006
996.0     0.006
996.25     0.006
996.5     0.006
996.75     0.006
997.0     0.006
997.25     0.006
997.5     0.006
997.75     0.006
998.0     0.006
998.25     0.006
998.5     0.006
998.75     0.006
999.0     0.006
999.25     0.006
999.5     0.006
999.75     0.006
1000.0     0.006
