  1.0    88.54842
  9.0   104.31881
 11.0    99.83018
 12.0    79.72214
 17.0    95.04645
 25.0    93.54930
 33.0    95.19810
 37.0    88.36191
 40.0    95.99506
 49.0    92.43178
 51.0    87.21167
 55.0    92.52228
 60.0    97.38995
 61.0   101.59404
 69.0    94.69710
 73.0    94.87562
 87.0    95.19483
 94.0    94.02502
 97.0    91.46190
108.0    97.57527
111.0   100.59673
114.0    95.68922
116.0    99.49960
123.0   104.57370
130.0   101.53136
131.0    91.98899
136.0    84.50961
139.0    88.37957
146.0    96.55716
153.0    89.47458
157.0    95.50730
161.0   100.74594
165.0    86.43688
166.0    92.79289
169.0    97.80349
173.0    98.36549
181.0    99.42780
182.0    96.09798
186.0    88.81246
203.0    97.24408
207.0    97.23422
226.0   101.75690
228.0    96.12320
229.0    92.01170
242.0    94.63553
247.0    97.65977
251.0    81.47921
257.0    89.92012
259.0    93.70443
261.0    97.77082
265.0   101.88725
294.0   101.86704
304.0    86.75891
468.0    98.16762
477.0    90.64035
