  1.0   364.00000
  9.0   563.50000
 11.0   506.00000
 12.0   635.75000
 17.0   831.25000
 25.0   394.75000
 33.0   518.00000
 37.0   592.75000
 40.0   393.50000
 49.0   393.50000
 51.0   381.00000
 55.0   689.00000
 60.0   374.75000
 61.0   517.75000
 69.0   687.00000
 73.0   327.75000
 87.0   599.75000
 94.0   427.25000
 97.0   587.25000
108.0   273.50000
111.0   746.50000
114.0   366.25000
116.0   421.50000
123.0   317.00000
130.0   612.50000
131.0   531.25000
136.0   597.50000
139.0   487.75000
146.0   545.50000
153.0   632.00000
157.0   288.50000
161.0   373.25000
165.0   493.25000
166.0   405.50000
169.0   814.75000
173.0   391.75000
181.0   499.50000
182.0   539.25000
186.0   505.75000
203.0   380.25000
207.0   404.75000
226.0   644.25000
228.0   512.50000
229.0   610.75000
242.0   460.25000
247.0   586.25000
251.0   488.25000
257.0   345.50000
259.0   872.75000
261.0   452.50000
265.0   668.75000
294.0   687.25000
304.0   975.00000
468.0   568.50000
477.0   426.75000
