  2.0   110.43476
  3.0   129.37054
  4.0   103.34260
  5.0   104.41227
  6.0   103.41272
  7.0   106.44964
  8.0   100.69192
 10.0   110.27915
 13.0   100.22362
 14.0   138.75736
 15.0   101.04505
 16.0   113.98707
 18.0   117.70743
 19.0   115.57835
 20.0   105.70825
 21.0   127.97475
 22.0   117.46510
 23.0    99.74711
 24.0   142.42330
 26.0   115.10069
 27.0    97.88608
 28.0   100.73548
 29.0   112.10925
 30.0   106.86957
 31.0    99.97468
 32.0    98.54119
 34.0   116.08201
 35.0   107.18651
 36.0   132.25807
 38.0    97.67892
 39.0   131.37313
 41.0   113.54431
 42.0   122.08844
 43.0   142.28949
 44.0   113.18841
 45.0   105.40054
 46.0   130.29977
 47.0   139.88037
 48.0    79.02876
 50.0   103.33585
 52.0   104.44047
 53.0   138.22247
 54.0   109.72537
 56.0   100.81927
 57.0    99.80039
 58.0   113.72489
 59.0   112.87457
 62.0   106.24552
 63.0   136.16621
 64.0   105.96456
 65.0   113.16198
 66.0   122.50761
 67.0   108.96856
 68.0   116.58404
 70.0   107.44445
 71.0   100.08724
 72.0   101.35102
 74.0   115.25163
 75.0   116.13505
 76.0    96.63307
 77.0   115.88264
 78.0   122.31511
 79.0   114.55013
 80.0   117.51799
 81.0   113.52483
 82.0    97.35598
 83.0   119.20736
 84.0   102.06313
 85.0   109.45588
 86.0   126.80800
 88.0   110.34095
 89.0   101.33646
 90.0   129.28718
 91.0   111.48723
 92.0   115.33015
 93.0   107.08767
 95.0   138.57546
 96.0   132.71082
 98.0   106.78248
 99.0   107.99122
100.0   118.31917
101.0   103.17592
102.0   110.82737
103.0   108.36971
104.0   103.25685
105.0   112.45502
106.0   126.96637
107.0   124.60651
109.0   103.58169
110.0   120.68816
112.0   115.57985
113.0   107.69216
115.0   118.02375
117.0    98.08770
118.0   107.70784
119.0    93.87782
120.0   141.06602
121.0   110.05979
122.0   105.76132
124.0   118.68713
125.0   117.59581
126.0   132.67138
127.0   102.49041
128.0   101.93102
129.0   116.17772
132.0    96.85297
133.0   114.58755
134.0   121.36560
135.0   109.51907
137.0   115.99679
138.0   112.39143
140.0   107.15732
141.0   103.87168
142.0   112.43396
143.0   119.19518
144.0   128.07574
145.0   100.11088
147.0   104.16849
148.0   124.35356
149.0   125.23077
150.0   108.48229
151.0   120.06205
152.0   103.29617
154.0   115.49349
155.0   105.39710
156.0   117.19775
158.0   111.27189
159.0   106.70576
160.0   117.27138
162.0   118.71539
163.0   105.89072
164.0    97.98946
167.0   112.40990
168.0   115.82676
170.0    96.26954
171.0   128.58425
172.0   114.64067
174.0   109.18379
175.0    99.70925
176.0   120.80031
177.0   117.11509
178.0   106.45906
179.0    99.92684
180.0   114.11410
183.0   134.41461
184.0   127.70648
185.0    89.01026
187.0   106.19447
188.0   119.68275
189.0   138.87707
190.0   105.08488
191.0   102.65757
192.0   146.25764
193.0    96.78572
194.0   108.84088
195.0   107.82697
196.0   116.62786
197.0   103.40226
198.0    97.60197
199.0   120.55199
200.0   130.06171
201.0   125.06139
202.0    97.04063
204.0   107.90378
205.0   112.07495
206.0    91.04165
208.0   108.11450
209.0    99.49432
210.0   131.51296
211.0   107.13066
212.0   111.88600
213.0    96.63738
214.0   110.72032
215.0   107.85067
216.0   126.26966
217.0   100.00911
218.0   122.20092
219.0    99.29511
220.0   103.13015
221.0   123.98534
222.0    87.46192
223.0   116.94471
224.0   116.11234
225.0   105.94235
227.0   110.14304
230.0   139.59055
231.0   103.40619
232.0   132.30909
233.0   118.33482
234.0   129.58109
235.0   100.50103
236.0   100.13749
237.0   118.49303
238.0   101.99004
239.0   140.67215
240.0   106.58733
241.0   101.09007
243.0   107.19782
244.0   116.26451
245.0   107.10234
246.0   112.90373
248.0   112.64590
249.0   119.93046
250.0   100.66574
252.0   109.31670
253.0   108.72566
254.0   132.70247
255.0   120.25057
256.0   112.06696
258.0   108.21971
260.0   110.11994
262.0   111.67875
263.0   107.89278
264.0   127.31824
266.0    99.60751
267.0   115.50104
268.0   106.94864
269.0   102.71703
271.0   118.63258
273.0   102.93025
274.0   107.66055
276.0   127.36709
279.0    98.98454
281.0   116.15203
284.0   100.92578
289.0   118.02096
290.0   119.64793
309.0   156.57561
310.0   104.91351
324.0   120.69404
344.0   122.06285
359.0   107.74025
370.0   125.51997
374.0   106.77793
376.0   114.90800
448.0   137.15082
464.0   118.75439
489.0   120.23941
