  2.0   256.75000
  3.0   669.50000
  4.0   657.25000
  5.0   630.25000
  6.0   600.00000
  7.0   594.00000
  8.0   278.50000
 10.0   947.00000
 13.0   620.75000
 14.0   288.25000
 15.0   493.00000
 16.0   669.25000
 18.0   556.00000
 19.0   602.00000
 20.0   606.50000
 21.0   531.50000
 22.0   597.00000
 23.0   486.50000
 24.0   718.50000
 26.0   420.00000
 27.0   734.50000
 28.0   509.00000
 29.0   362.00000
 30.0   536.50000
 31.0   670.75000
 32.0   276.00000
 34.0   578.75000
 35.0   492.00000
 36.0   580.00000
 38.0   380.75000
 39.0     0.00000
 41.0   496.75000
 42.0     0.00000
 43.0   840.25000
 44.0   497.00000
 45.0   941.00000
 46.0     0.00000
 47.0   606.25000
 48.0   431.50000
 50.0   433.50000
 52.0   917.75000
 53.0   334.75000
 54.0   475.50000
 56.0   783.75000
 57.0   907.75000
 58.0   499.25000
 59.0   413.75000
 62.0   714.25000
 63.0   433.75000
 64.0   141.25000
 65.0   622.75000
 66.0   803.75000
 67.0   643.50000
 68.0   448.75000
 70.0   554.25000
 71.0   926.50000
 72.0   278.25000
 74.0   928.25000
 75.0   502.50000
 76.0   493.50000
 77.0   643.00000
 78.0   443.25000
 79.0   415.50000
 80.0   407.00000
 81.0   611.75000
 82.0     0.00000
 83.0   500.00000
 84.0   442.00000
 85.0   306.50000
 86.0   454.25000
 88.0   236.00000
 89.0   782.75000
 90.0   556.25000
 91.0   386.00000
 92.0   733.75000
 93.0   516.25000
 95.0   210.00000
 96.0   830.25000
 98.0   283.25000
 99.0   963.50000
100.0   499.75000
101.0   655.25000
102.0   595.25000
103.0   695.25000
104.0   280.00000
105.0   696.50000
106.0   333.00000
107.0   447.25000
109.0   560.00000
110.0   644.50000
112.0   326.75000
113.0   381.00000
115.0   521.25000
117.0   518.50000
118.0   406.50000
119.0   708.75000
120.0   728.00000
121.0   303.25000
122.0   551.25000
124.0   352.50000
125.0   283.00000
126.0   755.75000
127.0     0.00000
128.0   321.00000
129.0   662.75000
132.0   598.25000
133.0   473.50000
134.0   784.50000
135.0     0.00000
137.0   673.00000
138.0   821.00000
140.0   690.75000
141.0   578.75000
142.0   960.50000
143.0   842.50000
144.0   459.50000
145.0   715.75000
147.0   374.75000
148.0   986.00000
149.0   489.75000
150.0   440.00000
151.0   520.00000
152.0   485.75000
154.0   724.00000
155.0   777.25000
156.0   232.00000
158.0   398.75000
159.0   345.00000
160.0   660.00000
162.0   247.00000
163.0   357.00000
164.0   345.00000
167.0   728.50000
168.0   293.25000
170.0   461.75000
171.0   320.50000
172.0   460.00000
174.0   441.25000
175.0   504.00000
176.0   218.75000
177.0   261.00000
178.0   498.50000
179.0   608.00000
180.0   693.25000
183.0     0.00000
184.0   855.00000
185.0   739.50000
187.0   638.00000
188.0   685.75000
189.0   704.50000
190.0   610.75000
191.0   462.25000
192.0   864.25000
193.0   431.50000
194.0   680.00000
195.0   590.25000
196.0   983.00000
197.0   504.75000
198.0   559.75000
199.0     0.00000
200.0     0.00000
201.0   317.75000
202.0   791.75000
204.0   291.50000
205.0   247.25000
206.0   402.75000
208.0   479.25000
209.0   289.75000
210.0   616.25000
211.0     0.00000
212.0   243.00000
213.0   653.00000
214.0   729.50000
215.0   495.75000
216.0   242.50000
217.0   668.50000
218.0   559.25000
219.0   542.25000
220.0   428.00000
221.0   310.00000
222.0   590.75000
223.0   859.50000
224.0   824.75000
225.0   269.50000
227.0   369.00000
230.0   166.75000
231.0   440.00000
232.0   667.00000
233.0   390.00000
234.0     0.00000
235.0   686.25000
236.0   542.00000
237.0   583.50000
238.0   673.25000
239.0   502.00000
240.0   417.50000
241.0   349.25000
243.0   473.25000
244.0   428.25000
245.0   530.25000
246.0   384.00000
248.0   432.75000
249.0   346.25000
250.0   368.00000
252.0   547.75000
253.0   451.25000
254.0   268.50000
255.0   696.75000
256.0   657.00000
258.0   285.25000
260.0   561.00000
262.0   519.25000
263.0   382.75000
264.0   344.00000
266.0   758.75000
267.0   426.75000
268.0   326.75000
269.0   557.00000
271.0   347.75000
273.0   562.25000
274.0   584.25000
276.0   553.75000
279.0   959.50000
281.0   407.00000
284.0   397.50000
289.0   561.75000
290.0   230.00000
309.0   329.50000
310.0   453.00000
324.0   241.50000
344.0   484.75000
359.0   391.75000
370.0   661.25000
374.0   293.00000
376.0   679.25000
448.0   577.50000
464.0   541.75000
489.0   726.25000
