0.25     0.0
0.5     0.0
0.75     0.0
1.0     0.0
1.25     0.0
1.5     0.0
1.75     0.0
2.0     0.0
2.25     0.0
2.5     0.0
2.75     0.0
3.0     0.0
3.25     0.0
3.5     0.0
3.75     0.0
4.0     0.0
4.25     0.0
4.5     0.0
4.75     0.0
5.0     0.0
5.25     0.0
5.5     0.0
5.75     0.0
6.0     0.0
6.25     0.0
6.5     0.0
6.75     0.0
7.0     0.0
7.25     0.0
7.5     0.0
7.75     0.0
8.0     0.0
8.25     0.0
8.5     0.0
8.75     0.0
9.0     0.0
9.25     0.0
9.5     0.0
9.75     0.0
10.0     0.0
10.25     0.0
10.5     0.0
10.75     0.0
11.0     0.0
11.25     0.0
11.5     0.0
11.75     0.0
12.0     0.0
12.25     0.0
12.5     0.0
12.75     0.0
13.0     0.0
13.25     0.0
13.5     0.0
13.75     0.0
14.0     0.0
14.25     0.0
14.5     0.0
14.75     0.0
15.0     0.0
15.25     0.0
15.5     0.0
15.75     0.0
16.0     0.0
16.25     0.0
16.5     0.0
16.75     0.0
17.0     0.0
17.25     0.0
17.5     0.0
17.75     0.0
18.0     0.0
18.25     0.0
18.5     0.0
18.75     0.0
19.0     0.0
19.25     0.0
19.5     0.0
19.75     0.0
20.0     0.0
20.25     0.0
20.5     0.0
20.75     0.0
21.0     0.0
21.25     0.0
21.5     0.0
21.75     0.0
22.0     0.0
22.25     0.0
22.5     0.0
22.75     0.0
23.0     0.0
23.25     0.0
23.5     0.0
23.75     0.0
24.0     0.0
24.25     0.0
24.5     0.0
24.75     0.0
25.0     0.0
25.25     0.0
25.5     0.0
25.75     0.0
26.0     0.0
26.25     0.0
26.5     0.0
26.75     0.0
27.0     0.0
27.25     0.0
27.5     0.0
27.75     0.0
28.0     0.0
28.25     0.0
28.5     0.0
28.75     0.0
29.0     0.0
29.25     0.0
29.5     0.0
29.75     0.0
30.0     0.0
30.25     0.0
30.5     0.0
30.75     0.0
31.0     0.0
31.25     0.0
31.5     0.0
31.75     0.0
32.0     0.0
32.25     0.0
32.5     0.0
32.75     0.0
33.0     0.0
33.25     0.0
33.5     0.0
33.75     0.0
34.0     0.0
34.25     0.0
34.5     0.0
34.75     0.0
35.0     0.0
35.25     0.0
35.5     0.0
35.75     0.0
36.0     0.0
36.25     0.0
36.5     0.0
36.75     0.0
37.0     0.0
37.25     0.0
37.5     0.0
37.75     0.0
38.0     0.0
38.25     0.0
38.5     0.0
38.75     0.0
39.0     0.0
39.25     0.0
39.5     0.0
39.75     0.0
40.0     0.0
40.25     0.0
40.5     0.0
40.75     0.0
41.0     0.0
41.25     0.0
41.5     0.0
41.75     0.0
42.0     0.0
42.25     0.0
42.5     0.0
42.75     0.0
43.0     0.0
43.25     0.0
43.5     0.0
43.75     0.0
44.0     0.0
44.25     0.0
44.5     0.0
44.75     0.0
45.0     0.0
45.25     0.0
45.5     0.0
45.75     0.0
46.0     0.0
46.25     0.0
46.5     0.0
46.75     0.0
47.0     0.0
47.25     0.0
47.5     0.0
47.75     0.0
48.0     0.0
48.25     0.0
48.5     0.0
48.75     0.0
49.0     0.0
49.25     0.0
49.5     0.0
49.75     0.0
50.0     0.0
50.25     0.0
50.5     0.0
50.75     0.0
51.0     0.0
51.25     0.0
51.5     0.0
51.75     0.0
52.0     0.0
52.25     0.0
52.5     0.0
52.75     0.0
53.0     0.0
53.25     0.0
53.5     0.0
53.75     0.0
54.0     0.0
54.25     0.00200400801603
54.5     0.00200400801603
54.75     0.00400801603206
55.0     0.00400801603206
55.25     0.00400801603206
55.5     0.00400801603206
55.75     0.00400801603206
56.0     0.00400801603206
56.25     0.00400801603206
56.5     0.00400801603206
56.75     0.0060120240481
57.0     0.0060120240481
57.25     0.0060120240481
57.5     0.0060120240481
57.75     0.0060120240481
58.0     0.0060120240481
58.25     0.0060120240481
58.5     0.0060120240481
58.75     0.0060120240481
59.0     0.0060120240481
59.25     0.0060120240481
59.5     0.0060120240481
59.75     0.0060120240481
60.0     0.0060120240481
60.25     0.0060120240481
60.5     0.0060120240481
60.75     0.0060120240481
61.0     0.0060120240481
61.25     0.0060120240481
61.5     0.0060120240481
61.75     0.0060120240481
62.0     0.0060120240481
62.25     0.0060120240481
62.5     0.0060120240481
62.75     0.0060120240481
63.0     0.0060120240481
63.25     0.0060120240481
63.5     0.0060120240481
63.75     0.0060120240481
64.0     0.0060120240481
64.25     0.0060120240481
64.5     0.0060120240481
64.75     0.0060120240481
65.0     0.0060120240481
65.25     0.0060120240481
65.5     0.0060120240481
65.75     0.0060120240481
66.0     0.0060120240481
66.25     0.0060120240481
66.5     0.0060120240481
66.75     0.0060120240481
67.0     0.00801603206413
67.25     0.00801603206413
67.5     0.00801603206413
67.75     0.0100200400802
68.0     0.0100200400802
68.25     0.0100200400802
68.5     0.0100200400802
68.75     0.0100200400802
69.0     0.0100200400802
69.25     0.0100200400802
69.5     0.0100200400802
69.75     0.0100200400802
70.0     0.0100200400802
70.25     0.0100200400802
70.5     0.0100200400802
70.75     0.0100200400802
71.0     0.0100200400802
71.25     0.0100200400802
71.5     0.0100200400802
71.75     0.0100200400802
72.0     0.0100200400802
72.25     0.0100200400802
72.5     0.0100200400802
72.75     0.0100200400802
73.0     0.0100200400802
73.25     0.0100200400802
73.5     0.0100200400802
73.75     0.0100200400802
74.0     0.0100200400802
74.25     0.0100200400802
74.5     0.0100200400802
74.75     0.0100200400802
75.0     0.0100200400802
75.25     0.0100200400802
75.5     0.0100200400802
75.75     0.0100200400802
76.0     0.0100200400802
76.25     0.0100200400802
76.5     0.0100200400802
76.75     0.0100200400802
77.0     0.0100200400802
77.25     0.0100200400802
77.5     0.0100200400802
77.75     0.0120240480962
78.0     0.0120240480962
78.25     0.0120240480962
78.5     0.0120240480962
78.75     0.0120240480962
79.0     0.0120240480962
79.25     0.0120240480962
79.5     0.0120240480962
79.75     0.0120240480962
80.0     0.0120240480962
80.25     0.0120240480962
80.5     0.0120240480962
80.75     0.0120240480962
81.0     0.0120240480962
81.25     0.0120240480962
81.5     0.0120240480962
81.75     0.0120240480962
82.0     0.0120240480962
82.25     0.0140280561122
82.5     0.0140280561122
82.75     0.0140280561122
83.0     0.0140280561122
83.25     0.0140280561122
83.5     0.0140280561122
83.75     0.0140280561122
84.0     0.0140280561122
84.25     0.0140280561122
84.5     0.0140280561122
84.75     0.0140280561122
85.0     0.0140280561122
85.25     0.0140280561122
85.5     0.0140280561122
85.75     0.0140280561122
86.0     0.0140280561122
86.25     0.0140280561122
86.5     0.0140280561122
86.75     0.0140280561122
87.0     0.0140280561122
87.25     0.0160320641283
87.5     0.0160320641283
87.75     0.0160320641283
88.0     0.0160320641283
88.25     0.0160320641283
88.5     0.0160320641283
88.75     0.0160320641283
89.0     0.0160320641283
89.25     0.0160320641283
89.5     0.0160320641283
89.75     0.0160320641283
90.0     0.0160320641283
90.25     0.0160320641283
90.5     0.0160320641283
90.75     0.0160320641283
91.0     0.0160320641283
91.25     0.0160320641283
91.5     0.0160320641283
91.75     0.0160320641283
92.0     0.0160320641283
92.25     0.0180360721443
92.5     0.0180360721443
92.75     0.0180360721443
93.0     0.0180360721443
93.25     0.0180360721443
93.5     0.0180360721443
93.75     0.0180360721443
94.0     0.0180360721443
94.25     0.0180360721443
94.5     0.0180360721443
94.75     0.0180360721443
95.0     0.0180360721443
95.25     0.0180360721443
95.5     0.0180360721443
95.75     0.0180360721443
96.0     0.0180360721443
96.25     0.0180360721443
96.5     0.0180360721443
96.75     0.0180360721443
97.0     0.0180360721443
97.25     0.0180360721443
97.5     0.0180360721443
97.75     0.0180360721443
98.0     0.0180360721443
98.25     0.0180360721443
98.5     0.0180360721443
98.75     0.0180360721443
99.0     0.0180360721443
99.25     0.0180360721443
99.5     0.0180360721443
99.75     0.0180360721443
100.0     0.0180360721443
100.25     0.0180360721443
100.5     0.0180360721443
100.75     0.0180360721443
101.0     0.0180360721443
101.25     0.0180360721443
101.5     0.0180360721443
101.75     0.0180360721443
102.0     0.0180360721443
102.25     0.0180360721443
102.5     0.0180360721443
102.75     0.0180360721443
103.0     0.0180360721443
103.25     0.0180360721443
103.5     0.0180360721443
103.75     0.0180360721443
104.0     0.0180360721443
104.25     0.0180360721443
104.5     0.0180360721443
104.75     0.0180360721443
105.0     0.0180360721443
105.25     0.0180360721443
105.5     0.0180360721443
105.75     0.0180360721443
106.0     0.0180360721443
106.25     0.0180360721443
106.5     0.0180360721443
106.75     0.0180360721443
107.0     0.0180360721443
107.25     0.0180360721443
107.5     0.0180360721443
107.75     0.0180360721443
108.0     0.0180360721443
108.25     0.0180360721443
108.5     0.0180360721443
108.75     0.0180360721443
109.0     0.0180360721443
109.25     0.0180360721443
109.5     0.0180360721443
109.75     0.0180360721443
110.0     0.0200400801603
110.25     0.0200400801603
110.5     0.0200400801603
110.75     0.0200400801603
111.0     0.0200400801603
111.25     0.0200400801603
111.5     0.0200400801603
111.75     0.0200400801603
112.0     0.0200400801603
112.25     0.0200400801603
112.5     0.0200400801603
112.75     0.0200400801603
113.0     0.0200400801603
113.25     0.0200400801603
113.5     0.0200400801603
113.75     0.0200400801603
114.0     0.0200400801603
114.25     0.0200400801603
114.5     0.0200400801603
114.75     0.0200400801603
115.0     0.0200400801603
115.25     0.0200400801603
115.5     0.0200400801603
115.75     0.0200400801603
116.0     0.0200400801603
116.25     0.0200400801603
116.5     0.0200400801603
116.75     0.0200400801603
117.0     0.0200400801603
117.25     0.0200400801603
117.5     0.0200400801603
117.75     0.0200400801603
118.0     0.0200400801603
118.25     0.0200400801603
118.5     0.0200400801603
118.75     0.0200400801603
119.0     0.0200400801603
119.25     0.0200400801603
119.5     0.0200400801603
119.75     0.0200400801603
120.0     0.0200400801603
120.25     0.0200400801603
120.5     0.0200400801603
120.75     0.0200400801603
121.0     0.0200400801603
121.25     0.0200400801603
121.5     0.0200400801603
121.75     0.0200400801603
122.0     0.0200400801603
122.25     0.0200400801603
122.5     0.0200400801603
122.75     0.0200400801603
123.0     0.0200400801603
123.25     0.0200400801603
123.5     0.0200400801603
123.75     0.0200400801603
124.0     0.0200400801603
124.25     0.0200400801603
124.5     0.0200400801603
124.75     0.0200400801603
125.0     0.0200400801603
125.25     0.0200400801603
125.5     0.0200400801603
125.75     0.0200400801603
126.0     0.0200400801603
126.25     0.0200400801603
126.5     0.0200400801603
126.75     0.0200400801603
127.0     0.0200400801603
127.25     0.0200400801603
127.5     0.0200400801603
127.75     0.0200400801603
128.0     0.0200400801603
128.25     0.0200400801603
128.5     0.0200400801603
128.75     0.0200400801603
129.0     0.0200400801603
129.25     0.0200400801603
129.5     0.0200400801603
129.75     0.0200400801603
130.0     0.0200400801603
130.25     0.0200400801603
130.5     0.0200400801603
130.75     0.0200400801603
131.0     0.0200400801603
131.25     0.0200400801603
131.5     0.0200400801603
131.75     0.0200400801603
132.0     0.0200400801603
132.25     0.0200400801603
132.5     0.0200400801603
132.75     0.0200400801603
133.0     0.0200400801603
133.25     0.0200400801603
133.5     0.0200400801603
133.75     0.0200400801603
134.0     0.0220440881764
134.25     0.0220440881764
134.5     0.0220440881764
134.75     0.0220440881764
135.0     0.0220440881764
135.25     0.0220440881764
135.5     0.0220440881764
135.75     0.0220440881764
136.0     0.0220440881764
136.25     0.0220440881764
136.5     0.0220440881764
136.75     0.0220440881764
137.0     0.0220440881764
137.25     0.0220440881764
137.5     0.0220440881764
137.75     0.0220440881764
138.0     0.0220440881764
138.25     0.0220440881764
138.5     0.0220440881764
138.75     0.0220440881764
139.0     0.0220440881764
139.25     0.0220440881764
139.5     0.0220440881764
139.75     0.0220440881764
140.0     0.0220440881764
140.25     0.0220440881764
140.5     0.0220440881764
140.75     0.0220440881764
141.0     0.0220440881764
141.25     0.0220440881764
141.5     0.0220440881764
141.75     0.0220440881764
142.0     0.0220440881764
142.25     0.0220440881764
142.5     0.0220440881764
142.75     0.0220440881764
143.0     0.0220440881764
143.25     0.0220440881764
143.5     0.0220440881764
143.75     0.0220440881764
144.0     0.0220440881764
144.25     0.0220440881764
144.5     0.0220440881764
144.75     0.0220440881764
145.0     0.0220440881764
145.25     0.0220440881764
145.5     0.0220440881764
145.75     0.0220440881764
146.0     0.0220440881764
146.25     0.0220440881764
146.5     0.0220440881764
146.75     0.0220440881764
147.0     0.0220440881764
147.25     0.0220440881764
147.5     0.0220440881764
147.75     0.0220440881764
148.0     0.0220440881764
148.25     0.0220440881764
148.5     0.0220440881764
148.75     0.0220440881764
149.0     0.0240480961924
149.25     0.0240480961924
149.5     0.0240480961924
149.75     0.0240480961924
150.0     0.0240480961924
150.25     0.0240480961924
150.5     0.0240480961924
150.75     0.0240480961924
151.0     0.0240480961924
151.25     0.0240480961924
151.5     0.0240480961924
151.75     0.0240480961924
152.0     0.0240480961924
152.25     0.0240480961924
152.5     0.0240480961924
152.75     0.0240480961924
153.0     0.0240480961924
153.25     0.0240480961924
153.5     0.0240480961924
153.75     0.0240480961924
154.0     0.0240480961924
154.25     0.0240480961924
154.5     0.0240480961924
154.75     0.0240480961924
155.0     0.0260521042084
155.25     0.0260521042084
155.5     0.0260521042084
155.75     0.0260521042084
156.0     0.0260521042084
156.25     0.0260521042084
156.5     0.0260521042084
156.75     0.0260521042084
157.0     0.0260521042084
157.25     0.0260521042084
157.5     0.0260521042084
157.75     0.0260521042084
158.0     0.0260521042084
158.25     0.0260521042084
158.5     0.0260521042084
158.75     0.0260521042084
159.0     0.0260521042084
159.25     0.0260521042084
159.5     0.0260521042084
159.75     0.0260521042084
160.0     0.0260521042084
160.25     0.0280561122244
160.5     0.0280561122244
160.75     0.0280561122244
161.0     0.0280561122244
161.25     0.0280561122244
161.5     0.0280561122244
161.75     0.0280561122244
162.0     0.0280561122244
162.25     0.0280561122244
162.5     0.0280561122244
162.75     0.0280561122244
163.0     0.0280561122244
163.25     0.0280561122244
163.5     0.0280561122244
163.75     0.0300601202405
164.0     0.0300601202405
164.25     0.0300601202405
164.5     0.0300601202405
164.75     0.0300601202405
165.0     0.0300601202405
165.25     0.0300601202405
165.5     0.0300601202405
165.75     0.0300601202405
166.0     0.0300601202405
166.25     0.0300601202405
166.5     0.0300601202405
166.75     0.0300601202405
167.0     0.0300601202405
167.25     0.0300601202405
167.5     0.0300601202405
167.75     0.0300601202405
168.0     0.0300601202405
168.25     0.0320641282565
168.5     0.0320641282565
168.75     0.0320641282565
169.0     0.0320641282565
169.25     0.0340681362725
169.5     0.0340681362725
169.75     0.0340681362725
170.0     0.0340681362725
170.25     0.0340681362725
170.5     0.0340681362725
170.75     0.0340681362725
171.0     0.0340681362725
171.25     0.0340681362725
171.5     0.0340681362725
171.75     0.0340681362725
172.0     0.0340681362725
172.25     0.0340681362725
172.5     0.0340681362725
172.75     0.0340681362725
173.0     0.0340681362725
173.25     0.0360721442886
173.5     0.0360721442886
173.75     0.0360721442886
174.0     0.0360721442886
174.25     0.0360721442886
174.5     0.0360721442886
174.75     0.0360721442886
175.0     0.0360721442886
175.25     0.0380761523046
175.5     0.0380761523046
175.75     0.0400801603206
176.0     0.0400801603206
176.25     0.0400801603206
176.5     0.0400801603206
176.75     0.0400801603206
177.0     0.0420841683367
177.25     0.0420841683367
177.5     0.0420841683367
177.75     0.0420841683367
178.0     0.0420841683367
178.25     0.0420841683367
178.5     0.0420841683367
178.75     0.0420841683367
179.0     0.0420841683367
179.25     0.0420841683367
179.5     0.0440881763527
179.75     0.0440881763527
180.0     0.0440881763527
180.25     0.0440881763527
180.5     0.0440881763527
180.75     0.0440881763527
181.0     0.0440881763527
181.25     0.0440881763527
181.5     0.0440881763527
181.75     0.0460921843687
182.0     0.0460921843687
182.25     0.0460921843687
182.5     0.0460921843687
182.75     0.0460921843687
183.0     0.0460921843687
183.25     0.0460921843687
183.5     0.0460921843687
183.75     0.0460921843687
184.0     0.0501002004008
184.25     0.0501002004008
184.5     0.0501002004008
184.75     0.0501002004008
185.0     0.0501002004008
185.25     0.0501002004008
185.5     0.0521042084168
185.75     0.0521042084168
186.0     0.0541082164329
186.25     0.0541082164329
186.5     0.0561122244489
186.75     0.0561122244489
187.0     0.0561122244489
187.25     0.0561122244489
187.5     0.0561122244489
187.75     0.0561122244489
188.0     0.0561122244489
188.25     0.0561122244489
188.5     0.0561122244489
188.75     0.0561122244489
189.0     0.0581162324649
189.25     0.0581162324649
189.5     0.0581162324649
189.75     0.0581162324649
190.0     0.0581162324649
190.25     0.0581162324649
190.5     0.0581162324649
190.75     0.060120240481
191.0     0.060120240481
191.25     0.060120240481
191.5     0.060120240481
191.75     0.060120240481
192.0     0.060120240481
192.25     0.062124248497
192.5     0.062124248497
192.75     0.062124248497
193.0     0.062124248497
193.25     0.062124248497
193.5     0.062124248497
193.75     0.062124248497
194.0     0.062124248497
194.25     0.062124248497
194.5     0.062124248497
194.75     0.062124248497
195.0     0.062124248497
195.25     0.062124248497
195.5     0.062124248497
195.75     0.064128256513
196.0     0.064128256513
196.25     0.064128256513
196.5     0.064128256513
196.75     0.064128256513
197.0     0.064128256513
197.25     0.064128256513
197.5     0.064128256513
197.75     0.0661322645291
198.0     0.0661322645291
198.25     0.0661322645291
198.5     0.0661322645291
198.75     0.0661322645291
199.0     0.0661322645291
199.25     0.0661322645291
199.5     0.0661322645291
199.75     0.0661322645291
200.0     0.0661322645291
200.25     0.0661322645291
200.5     0.0661322645291
200.75     0.0661322645291
201.0     0.0661322645291
201.25     0.0661322645291
201.5     0.0661322645291
201.75     0.0661322645291
202.0     0.0661322645291
202.25     0.0661322645291
202.5     0.0661322645291
202.75     0.0681362725451
203.0     0.0681362725451
203.25     0.0681362725451
203.5     0.0681362725451
203.75     0.0681362725451
204.0     0.0681362725451
204.25     0.0701402805611
204.5     0.0701402805611
204.75     0.0701402805611
205.0     0.0701402805611
205.25     0.0721442885772
205.5     0.0721442885772
205.75     0.0721442885772
206.0     0.0721442885772
206.25     0.0721442885772
206.5     0.0741482965932
206.75     0.0741482965932
207.0     0.0741482965932
207.25     0.0741482965932
207.5     0.0761523046092
207.75     0.0781563126253
208.0     0.0781563126253
208.25     0.0801603206413
208.5     0.0801603206413
208.75     0.0801603206413
209.0     0.0801603206413
209.25     0.0801603206413
209.5     0.0801603206413
209.75     0.0801603206413
210.0     0.0821643286573
210.25     0.0881763527054
210.5     0.0921843687375
210.75     0.0921843687375
211.0     0.0921843687375
211.25     0.0921843687375
211.5     0.0881763527054
211.75     0.0881763527054
212.0     0.0881763527054
212.25     0.0901803607214
212.5     0.0901803607214
212.75     0.0881763527054
213.0     0.0901803607214
213.25     0.0901803607214
213.5     0.0901803607214
213.75     0.0901803607214
214.0     0.0921843687375
214.25     0.0941883767535
214.5     0.0961923847695
214.75     0.0981963927856
215.0     0.0981963927856
215.25     0.102204408818
215.5     0.102204408818
215.75     0.100200400802
216.0     0.100200400802
216.25     0.100200400802
216.5     0.100200400802
216.75     0.0981963927856
217.0     0.100200400802
217.25     0.100200400802
217.5     0.102204408818
217.75     0.102204408818
218.0     0.102204408818
218.25     0.102204408818
218.5     0.102204408818
218.75     0.102204408818
219.0     0.100200400802
219.25     0.100200400802
219.5     0.100200400802
219.75     0.100200400802
220.0     0.100200400802
220.25     0.100200400802
220.5     0.100200400802
220.75     0.102204408818
221.0     0.102204408818
221.25     0.104208416834
221.5     0.104208416834
221.75     0.10621242485
222.0     0.108216432866
222.25     0.110220440882
222.5     0.108216432866
222.75     0.108216432866
223.0     0.108216432866
223.25     0.108216432866
223.5     0.108216432866
223.75     0.108216432866
224.0     0.108216432866
224.25     0.108216432866
224.5     0.110220440882
224.75     0.110220440882
225.0     0.114228456914
225.25     0.114228456914
225.5     0.114228456914
225.75     0.114228456914
226.0     0.114228456914
226.25     0.114228456914
226.5     0.114228456914
226.75     0.114228456914
227.0     0.114228456914
227.25     0.114228456914
227.5     0.11623246493
227.75     0.11623246493
228.0     0.11623246493
228.25     0.118236472946
228.5     0.118236472946
228.75     0.120240480962
229.0     0.120240480962
229.25     0.120240480962
229.5     0.120240480962
229.75     0.120240480962
230.0     0.120240480962
230.25     0.120240480962
230.5     0.120240480962
230.75     0.120240480962
231.0     0.120240480962
231.25     0.120240480962
231.5     0.120240480962
231.75     0.122244488978
232.0     0.124248496994
232.25     0.124248496994
232.5     0.12625250501
232.75     0.12625250501
233.0     0.12625250501
233.25     0.12625250501
233.5     0.12625250501
233.75     0.12625250501
234.0     0.12625250501
234.25     0.12625250501
234.5     0.12625250501
234.75     0.12625250501
235.0     0.12625250501
235.25     0.12625250501
235.5     0.12625250501
235.75     0.12625250501
236.0     0.12625250501
236.25     0.12625250501
236.5     0.12625250501
236.75     0.128256513026
237.0     0.12625250501
237.25     0.12625250501
237.5     0.12625250501
237.75     0.128256513026
238.0     0.128256513026
238.25     0.128256513026
238.5     0.128256513026
238.75     0.128256513026
239.0     0.128256513026
239.25     0.128256513026
239.5     0.130260521042
239.75     0.130260521042
240.0     0.132264529058
240.25     0.132264529058
240.5     0.132264529058
240.75     0.132264529058
241.0     0.132264529058
241.25     0.132264529058
241.5     0.132264529058
241.75     0.132264529058
242.0     0.132264529058
242.25     0.132264529058
242.5     0.132264529058
242.75     0.132264529058
243.0     0.132264529058
243.25     0.132264529058
243.5     0.134268537074
243.75     0.134268537074
244.0     0.13627254509
244.25     0.13627254509
244.5     0.13627254509
244.75     0.13627254509
245.0     0.138276553106
245.25     0.142284569138
245.5     0.142284569138
245.75     0.144288577154
246.0     0.144288577154
246.25     0.144288577154
246.5     0.144288577154
246.75     0.144288577154
247.0     0.144288577154
247.25     0.144288577154
247.5     0.144288577154
247.75     0.144288577154
248.0     0.144288577154
248.25     0.144288577154
248.5     0.144288577154
248.75     0.144288577154
249.0     0.144288577154
249.25     0.144288577154
249.5     0.144288577154
249.75     0.144288577154
250.0     0.144288577154
250.25     0.144288577154
250.5     0.144288577154
250.75     0.144288577154
251.0     0.144288577154
251.25     0.144288577154
251.5     0.144288577154
251.75     0.14629258517
252.0     0.148296593186
252.25     0.148296593186
252.5     0.152304609218
252.75     0.154308617234
253.0     0.154308617234
253.25     0.154308617234
253.5     0.156312625251
253.75     0.156312625251
254.0     0.156312625251
254.25     0.154308617234
254.5     0.154308617234
254.75     0.154308617234
255.0     0.154308617234
255.25     0.156312625251
255.5     0.158316633267
255.75     0.160320641283
256.0     0.160320641283
256.25     0.158316633267
256.5     0.160320641283
256.75     0.162324649299
257.0     0.162324649299
257.25     0.162324649299
257.5     0.162324649299
257.75     0.162324649299
258.0     0.162324649299
258.25     0.162324649299
258.5     0.164328657315
258.75     0.164328657315
259.0     0.166332665331
259.25     0.168336673347
259.5     0.172344689379
259.75     0.174348697395
260.0     0.176352705411
260.25     0.176352705411
260.5     0.176352705411
260.75     0.176352705411
261.0     0.178356713427
261.25     0.180360721443
261.5     0.182364729459
261.75     0.182364729459
262.0     0.184368737475
262.25     0.184368737475
262.5     0.186372745491
262.75     0.186372745491
263.0     0.188376753507
263.25     0.188376753507
263.5     0.188376753507
263.75     0.190380761523
264.0     0.194388777555
264.25     0.194388777555
264.5     0.194388777555
264.75     0.194388777555
265.0     0.192384769539
265.25     0.192384769539
265.5     0.192384769539
265.75     0.196392785571
266.0     0.198396793587
266.25     0.200400801603
266.5     0.202404809619
266.75     0.204408817635
267.0     0.204408817635
267.25     0.204408817635
267.5     0.204408817635
267.75     0.204408817635
268.0     0.206412825651
268.25     0.208416833667
268.5     0.210420841683
268.75     0.210420841683
269.0     0.210420841683
269.25     0.208416833667
269.5     0.208416833667
269.75     0.212424849699
270.0     0.212424849699
270.25     0.214428857715
270.5     0.212424849699
270.75     0.218436873747
271.0     0.218436873747
271.25     0.220440881764
271.5     0.224448897796
271.75     0.224448897796
272.0     0.228456913828
272.25     0.23246492986
272.5     0.238476953908
272.75     0.24248496994
273.0     0.244488977956
273.25     0.244488977956
273.5     0.244488977956
273.75     0.24248496994
274.0     0.24248496994
274.25     0.244488977956
274.5     0.244488977956
274.75     0.244488977956
275.0     0.244488977956
275.25     0.246492985972
275.5     0.246492985972
275.75     0.248496993988
276.0     0.246492985972
276.25     0.250501002004
276.5     0.250501002004
276.75     0.250501002004
277.0     0.25250501002
277.25     0.25250501002
277.5     0.254509018036
277.75     0.256513026052
278.0     0.260521042084
278.25     0.260521042084
278.5     0.2625250501
278.75     0.266533066132
279.0     0.268537074148
279.25     0.264529058116
279.5     0.264529058116
279.75     0.264529058116
280.0     0.264529058116
280.25     0.266533066132
280.5     0.27254509018
280.75     0.274549098196
281.0     0.274549098196
281.25     0.274549098196
281.5     0.274549098196
281.75     0.274549098196
282.0     0.278557114228
282.25     0.278557114228
282.5     0.278557114228
282.75     0.278557114228
283.0     0.278557114228
283.25     0.280561122244
283.5     0.280561122244
283.75     0.282565130261
284.0     0.286573146293
284.25     0.288577154309
284.5     0.288577154309
284.75     0.288577154309
285.0     0.288577154309
285.25     0.292585170341
285.5     0.292585170341
285.75     0.292585170341
286.0     0.292585170341
286.25     0.292585170341
286.5     0.292585170341
286.75     0.292585170341
287.0     0.292585170341
287.25     0.296593186373
287.5     0.296593186373
287.75     0.296593186373
288.0     0.294589178357
288.25     0.296593186373
288.5     0.296593186373
288.75     0.296593186373
289.0     0.296593186373
289.25     0.298597194389
289.5     0.298597194389
289.75     0.300601202405
290.0     0.302605210421
290.25     0.302605210421
290.5     0.302605210421
290.75     0.304609218437
291.0     0.304609218437
291.25     0.304609218437
291.5     0.304609218437
291.75     0.304609218437
292.0     0.302605210421
292.25     0.304609218437
292.5     0.306613226453
292.75     0.306613226453
293.0     0.308617234469
293.25     0.308617234469
293.5     0.312625250501
293.75     0.314629258517
294.0     0.314629258517
294.25     0.316633266533
294.5     0.316633266533
294.75     0.318637274549
295.0     0.318637274549
295.25     0.318637274549
295.5     0.318637274549
295.75     0.326653306613
296.0     0.328657314629
296.25     0.328657314629
296.5     0.330661322645
296.75     0.328657314629
297.0     0.328657314629
297.25     0.328657314629
297.5     0.330661322645
297.75     0.332665330661
298.0     0.332665330661
298.25     0.330661322645
298.5     0.330661322645
298.75     0.332665330661
299.0     0.334669338677
299.25     0.334669338677
299.5     0.336673346693
299.75     0.338677354709
300.0     0.340681362725
300.25     0.340681362725
300.5     0.340681362725
300.75     0.346693386774
301.0     0.350701402806
301.25     0.350701402806
301.5     0.350701402806
301.75     0.352705410822
302.0     0.352705410822
302.25     0.354709418838
302.5     0.356713426854
302.75     0.360721442886
303.0     0.360721442886
303.25     0.360721442886
303.5     0.364729458918
303.75     0.362725450902
304.0     0.362725450902
304.25     0.362725450902
304.5     0.362725450902
304.75     0.362725450902
305.0     0.362725450902
305.25     0.362725450902
305.5     0.366733466934
305.75     0.366733466934
306.0     0.36873747495
306.25     0.370741482966
306.5     0.36873747495
306.75     0.36873747495
307.0     0.370741482966
307.25     0.372745490982
307.5     0.372745490982
307.75     0.372745490982
308.0     0.372745490982
308.25     0.372745490982
308.5     0.372745490982
308.75     0.372745490982
309.0     0.374749498998
309.25     0.374749498998
309.5     0.372745490982
309.75     0.376753507014
310.0     0.376753507014
310.25     0.37875751503
310.5     0.37875751503
310.75     0.37875751503
311.0     0.380761523046
311.25     0.382765531062
311.5     0.384769539078
311.75     0.390781563126
312.0     0.394789579158
312.25     0.394789579158
312.5     0.394789579158
312.75     0.39879759519
313.0     0.39879759519
313.25     0.39879759519
313.5     0.39879759519
313.75     0.400801603206
314.0     0.400801603206
314.25     0.402805611222
314.5     0.406813627255
314.75     0.408817635271
315.0     0.410821643287
315.25     0.410821643287
315.5     0.412825651303
315.75     0.416833667335
316.0     0.418837675351
316.25     0.420841683367
316.5     0.422845691383
316.75     0.422845691383
317.0     0.420841683367
317.25     0.418837675351
317.5     0.418837675351
317.75     0.418837675351
318.0     0.418837675351
318.25     0.418837675351
318.5     0.420841683367
318.75     0.420841683367
319.0     0.422845691383
319.25     0.424849699399
319.5     0.424849699399
319.75     0.424849699399
320.0     0.428857715431
320.25     0.428857715431
320.5     0.434869739479
320.75     0.432865731463
321.0     0.432865731463
321.25     0.432865731463
321.5     0.434869739479
321.75     0.434869739479
322.0     0.436873747495
322.25     0.440881763527
322.5     0.440881763527
322.75     0.440881763527
323.0     0.442885771543
323.25     0.440881763527
323.5     0.440881763527
323.75     0.444889779559
324.0     0.444889779559
324.25     0.442885771543
324.5     0.442885771543
324.75     0.444889779559
325.0     0.444889779559
325.25     0.448897795591
325.5     0.454909819639
325.75     0.454909819639
326.0     0.454909819639
326.25     0.454909819639
326.5     0.454909819639
326.75     0.454909819639
327.0     0.454909819639
327.25     0.454909819639
327.5     0.454909819639
327.75     0.454909819639
328.0     0.454909819639
328.25     0.454909819639
328.5     0.456913827655
328.75     0.458917835671
329.0     0.462925851703
329.25     0.462925851703
329.5     0.464929859719
329.75     0.466933867735
330.0     0.466933867735
330.25     0.468937875752
330.5     0.468937875752
330.75     0.468937875752
331.0     0.470941883768
331.25     0.472945891784
331.5     0.4749498998
331.75     0.4749498998
332.0     0.4749498998
332.25     0.4749498998
332.5     0.476953907816
332.75     0.478957915832
333.0     0.478957915832
333.25     0.480961923848
333.5     0.482965931864
333.75     0.482965931864
334.0     0.482965931864
334.25     0.482965931864
334.5     0.482965931864
334.75     0.48496993988
335.0     0.48496993988
335.25     0.486973947896
335.5     0.486973947896
335.75     0.488977955912
336.0     0.490981963928
336.25     0.490981963928
336.5     0.490981963928
336.75     0.490981963928
337.0     0.490981963928
337.25     0.490981963928
337.5     0.49498997996
337.75     0.49498997996
338.0     0.49498997996
338.25     0.49498997996
338.5     0.49498997996
338.75     0.49498997996
339.0     0.49498997996
339.25     0.49498997996
339.5     0.49498997996
339.75     0.49498997996
340.0     0.49498997996
340.25     0.496993987976
340.5     0.498997995992
340.75     0.496993987976
341.0     0.496993987976
341.25     0.496993987976
341.5     0.496993987976
341.75     0.496993987976
342.0     0.496993987976
342.25     0.498997995992
342.5     0.498997995992
342.75     0.501002004008
343.0     0.501002004008
343.25     0.501002004008
343.5     0.498997995992
343.75     0.498997995992
344.0     0.501002004008
344.25     0.501002004008
344.5     0.503006012024
344.75     0.503006012024
345.0     0.503006012024
345.25     0.503006012024
345.5     0.503006012024
345.75     0.50501002004
346.0     0.507014028056
346.25     0.50501002004
346.5     0.507014028056
346.75     0.509018036072
347.0     0.509018036072
347.25     0.513026052104
347.5     0.51503006012
347.75     0.517034068136
348.0     0.519038076152
348.25     0.519038076152
348.5     0.521042084168
348.75     0.521042084168
349.0     0.521042084168
349.25     0.521042084168
349.5     0.521042084168
349.75     0.521042084168
350.0     0.521042084168
350.25     0.521042084168
350.5     0.523046092184
350.75     0.523046092184
351.0     0.527054108216
351.25     0.529058116232
351.5     0.531062124248
351.75     0.533066132265
352.0     0.531062124248
352.25     0.531062124248
352.5     0.531062124248
352.75     0.533066132265
353.0     0.533066132265
353.25     0.535070140281
353.5     0.535070140281
353.75     0.535070140281
354.0     0.535070140281
354.25     0.535070140281
354.5     0.537074148297
354.75     0.535070140281
355.0     0.537074148297
355.25     0.537074148297
355.5     0.537074148297
355.75     0.541082164329
356.0     0.543086172345
356.25     0.543086172345
356.5     0.543086172345
356.75     0.547094188377
357.0     0.553106212425
357.25     0.555110220441
357.5     0.557114228457
357.75     0.557114228457
358.0     0.557114228457
358.25     0.561122244489
358.5     0.561122244489
358.75     0.561122244489
359.0     0.561122244489
359.25     0.561122244489
359.5     0.563126252505
359.75     0.563126252505
360.0     0.563126252505
360.25     0.563126252505
360.5     0.567134268537
360.75     0.567134268537
361.0     0.567134268537
361.25     0.567134268537
361.5     0.567134268537
361.75     0.567134268537
362.0     0.567134268537
362.25     0.569138276553
362.5     0.573146292585
362.75     0.575150300601
363.0     0.575150300601
363.25     0.575150300601
363.5     0.577154308617
363.75     0.577154308617
364.0     0.577154308617
364.25     0.581162324649
364.5     0.583166332665
364.75     0.587174348697
365.0     0.587174348697
365.25     0.589178356713
365.5     0.589178356713
365.75     0.589178356713
366.0     0.591182364729
366.25     0.591182364729
366.5     0.591182364729
366.75     0.591182364729
367.0     0.591182364729
367.25     0.593186372745
367.5     0.593186372745
367.75     0.597194388778
368.0     0.597194388778
368.25     0.597194388778
368.5     0.597194388778
368.75     0.599198396794
369.0     0.599198396794
369.25     0.599198396794
369.5     0.597194388778
369.75     0.597194388778
370.0     0.597194388778
370.25     0.60120240481
370.5     0.603206412826
370.75     0.603206412826
371.0     0.603206412826
371.25     0.607214428858
371.5     0.607214428858
371.75     0.607214428858
372.0     0.607214428858
372.25     0.607214428858
372.5     0.605210420842
372.75     0.605210420842
373.0     0.605210420842
373.25     0.605210420842
373.5     0.607214428858
373.75     0.607214428858
374.0     0.607214428858
374.25     0.607214428858
374.5     0.609218436874
374.75     0.609218436874
375.0     0.609218436874
375.25     0.61122244489
375.5     0.61122244489
375.75     0.61122244489
376.0     0.613226452906
376.25     0.613226452906
376.5     0.613226452906
376.75     0.613226452906
377.0     0.613226452906
377.25     0.613226452906
377.5     0.615230460922
377.75     0.617234468938
378.0     0.617234468938
378.25     0.617234468938
378.5     0.617234468938
378.75     0.617234468938
379.0     0.617234468938
379.25     0.617234468938
379.5     0.617234468938
379.75     0.617234468938
380.0     0.617234468938
380.25     0.619238476954
380.5     0.62124248497
380.75     0.62124248497
381.0     0.62124248497
381.25     0.62124248497
381.5     0.623246492986
381.75     0.623246492986
382.0     0.623246492986
382.25     0.623246492986
382.5     0.625250501002
382.75     0.625250501002
383.0     0.625250501002
383.25     0.625250501002
383.5     0.625250501002
383.75     0.625250501002
384.0     0.625250501002
384.25     0.625250501002
384.5     0.629258517034
384.75     0.629258517034
385.0     0.629258517034
385.25     0.63126252505
385.5     0.63126252505
385.75     0.63126252505
386.0     0.633266533066
386.25     0.633266533066
386.5     0.633266533066
386.75     0.633266533066
387.0     0.633266533066
387.25     0.633266533066
387.5     0.633266533066
387.75     0.633266533066
388.0     0.633266533066
388.25     0.635270541082
388.5     0.635270541082
388.75     0.639278557114
389.0     0.64128256513
389.25     0.64128256513
389.5     0.64128256513
389.75     0.643286573146
390.0     0.643286573146
390.25     0.645290581162
390.5     0.645290581162
390.75     0.649298597194
391.0     0.649298597194
391.25     0.65130260521
391.5     0.65130260521
391.75     0.653306613226
392.0     0.653306613226
392.25     0.655310621242
392.5     0.655310621242
392.75     0.655310621242
393.0     0.655310621242
393.25     0.659318637275
393.5     0.657314629259
393.75     0.659318637275
394.0     0.661322645291
394.25     0.661322645291
394.5     0.661322645291
394.75     0.661322645291
395.0     0.665330661323
395.25     0.665330661323
395.5     0.665330661323
395.75     0.667334669339
396.0     0.667334669339
396.25     0.669338677355
396.5     0.671342685371
396.75     0.671342685371
397.0     0.671342685371
397.25     0.671342685371
397.5     0.671342685371
397.75     0.673346693387
398.0     0.673346693387
398.25     0.673346693387
398.5     0.673346693387
398.75     0.673346693387
399.0     0.673346693387
399.25     0.675350701403
399.5     0.677354709419
399.75     0.679358717435
400.0     0.679358717435
400.25     0.679358717435
400.5     0.679358717435
400.75     0.679358717435
401.0     0.681362725451
401.25     0.679358717435
401.5     0.679358717435
401.75     0.679358717435
402.0     0.679358717435
402.25     0.679358717435
402.5     0.679358717435
402.75     0.681362725451
403.0     0.681362725451
403.25     0.681362725451
403.5     0.683366733467
403.75     0.683366733467
404.0     0.683366733467
404.25     0.683366733467
404.5     0.683366733467
404.75     0.683366733467
405.0     0.683366733467
405.25     0.683366733467
405.5     0.683366733467
405.75     0.683366733467
406.0     0.683366733467
406.25     0.683366733467
406.5     0.683366733467
406.75     0.689378757515
407.0     0.691382765531
407.25     0.691382765531
407.5     0.691382765531
407.75     0.691382765531
408.0     0.691382765531
408.25     0.691382765531
408.5     0.691382765531
408.75     0.691382765531
409.0     0.691382765531
409.25     0.691382765531
409.5     0.691382765531
409.75     0.693386773547
410.0     0.693386773547
410.25     0.693386773547
410.5     0.693386773547
410.75     0.693386773547
411.0     0.693386773547
411.25     0.693386773547
411.5     0.693386773547
411.75     0.695390781563
412.0     0.695390781563
412.25     0.695390781563
412.5     0.695390781563
412.75     0.695390781563
413.0     0.695390781563
413.25     0.695390781563
413.5     0.695390781563
413.75     0.697394789579
414.0     0.697394789579
414.25     0.697394789579
414.5     0.699398797595
414.75     0.699398797595
415.0     0.699398797595
415.25     0.699398797595
415.5     0.699398797595
415.75     0.699398797595
416.0     0.699398797595
416.25     0.699398797595
416.5     0.699398797595
416.75     0.701402805611
417.0     0.703406813627
417.25     0.703406813627
417.5     0.703406813627
417.75     0.705410821643
418.0     0.703406813627
418.25     0.703406813627
418.5     0.703406813627
418.75     0.703406813627
419.0     0.703406813627
419.25     0.703406813627
419.5     0.703406813627
419.75     0.705410821643
420.0     0.705410821643
420.25     0.709418837675
420.5     0.711422845691
420.75     0.713426853707
421.0     0.713426853707
421.25     0.715430861723
421.5     0.719438877756
421.75     0.717434869739
422.0     0.719438877756
422.25     0.717434869739
422.5     0.717434869739
422.75     0.719438877756
423.0     0.721442885772
423.25     0.721442885772
423.5     0.721442885772
423.75     0.721442885772
424.0     0.721442885772
424.25     0.721442885772
424.5     0.723446893788
424.75     0.723446893788
425.0     0.723446893788
425.25     0.723446893788
425.5     0.723446893788
425.75     0.723446893788
426.0     0.72745490982
426.25     0.72745490982
426.5     0.72745490982
426.75     0.72745490982
427.0     0.729458917836
427.25     0.729458917836
427.5     0.729458917836
427.75     0.733466933868
428.0     0.7374749499
428.25     0.7374749499
428.5     0.7374749499
428.75     0.7374749499
429.0     0.739478957916
429.25     0.741482965932
429.5     0.741482965932
429.75     0.741482965932
430.0     0.741482965932
430.25     0.741482965932
430.5     0.745490981964
430.75     0.745490981964
431.0     0.745490981964
431.25     0.74749498998
431.5     0.749498997996
431.75     0.751503006012
432.0     0.751503006012
432.25     0.753507014028
432.5     0.751503006012
432.75     0.751503006012
433.0     0.749498997996
433.25     0.751503006012
433.5     0.751503006012
433.75     0.751503006012
434.0     0.751503006012
434.25     0.751503006012
434.5     0.751503006012
434.75     0.753507014028
435.0     0.75751503006
435.25     0.75751503006
435.5     0.75751503006
435.75     0.75751503006
436.0     0.75751503006
436.25     0.75751503006
436.5     0.75751503006
436.75     0.75751503006
437.0     0.759519038076
437.25     0.761523046092
437.5     0.763527054108
437.75     0.763527054108
438.0     0.765531062124
438.25     0.76753507014
438.5     0.76753507014
438.75     0.769539078156
439.0     0.769539078156
439.25     0.769539078156
439.5     0.769539078156
439.75     0.769539078156
440.0     0.769539078156
440.25     0.769539078156
440.5     0.771543086172
440.75     0.771543086172
441.0     0.773547094188
441.25     0.773547094188
441.5     0.773547094188
441.75     0.775551102204
442.0     0.775551102204
442.25     0.773547094188
442.5     0.773547094188
442.75     0.773547094188
443.0     0.773547094188
443.25     0.773547094188
443.5     0.773547094188
443.75     0.773547094188
444.0     0.773547094188
444.25     0.773547094188
444.5     0.775551102204
444.75     0.775551102204
445.0     0.775551102204
445.25     0.775551102204
445.5     0.77755511022
445.75     0.77755511022
446.0     0.781563126253
446.25     0.783567134269
446.5     0.783567134269
446.75     0.783567134269
447.0     0.783567134269
447.25     0.783567134269
447.5     0.783567134269
447.75     0.783567134269
448.0     0.785571142285
448.25     0.783567134269
448.5     0.783567134269
448.75     0.783567134269
449.0     0.783567134269
449.25     0.783567134269
449.5     0.785571142285
449.75     0.789579158317
450.0     0.789579158317
450.25     0.791583166333
450.5     0.791583166333
450.75     0.793587174349
451.0     0.793587174349
451.25     0.797595190381
451.5     0.797595190381
451.75     0.799599198397
452.0     0.799599198397
452.25     0.799599198397
452.5     0.799599198397
452.75     0.799599198397
453.0     0.799599198397
453.25     0.799599198397
453.5     0.799599198397
453.75     0.801603206413
454.0     0.801603206413
454.25     0.801603206413
454.5     0.801603206413
454.75     0.801603206413
455.0     0.803607214429
455.25     0.803607214429
455.5     0.803607214429
455.75     0.803607214429
456.0     0.803607214429
456.25     0.803607214429
456.5     0.805611222445
456.75     0.805611222445
457.0     0.807615230461
457.25     0.807615230461
457.5     0.807615230461
457.75     0.807615230461
458.0     0.809619238477
458.25     0.809619238477
458.5     0.809619238477
458.75     0.809619238477
459.0     0.809619238477
459.25     0.809619238477
459.5     0.809619238477
459.75     0.811623246493
460.0     0.811623246493
460.25     0.811623246493
460.5     0.811623246493
460.75     0.809619238477
461.0     0.809619238477
461.25     0.809619238477
461.5     0.809619238477
461.75     0.811623246493
462.0     0.811623246493
462.25     0.811623246493
462.5     0.811623246493
462.75     0.811623246493
463.0     0.811623246493
463.25     0.813627254509
463.5     0.813627254509
463.75     0.813627254509
464.0     0.815631262525
464.25     0.819639278557
464.5     0.821643286573
464.75     0.821643286573
465.0     0.821643286573
465.25     0.821643286573
465.5     0.821643286573
465.75     0.821643286573
466.0     0.821643286573
466.25     0.821643286573
466.5     0.823647294589
466.75     0.825651302605
467.0     0.827655310621
467.25     0.827655310621
467.5     0.829659318637
467.75     0.831663326653
468.0     0.831663326653
468.25     0.833667334669
468.5     0.833667334669
468.75     0.833667334669
469.0     0.833667334669
469.25     0.833667334669
469.5     0.833667334669
469.75     0.833667334669
470.0     0.833667334669
470.25     0.833667334669
470.5     0.835671342685
470.75     0.835671342685
471.0     0.835671342685
471.25     0.835671342685
471.5     0.835671342685
471.75     0.837675350701
472.0     0.837675350701
472.25     0.837675350701
472.5     0.837675350701
472.75     0.839679358717
473.0     0.839679358717
473.25     0.839679358717
473.5     0.839679358717
473.75     0.839679358717
474.0     0.839679358717
474.25     0.841683366733
474.5     0.841683366733
474.75     0.841683366733
475.0     0.841683366733
475.25     0.843687374749
475.5     0.841683366733
475.75     0.845691382766
476.0     0.845691382766
476.25     0.845691382766
476.5     0.845691382766
476.75     0.845691382766
477.0     0.845691382766
477.25     0.845691382766
477.5     0.845691382766
477.75     0.845691382766
478.0     0.845691382766
478.25     0.845691382766
478.5     0.845691382766
478.75     0.845691382766
479.0     0.845691382766
479.25     0.847695390782
479.5     0.849699398798
479.75     0.849699398798
480.0     0.849699398798
480.25     0.85370741483
480.5     0.855711422846
480.75     0.855711422846
481.0     0.855711422846
481.25     0.857715430862
481.5     0.857715430862
481.75     0.857715430862
482.0     0.857715430862
482.25     0.857715430862
482.5     0.857715430862
482.75     0.857715430862
483.0     0.859719438878
483.25     0.861723446894
483.5     0.861723446894
483.75     0.861723446894
484.0     0.861723446894
484.25     0.861723446894
484.5     0.861723446894
484.75     0.861723446894
485.0     0.861723446894
485.25     0.861723446894
485.5     0.861723446894
485.75     0.861723446894
486.0     0.861723446894
486.25     0.861723446894
486.5     0.861723446894
486.75     0.861723446894
487.0     0.861723446894
487.25     0.861723446894
487.5     0.861723446894
487.75     0.86372745491
488.0     0.86372745491
488.25     0.86372745491
488.5     0.86372745491
488.75     0.86372745491
489.0     0.865731462926
489.25     0.867735470942
489.5     0.869739478958
489.75     0.869739478958
490.0     0.869739478958
490.25     0.869739478958
490.5     0.869739478958
490.75     0.869739478958
491.0     0.869739478958
491.25     0.869739478958
491.5     0.871743486974
491.75     0.87374749499
492.0     0.875751503006
492.25     0.875751503006
492.5     0.875751503006
492.75     0.875751503006
493.0     0.877755511022
493.25     0.877755511022
493.5     0.877755511022
493.75     0.877755511022
494.0     0.879759519038
494.25     0.879759519038
494.5     0.879759519038
494.75     0.879759519038
495.0     0.879759519038
495.25     0.879759519038
495.5     0.879759519038
495.75     0.879759519038
496.0     0.879759519038
496.25     0.879759519038
496.5     0.879759519038
496.75     0.879759519038
497.0     0.881763527054
497.25     0.881763527054
497.5     0.881763527054
497.75     0.881763527054
498.0     0.881763527054
498.25     0.881763527054
498.5     0.881763527054
498.75     0.881763527054
499.0     0.881763527054
499.25     0.881763527054
499.5     0.881763527054
499.75     0.881763527054
500.0     0.881763527054
500.25     0.881763527054
500.5     0.881763527054
500.75     0.881763527054
501.0     0.879759519038
501.25     0.879759519038
501.5     0.879759519038
501.75     0.879759519038
502.0     0.879759519038
502.25     0.879759519038
502.5     0.879759519038
502.75     0.879759519038
503.0     0.879759519038
503.25     0.881763527054
503.5     0.881763527054
503.75     0.881763527054
504.0     0.881763527054
504.25     0.881763527054
504.5     0.881763527054
504.75     0.881763527054
505.0     0.881763527054
505.25     0.881763527054
505.5     0.881763527054
505.75     0.881763527054
506.0     0.881763527054
506.25     0.881763527054
506.5     0.881763527054
506.75     0.881763527054
507.0     0.881763527054
507.25     0.881763527054
507.5     0.88376753507
507.75     0.88376753507
508.0     0.88376753507
508.25     0.88376753507
508.5     0.88376753507
508.75     0.88376753507
509.0     0.88376753507
509.25     0.885771543086
509.5     0.885771543086
509.75     0.885771543086
510.0     0.885771543086
510.25     0.885771543086
510.5     0.887775551102
510.75     0.887775551102
511.0     0.887775551102
511.25     0.887775551102
511.5     0.887775551102
511.75     0.887775551102
512.0     0.887775551102
512.25     0.887775551102
512.5     0.887775551102
512.75     0.887775551102
513.0     0.887775551102
513.25     0.887775551102
513.5     0.889779559118
513.75     0.891783567134
514.0     0.891783567134
514.25     0.891783567134
514.5     0.891783567134
514.75     0.891783567134
515.0     0.891783567134
515.25     0.891783567134
515.5     0.891783567134
515.75     0.891783567134
516.0     0.891783567134
516.25     0.891783567134
516.5     0.891783567134
516.75     0.891783567134
517.0     0.891783567134
517.25     0.891783567134
517.5     0.891783567134
517.75     0.891783567134
518.0     0.891783567134
518.25     0.889779559118
518.5     0.889779559118
518.75     0.889779559118
519.0     0.889779559118
519.25     0.889779559118
519.5     0.889779559118
519.75     0.891783567134
520.0     0.891783567134
520.25     0.891783567134
520.5     0.891783567134
520.75     0.891783567134
521.0     0.89378757515
521.25     0.895791583166
521.5     0.895791583166
521.75     0.897795591182
522.0     0.897795591182
522.25     0.897795591182
522.5     0.899799599198
522.75     0.899799599198
523.0     0.899799599198
523.25     0.899799599198
523.5     0.899799599198
523.75     0.901803607214
524.0     0.901803607214
524.25     0.901803607214
524.5     0.901803607214
524.75     0.901803607214
525.0     0.901803607214
525.25     0.90380761523
525.5     0.90380761523
525.75     0.90380761523
526.0     0.905811623246
526.25     0.905811623246
526.5     0.905811623246
526.75     0.905811623246
527.0     0.905811623246
527.25     0.905811623246
527.5     0.905811623246
527.75     0.905811623246
528.0     0.905811623246
528.25     0.905811623246
528.5     0.905811623246
528.75     0.905811623246
529.0     0.905811623246
529.25     0.905811623246
529.5     0.905811623246
529.75     0.905811623246
530.0     0.905811623246
530.25     0.905811623246
530.5     0.905811623246
530.75     0.905811623246
531.0     0.905811623246
531.25     0.905811623246
531.5     0.907815631263
531.75     0.907815631263
532.0     0.907815631263
532.25     0.907815631263
532.5     0.907815631263
532.75     0.907815631263
533.0     0.907815631263
533.25     0.907815631263
533.5     0.907815631263
533.75     0.907815631263
534.0     0.907815631263
534.25     0.907815631263
534.5     0.907815631263
534.75     0.907815631263
535.0     0.907815631263
535.25     0.909819639279
535.5     0.909819639279
535.75     0.909819639279
536.0     0.909819639279
536.25     0.909819639279
536.5     0.909819639279
536.75     0.911823647295
537.0     0.909819639279
537.25     0.909819639279
537.5     0.909819639279
537.75     0.909819639279
538.0     0.911823647295
538.25     0.911823647295
538.5     0.911823647295
538.75     0.911823647295
539.0     0.913827655311
539.25     0.913827655311
539.5     0.913827655311
539.75     0.913827655311
540.0     0.913827655311
540.25     0.913827655311
540.5     0.913827655311
540.75     0.913827655311
541.0     0.913827655311
541.25     0.913827655311
541.5     0.913827655311
541.75     0.913827655311
542.0     0.913827655311
542.25     0.913827655311
542.5     0.913827655311
542.75     0.913827655311
543.0     0.913827655311
543.25     0.913827655311
543.5     0.913827655311
543.75     0.913827655311
544.0     0.913827655311
544.25     0.913827655311
544.5     0.913827655311
544.75     0.915831663327
545.0     0.915831663327
545.25     0.915831663327
545.5     0.915831663327
545.75     0.915831663327
546.0     0.915831663327
546.25     0.915831663327
546.5     0.915831663327
546.75     0.915831663327
547.0     0.915831663327
547.25     0.915831663327
547.5     0.917835671343
547.75     0.917835671343
548.0     0.919839679359
548.25     0.919839679359
548.5     0.917835671343
548.75     0.917835671343
549.0     0.917835671343
549.25     0.917835671343
549.5     0.917835671343
549.75     0.917835671343
550.0     0.917835671343
550.25     0.917835671343
550.5     0.919839679359
550.75     0.919839679359
551.0     0.919839679359
551.25     0.919839679359
551.5     0.919839679359
551.75     0.919839679359
552.0     0.919839679359
552.25     0.919839679359
552.5     0.919839679359
552.75     0.919839679359
553.0     0.919839679359
553.25     0.919839679359
553.5     0.921843687375
553.75     0.921843687375
554.0     0.921843687375
554.25     0.921843687375
554.5     0.921843687375
554.75     0.921843687375
555.0     0.921843687375
555.25     0.921843687375
555.5     0.921843687375
555.75     0.921843687375
556.0     0.923847695391
556.25     0.923847695391
556.5     0.923847695391
556.75     0.923847695391
557.0     0.923847695391
557.25     0.921843687375
557.5     0.921843687375
557.75     0.921843687375
558.0     0.923847695391
558.25     0.923847695391
558.5     0.923847695391
558.75     0.923847695391
559.0     0.923847695391
559.25     0.923847695391
559.5     0.923847695391
559.75     0.923847695391
560.0     0.923847695391
560.25     0.923847695391
560.5     0.923847695391
560.75     0.923847695391
561.0     0.925851703407
561.25     0.925851703407
561.5     0.925851703407
561.75     0.925851703407
562.0     0.925851703407
562.25     0.925851703407
562.5     0.925851703407
562.75     0.925851703407
563.0     0.925851703407
563.25     0.925851703407
563.5     0.925851703407
563.75     0.925851703407
564.0     0.925851703407
564.25     0.925851703407
564.5     0.925851703407
564.75     0.925851703407
565.0     0.925851703407
565.25     0.925851703407
565.5     0.925851703407
565.75     0.925851703407
566.0     0.925851703407
566.25     0.925851703407
566.5     0.925851703407
566.75     0.925851703407
567.0     0.925851703407
567.25     0.925851703407
567.5     0.925851703407
567.75     0.925851703407
568.0     0.927855711423
568.25     0.927855711423
568.5     0.929859719439
568.75     0.929859719439
569.0     0.929859719439
569.25     0.929859719439
569.5     0.929859719439
569.75     0.929859719439
570.0     0.929859719439
570.25     0.929859719439
570.5     0.929859719439
570.75     0.929859719439
571.0     0.929859719439
571.25     0.929859719439
571.5     0.929859719439
571.75     0.929859719439
572.0     0.929859719439
572.25     0.929859719439
572.5     0.929859719439
572.75     0.929859719439
573.0     0.929859719439
573.25     0.929859719439
573.5     0.929859719439
573.75     0.931863727455
574.0     0.931863727455
574.25     0.931863727455
574.5     0.931863727455
574.75     0.931863727455
575.0     0.931863727455
575.25     0.931863727455
575.5     0.931863727455
575.75     0.931863727455
576.0     0.931863727455
576.25     0.931863727455
576.5     0.931863727455
576.75     0.931863727455
577.0     0.931863727455
577.25     0.931863727455
577.5     0.931863727455
577.75     0.931863727455
578.0     0.931863727455
578.25     0.933867735471
578.5     0.933867735471
578.75     0.933867735471
579.0     0.931863727455
579.25     0.931863727455
579.5     0.931863727455
579.75     0.931863727455
580.0     0.931863727455
580.25     0.931863727455
580.5     0.931863727455
580.75     0.931863727455
581.0     0.931863727455
581.25     0.931863727455
581.5     0.933867735471
581.75     0.933867735471
582.0     0.933867735471
582.25     0.933867735471
582.5     0.933867735471
582.75     0.933867735471
583.0     0.933867735471
583.25     0.933867735471
583.5     0.933867735471
583.75     0.933867735471
584.0     0.933867735471
584.25     0.933867735471
584.5     0.933867735471
584.75     0.933867735471
585.0     0.933867735471
585.25     0.933867735471
585.5     0.933867735471
585.75     0.935871743487
586.0     0.935871743487
586.25     0.935871743487
586.5     0.935871743487
586.75     0.935871743487
587.0     0.935871743487
587.25     0.935871743487
587.5     0.935871743487
587.75     0.935871743487
588.0     0.935871743487
588.25     0.935871743487
588.5     0.935871743487
588.75     0.935871743487
589.0     0.935871743487
589.25     0.935871743487
589.5     0.935871743487
589.75     0.935871743487
590.0     0.935871743487
590.25     0.935871743487
590.5     0.935871743487
590.75     0.935871743487
591.0     0.935871743487
591.25     0.935871743487
591.5     0.935871743487
591.75     0.935871743487
592.0     0.935871743487
592.25     0.935871743487
592.5     0.935871743487
592.75     0.935871743487
593.0     0.935871743487
593.25     0.935871743487
593.5     0.935871743487
593.75     0.935871743487
594.0     0.935871743487
594.25     0.935871743487
594.5     0.935871743487
594.75     0.935871743487
595.0     0.935871743487
595.25     0.937875751503
595.5     0.937875751503
595.75     0.937875751503
596.0     0.937875751503
596.25     0.937875751503
596.5     0.937875751503
596.75     0.941883767535
597.0     0.941883767535
597.25     0.943887775551
597.5     0.941883767535
597.75     0.941883767535
598.0     0.943887775551
598.25     0.943887775551
598.5     0.943887775551
598.75     0.943887775551
599.0     0.943887775551
599.25     0.943887775551
599.5     0.945891783567
599.75     0.945891783567
600.0     0.945891783567
600.25     0.945891783567
600.5     0.943887775551
600.75     0.943887775551
601.0     0.943887775551
601.25     0.945891783567
601.5     0.945891783567
601.75     0.945891783567
602.0     0.945891783567
602.25     0.945891783567
602.5     0.945891783567
602.75     0.945891783567
603.0     0.945891783567
603.25     0.945891783567
603.5     0.945891783567
603.75     0.945891783567
604.0     0.945891783567
604.25     0.945891783567
604.5     0.945891783567
604.75     0.945891783567
605.0     0.943887775551
605.25     0.943887775551
605.5     0.945891783567
605.75     0.945891783567
606.0     0.947895791583
606.25     0.947895791583
606.5     0.947895791583
606.75     0.947895791583
607.0     0.947895791583
607.25     0.947895791583
607.5     0.947895791583
607.75     0.947895791583
608.0     0.947895791583
608.25     0.947895791583
608.5     0.947895791583
608.75     0.947895791583
609.0     0.947895791583
609.25     0.947895791583
609.5     0.947895791583
609.75     0.947895791583
610.0     0.947895791583
610.25     0.947895791583
610.5     0.947895791583
610.75     0.947895791583
611.0     0.947895791583
611.25     0.947895791583
611.5     0.947895791583
611.75     0.947895791583
612.0     0.947895791583
612.25     0.947895791583
612.5     0.947895791583
612.75     0.949899799599
613.0     0.949899799599
613.25     0.949899799599
613.5     0.949899799599
613.75     0.949899799599
614.0     0.949899799599
614.25     0.949899799599
614.5     0.949899799599
614.75     0.951903807615
615.0     0.951903807615
615.25     0.953907815631
615.5     0.953907815631
615.75     0.953907815631
616.0     0.953907815631
616.25     0.953907815631
616.5     0.953907815631
616.75     0.953907815631
617.0     0.953907815631
617.25     0.953907815631
617.5     0.953907815631
617.75     0.953907815631
618.0     0.953907815631
618.25     0.953907815631
618.5     0.953907815631
618.75     0.953907815631
619.0     0.953907815631
619.25     0.953907815631
619.5     0.953907815631
619.75     0.953907815631
620.0     0.953907815631
620.25     0.955911823647
620.5     0.955911823647
620.75     0.955911823647
621.0     0.955911823647
621.25     0.955911823647
621.5     0.955911823647
621.75     0.955911823647
622.0     0.955911823647
622.25     0.955911823647
622.5     0.955911823647
622.75     0.955911823647
623.0     0.955911823647
623.25     0.955911823647
623.5     0.955911823647
623.75     0.955911823647
624.0     0.955911823647
624.25     0.955911823647
624.5     0.955911823647
624.75     0.955911823647
625.0     0.955911823647
625.25     0.955911823647
625.5     0.955911823647
625.75     0.955911823647
626.0     0.955911823647
626.25     0.955911823647
626.5     0.955911823647
626.75     0.955911823647
627.0     0.955911823647
627.25     0.955911823647
627.5     0.955911823647
627.75     0.955911823647
628.0     0.955911823647
628.25     0.955911823647
628.5     0.955911823647
628.75     0.955911823647
629.0     0.955911823647
629.25     0.955911823647
629.5     0.955911823647
629.75     0.955911823647
630.0     0.955911823647
630.25     0.955911823647
630.5     0.955911823647
630.75     0.955911823647
631.0     0.955911823647
631.25     0.955911823647
631.5     0.955911823647
631.75     0.955911823647
632.0     0.955911823647
632.25     0.955911823647
632.5     0.955911823647
632.75     0.955911823647
633.0     0.955911823647
633.25     0.955911823647
633.5     0.955911823647
633.75     0.955911823647
634.0     0.955911823647
634.25     0.955911823647
634.5     0.955911823647
634.75     0.955911823647
635.0     0.955911823647
635.25     0.955911823647
635.5     0.955911823647
635.75     0.955911823647
636.0     0.955911823647
636.25     0.955911823647
636.5     0.955911823647
636.75     0.955911823647
637.0     0.955911823647
637.25     0.955911823647
637.5     0.955911823647
637.75     0.955911823647
638.0     0.955911823647
638.25     0.955911823647
638.5     0.955911823647
638.75     0.955911823647
639.0     0.955911823647
639.25     0.955911823647
639.5     0.955911823647
639.75     0.955911823647
640.0     0.955911823647
640.25     0.955911823647
640.5     0.955911823647
640.75     0.955911823647
641.0     0.955911823647
641.25     0.955911823647
641.5     0.955911823647
641.75     0.955911823647
642.0     0.955911823647
642.25     0.955911823647
642.5     0.955911823647
642.75     0.955911823647
643.0     0.955911823647
643.25     0.955911823647
643.5     0.955911823647
643.75     0.955911823647
644.0     0.955911823647
644.25     0.955911823647
644.5     0.955911823647
644.75     0.955911823647
645.0     0.955911823647
645.25     0.955911823647
645.5     0.955911823647
645.75     0.955911823647
646.0     0.955911823647
646.25     0.955911823647
646.5     0.955911823647
646.75     0.955911823647
647.0     0.955911823647
647.25     0.955911823647
647.5     0.955911823647
647.75     0.955911823647
648.0     0.955911823647
648.25     0.955911823647
648.5     0.955911823647
648.75     0.955911823647
649.0     0.955911823647
649.25     0.955911823647
649.5     0.955911823647
649.75     0.955911823647
650.0     0.955911823647
650.25     0.955911823647
650.5     0.957915831663
650.75     0.957915831663
651.0     0.957915831663
651.25     0.957915831663
651.5     0.957915831663
651.75     0.957915831663
652.0     0.957915831663
652.25     0.957915831663
652.5     0.957915831663
652.75     0.957915831663
653.0     0.957915831663
653.25     0.957915831663
653.5     0.957915831663
653.75     0.959919839679
654.0     0.959919839679
654.25     0.959919839679
654.5     0.959919839679
654.75     0.961923847695
655.0     0.961923847695
655.25     0.961923847695
655.5     0.961923847695
655.75     0.961923847695
656.0     0.961923847695
656.25     0.961923847695
656.5     0.961923847695
656.75     0.961923847695
657.0     0.961923847695
657.25     0.961923847695
657.5     0.961923847695
657.75     0.961923847695
658.0     0.961923847695
658.25     0.961923847695
658.5     0.961923847695
658.75     0.961923847695
659.0     0.961923847695
659.25     0.961923847695
659.5     0.961923847695
659.75     0.961923847695
660.0     0.961923847695
660.25     0.961923847695
660.5     0.963927855711
660.75     0.963927855711
661.0     0.963927855711
661.25     0.963927855711
661.5     0.963927855711
661.75     0.963927855711
662.0     0.963927855711
662.25     0.963927855711
662.5     0.963927855711
662.75     0.963927855711
663.0     0.963927855711
663.25     0.963927855711
663.5     0.963927855711
663.75     0.963927855711
664.0     0.963927855711
664.25     0.963927855711
664.5     0.965931863727
664.75     0.965931863727
665.0     0.965931863727
665.25     0.965931863727
665.5     0.965931863727
665.75     0.965931863727
666.0     0.965931863727
666.25     0.965931863727
666.5     0.965931863727
666.75     0.965931863727
667.0     0.965931863727
667.25     0.965931863727
667.5     0.965931863727
667.75     0.965931863727
668.0     0.965931863727
668.25     0.965931863727
668.5     0.967935871743
668.75     0.967935871743
669.0     0.967935871743
669.25     0.965931863727
669.5     0.965931863727
669.75     0.965931863727
670.0     0.965931863727
670.25     0.965931863727
670.5     0.965931863727
670.75     0.965931863727
671.0     0.965931863727
671.25     0.965931863727
671.5     0.965931863727
671.75     0.965931863727
672.0     0.965931863727
672.25     0.965931863727
672.5     0.965931863727
672.75     0.965931863727
673.0     0.965931863727
673.25     0.965931863727
673.5     0.965931863727
673.75     0.965931863727
674.0     0.965931863727
674.25     0.965931863727
674.5     0.965931863727
674.75     0.965931863727
675.0     0.965931863727
675.25     0.965931863727
675.5     0.965931863727
675.75     0.965931863727
676.0     0.965931863727
676.25     0.967935871743
676.5     0.967935871743
676.75     0.967935871743
677.0     0.967935871743
677.25     0.967935871743
677.5     0.967935871743
677.75     0.967935871743
678.0     0.967935871743
678.25     0.967935871743
678.5     0.967935871743
678.75     0.967935871743
679.0     0.967935871743
679.25     0.967935871743
679.5     0.967935871743
679.75     0.967935871743
680.0     0.967935871743
680.25     0.967935871743
680.5     0.967935871743
680.75     0.967935871743
681.0     0.967935871743
681.25     0.967935871743
681.5     0.96993987976
681.75     0.96993987976
682.0     0.96993987976
682.25     0.96993987976
682.5     0.96993987976
682.75     0.96993987976
683.0     0.96993987976
683.25     0.96993987976
683.5     0.96993987976
683.75     0.96993987976
684.0     0.96993987976
684.25     0.96993987976
684.5     0.96993987976
684.75     0.96993987976
685.0     0.96993987976
685.25     0.96993987976
685.5     0.96993987976
685.75     0.96993987976
686.0     0.96993987976
686.25     0.96993987976
686.5     0.96993987976
686.75     0.96993987976
687.0     0.96993987976
687.25     0.96993987976
687.5     0.96993987976
687.75     0.96993987976
688.0     0.96993987976
688.25     0.96993987976
688.5     0.96993987976
688.75     0.96993987976
689.0     0.96993987976
689.25     0.96993987976
689.5     0.96993987976
689.75     0.96993987976
690.0     0.96993987976
690.25     0.96993987976
690.5     0.96993987976
690.75     0.96993987976
691.0     0.96993987976
691.25     0.96993987976
691.5     0.96993987976
691.75     0.96993987976
692.0     0.96993987976
692.25     0.96993987976
692.5     0.96993987976
692.75     0.96993987976
693.0     0.96993987976
693.25     0.96993987976
693.5     0.96993987976
693.75     0.96993987976
694.0     0.96993987976
694.25     0.96993987976
694.5     0.96993987976
694.75     0.96993987976
695.0     0.96993987976
695.25     0.96993987976
695.5     0.96993987976
695.75     0.96993987976
696.0     0.96993987976
696.25     0.96993987976
696.5     0.96993987976
696.75     0.96993987976
697.0     0.96993987976
697.25     0.96993987976
697.5     0.96993987976
697.75     0.96993987976
698.0     0.96993987976
698.25     0.96993987976
698.5     0.96993987976
698.75     0.96993987976
699.0     0.96993987976
699.25     0.96993987976
699.5     0.96993987976
699.75     0.96993987976
700.0     0.96993987976
700.25     0.96993987976
700.5     0.96993987976
700.75     0.96993987976
701.0     0.96993987976
701.25     0.96993987976
701.5     0.96993987976
701.75     0.96993987976
702.0     0.96993987976
702.25     0.96993987976
702.5     0.96993987976
702.75     0.96993987976
703.0     0.96993987976
703.25     0.96993987976
703.5     0.96993987976
703.75     0.96993987976
704.0     0.96993987976
704.25     0.96993987976
704.5     0.96993987976
704.75     0.96993987976
705.0     0.971943887776
705.25     0.971943887776
705.5     0.971943887776
705.75     0.971943887776
706.0     0.971943887776
706.25     0.971943887776
706.5     0.971943887776
706.75     0.971943887776
707.0     0.971943887776
707.25     0.971943887776
707.5     0.971943887776
707.75     0.971943887776
708.0     0.971943887776
708.25     0.971943887776
708.5     0.971943887776
708.75     0.971943887776
709.0     0.971943887776
709.25     0.971943887776
709.5     0.971943887776
709.75     0.971943887776
710.0     0.971943887776
710.25     0.971943887776
710.5     0.971943887776
710.75     0.96993987976
711.0     0.96993987976
711.25     0.96993987976
711.5     0.96993987976
711.75     0.96993987976
712.0     0.96993987976
712.25     0.96993987976
712.5     0.96993987976
712.75     0.96993987976
713.0     0.96993987976
713.25     0.96993987976
713.5     0.96993987976
713.75     0.96993987976
714.0     0.96993987976
714.25     0.96993987976
714.5     0.96993987976
714.75     0.96993987976
715.0     0.96993987976
715.25     0.96993987976
715.5     0.96993987976
715.75     0.96993987976
716.0     0.96993987976
716.25     0.96993987976
716.5     0.96993987976
716.75     0.96993987976
717.0     0.96993987976
717.25     0.96993987976
717.5     0.96993987976
717.75     0.96993987976
718.0     0.96993987976
718.25     0.96993987976
718.5     0.96993987976
718.75     0.971943887776
719.0     0.971943887776
719.25     0.971943887776
719.5     0.971943887776
719.75     0.971943887776
720.0     0.971943887776
720.25     0.971943887776
720.5     0.971943887776
720.75     0.971943887776
721.0     0.971943887776
721.25     0.971943887776
721.5     0.971943887776
721.75     0.971943887776
722.0     0.971943887776
722.25     0.971943887776
722.5     0.971943887776
722.75     0.971943887776
723.0     0.971943887776
723.25     0.971943887776
723.5     0.971943887776
723.75     0.971943887776
724.0     0.971943887776
724.25     0.971943887776
724.5     0.971943887776
724.75     0.971943887776
725.0     0.971943887776
725.25     0.971943887776
725.5     0.971943887776
725.75     0.971943887776
726.0     0.971943887776
726.25     0.971943887776
726.5     0.971943887776
726.75     0.971943887776
727.0     0.973947895792
727.25     0.973947895792
727.5     0.973947895792
727.75     0.973947895792
728.0     0.973947895792
728.25     0.973947895792
728.5     0.973947895792
728.75     0.973947895792
729.0     0.973947895792
729.25     0.973947895792
729.5     0.973947895792
729.75     0.973947895792
730.0     0.973947895792
730.25     0.973947895792
730.5     0.973947895792
730.75     0.973947895792
731.0     0.973947895792
731.25     0.973947895792
731.5     0.973947895792
731.75     0.973947895792
732.0     0.973947895792
732.25     0.973947895792
732.5     0.973947895792
732.75     0.973947895792
733.0     0.973947895792
733.25     0.973947895792
733.5     0.973947895792
733.75     0.973947895792
734.0     0.973947895792
734.25     0.973947895792
734.5     0.973947895792
734.75     0.973947895792
735.0     0.973947895792
735.25     0.973947895792
735.5     0.973947895792
735.75     0.973947895792
736.0     0.973947895792
736.25     0.973947895792
736.5     0.973947895792
736.75     0.973947895792
737.0     0.973947895792
737.25     0.973947895792
737.5     0.973947895792
737.75     0.973947895792
738.0     0.973947895792
738.25     0.973947895792
738.5     0.973947895792
738.75     0.975951903808
739.0     0.975951903808
739.25     0.975951903808
739.5     0.975951903808
739.75     0.977955911824
740.0     0.977955911824
740.25     0.97995991984
740.5     0.97995991984
740.75     0.97995991984
741.0     0.97995991984
741.25     0.97995991984
741.5     0.97995991984
741.75     0.97995991984
742.0     0.97995991984
742.25     0.97995991984
742.5     0.97995991984
742.75     0.97995991984
743.0     0.97995991984
743.25     0.97995991984
743.5     0.97995991984
743.75     0.97995991984
744.0     0.97995991984
744.25     0.97995991984
744.5     0.97995991984
744.75     0.981963927856
745.0     0.981963927856
745.25     0.981963927856
745.5     0.981963927856
745.75     0.981963927856
746.0     0.981963927856
746.25     0.981963927856
746.5     0.981963927856
746.75     0.981963927856
747.0     0.981963927856
747.25     0.981963927856
747.5     0.981963927856
747.75     0.981963927856
748.0     0.981963927856
748.25     0.981963927856
748.5     0.981963927856
748.75     0.981963927856
749.0     0.981963927856
749.25     0.981963927856
749.5     0.981963927856
749.75     0.981963927856
750.0     0.981963927856
750.25     0.981963927856
750.5     0.981963927856
750.75     0.981963927856
751.0     0.981963927856
751.25     0.981963927856
751.5     0.981963927856
751.75     0.981963927856
752.0     0.981963927856
752.25     0.981963927856
752.5     0.981963927856
752.75     0.981963927856
753.0     0.981963927856
753.25     0.981963927856
753.5     0.981963927856
753.75     0.981963927856
754.0     0.981963927856
754.25     0.981963927856
754.5     0.981963927856
754.75     0.981963927856
755.0     0.981963927856
755.25     0.981963927856
755.5     0.981963927856
755.75     0.981963927856
756.0     0.981963927856
756.25     0.981963927856
756.5     0.981963927856
756.75     0.981963927856
757.0     0.981963927856
757.25     0.981963927856
757.5     0.981963927856
757.75     0.981963927856
758.0     0.981963927856
758.25     0.981963927856
758.5     0.981963927856
758.75     0.981963927856
759.0     0.981963927856
759.25     0.981963927856
759.5     0.981963927856
759.75     0.981963927856
760.0     0.981963927856
760.25     0.981963927856
760.5     0.981963927856
760.75     0.981963927856
761.0     0.981963927856
761.25     0.981963927856
761.5     0.981963927856
761.75     0.981963927856
762.0     0.981963927856
762.25     0.981963927856
762.5     0.981963927856
762.75     0.981963927856
763.0     0.981963927856
763.25     0.981963927856
763.5     0.981963927856
763.75     0.981963927856
764.0     0.981963927856
764.25     0.981963927856
764.5     0.981963927856
764.75     0.981963927856
765.0     0.981963927856
765.25     0.981963927856
765.5     0.981963927856
765.75     0.981963927856
766.0     0.981963927856
766.25     0.981963927856
766.5     0.981963927856
766.75     0.981963927856
767.0     0.981963927856
767.25     0.981963927856
767.5     0.981963927856
767.75     0.981963927856
768.0     0.981963927856
768.25     0.981963927856
768.5     0.981963927856
768.75     0.981963927856
769.0     0.981963927856
769.25     0.981963927856
769.5     0.981963927856
769.75     0.981963927856
770.0     0.981963927856
770.25     0.981963927856
770.5     0.981963927856
770.75     0.981963927856
771.0     0.981963927856
771.25     0.981963927856
771.5     0.981963927856
771.75     0.981963927856
772.0     0.981963927856
772.25     0.981963927856
772.5     0.981963927856
772.75     0.981963927856
773.0     0.981963927856
773.25     0.981963927856
773.5     0.981963927856
773.75     0.981963927856
774.0     0.981963927856
774.25     0.981963927856
774.5     0.981963927856
774.75     0.981963927856
775.0     0.981963927856
775.25     0.983967935872
775.5     0.983967935872
775.75     0.983967935872
776.0     0.983967935872
776.25     0.983967935872
776.5     0.983967935872
776.75     0.983967935872
777.0     0.983967935872
777.25     0.983967935872
777.5     0.983967935872
777.75     0.983967935872
778.0     0.983967935872
778.25     0.983967935872
778.5     0.985971943888
778.75     0.985971943888
779.0     0.985971943888
779.25     0.985971943888
779.5     0.985971943888
779.75     0.985971943888
780.0     0.985971943888
780.25     0.985971943888
780.5     0.985971943888
780.75     0.985971943888
781.0     0.985971943888
781.25     0.985971943888
781.5     0.985971943888
781.75     0.985971943888
782.0     0.985971943888
782.25     0.985971943888
782.5     0.985971943888
782.75     0.985971943888
783.0     0.985971943888
783.25     0.985971943888
783.5     0.985971943888
783.75     0.985971943888
784.0     0.985971943888
784.25     0.985971943888
784.5     0.985971943888
784.75     0.985971943888
785.0     0.985971943888
785.25     0.985971943888
785.5     0.985971943888
785.75     0.985971943888
786.0     0.987975951904
786.25     0.987975951904
786.5     0.987975951904
786.75     0.987975951904
787.0     0.987975951904
787.25     0.987975951904
787.5     0.987975951904
787.75     0.987975951904
788.0     0.987975951904
788.25     0.987975951904
788.5     0.987975951904
788.75     0.987975951904
789.0     0.987975951904
789.25     0.987975951904
789.5     0.987975951904
789.75     0.987975951904
790.0     0.987975951904
790.25     0.987975951904
790.5     0.987975951904
790.75     0.987975951904
791.0     0.987975951904
791.25     0.987975951904
791.5     0.987975951904
791.75     0.987975951904
792.0     0.987975951904
792.25     0.987975951904
792.5     0.987975951904
792.75     0.987975951904
793.0     0.987975951904
793.25     0.987975951904
793.5     0.987975951904
793.75     0.987975951904
794.0     0.987975951904
794.25     0.987975951904
794.5     0.987975951904
794.75     0.987975951904
795.0     0.987975951904
795.25     0.987975951904
795.5     0.987975951904
795.75     0.987975951904
796.0     0.987975951904
796.25     0.987975951904
796.5     0.987975951904
796.75     0.987975951904
797.0     0.987975951904
797.25     0.987975951904
797.5     0.987975951904
797.75     0.987975951904
798.0     0.987975951904
798.25     0.987975951904
798.5     0.987975951904
798.75     0.987975951904
799.0     0.987975951904
799.25     0.987975951904
799.5     0.987975951904
799.75     0.987975951904
800.0     0.987975951904
800.25     0.987975951904
800.5     0.987975951904
800.75     0.985971943888
801.0     0.985971943888
801.25     0.985971943888
801.5     0.985971943888
801.75     0.985971943888
802.0     0.985971943888
802.25     0.985971943888
802.5     0.985971943888
802.75     0.985971943888
803.0     0.985971943888
803.25     0.985971943888
803.5     0.985971943888
803.75     0.985971943888
804.0     0.985971943888
804.25     0.985971943888
804.5     0.985971943888
804.75     0.985971943888
805.0     0.985971943888
805.25     0.985971943888
805.5     0.985971943888
805.75     0.985971943888
806.0     0.985971943888
806.25     0.985971943888
806.5     0.985971943888
806.75     0.985971943888
807.0     0.985971943888
807.25     0.985971943888
807.5     0.985971943888
807.75     0.985971943888
808.0     0.985971943888
808.25     0.985971943888
808.5     0.985971943888
808.75     0.985971943888
809.0     0.985971943888
809.25     0.985971943888
809.5     0.985971943888
809.75     0.985971943888
810.0     0.985971943888
810.25     0.985971943888
810.5     0.985971943888
810.75     0.985971943888
811.0     0.985971943888
811.25     0.985971943888
811.5     0.985971943888
811.75     0.985971943888
812.0     0.985971943888
812.25     0.985971943888
812.5     0.985971943888
812.75     0.985971943888
813.0     0.985971943888
813.25     0.985971943888
813.5     0.985971943888
813.75     0.985971943888
814.0     0.985971943888
814.25     0.985971943888
814.5     0.985971943888
814.75     0.985971943888
815.0     0.985971943888
815.25     0.985971943888
815.5     0.985971943888
815.75     0.985971943888
816.0     0.985971943888
816.25     0.985971943888
816.5     0.985971943888
816.75     0.985971943888
817.0     0.985971943888
817.25     0.985971943888
817.5     0.985971943888
817.75     0.985971943888
818.0     0.985971943888
818.25     0.985971943888
818.5     0.985971943888
818.75     0.985971943888
819.0     0.985971943888
819.25     0.985971943888
819.5     0.985971943888
819.75     0.985971943888
820.0     0.985971943888
820.25     0.985971943888
820.5     0.985971943888
820.75     0.985971943888
821.0     0.985971943888
821.25     0.985971943888
821.5     0.985971943888
821.75     0.985971943888
822.0     0.985971943888
822.25     0.985971943888
822.5     0.985971943888
822.75     0.985971943888
823.0     0.985971943888
823.25     0.985971943888
823.5     0.985971943888
823.75     0.985971943888
824.0     0.985971943888
824.25     0.985971943888
824.5     0.985971943888
824.75     0.985971943888
825.0     0.985971943888
825.25     0.985971943888
825.5     0.985971943888
825.75     0.985971943888
826.0     0.985971943888
826.25     0.985971943888
826.5     0.985971943888
826.75     0.985971943888
827.0     0.985971943888
827.25     0.985971943888
827.5     0.985971943888
827.75     0.985971943888
828.0     0.985971943888
828.25     0.985971943888
828.5     0.985971943888
828.75     0.985971943888
829.0     0.985971943888
829.25     0.985971943888
829.5     0.985971943888
829.75     0.985971943888
830.0     0.985971943888
830.25     0.985971943888
830.5     0.985971943888
830.75     0.985971943888
831.0     0.985971943888
831.25     0.985971943888
831.5     0.985971943888
831.75     0.985971943888
832.0     0.985971943888
832.25     0.985971943888
832.5     0.985971943888
832.75     0.985971943888
833.0     0.985971943888
833.25     0.985971943888
833.5     0.985971943888
833.75     0.985971943888
834.0     0.985971943888
834.25     0.985971943888
834.5     0.985971943888
834.75     0.985971943888
835.0     0.985971943888
835.25     0.985971943888
835.5     0.985971943888
835.75     0.985971943888
836.0     0.985971943888
836.25     0.985971943888
836.5     0.985971943888
836.75     0.985971943888
837.0     0.985971943888
837.25     0.985971943888
837.5     0.985971943888
837.75     0.985971943888
838.0     0.985971943888
838.25     0.985971943888
838.5     0.985971943888
838.75     0.985971943888
839.0     0.985971943888
839.25     0.985971943888
839.5     0.985971943888
839.75     0.985971943888
840.0     0.985971943888
840.25     0.985971943888
840.5     0.985971943888
840.75     0.985971943888
841.0     0.985971943888
841.25     0.985971943888
841.5     0.985971943888
841.75     0.985971943888
842.0     0.985971943888
842.25     0.985971943888
842.5     0.985971943888
842.75     0.985971943888
843.0     0.985971943888
843.25     0.985971943888
843.5     0.985971943888
843.75     0.985971943888
844.0     0.985971943888
844.25     0.985971943888
844.5     0.985971943888
844.75     0.985971943888
845.0     0.985971943888
845.25     0.985971943888
845.5     0.985971943888
845.75     0.985971943888
846.0     0.985971943888
846.25     0.985971943888
846.5     0.985971943888
846.75     0.985971943888
847.0     0.985971943888
847.25     0.985971943888
847.5     0.985971943888
847.75     0.985971943888
848.0     0.985971943888
848.25     0.987975951904
848.5     0.987975951904
848.75     0.987975951904
849.0     0.987975951904
849.25     0.987975951904
849.5     0.987975951904
849.75     0.987975951904
850.0     0.987975951904
850.25     0.987975951904
850.5     0.987975951904
850.75     0.987975951904
851.0     0.987975951904
851.25     0.987975951904
851.5     0.987975951904
851.75     0.987975951904
852.0     0.987975951904
852.25     0.987975951904
852.5     0.987975951904
852.75     0.987975951904
853.0     0.987975951904
853.25     0.987975951904
853.5     0.987975951904
853.75     0.987975951904
854.0     0.987975951904
854.25     0.987975951904
854.5     0.987975951904
854.75     0.987975951904
855.0     0.987975951904
855.25     0.987975951904
855.5     0.987975951904
855.75     0.987975951904
856.0     0.987975951904
856.25     0.987975951904
856.5     0.987975951904
856.75     0.987975951904
857.0     0.987975951904
857.25     0.987975951904
857.5     0.987975951904
857.75     0.987975951904
858.0     0.987975951904
858.25     0.987975951904
858.5     0.987975951904
858.75     0.987975951904
859.0     0.987975951904
859.25     0.987975951904
859.5     0.987975951904
859.75     0.987975951904
860.0     0.987975951904
860.25     0.987975951904
860.5     0.987975951904
860.75     0.987975951904
861.0     0.987975951904
861.25     0.987975951904
861.5     0.98997995992
861.75     0.98997995992
862.0     0.98997995992
862.25     0.98997995992
862.5     0.98997995992
862.75     0.98997995992
863.0     0.98997995992
863.25     0.98997995992
863.5     0.98997995992
863.75     0.98997995992
864.0     0.98997995992
864.25     0.98997995992
864.5     0.98997995992
864.75     0.98997995992
865.0     0.98997995992
865.25     0.98997995992
865.5     0.98997995992
865.75     0.987975951904
866.0     0.987975951904
866.25     0.987975951904
866.5     0.987975951904
866.75     0.987975951904
867.0     0.987975951904
867.25     0.987975951904
867.5     0.987975951904
867.75     0.987975951904
868.0     0.987975951904
868.25     0.98997995992
868.5     0.98997995992
868.75     0.98997995992
869.0     0.98997995992
869.25     0.98997995992
869.5     0.98997995992
869.75     0.98997995992
870.0     0.98997995992
870.25     0.98997995992
870.5     0.98997995992
870.75     0.98997995992
871.0     0.98997995992
871.25     0.98997995992
871.5     0.98997995992
871.75     0.98997995992
872.0     0.98997995992
872.25     0.98997995992
872.5     0.98997995992
872.75     0.98997995992
873.0     0.98997995992
873.25     0.98997995992
873.5     0.98997995992
873.75     0.98997995992
874.0     0.98997995992
874.25     0.98997995992
874.5     0.98997995992
874.75     0.98997995992
875.0     0.98997995992
875.25     0.98997995992
875.5     0.98997995992
875.75     0.98997995992
876.0     0.98997995992
876.25     0.98997995992
876.5     0.98997995992
876.75     0.98997995992
877.0     0.98997995992
877.25     0.98997995992
877.5     0.98997995992
877.75     0.98997995992
878.0     0.98997995992
878.25     0.98997995992
878.5     0.98997995992
878.75     0.98997995992
879.0     0.98997995992
879.25     0.98997995992
879.5     0.98997995992
879.75     0.98997995992
880.0     0.98997995992
880.25     0.98997995992
880.5     0.98997995992
880.75     0.98997995992
881.0     0.98997995992
881.25     0.991983967936
881.5     0.991983967936
881.75     0.991983967936
882.0     0.991983967936
882.25     0.98997995992
882.5     0.98997995992
882.75     0.98997995992
883.0     0.98997995992
883.25     0.98997995992
883.5     0.98997995992
883.75     0.98997995992
884.0     0.98997995992
884.25     0.98997995992
884.5     0.98997995992
884.75     0.98997995992
885.0     0.98997995992
885.25     0.98997995992
885.5     0.98997995992
885.75     0.98997995992
886.0     0.98997995992
886.25     0.98997995992
886.5     0.98997995992
886.75     0.98997995992
887.0     0.98997995992
887.25     0.98997995992
887.5     0.98997995992
887.75     0.98997995992
888.0     0.98997995992
888.25     0.98997995992
888.5     0.98997995992
888.75     0.98997995992
889.0     0.98997995992
889.25     0.98997995992
889.5     0.98997995992
889.75     0.98997995992
890.0     0.98997995992
890.25     0.98997995992
890.5     0.98997995992
890.75     0.98997995992
891.0     0.98997995992
891.25     0.98997995992
891.5     0.98997995992
891.75     0.98997995992
892.0     0.98997995992
892.25     0.98997995992
892.5     0.98997995992
892.75     0.98997995992
893.0     0.98997995992
893.25     0.98997995992
893.5     0.98997995992
893.75     0.98997995992
894.0     0.98997995992
894.25     0.98997995992
894.5     0.98997995992
894.75     0.98997995992
895.0     0.98997995992
895.25     0.98997995992
895.5     0.98997995992
895.75     0.98997995992
896.0     0.98997995992
896.25     0.98997995992
896.5     0.98997995992
896.75     0.991983967936
897.0     0.991983967936
897.25     0.991983967936
897.5     0.991983967936
897.75     0.991983967936
898.0     0.991983967936
898.25     0.991983967936
898.5     0.991983967936
898.75     0.991983967936
899.0     0.991983967936
899.25     0.991983967936
899.5     0.991983967936
899.75     0.991983967936
900.0     0.991983967936
900.25     0.991983967936
900.5     0.991983967936
900.75     0.991983967936
901.0     0.991983967936
901.25     0.991983967936
901.5     0.991983967936
901.75     0.991983967936
902.0     0.991983967936
902.25     0.991983967936
902.5     0.991983967936
902.75     0.991983967936
903.0     0.991983967936
903.25     0.991983967936
903.5     0.991983967936
903.75     0.991983967936
904.0     0.991983967936
904.25     0.991983967936
904.5     0.991983967936
904.75     0.991983967936
905.0     0.991983967936
905.25     0.991983967936
905.5     0.991983967936
905.75     0.991983967936
906.0     0.991983967936
906.25     0.991983967936
906.5     0.991983967936
906.75     0.991983967936
907.0     0.991983967936
907.25     0.991983967936
907.5     0.991983967936
907.75     0.991983967936
908.0     0.991983967936
908.25     0.991983967936
908.5     0.993987975952
908.75     0.993987975952
909.0     0.993987975952
909.25     0.993987975952
909.5     0.993987975952
909.75     0.991983967936
910.0     0.991983967936
910.25     0.991983967936
910.5     0.991983967936
910.75     0.991983967936
911.0     0.991983967936
911.25     0.991983967936
911.5     0.991983967936
911.75     0.991983967936
912.0     0.991983967936
912.25     0.991983967936
912.5     0.991983967936
912.75     0.991983967936
913.0     0.991983967936
913.25     0.991983967936
913.5     0.991983967936
913.75     0.991983967936
914.0     0.991983967936
914.25     0.991983967936
914.5     0.991983967936
914.75     0.991983967936
915.0     0.991983967936
915.25     0.991983967936
915.5     0.993987975952
915.75     0.993987975952
916.0     0.993987975952
916.25     0.993987975952
916.5     0.993987975952
916.75     0.993987975952
917.0     0.993987975952
917.25     0.993987975952
917.5     0.993987975952
917.75     0.993987975952
918.0     0.993987975952
918.25     0.993987975952
918.5     0.993987975952
918.75     0.993987975952
919.0     0.993987975952
919.25     0.993987975952
919.5     0.993987975952
919.75     0.993987975952
920.0     0.993987975952
920.25     0.993987975952
920.5     0.993987975952
920.75     0.993987975952
921.0     0.993987975952
921.25     0.993987975952
921.5     0.993987975952
921.75     0.993987975952
922.0     0.993987975952
922.25     0.993987975952
922.5     0.993987975952
922.75     0.993987975952
923.0     0.993987975952
923.25     0.993987975952
923.5     0.993987975952
923.75     0.993987975952
924.0     0.993987975952
924.25     0.993987975952
924.5     0.993987975952
924.75     0.993987975952
925.0     0.993987975952
925.25     0.993987975952
925.5     0.993987975952
925.75     0.993987975952
926.0     0.993987975952
926.25     0.993987975952
926.5     0.993987975952
926.75     0.993987975952
927.0     0.993987975952
927.25     0.993987975952
927.5     0.993987975952
927.75     0.993987975952
928.0     0.993987975952
928.25     0.993987975952
928.5     0.993987975952
928.75     0.993987975952
929.0     0.993987975952
929.25     0.993987975952
929.5     0.993987975952
929.75     0.993987975952
930.0     0.993987975952
930.25     0.993987975952
930.5     0.993987975952
930.75     0.993987975952
931.0     0.993987975952
931.25     0.993987975952
931.5     0.993987975952
931.75     0.993987975952
932.0     0.993987975952
932.25     0.993987975952
932.5     0.993987975952
932.75     0.993987975952
933.0     0.993987975952
933.25     0.993987975952
933.5     0.993987975952
933.75     0.993987975952
934.0     0.993987975952
934.25     0.993987975952
934.5     0.993987975952
934.75     0.993987975952
935.0     0.993987975952
935.25     0.993987975952
935.5     0.993987975952
935.75     0.993987975952
936.0     0.993987975952
936.25     0.993987975952
936.5     0.993987975952
936.75     0.993987975952
937.0     0.993987975952
937.25     0.993987975952
937.5     0.993987975952
937.75     0.993987975952
938.0     0.993987975952
938.25     0.993987975952
938.5     0.993987975952
938.75     0.993987975952
939.0     0.993987975952
939.25     0.993987975952
939.5     0.993987975952
939.75     0.993987975952
940.0     0.993987975952
940.25     0.993987975952
940.5     0.993987975952
940.75     0.993987975952
941.0     0.993987975952
941.25     0.993987975952
941.5     0.993987975952
941.75     0.993987975952
942.0     0.993987975952
942.25     0.993987975952
942.5     0.993987975952
942.75     0.993987975952
943.0     0.993987975952
943.25     0.993987975952
943.5     0.993987975952
943.75     0.993987975952
944.0     0.993987975952
944.25     0.995991983968
944.5     0.995991983968
944.75     0.995991983968
945.0     0.995991983968
945.25     0.995991983968
945.5     0.995991983968
945.75     0.995991983968
946.0     0.995991983968
946.25     0.995991983968
946.5     0.995991983968
946.75     0.995991983968
947.0     0.995991983968
947.25     0.995991983968
947.5     0.995991983968
947.75     0.995991983968
948.0     0.995991983968
948.25     0.995991983968
948.5     0.995991983968
948.75     0.995991983968
949.0     0.995991983968
949.25     0.995991983968
949.5     0.995991983968
949.75     0.995991983968
950.0     0.995991983968
950.25     0.995991983968
950.5     0.995991983968
950.75     0.995991983968
951.0     0.995991983968
951.25     0.995991983968
951.5     0.995991983968
951.75     0.995991983968
952.0     0.995991983968
952.25     0.995991983968
952.5     0.995991983968
952.75     0.995991983968
953.0     0.995991983968
953.25     0.995991983968
953.5     0.995991983968
953.75     0.995991983968
954.0     0.995991983968
954.25     0.995991983968
954.5     0.995991983968
954.75     0.995991983968
955.0     0.995991983968
955.25     0.995991983968
955.5     0.995991983968
955.75     0.995991983968
956.0     0.995991983968
956.25     0.995991983968
956.5     0.995991983968
956.75     0.995991983968
957.0     0.997995991984
957.25     0.997995991984
957.5     0.997995991984
957.75     0.997995991984
958.0     0.997995991984
958.25     0.997995991984
958.5     0.997995991984
958.75     0.997995991984
959.0     0.997995991984
959.25     0.997995991984
959.5     0.997995991984
959.75     0.997995991984
960.0     0.997995991984
960.25     0.997995991984
960.5     0.997995991984
960.75     0.997995991984
961.0     0.997995991984
961.25     0.997995991984
961.5     0.997995991984
961.75     0.997995991984
962.0     0.997995991984
962.25     0.997995991984
962.5     0.997995991984
962.75     0.997995991984
963.0     0.997995991984
963.25     0.997995991984
963.5     0.997995991984
963.75     0.997995991984
964.0     0.997995991984
964.25     0.997995991984
964.5     0.997995991984
964.75     0.997995991984
965.0     0.997995991984
965.25     0.997995991984
965.5     0.997995991984
965.75     0.997995991984
966.0     0.997995991984
966.25     0.997995991984
966.5     0.997995991984
966.75     0.997995991984
967.0     0.997995991984
967.25     0.997995991984
967.5     0.997995991984
967.75     0.997995991984
968.0     0.997995991984
968.25     0.997995991984
968.5     0.997995991984
968.75     0.997995991984
969.0     0.997995991984
969.25     0.997995991984
969.5     0.997995991984
969.75     0.997995991984
970.0     0.997995991984
970.25     0.997995991984
970.5     0.997995991984
970.75     0.997995991984
971.0     0.997995991984
971.25     0.997995991984
971.5     0.997995991984
971.75     0.997995991984
972.0     1.0
972.25     1.0
972.5     1.0
972.75     1.0
973.0     1.0
973.25     1.0
973.5     1.0
973.75     1.0
974.0     1.0
974.25     1.0
974.5     1.0
974.75     1.0
975.0     1.0
975.25     1.0
975.5     1.0
975.75     1.0
976.0     1.0
976.25     1.0
976.5     1.0
976.75     1.0
977.0     1.0
977.25     1.0
977.5     1.0
977.75     1.0
978.0     1.0
978.25     1.0
978.5     1.0
978.75     1.0
979.0     1.0
979.25     1.0
979.5     1.0
979.75     1.0
980.0     1.0
980.25     1.0
980.5     1.0
980.75     1.0
981.0     1.0
981.25     1.0
981.5     1.0
981.75     1.0
982.0     1.0
982.25     1.0
982.5     1.0
982.75     1.0
983.0     1.0
983.25     1.0
983.5     1.0
983.75     1.0
984.0     1.0
984.25     1.0
984.5     1.0
984.75     1.0
985.0     1.0
985.25     1.0
985.5     1.0
985.75     1.0
986.0     1.0
986.25     1.0
986.5     1.0
986.75     1.0
987.0     1.0
987.25     1.0
987.5     1.0
987.75     1.0
988.0     1.0
988.25     1.0
988.5     1.0
988.75     1.0
989.0     1.0
989.25     1.0
989.5     1.0
989.75     1.0
990.0     1.0
990.25     1.0
990.5     1.0
990.75     1.0
991.0     1.0
991.25     1.0
991.5     1.0
991.75     1.0
992.0     1.0
992.25     1.0
992.5     1.0
992.75     1.0
993.0     1.0
993.25     1.0
993.5     1.0
993.75     1.0
994.0     1.0
994.25     1.0
994.5     1.0
994.75     1.0
995.0     1.0
995.25     1.0
995.5     1.0
995.75     1.0
996.0     1.0
996.25     1.0
996.5     1.0
996.75     1.0
997.0     1.0
997.25     1.0
997.5     1.0
997.75     1.0
998.0     1.0
998.25     1.0
998.5     1.0
998.75     1.0
999.0     1.0
999.25     1.0
999.5     1.0
999.75     1.0
1000.0     1.0
