0.25     1.0
0.5     1.0
0.75     1.0
1.0     1.0
1.25     1.0
1.5     1.0
1.75     1.0
2.0     1.0
2.25     1.0
2.5     1.0
2.75     1.0
3.0     1.0
3.25     1.0
3.5     1.0
3.75     1.0
4.0     1.0
4.25     1.0
4.5     1.0
4.75     1.0
5.0     1.0
5.25     1.0
5.5     1.0
5.75     1.0
6.0     1.0
6.25     1.0
6.5     1.0
6.75     1.0
7.0     1.0
7.25     1.0
7.5     1.0
7.75     1.0
8.0     1.0
8.25     1.0
8.5     1.0
8.75     1.0
9.0     1.0
9.25     1.0
9.5     1.0
9.75     1.0
10.0     1.0
10.25     1.0
10.5     1.0
10.75     1.0
11.0     1.0
11.25     1.0
11.5     1.0
11.75     1.0
12.0     1.0
12.25     1.0
12.5     1.0
12.75     1.0
13.0     1.0
13.25     1.0
13.5     1.0
13.75     1.0
14.0     1.0
14.25     1.0
14.5     1.0
14.75     1.0
15.0     1.0
15.25     1.0
15.5     1.0
15.75     1.0
16.0     1.0
16.25     1.0
16.5     1.0
16.75     1.0
17.0     1.0
17.25     1.0
17.5     1.0
17.75     1.0
18.0     1.0
18.25     1.0
18.5     1.0
18.75     1.0
19.0     1.0
19.25     1.0
19.5     1.0
19.75     1.0
20.0     1.0
20.25     1.0
20.5     1.0
20.75     1.0
21.0     1.0
21.25     1.0
21.5     1.0
21.75     1.0
22.0     1.0
22.25     1.0
22.5     1.0
22.75     1.0
23.0     1.0
23.25     1.0
23.5     1.0
23.75     1.0
24.0     1.0
24.25     1.0
24.5     1.0
24.75     1.0
25.0     1.0
25.25     1.0
25.5     1.0
25.75     1.0
26.0     1.0
26.25     1.0
26.5     1.0
26.75     1.0
27.0     1.0
27.25     1.0
27.5     1.0
27.75     1.0
28.0     1.0
28.25     1.0
28.5     1.0
28.75     1.0
29.0     1.0
29.25     1.0
29.5     1.0
29.75     1.0
30.0     1.0
30.25     1.0
30.5     1.0
30.75     1.0
31.0     1.0
31.25     1.0
31.5     1.0
31.75     1.0
32.0     1.0
32.25     1.0
32.5     1.0
32.75     1.0
33.0     1.0
33.25     1.0
33.5     1.0
33.75     1.0
34.0     1.0
34.25     1.0
34.5     1.0
34.75     1.0
35.0     1.0
35.25     1.0
35.5     1.0
35.75     1.0
36.0     1.0
36.25     1.0
36.5     1.0
36.75     1.0
37.0     1.0
37.25     1.0
37.5     1.0
37.75     1.0
38.0     1.0
38.25     1.0
38.5     1.0
38.75     1.0
39.0     1.0
39.25     1.0
39.5     1.0
39.75     1.0
40.0     1.0
40.25     1.0
40.5     1.0
40.75     1.0
41.0     1.0
41.25     1.0
41.5     1.0
41.75     1.0
42.0     1.0
42.25     1.0
42.5     1.0
42.75     1.0
43.0     1.0
43.25     1.0
43.5     1.0
43.75     1.0
44.0     1.0
44.25     1.0
44.5     1.0
44.75     1.0
45.0     1.0
45.25     1.0
45.5     1.0
45.75     1.0
46.0     1.0
46.25     1.0
46.5     1.0
46.75     1.0
47.0     1.0
47.25     1.0
47.5     1.0
47.75     1.0
48.0     1.0
48.25     1.0
48.5     1.0
48.75     1.0
49.0     1.0
49.25     1.0
49.5     1.0
49.75     1.0
50.0     1.0
50.25     1.0
50.5     1.0
50.75     1.0
51.0     1.0
51.25     1.0
51.5     1.0
51.75     1.0
52.0     1.0
52.25     1.0
52.5     1.0
52.75     1.0
53.0     1.0
53.25     1.0
53.5     1.0
53.75     1.0
54.0     1.0
54.25     0.997995991984
54.5     0.997995991984
54.75     0.995991983968
55.0     0.995991983968
55.25     0.995991983968
55.5     0.995991983968
55.75     0.995991983968
56.0     0.995991983968
56.25     0.995991983968
56.5     0.995991983968
56.75     0.993987975952
57.0     0.993987975952
57.25     0.993987975952
57.5     0.993987975952
57.75     0.993987975952
58.0     0.993987975952
58.25     0.993987975952
58.5     0.993987975952
58.75     0.993987975952
59.0     0.993987975952
59.25     0.993987975952
59.5     0.993987975952
59.75     0.993987975952
60.0     0.993987975952
60.25     0.993987975952
60.5     0.993987975952
60.75     0.993987975952
61.0     0.993987975952
61.25     0.993987975952
61.5     0.993987975952
61.75     0.993987975952
62.0     0.993987975952
62.25     0.993987975952
62.5     0.993987975952
62.75     0.993987975952
63.0     0.993987975952
63.25     0.993987975952
63.5     0.993987975952
63.75     0.993987975952
64.0     0.993987975952
64.25     0.993987975952
64.5     0.993987975952
64.75     0.993987975952
65.0     0.993987975952
65.25     0.993987975952
65.5     0.993987975952
65.75     0.993987975952
66.0     0.993987975952
66.25     0.993987975952
66.5     0.993987975952
66.75     0.993987975952
67.0     0.991983967936
67.25     0.991983967936
67.5     0.991983967936
67.75     0.98997995992
68.0     0.98997995992
68.25     0.98997995992
68.5     0.98997995992
68.75     0.98997995992
69.0     0.98997995992
69.25     0.98997995992
69.5     0.98997995992
69.75     0.98997995992
70.0     0.98997995992
70.25     0.98997995992
70.5     0.98997995992
70.75     0.98997995992
71.0     0.98997995992
71.25     0.98997995992
71.5     0.98997995992
71.75     0.98997995992
72.0     0.98997995992
72.25     0.98997995992
72.5     0.98997995992
72.75     0.98997995992
73.0     0.98997995992
73.25     0.98997995992
73.5     0.98997995992
73.75     0.98997995992
74.0     0.98997995992
74.25     0.98997995992
74.5     0.98997995992
74.75     0.98997995992
75.0     0.98997995992
75.25     0.98997995992
75.5     0.98997995992
75.75     0.98997995992
76.0     0.98997995992
76.25     0.98997995992
76.5     0.98997995992
76.75     0.98997995992
77.0     0.98997995992
77.25     0.98997995992
77.5     0.98997995992
77.75     0.987975951904
78.0     0.987975951904
78.25     0.987975951904
78.5     0.987975951904
78.75     0.987975951904
79.0     0.987975951904
79.25     0.987975951904
79.5     0.987975951904
79.75     0.987975951904
80.0     0.987975951904
80.25     0.987975951904
80.5     0.987975951904
80.75     0.987975951904
81.0     0.987975951904
81.25     0.987975951904
81.5     0.987975951904
81.75     0.987975951904
82.0     0.987975951904
82.25     0.985971943888
82.5     0.985971943888
82.75     0.985971943888
83.0     0.985971943888
83.25     0.985971943888
83.5     0.985971943888
83.75     0.985971943888
84.0     0.985971943888
84.25     0.985971943888
84.5     0.985971943888
84.75     0.985971943888
85.0     0.985971943888
85.25     0.985971943888
85.5     0.985971943888
85.75     0.985971943888
86.0     0.985971943888
86.25     0.985971943888
86.5     0.985971943888
86.75     0.985971943888
87.0     0.985971943888
87.25     0.983967935872
87.5     0.983967935872
87.75     0.983967935872
88.0     0.983967935872
88.25     0.983967935872
88.5     0.983967935872
88.75     0.983967935872
89.0     0.983967935872
89.25     0.983967935872
89.5     0.983967935872
89.75     0.983967935872
90.0     0.983967935872
90.25     0.983967935872
90.5     0.983967935872
90.75     0.983967935872
91.0     0.983967935872
91.25     0.983967935872
91.5     0.983967935872
91.75     0.983967935872
92.0     0.983967935872
92.25     0.981963927856
92.5     0.981963927856
92.75     0.981963927856
93.0     0.981963927856
93.25     0.981963927856
93.5     0.981963927856
93.75     0.981963927856
94.0     0.981963927856
94.25     0.981963927856
94.5     0.981963927856
94.75     0.981963927856
95.0     0.981963927856
95.25     0.981963927856
95.5     0.981963927856
95.75     0.981963927856
96.0     0.981963927856
96.25     0.981963927856
96.5     0.981963927856
96.75     0.981963927856
97.0     0.981963927856
97.25     0.981963927856
97.5     0.981963927856
97.75     0.981963927856
98.0     0.981963927856
98.25     0.981963927856
98.5     0.981963927856
98.75     0.981963927856
99.0     0.981963927856
99.25     0.981963927856
99.5     0.981963927856
99.75     0.981963927856
100.0     0.981963927856
100.25     0.981963927856
100.5     0.981963927856
100.75     0.981963927856
101.0     0.981963927856
101.25     0.981963927856
101.5     0.981963927856
101.75     0.981963927856
102.0     0.981963927856
102.25     0.981963927856
102.5     0.981963927856
102.75     0.981963927856
103.0     0.981963927856
103.25     0.981963927856
103.5     0.981963927856
103.75     0.981963927856
104.0     0.981963927856
104.25     0.981963927856
104.5     0.981963927856
104.75     0.981963927856
105.0     0.981963927856
105.25     0.981963927856
105.5     0.981963927856
105.75     0.981963927856
106.0     0.981963927856
106.25     0.981963927856
106.5     0.981963927856
106.75     0.981963927856
107.0     0.981963927856
107.25     0.981963927856
107.5     0.981963927856
107.75     0.981963927856
108.0     0.981963927856
108.25     0.981963927856
108.5     0.981963927856
108.75     0.981963927856
109.0     0.981963927856
109.25     0.981963927856
109.5     0.981963927856
109.75     0.981963927856
110.0     0.97995991984
110.25     0.97995991984
110.5     0.97995991984
110.75     0.97995991984
111.0     0.97995991984
111.25     0.97995991984
111.5     0.97995991984
111.75     0.97995991984
112.0     0.97995991984
112.25     0.97995991984
112.5     0.97995991984
112.75     0.97995991984
113.0     0.97995991984
113.25     0.97995991984
113.5     0.97995991984
113.75     0.97995991984
114.0     0.97995991984
114.25     0.97995991984
114.5     0.97995991984
114.75     0.97995991984
115.0     0.97995991984
115.25     0.97995991984
115.5     0.97995991984
115.75     0.97995991984
116.0     0.97995991984
116.25     0.97995991984
116.5     0.97995991984
116.75     0.97995991984
117.0     0.97995991984
117.25     0.97995991984
117.5     0.97995991984
117.75     0.97995991984
118.0     0.97995991984
118.25     0.97995991984
118.5     0.97995991984
118.75     0.97995991984
119.0     0.97995991984
119.25     0.97995991984
119.5     0.97995991984
119.75     0.97995991984
120.0     0.97995991984
120.25     0.97995991984
120.5     0.97995991984
120.75     0.97995991984
121.0     0.97995991984
121.25     0.97995991984
121.5     0.97995991984
121.75     0.97995991984
122.0     0.97995991984
122.25     0.97995991984
122.5     0.97995991984
122.75     0.97995991984
123.0     0.97995991984
123.25     0.97995991984
123.5     0.97995991984
123.75     0.97995991984
124.0     0.97995991984
124.25     0.97995991984
124.5     0.97995991984
124.75     0.97995991984
125.0     0.97995991984
125.25     0.97995991984
125.5     0.97995991984
125.75     0.97995991984
126.0     0.97995991984
126.25     0.97995991984
126.5     0.97995991984
126.75     0.97995991984
127.0     0.97995991984
127.25     0.97995991984
127.5     0.97995991984
127.75     0.97995991984
128.0     0.97995991984
128.25     0.97995991984
128.5     0.97995991984
128.75     0.97995991984
129.0     0.97995991984
129.25     0.97995991984
129.5     0.97995991984
129.75     0.97995991984
130.0     0.97995991984
130.25     0.97995991984
130.5     0.97995991984
130.75     0.97995991984
131.0     0.97995991984
131.25     0.97995991984
131.5     0.97995991984
131.75     0.97995991984
132.0     0.97995991984
132.25     0.97995991984
132.5     0.97995991984
132.75     0.97995991984
133.0     0.97995991984
133.25     0.97995991984
133.5     0.97995991984
133.75     0.97995991984
134.0     0.977955911824
134.25     0.977955911824
134.5     0.977955911824
134.75     0.977955911824
135.0     0.977955911824
135.25     0.977955911824
135.5     0.977955911824
135.75     0.977955911824
136.0     0.977955911824
136.25     0.977955911824
136.5     0.977955911824
136.75     0.977955911824
137.0     0.977955911824
137.25     0.977955911824
137.5     0.977955911824
137.75     0.977955911824
138.0     0.977955911824
138.25     0.977955911824
138.5     0.977955911824
138.75     0.977955911824
139.0     0.977955911824
139.25     0.977955911824
139.5     0.977955911824
139.75     0.977955911824
140.0     0.977955911824
140.25     0.977955911824
140.5     0.977955911824
140.75     0.977955911824
141.0     0.977955911824
141.25     0.977955911824
141.5     0.977955911824
141.75     0.977955911824
142.0     0.977955911824
142.25     0.977955911824
142.5     0.977955911824
142.75     0.977955911824
143.0     0.977955911824
143.25     0.977955911824
143.5     0.977955911824
143.75     0.977955911824
144.0     0.977955911824
144.25     0.977955911824
144.5     0.977955911824
144.75     0.977955911824
145.0     0.977955911824
145.25     0.977955911824
145.5     0.977955911824
145.75     0.977955911824
146.0     0.977955911824
146.25     0.977955911824
146.5     0.977955911824
146.75     0.977955911824
147.0     0.977955911824
147.25     0.977955911824
147.5     0.977955911824
147.75     0.977955911824
148.0     0.977955911824
148.25     0.977955911824
148.5     0.977955911824
148.75     0.977955911824
149.0     0.975951903808
149.25     0.975951903808
149.5     0.975951903808
149.75     0.975951903808
150.0     0.975951903808
150.25     0.975951903808
150.5     0.975951903808
150.75     0.975951903808
151.0     0.975951903808
151.25     0.975951903808
151.5     0.975951903808
151.75     0.975951903808
152.0     0.975951903808
152.25     0.975951903808
152.5     0.975951903808
152.75     0.975951903808
153.0     0.975951903808
153.25     0.975951903808
153.5     0.975951903808
153.75     0.975951903808
154.0     0.975951903808
154.25     0.975951903808
154.5     0.975951903808
154.75     0.975951903808
155.0     0.973947895792
155.25     0.973947895792
155.5     0.973947895792
155.75     0.973947895792
156.0     0.973947895792
156.25     0.973947895792
156.5     0.973947895792
156.75     0.973947895792
157.0     0.973947895792
157.25     0.973947895792
157.5     0.973947895792
157.75     0.973947895792
158.0     0.973947895792
158.25     0.973947895792
158.5     0.973947895792
158.75     0.973947895792
159.0     0.973947895792
159.25     0.973947895792
159.5     0.973947895792
159.75     0.973947895792
160.0     0.973947895792
160.25     0.971943887776
160.5     0.971943887776
160.75     0.971943887776
161.0     0.971943887776
161.25     0.971943887776
161.5     0.971943887776
161.75     0.971943887776
162.0     0.971943887776
162.25     0.971943887776
162.5     0.971943887776
162.75     0.971943887776
163.0     0.971943887776
163.25     0.971943887776
163.5     0.971943887776
163.75     0.96993987976
164.0     0.96993987976
164.25     0.96993987976
164.5     0.96993987976
164.75     0.96993987976
165.0     0.96993987976
165.25     0.96993987976
165.5     0.96993987976
165.75     0.96993987976
166.0     0.96993987976
166.25     0.96993987976
166.5     0.96993987976
166.75     0.96993987976
167.0     0.96993987976
167.25     0.96993987976
167.5     0.96993987976
167.75     0.96993987976
168.0     0.96993987976
168.25     0.967935871743
168.5     0.967935871743
168.75     0.967935871743
169.0     0.967935871743
169.25     0.965931863727
169.5     0.965931863727
169.75     0.965931863727
170.0     0.965931863727
170.25     0.965931863727
170.5     0.965931863727
170.75     0.965931863727
171.0     0.965931863727
171.25     0.965931863727
171.5     0.965931863727
171.75     0.965931863727
172.0     0.965931863727
172.25     0.965931863727
172.5     0.965931863727
172.75     0.965931863727
173.0     0.965931863727
173.25     0.963927855711
173.5     0.963927855711
173.75     0.963927855711
174.0     0.963927855711
174.25     0.963927855711
174.5     0.963927855711
174.75     0.963927855711
175.0     0.963927855711
175.25     0.961923847695
175.5     0.961923847695
175.75     0.959919839679
176.0     0.959919839679
176.25     0.959919839679
176.5     0.959919839679
176.75     0.959919839679
177.0     0.957915831663
177.25     0.957915831663
177.5     0.957915831663
177.75     0.957915831663
178.0     0.957915831663
178.25     0.957915831663
178.5     0.957915831663
178.75     0.957915831663
179.0     0.957915831663
179.25     0.957915831663
179.5     0.955911823647
179.75     0.955911823647
180.0     0.955911823647
180.25     0.955911823647
180.5     0.955911823647
180.75     0.955911823647
181.0     0.955911823647
181.25     0.955911823647
181.5     0.955911823647
181.75     0.953907815631
182.0     0.953907815631
182.25     0.953907815631
182.5     0.953907815631
182.75     0.953907815631
183.0     0.953907815631
183.25     0.953907815631
183.5     0.953907815631
183.75     0.953907815631
184.0     0.949899799599
184.25     0.949899799599
184.5     0.949899799599
184.75     0.949899799599
185.0     0.949899799599
185.25     0.949899799599
185.5     0.947895791583
185.75     0.947895791583
186.0     0.945891783567
186.25     0.945891783567
186.5     0.943887775551
186.75     0.943887775551
187.0     0.943887775551
187.25     0.943887775551
187.5     0.943887775551
187.75     0.943887775551
188.0     0.943887775551
188.25     0.943887775551
188.5     0.943887775551
188.75     0.943887775551
189.0     0.941883767535
189.25     0.941883767535
189.5     0.941883767535
189.75     0.941883767535
190.0     0.941883767535
190.25     0.941883767535
190.5     0.941883767535
190.75     0.939879759519
191.0     0.939879759519
191.25     0.939879759519
191.5     0.939879759519
191.75     0.939879759519
192.0     0.939879759519
192.25     0.937875751503
192.5     0.937875751503
192.75     0.937875751503
193.0     0.937875751503
193.25     0.937875751503
193.5     0.937875751503
193.75     0.937875751503
194.0     0.937875751503
194.25     0.937875751503
194.5     0.937875751503
194.75     0.937875751503
195.0     0.937875751503
195.25     0.937875751503
195.5     0.937875751503
195.75     0.935871743487
196.0     0.935871743487
196.25     0.935871743487
196.5     0.935871743487
196.75     0.935871743487
197.0     0.935871743487
197.25     0.935871743487
197.5     0.935871743487
197.75     0.933867735471
198.0     0.933867735471
198.25     0.933867735471
198.5     0.933867735471
198.75     0.933867735471
199.0     0.933867735471
199.25     0.933867735471
199.5     0.933867735471
199.75     0.933867735471
200.0     0.933867735471
200.25     0.933867735471
200.5     0.933867735471
200.75     0.933867735471
201.0     0.933867735471
201.25     0.933867735471
201.5     0.933867735471
201.75     0.933867735471
202.0     0.933867735471
202.25     0.933867735471
202.5     0.933867735471
202.75     0.931863727455
203.0     0.931863727455
203.25     0.931863727455
203.5     0.931863727455
203.75     0.931863727455
204.0     0.931863727455
204.25     0.929859719439
204.5     0.929859719439
204.75     0.929859719439
205.0     0.929859719439
205.25     0.927855711423
205.5     0.927855711423
205.75     0.927855711423
206.0     0.927855711423
206.25     0.927855711423
206.5     0.925851703407
206.75     0.925851703407
207.0     0.925851703407
207.25     0.925851703407
207.5     0.923847695391
207.75     0.921843687375
208.0     0.921843687375
208.25     0.919839679359
208.5     0.919839679359
208.75     0.919839679359
209.0     0.919839679359
209.25     0.919839679359
209.5     0.919839679359
209.75     0.919839679359
210.0     0.917835671343
210.25     0.911823647295
210.5     0.907815631263
210.75     0.907815631263
211.0     0.907815631263
211.25     0.907815631263
211.5     0.911823647295
211.75     0.911823647295
212.0     0.911823647295
212.25     0.909819639279
212.5     0.909819639279
212.75     0.911823647295
213.0     0.909819639279
213.25     0.909819639279
213.5     0.909819639279
213.75     0.909819639279
214.0     0.907815631263
214.25     0.905811623246
214.5     0.90380761523
214.75     0.901803607214
215.0     0.901803607214
215.25     0.897795591182
215.5     0.897795591182
215.75     0.899799599198
216.0     0.899799599198
216.25     0.899799599198
216.5     0.899799599198
216.75     0.901803607214
217.0     0.899799599198
217.25     0.899799599198
217.5     0.897795591182
217.75     0.897795591182
218.0     0.897795591182
218.25     0.897795591182
218.5     0.897795591182
218.75     0.897795591182
219.0     0.899799599198
219.25     0.899799599198
219.5     0.899799599198
219.75     0.899799599198
220.0     0.899799599198
220.25     0.899799599198
220.5     0.899799599198
220.75     0.897795591182
221.0     0.897795591182
221.25     0.895791583166
221.5     0.895791583166
221.75     0.89378757515
222.0     0.891783567134
222.25     0.889779559118
222.5     0.891783567134
222.75     0.891783567134
223.0     0.891783567134
223.25     0.891783567134
223.5     0.891783567134
223.75     0.891783567134
224.0     0.891783567134
224.25     0.891783567134
224.5     0.889779559118
224.75     0.889779559118
225.0     0.885771543086
225.25     0.885771543086
225.5     0.885771543086
225.75     0.885771543086
226.0     0.885771543086
226.25     0.885771543086
226.5     0.885771543086
226.75     0.885771543086
227.0     0.885771543086
227.25     0.885771543086
227.5     0.88376753507
227.75     0.88376753507
228.0     0.88376753507
228.25     0.881763527054
228.5     0.881763527054
228.75     0.879759519038
229.0     0.879759519038
229.25     0.879759519038
229.5     0.879759519038
229.75     0.879759519038
230.0     0.879759519038
230.25     0.879759519038
230.5     0.879759519038
230.75     0.879759519038
231.0     0.879759519038
231.25     0.879759519038
231.5     0.879759519038
231.75     0.877755511022
232.0     0.875751503006
232.25     0.875751503006
232.5     0.87374749499
232.75     0.87374749499
233.0     0.87374749499
233.25     0.87374749499
233.5     0.87374749499
233.75     0.87374749499
234.0     0.87374749499
234.25     0.87374749499
234.5     0.87374749499
234.75     0.87374749499
235.0     0.87374749499
235.25     0.87374749499
235.5     0.87374749499
235.75     0.87374749499
236.0     0.87374749499
236.25     0.87374749499
236.5     0.87374749499
236.75     0.871743486974
237.0     0.87374749499
237.25     0.87374749499
237.5     0.87374749499
237.75     0.871743486974
238.0     0.871743486974
238.25     0.871743486974
238.5     0.871743486974
238.75     0.871743486974
239.0     0.871743486974
239.25     0.871743486974
239.5     0.869739478958
239.75     0.869739478958
240.0     0.867735470942
240.25     0.867735470942
240.5     0.867735470942
240.75     0.867735470942
241.0     0.867735470942
241.25     0.867735470942
241.5     0.867735470942
241.75     0.867735470942
242.0     0.867735470942
242.25     0.867735470942
242.5     0.867735470942
242.75     0.867735470942
243.0     0.867735470942
243.25     0.867735470942
243.5     0.865731462926
243.75     0.865731462926
244.0     0.86372745491
244.25     0.86372745491
244.5     0.86372745491
244.75     0.86372745491
245.0     0.861723446894
245.25     0.857715430862
245.5     0.857715430862
245.75     0.855711422846
246.0     0.855711422846
246.25     0.855711422846
246.5     0.855711422846
246.75     0.855711422846
247.0     0.855711422846
247.25     0.855711422846
247.5     0.855711422846
247.75     0.855711422846
248.0     0.855711422846
248.25     0.855711422846
248.5     0.855711422846
248.75     0.855711422846
249.0     0.855711422846
249.25     0.855711422846
249.5     0.855711422846
249.75     0.855711422846
250.0     0.855711422846
250.25     0.855711422846
250.5     0.855711422846
250.75     0.855711422846
251.0     0.855711422846
251.25     0.855711422846
251.5     0.855711422846
251.75     0.85370741483
252.0     0.851703406814
252.25     0.851703406814
252.5     0.847695390782
252.75     0.845691382766
253.0     0.845691382766
253.25     0.845691382766
253.5     0.843687374749
253.75     0.843687374749
254.0     0.843687374749
254.25     0.845691382766
254.5     0.845691382766
254.75     0.845691382766
255.0     0.845691382766
255.25     0.843687374749
255.5     0.841683366733
255.75     0.839679358717
256.0     0.839679358717
256.25     0.841683366733
256.5     0.839679358717
256.75     0.837675350701
257.0     0.837675350701
257.25     0.837675350701
257.5     0.837675350701
257.75     0.837675350701
258.0     0.837675350701
258.25     0.837675350701
258.5     0.835671342685
258.75     0.835671342685
259.0     0.833667334669
259.25     0.831663326653
259.5     0.827655310621
259.75     0.825651302605
260.0     0.823647294589
260.25     0.823647294589
260.5     0.823647294589
260.75     0.823647294589
261.0     0.821643286573
261.25     0.819639278557
261.5     0.817635270541
261.75     0.817635270541
262.0     0.815631262525
262.25     0.815631262525
262.5     0.813627254509
262.75     0.813627254509
263.0     0.811623246493
263.25     0.811623246493
263.5     0.811623246493
263.75     0.809619238477
264.0     0.805611222445
264.25     0.805611222445
264.5     0.805611222445
264.75     0.805611222445
265.0     0.807615230461
265.25     0.807615230461
265.5     0.807615230461
265.75     0.803607214429
266.0     0.801603206413
266.25     0.799599198397
266.5     0.797595190381
266.75     0.795591182365
267.0     0.795591182365
267.25     0.795591182365
267.5     0.795591182365
267.75     0.795591182365
268.0     0.793587174349
268.25     0.791583166333
268.5     0.789579158317
268.75     0.789579158317
269.0     0.789579158317
269.25     0.791583166333
269.5     0.791583166333
269.75     0.787575150301
270.0     0.787575150301
270.25     0.785571142285
270.5     0.787575150301
270.75     0.781563126253
271.0     0.781563126253
271.25     0.779559118236
271.5     0.775551102204
271.75     0.775551102204
272.0     0.771543086172
272.25     0.76753507014
272.5     0.761523046092
272.75     0.75751503006
273.0     0.755511022044
273.25     0.755511022044
273.5     0.755511022044
273.75     0.75751503006
274.0     0.75751503006
274.25     0.755511022044
274.5     0.755511022044
274.75     0.755511022044
275.0     0.755511022044
275.25     0.753507014028
275.5     0.753507014028
275.75     0.751503006012
276.0     0.753507014028
276.25     0.749498997996
276.5     0.749498997996
276.75     0.749498997996
277.0     0.74749498998
277.25     0.74749498998
277.5     0.745490981964
277.75     0.743486973948
278.0     0.739478957916
278.25     0.739478957916
278.5     0.7374749499
278.75     0.733466933868
279.0     0.731462925852
279.25     0.735470941884
279.5     0.735470941884
279.75     0.735470941884
280.0     0.735470941884
280.25     0.733466933868
280.5     0.72745490982
280.75     0.725450901804
281.0     0.725450901804
281.25     0.725450901804
281.5     0.725450901804
281.75     0.725450901804
282.0     0.721442885772
282.25     0.721442885772
282.5     0.721442885772
282.75     0.721442885772
283.0     0.721442885772
283.25     0.719438877756
283.5     0.719438877756
283.75     0.717434869739
284.0     0.713426853707
284.25     0.711422845691
284.5     0.711422845691
284.75     0.711422845691
285.0     0.711422845691
285.25     0.707414829659
285.5     0.707414829659
285.75     0.707414829659
286.0     0.707414829659
286.25     0.707414829659
286.5     0.707414829659
286.75     0.707414829659
287.0     0.707414829659
287.25     0.703406813627
287.5     0.703406813627
287.75     0.703406813627
288.0     0.705410821643
288.25     0.703406813627
288.5     0.703406813627
288.75     0.703406813627
289.0     0.703406813627
289.25     0.701402805611
289.5     0.701402805611
289.75     0.699398797595
290.0     0.697394789579
290.25     0.697394789579
290.5     0.697394789579
290.75     0.695390781563
291.0     0.695390781563
291.25     0.695390781563
291.5     0.695390781563
291.75     0.695390781563
292.0     0.697394789579
292.25     0.695390781563
292.5     0.693386773547
292.75     0.693386773547
293.0     0.691382765531
293.25     0.691382765531
293.5     0.687374749499
293.75     0.685370741483
294.0     0.685370741483
294.25     0.683366733467
294.5     0.683366733467
294.75     0.681362725451
295.0     0.681362725451
295.25     0.681362725451
295.5     0.681362725451
295.75     0.673346693387
296.0     0.671342685371
296.25     0.671342685371
296.5     0.669338677355
296.75     0.671342685371
297.0     0.671342685371
297.25     0.671342685371
297.5     0.669338677355
297.75     0.667334669339
298.0     0.667334669339
298.25     0.669338677355
298.5     0.669338677355
298.75     0.667334669339
299.0     0.665330661323
299.25     0.665330661323
299.5     0.663326653307
299.75     0.661322645291
300.0     0.659318637275
300.25     0.659318637275
300.5     0.659318637275
300.75     0.653306613226
301.0     0.649298597194
301.25     0.649298597194
301.5     0.649298597194
301.75     0.647294589178
302.0     0.647294589178
302.25     0.645290581162
302.5     0.643286573146
302.75     0.639278557114
303.0     0.639278557114
303.25     0.639278557114
303.5     0.635270541082
303.75     0.637274549098
304.0     0.637274549098
304.25     0.637274549098
304.5     0.637274549098
304.75     0.637274549098
305.0     0.637274549098
305.25     0.637274549098
305.5     0.633266533066
305.75     0.633266533066
306.0     0.63126252505
306.25     0.629258517034
306.5     0.63126252505
306.75     0.63126252505
307.0     0.629258517034
307.25     0.627254509018
307.5     0.627254509018
307.75     0.627254509018
308.0     0.627254509018
308.25     0.627254509018
308.5     0.627254509018
308.75     0.627254509018
309.0     0.625250501002
309.25     0.625250501002
309.5     0.627254509018
309.75     0.623246492986
310.0     0.623246492986
310.25     0.62124248497
310.5     0.62124248497
310.75     0.62124248497
311.0     0.619238476954
311.25     0.617234468938
311.5     0.615230460922
311.75     0.609218436874
312.0     0.605210420842
312.25     0.605210420842
312.5     0.605210420842
312.75     0.60120240481
313.0     0.60120240481
313.25     0.60120240481
313.5     0.60120240481
313.75     0.599198396794
314.0     0.599198396794
314.25     0.597194388778
314.5     0.593186372745
314.75     0.591182364729
315.0     0.589178356713
315.25     0.589178356713
315.5     0.587174348697
315.75     0.583166332665
316.0     0.581162324649
316.25     0.579158316633
316.5     0.577154308617
316.75     0.577154308617
317.0     0.579158316633
317.25     0.581162324649
317.5     0.581162324649
317.75     0.581162324649
318.0     0.581162324649
318.25     0.581162324649
318.5     0.579158316633
318.75     0.579158316633
319.0     0.577154308617
319.25     0.575150300601
319.5     0.575150300601
319.75     0.575150300601
320.0     0.571142284569
320.25     0.571142284569
320.5     0.565130260521
320.75     0.567134268537
321.0     0.567134268537
321.25     0.567134268537
321.5     0.565130260521
321.75     0.565130260521
322.0     0.563126252505
322.25     0.559118236473
322.5     0.559118236473
322.75     0.559118236473
323.0     0.557114228457
323.25     0.559118236473
323.5     0.559118236473
323.75     0.555110220441
324.0     0.555110220441
324.25     0.557114228457
324.5     0.557114228457
324.75     0.555110220441
325.0     0.555110220441
325.25     0.551102204409
325.5     0.545090180361
325.75     0.545090180361
326.0     0.545090180361
326.25     0.545090180361
326.5     0.545090180361
326.75     0.545090180361
327.0     0.545090180361
327.25     0.545090180361
327.5     0.545090180361
327.75     0.545090180361
328.0     0.545090180361
328.25     0.545090180361
328.5     0.543086172345
328.75     0.541082164329
329.0     0.537074148297
329.25     0.537074148297
329.5     0.535070140281
329.75     0.533066132265
330.0     0.533066132265
330.25     0.531062124248
330.5     0.531062124248
330.75     0.531062124248
331.0     0.529058116232
331.25     0.527054108216
331.5     0.5250501002
331.75     0.5250501002
332.0     0.5250501002
332.25     0.5250501002
332.5     0.523046092184
332.75     0.521042084168
333.0     0.521042084168
333.25     0.519038076152
333.5     0.517034068136
333.75     0.517034068136
334.0     0.517034068136
334.25     0.517034068136
334.5     0.517034068136
334.75     0.51503006012
335.0     0.51503006012
335.25     0.513026052104
335.5     0.513026052104
335.75     0.511022044088
336.0     0.509018036072
336.25     0.509018036072
336.5     0.509018036072
336.75     0.509018036072
337.0     0.509018036072
337.25     0.509018036072
337.5     0.50501002004
337.75     0.50501002004
338.0     0.50501002004
338.25     0.50501002004
338.5     0.50501002004
338.75     0.50501002004
339.0     0.50501002004
339.25     0.50501002004
339.5     0.50501002004
339.75     0.50501002004
340.0     0.50501002004
340.25     0.503006012024
340.5     0.501002004008
340.75     0.503006012024
341.0     0.503006012024
341.25     0.503006012024
341.5     0.503006012024
341.75     0.503006012024
342.0     0.503006012024
342.25     0.501002004008
342.5     0.501002004008
342.75     0.498997995992
343.0     0.498997995992
343.25     0.498997995992
343.5     0.501002004008
343.75     0.501002004008
344.0     0.498997995992
344.25     0.498997995992
344.5     0.496993987976
344.75     0.496993987976
345.0     0.496993987976
345.25     0.496993987976
345.5     0.496993987976
345.75     0.49498997996
346.0     0.492985971944
346.25     0.49498997996
346.5     0.492985971944
346.75     0.490981963928
347.0     0.490981963928
347.25     0.486973947896
347.5     0.48496993988
347.75     0.482965931864
348.0     0.480961923848
348.25     0.480961923848
348.5     0.478957915832
348.75     0.478957915832
349.0     0.478957915832
349.25     0.478957915832
349.5     0.478957915832
349.75     0.478957915832
350.0     0.478957915832
350.25     0.478957915832
350.5     0.476953907816
350.75     0.476953907816
351.0     0.472945891784
351.25     0.470941883768
351.5     0.468937875752
351.75     0.466933867735
352.0     0.468937875752
352.25     0.468937875752
352.5     0.468937875752
352.75     0.466933867735
353.0     0.466933867735
353.25     0.464929859719
353.5     0.464929859719
353.75     0.464929859719
354.0     0.464929859719
354.25     0.464929859719
354.5     0.462925851703
354.75     0.464929859719
355.0     0.462925851703
355.25     0.462925851703
355.5     0.462925851703
355.75     0.458917835671
356.0     0.456913827655
356.25     0.456913827655
356.5     0.456913827655
356.75     0.452905811623
357.0     0.446893787575
357.25     0.444889779559
357.5     0.442885771543
357.75     0.442885771543
358.0     0.442885771543
358.25     0.438877755511
358.5     0.438877755511
358.75     0.438877755511
359.0     0.438877755511
359.25     0.438877755511
359.5     0.436873747495
359.75     0.436873747495
360.0     0.436873747495
360.25     0.436873747495
360.5     0.432865731463
360.75     0.432865731463
361.0     0.432865731463
361.25     0.432865731463
361.5     0.432865731463
361.75     0.432865731463
362.0     0.432865731463
362.25     0.430861723447
362.5     0.426853707415
362.75     0.424849699399
363.0     0.424849699399
363.25     0.424849699399
363.5     0.422845691383
363.75     0.422845691383
364.0     0.422845691383
364.25     0.418837675351
364.5     0.416833667335
364.75     0.412825651303
365.0     0.412825651303
365.25     0.410821643287
365.5     0.410821643287
365.75     0.410821643287
366.0     0.408817635271
366.25     0.408817635271
366.5     0.408817635271
366.75     0.408817635271
367.0     0.408817635271
367.25     0.406813627255
367.5     0.406813627255
367.75     0.402805611222
368.0     0.402805611222
368.25     0.402805611222
368.5     0.402805611222
368.75     0.400801603206
369.0     0.400801603206
369.25     0.400801603206
369.5     0.402805611222
369.75     0.402805611222
370.0     0.402805611222
370.25     0.39879759519
370.5     0.396793587174
370.75     0.396793587174
371.0     0.396793587174
371.25     0.392785571142
371.5     0.392785571142
371.75     0.392785571142
372.0     0.392785571142
372.25     0.392785571142
372.5     0.394789579158
372.75     0.394789579158
373.0     0.394789579158
373.25     0.394789579158
373.5     0.392785571142
373.75     0.392785571142
374.0     0.392785571142
374.25     0.392785571142
374.5     0.390781563126
374.75     0.390781563126
375.0     0.390781563126
375.25     0.38877755511
375.5     0.38877755511
375.75     0.38877755511
376.0     0.386773547094
376.25     0.386773547094
376.5     0.386773547094
376.75     0.386773547094
377.0     0.386773547094
377.25     0.386773547094
377.5     0.384769539078
377.75     0.382765531062
378.0     0.382765531062
378.25     0.382765531062
378.5     0.382765531062
378.75     0.382765531062
379.0     0.382765531062
379.25     0.382765531062
379.5     0.382765531062
379.75     0.382765531062
380.0     0.382765531062
380.25     0.380761523046
380.5     0.37875751503
380.75     0.37875751503
381.0     0.37875751503
381.25     0.37875751503
381.5     0.376753507014
381.75     0.376753507014
382.0     0.376753507014
382.25     0.376753507014
382.5     0.374749498998
382.75     0.374749498998
383.0     0.374749498998
383.25     0.374749498998
383.5     0.374749498998
383.75     0.374749498998
384.0     0.374749498998
384.25     0.374749498998
384.5     0.370741482966
384.75     0.370741482966
385.0     0.370741482966
385.25     0.36873747495
385.5     0.36873747495
385.75     0.36873747495
386.0     0.366733466934
386.25     0.366733466934
386.5     0.366733466934
386.75     0.366733466934
387.0     0.366733466934
387.25     0.366733466934
387.5     0.366733466934
387.75     0.366733466934
388.0     0.366733466934
388.25     0.364729458918
388.5     0.364729458918
388.75     0.360721442886
389.0     0.35871743487
389.25     0.35871743487
389.5     0.35871743487
389.75     0.356713426854
390.0     0.356713426854
390.25     0.354709418838
390.5     0.354709418838
390.75     0.350701402806
391.0     0.350701402806
391.25     0.34869739479
391.5     0.34869739479
391.75     0.346693386774
392.0     0.346693386774
392.25     0.344689378758
392.5     0.344689378758
392.75     0.344689378758
393.0     0.344689378758
393.25     0.340681362725
393.5     0.342685370741
393.75     0.340681362725
394.0     0.338677354709
394.25     0.338677354709
394.5     0.338677354709
394.75     0.338677354709
395.0     0.334669338677
395.25     0.334669338677
395.5     0.334669338677
395.75     0.332665330661
396.0     0.332665330661
396.25     0.330661322645
396.5     0.328657314629
396.75     0.328657314629
397.0     0.328657314629
397.25     0.328657314629
397.5     0.328657314629
397.75     0.326653306613
398.0     0.326653306613
398.25     0.326653306613
398.5     0.326653306613
398.75     0.326653306613
399.0     0.326653306613
399.25     0.324649298597
399.5     0.322645290581
399.75     0.320641282565
400.0     0.320641282565
400.25     0.320641282565
400.5     0.320641282565
400.75     0.320641282565
401.0     0.318637274549
401.25     0.320641282565
401.5     0.320641282565
401.75     0.320641282565
402.0     0.320641282565
402.25     0.320641282565
402.5     0.320641282565
402.75     0.318637274549
403.0     0.318637274549
403.25     0.318637274549
403.5     0.316633266533
403.75     0.316633266533
404.0     0.316633266533
404.25     0.316633266533
404.5     0.316633266533
404.75     0.316633266533
405.0     0.316633266533
405.25     0.316633266533
405.5     0.316633266533
405.75     0.316633266533
406.0     0.316633266533
406.25     0.316633266533
406.5     0.316633266533
406.75     0.310621242485
407.0     0.308617234469
407.25     0.308617234469
407.5     0.308617234469
407.75     0.308617234469
408.0     0.308617234469
408.25     0.308617234469
408.5     0.308617234469
408.75     0.308617234469
409.0     0.308617234469
409.25     0.308617234469
409.5     0.308617234469
409.75     0.306613226453
410.0     0.306613226453
410.25     0.306613226453
410.5     0.306613226453
410.75     0.306613226453
411.0     0.306613226453
411.25     0.306613226453
411.5     0.306613226453
411.75     0.304609218437
412.0     0.304609218437
412.25     0.304609218437
412.5     0.304609218437
412.75     0.304609218437
413.0     0.304609218437
413.25     0.304609218437
413.5     0.304609218437
413.75     0.302605210421
414.0     0.302605210421
414.25     0.302605210421
414.5     0.300601202405
414.75     0.300601202405
415.0     0.300601202405
415.25     0.300601202405
415.5     0.300601202405
415.75     0.300601202405
416.0     0.300601202405
416.25     0.300601202405
416.5     0.300601202405
416.75     0.298597194389
417.0     0.296593186373
417.25     0.296593186373
417.5     0.296593186373
417.75     0.294589178357
418.0     0.296593186373
418.25     0.296593186373
418.5     0.296593186373
418.75     0.296593186373
419.0     0.296593186373
419.25     0.296593186373
419.5     0.296593186373
419.75     0.294589178357
420.0     0.294589178357
420.25     0.290581162325
420.5     0.288577154309
420.75     0.286573146293
421.0     0.286573146293
421.25     0.284569138277
421.5     0.280561122244
421.75     0.282565130261
422.0     0.280561122244
422.25     0.282565130261
422.5     0.282565130261
422.75     0.280561122244
423.0     0.278557114228
423.25     0.278557114228
423.5     0.278557114228
423.75     0.278557114228
424.0     0.278557114228
424.25     0.278557114228
424.5     0.276553106212
424.75     0.276553106212
425.0     0.276553106212
425.25     0.276553106212
425.5     0.276553106212
425.75     0.276553106212
426.0     0.27254509018
426.25     0.27254509018
426.5     0.27254509018
426.75     0.27254509018
427.0     0.270541082164
427.25     0.270541082164
427.5     0.270541082164
427.75     0.266533066132
428.0     0.2625250501
428.25     0.2625250501
428.5     0.2625250501
428.75     0.2625250501
429.0     0.260521042084
429.25     0.258517034068
429.5     0.258517034068
429.75     0.258517034068
430.0     0.258517034068
430.25     0.258517034068
430.5     0.254509018036
430.75     0.254509018036
431.0     0.254509018036
431.25     0.25250501002
431.5     0.250501002004
431.75     0.248496993988
432.0     0.248496993988
432.25     0.246492985972
432.5     0.248496993988
432.75     0.248496993988
433.0     0.250501002004
433.25     0.248496993988
433.5     0.248496993988
433.75     0.248496993988
434.0     0.248496993988
434.25     0.248496993988
434.5     0.248496993988
434.75     0.246492985972
435.0     0.24248496994
435.25     0.24248496994
435.5     0.24248496994
435.75     0.24248496994
436.0     0.24248496994
436.25     0.24248496994
436.5     0.24248496994
436.75     0.24248496994
437.0     0.240480961924
437.25     0.238476953908
437.5     0.236472945892
437.75     0.236472945892
438.0     0.234468937876
438.25     0.23246492986
438.5     0.23246492986
438.75     0.230460921844
439.0     0.230460921844
439.25     0.230460921844
439.5     0.230460921844
439.75     0.230460921844
440.0     0.230460921844
440.25     0.230460921844
440.5     0.228456913828
440.75     0.228456913828
441.0     0.226452905812
441.25     0.226452905812
441.5     0.226452905812
441.75     0.224448897796
442.0     0.224448897796
442.25     0.226452905812
442.5     0.226452905812
442.75     0.226452905812
443.0     0.226452905812
443.25     0.226452905812
443.5     0.226452905812
443.75     0.226452905812
444.0     0.226452905812
444.25     0.226452905812
444.5     0.224448897796
444.75     0.224448897796
445.0     0.224448897796
445.25     0.224448897796
445.5     0.22244488978
445.75     0.22244488978
446.0     0.218436873747
446.25     0.216432865731
446.5     0.216432865731
446.75     0.216432865731
447.0     0.216432865731
447.25     0.216432865731
447.5     0.216432865731
447.75     0.216432865731
448.0     0.214428857715
448.25     0.216432865731
448.5     0.216432865731
448.75     0.216432865731
449.0     0.216432865731
449.25     0.216432865731
449.5     0.214428857715
449.75     0.210420841683
450.0     0.210420841683
450.25     0.208416833667
450.5     0.208416833667
450.75     0.206412825651
451.0     0.206412825651
451.25     0.202404809619
451.5     0.202404809619
451.75     0.200400801603
452.0     0.200400801603
452.25     0.200400801603
452.5     0.200400801603
452.75     0.200400801603
453.0     0.200400801603
453.25     0.200400801603
453.5     0.200400801603
453.75     0.198396793587
454.0     0.198396793587
454.25     0.198396793587
454.5     0.198396793587
454.75     0.198396793587
455.0     0.196392785571
455.25     0.196392785571
455.5     0.196392785571
455.75     0.196392785571
456.0     0.196392785571
456.25     0.196392785571
456.5     0.194388777555
456.75     0.194388777555
457.0     0.192384769539
457.25     0.192384769539
457.5     0.192384769539
457.75     0.192384769539
458.0     0.190380761523
458.25     0.190380761523
458.5     0.190380761523
458.75     0.190380761523
459.0     0.190380761523
459.25     0.190380761523
459.5     0.190380761523
459.75     0.188376753507
460.0     0.188376753507
460.25     0.188376753507
460.5     0.188376753507
460.75     0.190380761523
461.0     0.190380761523
461.25     0.190380761523
461.5     0.190380761523
461.75     0.188376753507
462.0     0.188376753507
462.25     0.188376753507
462.5     0.188376753507
462.75     0.188376753507
463.0     0.188376753507
463.25     0.186372745491
463.5     0.186372745491
463.75     0.186372745491
464.0     0.184368737475
464.25     0.180360721443
464.5     0.178356713427
464.75     0.178356713427
465.0     0.178356713427
465.25     0.178356713427
465.5     0.178356713427
465.75     0.178356713427
466.0     0.178356713427
466.25     0.178356713427
466.5     0.176352705411
466.75     0.174348697395
467.0     0.172344689379
467.25     0.172344689379
467.5     0.170340681363
467.75     0.168336673347
468.0     0.168336673347
468.25     0.166332665331
468.5     0.166332665331
468.75     0.166332665331
469.0     0.166332665331
469.25     0.166332665331
469.5     0.166332665331
469.75     0.166332665331
470.0     0.166332665331
470.25     0.166332665331
470.5     0.164328657315
470.75     0.164328657315
471.0     0.164328657315
471.25     0.164328657315
471.5     0.164328657315
471.75     0.162324649299
472.0     0.162324649299
472.25     0.162324649299
472.5     0.162324649299
472.75     0.160320641283
473.0     0.160320641283
473.25     0.160320641283
473.5     0.160320641283
473.75     0.160320641283
474.0     0.160320641283
474.25     0.158316633267
474.5     0.158316633267
474.75     0.158316633267
475.0     0.158316633267
475.25     0.156312625251
475.5     0.158316633267
475.75     0.154308617234
476.0     0.154308617234
476.25     0.154308617234
476.5     0.154308617234
476.75     0.154308617234
477.0     0.154308617234
477.25     0.154308617234
477.5     0.154308617234
477.75     0.154308617234
478.0     0.154308617234
478.25     0.154308617234
478.5     0.154308617234
478.75     0.154308617234
479.0     0.154308617234
479.25     0.152304609218
479.5     0.150300601202
479.75     0.150300601202
480.0     0.150300601202
480.25     0.14629258517
480.5     0.144288577154
480.75     0.144288577154
481.0     0.144288577154
481.25     0.142284569138
481.5     0.142284569138
481.75     0.142284569138
482.0     0.142284569138
482.25     0.142284569138
482.5     0.142284569138
482.75     0.142284569138
483.0     0.140280561122
483.25     0.138276553106
483.5     0.138276553106
483.75     0.138276553106
484.0     0.138276553106
484.25     0.138276553106
484.5     0.138276553106
484.75     0.138276553106
485.0     0.138276553106
485.25     0.138276553106
485.5     0.138276553106
485.75     0.138276553106
486.0     0.138276553106
486.25     0.138276553106
486.5     0.138276553106
486.75     0.138276553106
487.0     0.138276553106
487.25     0.138276553106
487.5     0.138276553106
487.75     0.13627254509
488.0     0.13627254509
488.25     0.13627254509
488.5     0.13627254509
488.75     0.13627254509
489.0     0.134268537074
489.25     0.132264529058
489.5     0.130260521042
489.75     0.130260521042
490.0     0.130260521042
490.25     0.130260521042
490.5     0.130260521042
490.75     0.130260521042
491.0     0.130260521042
491.25     0.130260521042
491.5     0.128256513026
491.75     0.12625250501
492.0     0.124248496994
492.25     0.124248496994
492.5     0.124248496994
492.75     0.124248496994
493.0     0.122244488978
493.25     0.122244488978
493.5     0.122244488978
493.75     0.122244488978
494.0     0.120240480962
494.25     0.120240480962
494.5     0.120240480962
494.75     0.120240480962
495.0     0.120240480962
495.25     0.120240480962
495.5     0.120240480962
495.75     0.120240480962
496.0     0.120240480962
496.25     0.120240480962
496.5     0.120240480962
496.75     0.120240480962
497.0     0.118236472946
497.25     0.118236472946
497.5     0.118236472946
497.75     0.118236472946
498.0     0.118236472946
498.25     0.118236472946
498.5     0.118236472946
498.75     0.118236472946
499.0     0.118236472946
499.25     0.118236472946
499.5     0.118236472946
499.75     0.118236472946
500.0     0.118236472946
500.25     0.118236472946
500.5     0.118236472946
500.75     0.118236472946
501.0     0.120240480962
501.25     0.120240480962
501.5     0.120240480962
501.75     0.120240480962
502.0     0.120240480962
502.25     0.120240480962
502.5     0.120240480962
502.75     0.120240480962
503.0     0.120240480962
503.25     0.118236472946
503.5     0.118236472946
503.75     0.118236472946
504.0     0.118236472946
504.25     0.118236472946
504.5     0.118236472946
504.75     0.118236472946
505.0     0.118236472946
505.25     0.118236472946
505.5     0.118236472946
505.75     0.118236472946
506.0     0.118236472946
506.25     0.118236472946
506.5     0.118236472946
506.75     0.118236472946
507.0     0.118236472946
507.25     0.118236472946
507.5     0.11623246493
507.75     0.11623246493
508.0     0.11623246493
508.25     0.11623246493
508.5     0.11623246493
508.75     0.11623246493
509.0     0.11623246493
509.25     0.114228456914
509.5     0.114228456914
509.75     0.114228456914
510.0     0.114228456914
510.25     0.114228456914
510.5     0.112224448898
510.75     0.112224448898
511.0     0.112224448898
511.25     0.112224448898
511.5     0.112224448898
511.75     0.112224448898
512.0     0.112224448898
512.25     0.112224448898
512.5     0.112224448898
512.75     0.112224448898
513.0     0.112224448898
513.25     0.112224448898
513.5     0.110220440882
513.75     0.108216432866
514.0     0.108216432866
514.25     0.108216432866
514.5     0.108216432866
514.75     0.108216432866
515.0     0.108216432866
515.25     0.108216432866
515.5     0.108216432866
515.75     0.108216432866
516.0     0.108216432866
516.25     0.108216432866
516.5     0.108216432866
516.75     0.108216432866
517.0     0.108216432866
517.25     0.108216432866
517.5     0.108216432866
517.75     0.108216432866
518.0     0.108216432866
518.25     0.110220440882
518.5     0.110220440882
518.75     0.110220440882
519.0     0.110220440882
519.25     0.110220440882
519.5     0.110220440882
519.75     0.108216432866
520.0     0.108216432866
520.25     0.108216432866
520.5     0.108216432866
520.75     0.108216432866
521.0     0.10621242485
521.25     0.104208416834
521.5     0.104208416834
521.75     0.102204408818
522.0     0.102204408818
522.25     0.102204408818
522.5     0.100200400802
522.75     0.100200400802
523.0     0.100200400802
523.25     0.100200400802
523.5     0.100200400802
523.75     0.0981963927856
524.0     0.0981963927856
524.25     0.0981963927856
524.5     0.0981963927856
524.75     0.0981963927856
525.0     0.0981963927856
525.25     0.0961923847695
525.5     0.0961923847695
525.75     0.0961923847695
526.0     0.0941883767535
526.25     0.0941883767535
526.5     0.0941883767535
526.75     0.0941883767535
527.0     0.0941883767535
527.25     0.0941883767535
527.5     0.0941883767535
527.75     0.0941883767535
528.0     0.0941883767535
528.25     0.0941883767535
528.5     0.0941883767535
528.75     0.0941883767535
529.0     0.0941883767535
529.25     0.0941883767535
529.5     0.0941883767535
529.75     0.0941883767535
530.0     0.0941883767535
530.25     0.0941883767535
530.5     0.0941883767535
530.75     0.0941883767535
531.0     0.0941883767535
531.25     0.0941883767535
531.5     0.0921843687375
531.75     0.0921843687375
532.0     0.0921843687375
532.25     0.0921843687375
532.5     0.0921843687375
532.75     0.0921843687375
533.0     0.0921843687375
533.25     0.0921843687375
533.5     0.0921843687375
533.75     0.0921843687375
534.0     0.0921843687375
534.25     0.0921843687375
534.5     0.0921843687375
534.75     0.0921843687375
535.0     0.0921843687375
535.25     0.0901803607214
535.5     0.0901803607214
535.75     0.0901803607214
536.0     0.0901803607214
536.25     0.0901803607214
536.5     0.0901803607214
536.75     0.0881763527054
537.0     0.0901803607214
537.25     0.0901803607214
537.5     0.0901803607214
537.75     0.0901803607214
538.0     0.0881763527054
538.25     0.0881763527054
538.5     0.0881763527054
538.75     0.0881763527054
539.0     0.0861723446894
539.25     0.0861723446894
539.5     0.0861723446894
539.75     0.0861723446894
540.0     0.0861723446894
540.25     0.0861723446894
540.5     0.0861723446894
540.75     0.0861723446894
541.0     0.0861723446894
541.25     0.0861723446894
541.5     0.0861723446894
541.75     0.0861723446894
542.0     0.0861723446894
542.25     0.0861723446894
542.5     0.0861723446894
542.75     0.0861723446894
543.0     0.0861723446894
543.25     0.0861723446894
543.5     0.0861723446894
543.75     0.0861723446894
544.0     0.0861723446894
544.25     0.0861723446894
544.5     0.0861723446894
544.75     0.0841683366733
545.0     0.0841683366733
545.25     0.0841683366733
545.5     0.0841683366733
545.75     0.0841683366733
546.0     0.0841683366733
546.25     0.0841683366733
546.5     0.0841683366733
546.75     0.0841683366733
547.0     0.0841683366733
547.25     0.0841683366733
547.5     0.0821643286573
547.75     0.0821643286573
548.0     0.0801603206413
548.25     0.0801603206413
548.5     0.0821643286573
548.75     0.0821643286573
549.0     0.0821643286573
549.25     0.0821643286573
549.5     0.0821643286573
549.75     0.0821643286573
550.0     0.0821643286573
550.25     0.0821643286573
550.5     0.0801603206413
550.75     0.0801603206413
551.0     0.0801603206413
551.25     0.0801603206413
551.5     0.0801603206413
551.75     0.0801603206413
552.0     0.0801603206413
552.25     0.0801603206413
552.5     0.0801603206413
552.75     0.0801603206413
553.0     0.0801603206413
553.25     0.0801603206413
553.5     0.0781563126253
553.75     0.0781563126253
554.0     0.0781563126253
554.25     0.0781563126253
554.5     0.0781563126253
554.75     0.0781563126253
555.0     0.0781563126253
555.25     0.0781563126253
555.5     0.0781563126253
555.75     0.0781563126253
556.0     0.0761523046092
556.25     0.0761523046092
556.5     0.0761523046092
556.75     0.0761523046092
557.0     0.0761523046092
557.25     0.0781563126253
557.5     0.0781563126253
557.75     0.0781563126253
558.0     0.0761523046092
558.25     0.0761523046092
558.5     0.0761523046092
558.75     0.0761523046092
559.0     0.0761523046092
559.25     0.0761523046092
559.5     0.0761523046092
559.75     0.0761523046092
560.0     0.0761523046092
560.25     0.0761523046092
560.5     0.0761523046092
560.75     0.0761523046092
561.0     0.0741482965932
561.25     0.0741482965932
561.5     0.0741482965932
561.75     0.0741482965932
562.0     0.0741482965932
562.25     0.0741482965932
562.5     0.0741482965932
562.75     0.0741482965932
563.0     0.0741482965932
563.25     0.0741482965932
563.5     0.0741482965932
563.75     0.0741482965932
564.0     0.0741482965932
564.25     0.0741482965932
564.5     0.0741482965932
564.75     0.0741482965932
565.0     0.0741482965932
565.25     0.0741482965932
565.5     0.0741482965932
565.75     0.0741482965932
566.0     0.0741482965932
566.25     0.0741482965932
566.5     0.0741482965932
566.75     0.0741482965932
567.0     0.0741482965932
567.25     0.0741482965932
567.5     0.0741482965932
567.75     0.0741482965932
568.0     0.0721442885772
568.25     0.0721442885772
568.5     0.0701402805611
568.75     0.0701402805611
569.0     0.0701402805611
569.25     0.0701402805611
569.5     0.0701402805611
569.75     0.0701402805611
570.0     0.0701402805611
570.25     0.0701402805611
570.5     0.0701402805611
570.75     0.0701402805611
571.0     0.0701402805611
571.25     0.0701402805611
571.5     0.0701402805611
571.75     0.0701402805611
572.0     0.0701402805611
572.25     0.0701402805611
572.5     0.0701402805611
572.75     0.0701402805611
573.0     0.0701402805611
573.25     0.0701402805611
573.5     0.0701402805611
573.75     0.0681362725451
574.0     0.0681362725451
574.25     0.0681362725451
574.5     0.0681362725451
574.75     0.0681362725451
575.0     0.0681362725451
575.25     0.0681362725451
575.5     0.0681362725451
575.75     0.0681362725451
576.0     0.0681362725451
576.25     0.0681362725451
576.5     0.0681362725451
576.75     0.0681362725451
577.0     0.0681362725451
577.25     0.0681362725451
577.5     0.0681362725451
577.75     0.0681362725451
578.0     0.0681362725451
578.25     0.0661322645291
578.5     0.0661322645291
578.75     0.0661322645291
579.0     0.0681362725451
579.25     0.0681362725451
579.5     0.0681362725451
579.75     0.0681362725451
580.0     0.0681362725451
580.25     0.0681362725451
580.5     0.0681362725451
580.75     0.0681362725451
581.0     0.0681362725451
581.25     0.0681362725451
581.5     0.0661322645291
581.75     0.0661322645291
582.0     0.0661322645291
582.25     0.0661322645291
582.5     0.0661322645291
582.75     0.0661322645291
583.0     0.0661322645291
583.25     0.0661322645291
583.5     0.0661322645291
583.75     0.0661322645291
584.0     0.0661322645291
584.25     0.0661322645291
584.5     0.0661322645291
584.75     0.0661322645291
585.0     0.0661322645291
585.25     0.0661322645291
585.5     0.0661322645291
585.75     0.064128256513
586.0     0.064128256513
586.25     0.064128256513
586.5     0.064128256513
586.75     0.064128256513
587.0     0.064128256513
587.25     0.064128256513
587.5     0.064128256513
587.75     0.064128256513
588.0     0.064128256513
588.25     0.064128256513
588.5     0.064128256513
588.75     0.064128256513
589.0     0.064128256513
589.25     0.064128256513
589.5     0.064128256513
589.75     0.064128256513
590.0     0.064128256513
590.25     0.064128256513
590.5     0.064128256513
590.75     0.064128256513
591.0     0.064128256513
591.25     0.064128256513
591.5     0.064128256513
591.75     0.064128256513
592.0     0.064128256513
592.25     0.064128256513
592.5     0.064128256513
592.75     0.064128256513
593.0     0.064128256513
593.25     0.064128256513
593.5     0.064128256513
593.75     0.064128256513
594.0     0.064128256513
594.25     0.064128256513
594.5     0.064128256513
594.75     0.064128256513
595.0     0.064128256513
595.25     0.062124248497
595.5     0.062124248497
595.75     0.062124248497
596.0     0.062124248497
596.25     0.062124248497
596.5     0.062124248497
596.75     0.0581162324649
597.0     0.0581162324649
597.25     0.0561122244489
597.5     0.0581162324649
597.75     0.0581162324649
598.0     0.0561122244489
598.25     0.0561122244489
598.5     0.0561122244489
598.75     0.0561122244489
599.0     0.0561122244489
599.25     0.0561122244489
599.5     0.0541082164329
599.75     0.0541082164329
600.0     0.0541082164329
600.25     0.0541082164329
600.5     0.0561122244489
600.75     0.0561122244489
601.0     0.0561122244489
601.25     0.0541082164329
601.5     0.0541082164329
601.75     0.0541082164329
602.0     0.0541082164329
602.25     0.0541082164329
602.5     0.0541082164329
602.75     0.0541082164329
603.0     0.0541082164329
603.25     0.0541082164329
603.5     0.0541082164329
603.75     0.0541082164329
604.0     0.0541082164329
604.25     0.0541082164329
604.5     0.0541082164329
604.75     0.0541082164329
605.0     0.0561122244489
605.25     0.0561122244489
605.5     0.0541082164329
605.75     0.0541082164329
606.0     0.0521042084168
606.25     0.0521042084168
606.5     0.0521042084168
606.75     0.0521042084168
607.0     0.0521042084168
607.25     0.0521042084168
607.5     0.0521042084168
607.75     0.0521042084168
608.0     0.0521042084168
608.25     0.0521042084168
608.5     0.0521042084168
608.75     0.0521042084168
609.0     0.0521042084168
609.25     0.0521042084168
609.5     0.0521042084168
609.75     0.0521042084168
610.0     0.0521042084168
610.25     0.0521042084168
610.5     0.0521042084168
610.75     0.0521042084168
611.0     0.0521042084168
611.25     0.0521042084168
611.5     0.0521042084168
611.75     0.0521042084168
612.0     0.0521042084168
612.25     0.0521042084168
612.5     0.0521042084168
612.75     0.0501002004008
613.0     0.0501002004008
613.25     0.0501002004008
613.5     0.0501002004008
613.75     0.0501002004008
614.0     0.0501002004008
614.25     0.0501002004008
614.5     0.0501002004008
614.75     0.0480961923848
615.0     0.0480961923848
615.25     0.0460921843687
615.5     0.0460921843687
615.75     0.0460921843687
616.0     0.0460921843687
616.25     0.0460921843687
616.5     0.0460921843687
616.75     0.0460921843687
617.0     0.0460921843687
617.25     0.0460921843687
617.5     0.0460921843687
617.75     0.0460921843687
618.0     0.0460921843687
618.25     0.0460921843687
618.5     0.0460921843687
618.75     0.0460921843687
619.0     0.0460921843687
619.25     0.0460921843687
619.5     0.0460921843687
619.75     0.0460921843687
620.0     0.0460921843687
620.25     0.0440881763527
620.5     0.0440881763527
620.75     0.0440881763527
621.0     0.0440881763527
621.25     0.0440881763527
621.5     0.0440881763527
621.75     0.0440881763527
622.0     0.0440881763527
622.25     0.0440881763527
622.5     0.0440881763527
622.75     0.0440881763527
623.0     0.0440881763527
623.25     0.0440881763527
623.5     0.0440881763527
623.75     0.0440881763527
624.0     0.0440881763527
624.25     0.0440881763527
624.5     0.0440881763527
624.75     0.0440881763527
625.0     0.0440881763527
625.25     0.0440881763527
625.5     0.0440881763527
625.75     0.0440881763527
626.0     0.0440881763527
626.25     0.0440881763527
626.5     0.0440881763527
626.75     0.0440881763527
627.0     0.0440881763527
627.25     0.0440881763527
627.5     0.0440881763527
627.75     0.0440881763527
628.0     0.0440881763527
628.25     0.0440881763527
628.5     0.0440881763527
628.75     0.0440881763527
629.0     0.0440881763527
629.25     0.0440881763527
629.5     0.0440881763527
629.75     0.0440881763527
630.0     0.0440881763527
630.25     0.0440881763527
630.5     0.0440881763527
630.75     0.0440881763527
631.0     0.0440881763527
631.25     0.0440881763527
631.5     0.0440881763527
631.75     0.0440881763527
632.0     0.0440881763527
632.25     0.0440881763527
632.5     0.0440881763527
632.75     0.0440881763527
633.0     0.0440881763527
633.25     0.0440881763527
633.5     0.0440881763527
633.75     0.0440881763527
634.0     0.0440881763527
634.25     0.0440881763527
634.5     0.0440881763527
634.75     0.0440881763527
635.0     0.0440881763527
635.25     0.0440881763527
635.5     0.0440881763527
635.75     0.0440881763527
636.0     0.0440881763527
636.25     0.0440881763527
636.5     0.0440881763527
636.75     0.0440881763527
637.0     0.0440881763527
637.25     0.0440881763527
637.5     0.0440881763527
637.75     0.0440881763527
638.0     0.0440881763527
638.25     0.0440881763527
638.5     0.0440881763527
638.75     0.0440881763527
639.0     0.0440881763527
639.25     0.0440881763527
639.5     0.0440881763527
639.75     0.0440881763527
640.0     0.0440881763527
640.25     0.0440881763527
640.5     0.0440881763527
640.75     0.0440881763527
641.0     0.0440881763527
641.25     0.0440881763527
641.5     0.0440881763527
641.75     0.0440881763527
642.0     0.0440881763527
642.25     0.0440881763527
642.5     0.0440881763527
642.75     0.0440881763527
643.0     0.0440881763527
643.25     0.0440881763527
643.5     0.0440881763527
643.75     0.0440881763527
644.0     0.0440881763527
644.25     0.0440881763527
644.5     0.0440881763527
644.75     0.0440881763527
645.0     0.0440881763527
645.25     0.0440881763527
645.5     0.0440881763527
645.75     0.0440881763527
646.0     0.0440881763527
646.25     0.0440881763527
646.5     0.0440881763527
646.75     0.0440881763527
647.0     0.0440881763527
647.25     0.0440881763527
647.5     0.0440881763527
647.75     0.0440881763527
648.0     0.0440881763527
648.25     0.0440881763527
648.5     0.0440881763527
648.75     0.0440881763527
649.0     0.0440881763527
649.25     0.0440881763527
649.5     0.0440881763527
649.75     0.0440881763527
650.0     0.0440881763527
650.25     0.0440881763527
650.5     0.0420841683367
650.75     0.0420841683367
651.0     0.0420841683367
651.25     0.0420841683367
651.5     0.0420841683367
651.75     0.0420841683367
652.0     0.0420841683367
652.25     0.0420841683367
652.5     0.0420841683367
652.75     0.0420841683367
653.0     0.0420841683367
653.25     0.0420841683367
653.5     0.0420841683367
653.75     0.0400801603206
654.0     0.0400801603206
654.25     0.0400801603206
654.5     0.0400801603206
654.75     0.0380761523046
655.0     0.0380761523046
655.25     0.0380761523046
655.5     0.0380761523046
655.75     0.0380761523046
656.0     0.0380761523046
656.25     0.0380761523046
656.5     0.0380761523046
656.75     0.0380761523046
657.0     0.0380761523046
657.25     0.0380761523046
657.5     0.0380761523046
657.75     0.0380761523046
658.0     0.0380761523046
658.25     0.0380761523046
658.5     0.0380761523046
658.75     0.0380761523046
659.0     0.0380761523046
659.25     0.0380761523046
659.5     0.0380761523046
659.75     0.0380761523046
660.0     0.0380761523046
660.25     0.0380761523046
660.5     0.0360721442886
660.75     0.0360721442886
661.0     0.0360721442886
661.25     0.0360721442886
661.5     0.0360721442886
661.75     0.0360721442886
662.0     0.0360721442886
662.25     0.0360721442886
662.5     0.0360721442886
662.75     0.0360721442886
663.0     0.0360721442886
663.25     0.0360721442886
663.5     0.0360721442886
663.75     0.0360721442886
664.0     0.0360721442886
664.25     0.0360721442886
664.5     0.0340681362725
664.75     0.0340681362725
665.0     0.0340681362725
665.25     0.0340681362725
665.5     0.0340681362725
665.75     0.0340681362725
666.0     0.0340681362725
666.25     0.0340681362725
666.5     0.0340681362725
666.75     0.0340681362725
667.0     0.0340681362725
667.25     0.0340681362725
667.5     0.0340681362725
667.75     0.0340681362725
668.0     0.0340681362725
668.25     0.0340681362725
668.5     0.0320641282565
668.75     0.0320641282565
669.0     0.0320641282565
669.25     0.0340681362725
669.5     0.0340681362725
669.75     0.0340681362725
670.0     0.0340681362725
670.25     0.0340681362725
670.5     0.0340681362725
670.75     0.0340681362725
671.0     0.0340681362725
671.25     0.0340681362725
671.5     0.0340681362725
671.75     0.0340681362725
672.0     0.0340681362725
672.25     0.0340681362725
672.5     0.0340681362725
672.75     0.0340681362725
673.0     0.0340681362725
673.25     0.0340681362725
673.5     0.0340681362725
673.75     0.0340681362725
674.0     0.0340681362725
674.25     0.0340681362725
674.5     0.0340681362725
674.75     0.0340681362725
675.0     0.0340681362725
675.25     0.0340681362725
675.5     0.0340681362725
675.75     0.0340681362725
676.0     0.0340681362725
676.25     0.0320641282565
676.5     0.0320641282565
676.75     0.0320641282565
677.0     0.0320641282565
677.25     0.0320641282565
677.5     0.0320641282565
677.75     0.0320641282565
678.0     0.0320641282565
678.25     0.0320641282565
678.5     0.0320641282565
678.75     0.0320641282565
679.0     0.0320641282565
679.25     0.0320641282565
679.5     0.0320641282565
679.75     0.0320641282565
680.0     0.0320641282565
680.25     0.0320641282565
680.5     0.0320641282565
680.75     0.0320641282565
681.0     0.0320641282565
681.25     0.0320641282565
681.5     0.0300601202405
681.75     0.0300601202405
682.0     0.0300601202405
682.25     0.0300601202405
682.5     0.0300601202405
682.75     0.0300601202405
683.0     0.0300601202405
683.25     0.0300601202405
683.5     0.0300601202405
683.75     0.0300601202405
684.0     0.0300601202405
684.25     0.0300601202405
684.5     0.0300601202405
684.75     0.0300601202405
685.0     0.0300601202405
685.25     0.0300601202405
685.5     0.0300601202405
685.75     0.0300601202405
686.0     0.0300601202405
686.25     0.0300601202405
686.5     0.0300601202405
686.75     0.0300601202405
687.0     0.0300601202405
687.25     0.0300601202405
687.5     0.0300601202405
687.75     0.0300601202405
688.0     0.0300601202405
688.25     0.0300601202405
688.5     0.0300601202405
688.75     0.0300601202405
689.0     0.0300601202405
689.25     0.0300601202405
689.5     0.0300601202405
689.75     0.0300601202405
690.0     0.0300601202405
690.25     0.0300601202405
690.5     0.0300601202405
690.75     0.0300601202405
691.0     0.0300601202405
691.25     0.0300601202405
691.5     0.0300601202405
691.75     0.0300601202405
692.0     0.0300601202405
692.25     0.0300601202405
692.5     0.0300601202405
692.75     0.0300601202405
693.0     0.0300601202405
693.25     0.0300601202405
693.5     0.0300601202405
693.75     0.0300601202405
694.0     0.0300601202405
694.25     0.0300601202405
694.5     0.0300601202405
694.75     0.0300601202405
695.0     0.0300601202405
695.25     0.0300601202405
695.5     0.0300601202405
695.75     0.0300601202405
696.0     0.0300601202405
696.25     0.0300601202405
696.5     0.0300601202405
696.75     0.0300601202405
697.0     0.0300601202405
697.25     0.0300601202405
697.5     0.0300601202405
697.75     0.0300601202405
698.0     0.0300601202405
698.25     0.0300601202405
698.5     0.0300601202405
698.75     0.0300601202405
699.0     0.0300601202405
699.25     0.0300601202405
699.5     0.0300601202405
699.75     0.0300601202405
700.0     0.0300601202405
700.25     0.0300601202405
700.5     0.0300601202405
700.75     0.0300601202405
701.0     0.0300601202405
701.25     0.0300601202405
701.5     0.0300601202405
701.75     0.0300601202405
702.0     0.0300601202405
702.25     0.0300601202405
702.5     0.0300601202405
702.75     0.0300601202405
703.0     0.0300601202405
703.25     0.0300601202405
703.5     0.0300601202405
703.75     0.0300601202405
704.0     0.0300601202405
704.25     0.0300601202405
704.5     0.0300601202405
704.75     0.0300601202405
705.0     0.0280561122244
705.25     0.0280561122244
705.5     0.0280561122244
705.75     0.0280561122244
706.0     0.0280561122244
706.25     0.0280561122244
706.5     0.0280561122244
706.75     0.0280561122244
707.0     0.0280561122244
707.25     0.0280561122244
707.5     0.0280561122244
707.75     0.0280561122244
708.0     0.0280561122244
708.25     0.0280561122244
708.5     0.0280561122244
708.75     0.0280561122244
709.0     0.0280561122244
709.25     0.0280561122244
709.5     0.0280561122244
709.75     0.0280561122244
710.0     0.0280561122244
710.25     0.0280561122244
710.5     0.0280561122244
710.75     0.0300601202405
711.0     0.0300601202405
711.25     0.0300601202405
711.5     0.0300601202405
711.75     0.0300601202405
712.0     0.0300601202405
712.25     0.0300601202405
712.5     0.0300601202405
712.75     0.0300601202405
713.0     0.0300601202405
713.25     0.0300601202405
713.5     0.0300601202405
713.75     0.0300601202405
714.0     0.0300601202405
714.25     0.0300601202405
714.5     0.0300601202405
714.75     0.0300601202405
715.0     0.0300601202405
715.25     0.0300601202405
715.5     0.0300601202405
715.75     0.0300601202405
716.0     0.0300601202405
716.25     0.0300601202405
716.5     0.0300601202405
716.75     0.0300601202405
717.0     0.0300601202405
717.25     0.0300601202405
717.5     0.0300601202405
717.75     0.0300601202405
718.0     0.0300601202405
718.25     0.0300601202405
718.5     0.0300601202405
718.75     0.0280561122244
719.0     0.0280561122244
719.25     0.0280561122244
719.5     0.0280561122244
719.75     0.0280561122244
720.0     0.0280561122244
720.25     0.0280561122244
720.5     0.0280561122244
720.75     0.0280561122244
721.0     0.0280561122244
721.25     0.0280561122244
721.5     0.0280561122244
721.75     0.0280561122244
722.0     0.0280561122244
722.25     0.0280561122244
722.5     0.0280561122244
722.75     0.0280561122244
723.0     0.0280561122244
723.25     0.0280561122244
723.5     0.0280561122244
723.75     0.0280561122244
724.0     0.0280561122244
724.25     0.0280561122244
724.5     0.0280561122244
724.75     0.0280561122244
725.0     0.0280561122244
725.25     0.0280561122244
725.5     0.0280561122244
725.75     0.0280561122244
726.0     0.0280561122244
726.25     0.0280561122244
726.5     0.0280561122244
726.75     0.0280561122244
727.0     0.0260521042084
727.25     0.0260521042084
727.5     0.0260521042084
727.75     0.0260521042084
728.0     0.0260521042084
728.25     0.0260521042084
728.5     0.0260521042084
728.75     0.0260521042084
729.0     0.0260521042084
729.25     0.0260521042084
729.5     0.0260521042084
729.75     0.0260521042084
730.0     0.0260521042084
730.25     0.0260521042084
730.5     0.0260521042084
730.75     0.0260521042084
731.0     0.0260521042084
731.25     0.0260521042084
731.5     0.0260521042084
731.75     0.0260521042084
732.0     0.0260521042084
732.25     0.0260521042084
732.5     0.0260521042084
732.75     0.0260521042084
733.0     0.0260521042084
733.25     0.0260521042084
733.5     0.0260521042084
733.75     0.0260521042084
734.0     0.0260521042084
734.25     0.0260521042084
734.5     0.0260521042084
734.75     0.0260521042084
735.0     0.0260521042084
735.25     0.0260521042084
735.5     0.0260521042084
735.75     0.0260521042084
736.0     0.0260521042084
736.25     0.0260521042084
736.5     0.0260521042084
736.75     0.0260521042084
737.0     0.0260521042084
737.25     0.0260521042084
737.5     0.0260521042084
737.75     0.0260521042084
738.0     0.0260521042084
738.25     0.0260521042084
738.5     0.0260521042084
738.75     0.0240480961924
739.0     0.0240480961924
739.25     0.0240480961924
739.5     0.0240480961924
739.75     0.0220440881764
740.0     0.0220440881764
740.25     0.0200400801603
740.5     0.0200400801603
740.75     0.0200400801603
741.0     0.0200400801603
741.25     0.0200400801603
741.5     0.0200400801603
741.75     0.0200400801603
742.0     0.0200400801603
742.25     0.0200400801603
742.5     0.0200400801603
742.75     0.0200400801603
743.0     0.0200400801603
743.25     0.0200400801603
743.5     0.0200400801603
743.75     0.0200400801603
744.0     0.0200400801603
744.25     0.0200400801603
744.5     0.0200400801603
744.75     0.0180360721443
745.0     0.0180360721443
745.25     0.0180360721443
745.5     0.0180360721443
745.75     0.0180360721443
746.0     0.0180360721443
746.25     0.0180360721443
746.5     0.0180360721443
746.75     0.0180360721443
747.0     0.0180360721443
747.25     0.0180360721443
747.5     0.0180360721443
747.75     0.0180360721443
748.0     0.0180360721443
748.25     0.0180360721443
748.5     0.0180360721443
748.75     0.0180360721443
749.0     0.0180360721443
749.25     0.0180360721443
749.5     0.0180360721443
749.75     0.0180360721443
750.0     0.0180360721443
750.25     0.0180360721443
750.5     0.0180360721443
750.75     0.0180360721443
751.0     0.0180360721443
751.25     0.0180360721443
751.5     0.0180360721443
751.75     0.0180360721443
752.0     0.0180360721443
752.25     0.0180360721443
752.5     0.0180360721443
752.75     0.0180360721443
753.0     0.0180360721443
753.25     0.0180360721443
753.5     0.0180360721443
753.75     0.0180360721443
754.0     0.0180360721443
754.25     0.0180360721443
754.5     0.0180360721443
754.75     0.0180360721443
755.0     0.0180360721443
755.25     0.0180360721443
755.5     0.0180360721443
755.75     0.0180360721443
756.0     0.0180360721443
756.25     0.0180360721443
756.5     0.0180360721443
756.75     0.0180360721443
757.0     0.0180360721443
757.25     0.0180360721443
757.5     0.0180360721443
757.75     0.0180360721443
758.0     0.0180360721443
758.25     0.0180360721443
758.5     0.0180360721443
758.75     0.0180360721443
759.0     0.0180360721443
759.25     0.0180360721443
759.5     0.0180360721443
759.75     0.0180360721443
760.0     0.0180360721443
760.25     0.0180360721443
760.5     0.0180360721443
760.75     0.0180360721443
761.0     0.0180360721443
761.25     0.0180360721443
761.5     0.0180360721443
761.75     0.0180360721443
762.0     0.0180360721443
762.25     0.0180360721443
762.5     0.0180360721443
762.75     0.0180360721443
763.0     0.0180360721443
763.25     0.0180360721443
763.5     0.0180360721443
763.75     0.0180360721443
764.0     0.0180360721443
764.25     0.0180360721443
764.5     0.0180360721443
764.75     0.0180360721443
765.0     0.0180360721443
765.25     0.0180360721443
765.5     0.0180360721443
765.75     0.0180360721443
766.0     0.0180360721443
766.25     0.0180360721443
766.5     0.0180360721443
766.75     0.0180360721443
767.0     0.0180360721443
767.25     0.0180360721443
767.5     0.0180360721443
767.75     0.0180360721443
768.0     0.0180360721443
768.25     0.0180360721443
768.5     0.0180360721443
768.75     0.0180360721443
769.0     0.0180360721443
769.25     0.0180360721443
769.5     0.0180360721443
769.75     0.0180360721443
770.0     0.0180360721443
770.25     0.0180360721443
770.5     0.0180360721443
770.75     0.0180360721443
771.0     0.0180360721443
771.25     0.0180360721443
771.5     0.0180360721443
771.75     0.0180360721443
772.0     0.0180360721443
772.25     0.0180360721443
772.5     0.0180360721443
772.75     0.0180360721443
773.0     0.0180360721443
773.25     0.0180360721443
773.5     0.0180360721443
773.75     0.0180360721443
774.0     0.0180360721443
774.25     0.0180360721443
774.5     0.0180360721443
774.75     0.0180360721443
775.0     0.0180360721443
775.25     0.0160320641283
775.5     0.0160320641283
775.75     0.0160320641283
776.0     0.0160320641283
776.25     0.0160320641283
776.5     0.0160320641283
776.75     0.0160320641283
777.0     0.0160320641283
777.25     0.0160320641283
777.5     0.0160320641283
777.75     0.0160320641283
778.0     0.0160320641283
778.25     0.0160320641283
778.5     0.0140280561122
778.75     0.0140280561122
779.0     0.0140280561122
779.25     0.0140280561122
779.5     0.0140280561122
779.75     0.0140280561122
780.0     0.0140280561122
780.25     0.0140280561122
780.5     0.0140280561122
780.75     0.0140280561122
781.0     0.0140280561122
781.25     0.0140280561122
781.5     0.0140280561122
781.75     0.0140280561122
782.0     0.0140280561122
782.25     0.0140280561122
782.5     0.0140280561122
782.75     0.0140280561122
783.0     0.0140280561122
783.25     0.0140280561122
783.5     0.0140280561122
783.75     0.0140280561122
784.0     0.0140280561122
784.25     0.0140280561122
784.5     0.0140280561122
784.75     0.0140280561122
785.0     0.0140280561122
785.25     0.0140280561122
785.5     0.0140280561122
785.75     0.0140280561122
786.0     0.0120240480962
786.25     0.0120240480962
786.5     0.0120240480962
786.75     0.0120240480962
787.0     0.0120240480962
787.25     0.0120240480962
787.5     0.0120240480962
787.75     0.0120240480962
788.0     0.0120240480962
788.25     0.0120240480962
788.5     0.0120240480962
788.75     0.0120240480962
789.0     0.0120240480962
789.25     0.0120240480962
789.5     0.0120240480962
789.75     0.0120240480962
790.0     0.0120240480962
790.25     0.0120240480962
790.5     0.0120240480962
790.75     0.0120240480962
791.0     0.0120240480962
791.25     0.0120240480962
791.5     0.0120240480962
791.75     0.0120240480962
792.0     0.0120240480962
792.25     0.0120240480962
792.5     0.0120240480962
792.75     0.0120240480962
793.0     0.0120240480962
793.25     0.0120240480962
793.5     0.0120240480962
793.75     0.0120240480962
794.0     0.0120240480962
794.25     0.0120240480962
794.5     0.0120240480962
794.75     0.0120240480962
795.0     0.0120240480962
795.25     0.0120240480962
795.5     0.0120240480962
795.75     0.0120240480962
796.0     0.0120240480962
796.25     0.0120240480962
796.5     0.0120240480962
796.75     0.0120240480962
797.0     0.0120240480962
797.25     0.0120240480962
797.5     0.0120240480962
797.75     0.0120240480962
798.0     0.0120240480962
798.25     0.0120240480962
798.5     0.0120240480962
798.75     0.0120240480962
799.0     0.0120240480962
799.25     0.0120240480962
799.5     0.0120240480962
799.75     0.0120240480962
800.0     0.0120240480962
800.25     0.0120240480962
800.5     0.0120240480962
800.75     0.0140280561122
801.0     0.0140280561122
801.25     0.0140280561122
801.5     0.0140280561122
801.75     0.0140280561122
802.0     0.0140280561122
802.25     0.0140280561122
802.5     0.0140280561122
802.75     0.0140280561122
803.0     0.0140280561122
803.25     0.0140280561122
803.5     0.0140280561122
803.75     0.0140280561122
804.0     0.0140280561122
804.25     0.0140280561122
804.5     0.0140280561122
804.75     0.0140280561122
805.0     0.0140280561122
805.25     0.0140280561122
805.5     0.0140280561122
805.75     0.0140280561122
806.0     0.0140280561122
806.25     0.0140280561122
806.5     0.0140280561122
806.75     0.0140280561122
807.0     0.0140280561122
807.25     0.0140280561122
807.5     0.0140280561122
807.75     0.0140280561122
808.0     0.0140280561122
808.25     0.0140280561122
808.5     0.0140280561122
808.75     0.0140280561122
809.0     0.0140280561122
809.25     0.0140280561122
809.5     0.0140280561122
809.75     0.0140280561122
810.0     0.0140280561122
810.25     0.0140280561122
810.5     0.0140280561122
810.75     0.0140280561122
811.0     0.0140280561122
811.25     0.0140280561122
811.5     0.0140280561122
811.75     0.0140280561122
812.0     0.0140280561122
812.25     0.0140280561122
812.5     0.0140280561122
812.75     0.0140280561122
813.0     0.0140280561122
813.25     0.0140280561122
813.5     0.0140280561122
813.75     0.0140280561122
814.0     0.0140280561122
814.25     0.0140280561122
814.5     0.0140280561122
814.75     0.0140280561122
815.0     0.0140280561122
815.25     0.0140280561122
815.5     0.0140280561122
815.75     0.0140280561122
816.0     0.0140280561122
816.25     0.0140280561122
816.5     0.0140280561122
816.75     0.0140280561122
817.0     0.0140280561122
817.25     0.0140280561122
817.5     0.0140280561122
817.75     0.0140280561122
818.0     0.0140280561122
818.25     0.0140280561122
818.5     0.0140280561122
818.75     0.0140280561122
819.0     0.0140280561122
819.25     0.0140280561122
819.5     0.0140280561122
819.75     0.0140280561122
820.0     0.0140280561122
820.25     0.0140280561122
820.5     0.0140280561122
820.75     0.0140280561122
821.0     0.0140280561122
821.25     0.0140280561122
821.5     0.0140280561122
821.75     0.0140280561122
822.0     0.0140280561122
822.25     0.0140280561122
822.5     0.0140280561122
822.75     0.0140280561122
823.0     0.0140280561122
823.25     0.0140280561122
823.5     0.0140280561122
823.75     0.0140280561122
824.0     0.0140280561122
824.25     0.0140280561122
824.5     0.0140280561122
824.75     0.0140280561122
825.0     0.0140280561122
825.25     0.0140280561122
825.5     0.0140280561122
825.75     0.0140280561122
826.0     0.0140280561122
826.25     0.0140280561122
826.5     0.0140280561122
826.75     0.0140280561122
827.0     0.0140280561122
827.25     0.0140280561122
827.5     0.0140280561122
827.75     0.0140280561122
828.0     0.0140280561122
828.25     0.0140280561122
828.5     0.0140280561122
828.75     0.0140280561122
829.0     0.0140280561122
829.25     0.0140280561122
829.5     0.0140280561122
829.75     0.0140280561122
830.0     0.0140280561122
830.25     0.0140280561122
830.5     0.0140280561122
830.75     0.0140280561122
831.0     0.0140280561122
831.25     0.0140280561122
831.5     0.0140280561122
831.75     0.0140280561122
832.0     0.0140280561122
832.25     0.0140280561122
832.5     0.0140280561122
832.75     0.0140280561122
833.0     0.0140280561122
833.25     0.0140280561122
833.5     0.0140280561122
833.75     0.0140280561122
834.0     0.0140280561122
834.25     0.0140280561122
834.5     0.0140280561122
834.75     0.0140280561122
835.0     0.0140280561122
835.25     0.0140280561122
835.5     0.0140280561122
835.75     0.0140280561122
836.0     0.0140280561122
836.25     0.0140280561122
836.5     0.0140280561122
836.75     0.0140280561122
837.0     0.0140280561122
837.25     0.0140280561122
837.5     0.0140280561122
837.75     0.0140280561122
838.0     0.0140280561122
838.25     0.0140280561122
838.5     0.0140280561122
838.75     0.0140280561122
839.0     0.0140280561122
839.25     0.0140280561122
839.5     0.0140280561122
839.75     0.0140280561122
840.0     0.0140280561122
840.25     0.0140280561122
840.5     0.0140280561122
840.75     0.0140280561122
841.0     0.0140280561122
841.25     0.0140280561122
841.5     0.0140280561122
841.75     0.0140280561122
842.0     0.0140280561122
842.25     0.0140280561122
842.5     0.0140280561122
842.75     0.0140280561122
843.0     0.0140280561122
843.25     0.0140280561122
843.5     0.0140280561122
843.75     0.0140280561122
844.0     0.0140280561122
844.25     0.0140280561122
844.5     0.0140280561122
844.75     0.0140280561122
845.0     0.0140280561122
845.25     0.0140280561122
845.5     0.0140280561122
845.75     0.0140280561122
846.0     0.0140280561122
846.25     0.0140280561122
846.5     0.0140280561122
846.75     0.0140280561122
847.0     0.0140280561122
847.25     0.0140280561122
847.5     0.0140280561122
847.75     0.0140280561122
848.0     0.0140280561122
848.25     0.0120240480962
848.5     0.0120240480962
848.75     0.0120240480962
849.0     0.0120240480962
849.25     0.0120240480962
849.5     0.0120240480962
849.75     0.0120240480962
850.0     0.0120240480962
850.25     0.0120240480962
850.5     0.0120240480962
850.75     0.0120240480962
851.0     0.0120240480962
851.25     0.0120240480962
851.5     0.0120240480962
851.75     0.0120240480962
852.0     0.0120240480962
852.25     0.0120240480962
852.5     0.0120240480962
852.75     0.0120240480962
853.0     0.0120240480962
853.25     0.0120240480962
853.5     0.0120240480962
853.75     0.0120240480962
854.0     0.0120240480962
854.25     0.0120240480962
854.5     0.0120240480962
854.75     0.0120240480962
855.0     0.0120240480962
855.25     0.0120240480962
855.5     0.0120240480962
855.75     0.0120240480962
856.0     0.0120240480962
856.25     0.0120240480962
856.5     0.0120240480962
856.75     0.0120240480962
857.0     0.0120240480962
857.25     0.0120240480962
857.5     0.0120240480962
857.75     0.0120240480962
858.0     0.0120240480962
858.25     0.0120240480962
858.5     0.0120240480962
858.75     0.0120240480962
859.0     0.0120240480962
859.25     0.0120240480962
859.5     0.0120240480962
859.75     0.0120240480962
860.0     0.0120240480962
860.25     0.0120240480962
860.5     0.0120240480962
860.75     0.0120240480962
861.0     0.0120240480962
861.25     0.0120240480962
861.5     0.0100200400802
861.75     0.0100200400802
862.0     0.0100200400802
862.25     0.0100200400802
862.5     0.0100200400802
862.75     0.0100200400802
863.0     0.0100200400802
863.25     0.0100200400802
863.5     0.0100200400802
863.75     0.0100200400802
864.0     0.0100200400802
864.25     0.0100200400802
864.5     0.0100200400802
864.75     0.0100200400802
865.0     0.0100200400802
865.25     0.0100200400802
865.5     0.0100200400802
865.75     0.0120240480962
866.0     0.0120240480962
866.25     0.0120240480962
866.5     0.0120240480962
866.75     0.0120240480962
867.0     0.0120240480962
867.25     0.0120240480962
867.5     0.0120240480962
867.75     0.0120240480962
868.0     0.0120240480962
868.25     0.0100200400802
868.5     0.0100200400802
868.75     0.0100200400802
869.0     0.0100200400802
869.25     0.0100200400802
869.5     0.0100200400802
869.75     0.0100200400802
870.0     0.0100200400802
870.25     0.0100200400802
870.5     0.0100200400802
870.75     0.0100200400802
871.0     0.0100200400802
871.25     0.0100200400802
871.5     0.0100200400802
871.75     0.0100200400802
872.0     0.0100200400802
872.25     0.0100200400802
872.5     0.0100200400802
872.75     0.0100200400802
873.0     0.0100200400802
873.25     0.0100200400802
873.5     0.0100200400802
873.75     0.0100200400802
874.0     0.0100200400802
874.25     0.0100200400802
874.5     0.0100200400802
874.75     0.0100200400802
875.0     0.0100200400802
875.25     0.0100200400802
875.5     0.0100200400802
875.75     0.0100200400802
876.0     0.0100200400802
876.25     0.0100200400802
876.5     0.0100200400802
876.75     0.0100200400802
877.0     0.0100200400802
877.25     0.0100200400802
877.5     0.0100200400802
877.75     0.0100200400802
878.0     0.0100200400802
878.25     0.0100200400802
878.5     0.0100200400802
878.75     0.0100200400802
879.0     0.0100200400802
879.25     0.0100200400802
879.5     0.0100200400802
879.75     0.0100200400802
880.0     0.0100200400802
880.25     0.0100200400802
880.5     0.0100200400802
880.75     0.0100200400802
881.0     0.0100200400802
881.25     0.00801603206413
881.5     0.00801603206413
881.75     0.00801603206413
882.0     0.00801603206413
882.25     0.0100200400802
882.5     0.0100200400802
882.75     0.0100200400802
883.0     0.0100200400802
883.25     0.0100200400802
883.5     0.0100200400802
883.75     0.0100200400802
884.0     0.0100200400802
884.25     0.0100200400802
884.5     0.0100200400802
884.75     0.0100200400802
885.0     0.0100200400802
885.25     0.0100200400802
885.5     0.0100200400802
885.75     0.0100200400802
886.0     0.0100200400802
886.25     0.0100200400802
886.5     0.0100200400802
886.75     0.0100200400802
887.0     0.0100200400802
887.25     0.0100200400802
887.5     0.0100200400802
887.75     0.0100200400802
888.0     0.0100200400802
888.25     0.0100200400802
888.5     0.0100200400802
888.75     0.0100200400802
889.0     0.0100200400802
889.25     0.0100200400802
889.5     0.0100200400802
889.75     0.0100200400802
890.0     0.0100200400802
890.25     0.0100200400802
890.5     0.0100200400802
890.75     0.0100200400802
891.0     0.0100200400802
891.25     0.0100200400802
891.5     0.0100200400802
891.75     0.0100200400802
892.0     0.0100200400802
892.25     0.0100200400802
892.5     0.0100200400802
892.75     0.0100200400802
893.0     0.0100200400802
893.25     0.0100200400802
893.5     0.0100200400802
893.75     0.0100200400802
894.0     0.0100200400802
894.25     0.0100200400802
894.5     0.0100200400802
894.75     0.0100200400802
895.0     0.0100200400802
895.25     0.0100200400802
895.5     0.0100200400802
895.75     0.0100200400802
896.0     0.0100200400802
896.25     0.0100200400802
896.5     0.0100200400802
896.75     0.00801603206413
897.0     0.00801603206413
897.25     0.00801603206413
897.5     0.00801603206413
897.75     0.00801603206413
898.0     0.00801603206413
898.25     0.00801603206413
898.5     0.00801603206413
898.75     0.00801603206413
899.0     0.00801603206413
899.25     0.00801603206413
899.5     0.00801603206413
899.75     0.00801603206413
900.0     0.00801603206413
900.25     0.00801603206413
900.5     0.00801603206413
900.75     0.00801603206413
901.0     0.00801603206413
901.25     0.00801603206413
901.5     0.00801603206413
901.75     0.00801603206413
902.0     0.00801603206413
902.25     0.00801603206413
902.5     0.00801603206413
902.75     0.00801603206413
903.0     0.00801603206413
903.25     0.00801603206413
903.5     0.00801603206413
903.75     0.00801603206413
904.0     0.00801603206413
904.25     0.00801603206413
904.5     0.00801603206413
904.75     0.00801603206413
905.0     0.00801603206413
905.25     0.00801603206413
905.5     0.00801603206413
905.75     0.00801603206413
906.0     0.00801603206413
906.25     0.00801603206413
906.5     0.00801603206413
906.75     0.00801603206413
907.0     0.00801603206413
907.25     0.00801603206413
907.5     0.00801603206413
907.75     0.00801603206413
908.0     0.00801603206413
908.25     0.00801603206413
908.5     0.0060120240481
908.75     0.0060120240481
909.0     0.0060120240481
909.25     0.0060120240481
909.5     0.0060120240481
909.75     0.00801603206413
910.0     0.00801603206413
910.25     0.00801603206413
910.5     0.00801603206413
910.75     0.00801603206413
911.0     0.00801603206413
911.25     0.00801603206413
911.5     0.00801603206413
911.75     0.00801603206413
912.0     0.00801603206413
912.25     0.00801603206413
912.5     0.00801603206413
912.75     0.00801603206413
913.0     0.00801603206413
913.25     0.00801603206413
913.5     0.00801603206413
913.75     0.00801603206413
914.0     0.00801603206413
914.25     0.00801603206413
914.5     0.00801603206413
914.75     0.00801603206413
915.0     0.00801603206413
915.25     0.00801603206413
915.5     0.0060120240481
915.75     0.0060120240481
916.0     0.0060120240481
916.25     0.0060120240481
916.5     0.0060120240481
916.75     0.0060120240481
917.0     0.0060120240481
917.25     0.0060120240481
917.5     0.0060120240481
917.75     0.0060120240481
918.0     0.0060120240481
918.25     0.0060120240481
918.5     0.0060120240481
918.75     0.0060120240481
919.0     0.0060120240481
919.25     0.0060120240481
919.5     0.0060120240481
919.75     0.0060120240481
920.0     0.0060120240481
920.25     0.0060120240481
920.5     0.0060120240481
920.75     0.0060120240481
921.0     0.0060120240481
921.25     0.0060120240481
921.5     0.0060120240481
921.75     0.0060120240481
922.0     0.0060120240481
922.25     0.0060120240481
922.5     0.0060120240481
922.75     0.0060120240481
923.0     0.0060120240481
923.25     0.0060120240481
923.5     0.0060120240481
923.75     0.0060120240481
924.0     0.0060120240481
924.25     0.0060120240481
924.5     0.0060120240481
924.75     0.0060120240481
925.0     0.0060120240481
925.25     0.0060120240481
925.5     0.0060120240481
925.75     0.0060120240481
926.0     0.0060120240481
926.25     0.0060120240481
926.5     0.0060120240481
926.75     0.0060120240481
927.0     0.0060120240481
927.25     0.0060120240481
927.5     0.0060120240481
927.75     0.0060120240481
928.0     0.0060120240481
928.25     0.0060120240481
928.5     0.0060120240481
928.75     0.0060120240481
929.0     0.0060120240481
929.25     0.0060120240481
929.5     0.0060120240481
929.75     0.0060120240481
930.0     0.0060120240481
930.25     0.0060120240481
930.5     0.0060120240481
930.75     0.0060120240481
931.0     0.0060120240481
931.25     0.0060120240481
931.5     0.0060120240481
931.75     0.0060120240481
932.0     0.0060120240481
932.25     0.0060120240481
932.5     0.0060120240481
932.75     0.0060120240481
933.0     0.0060120240481
933.25     0.0060120240481
933.5     0.0060120240481
933.75     0.0060120240481
934.0     0.0060120240481
934.25     0.0060120240481
934.5     0.0060120240481
934.75     0.0060120240481
935.0     0.0060120240481
935.25     0.0060120240481
935.5     0.0060120240481
935.75     0.0060120240481
936.0     0.0060120240481
936.25     0.0060120240481
936.5     0.0060120240481
936.75     0.0060120240481
937.0     0.0060120240481
937.25     0.0060120240481
937.5     0.0060120240481
937.75     0.0060120240481
938.0     0.0060120240481
938.25     0.0060120240481
938.5     0.0060120240481
938.75     0.0060120240481
939.0     0.0060120240481
939.25     0.0060120240481
939.5     0.0060120240481
939.75     0.0060120240481
940.0     0.0060120240481
940.25     0.0060120240481
940.5     0.0060120240481
940.75     0.0060120240481
941.0     0.0060120240481
941.25     0.0060120240481
941.5     0.0060120240481
941.75     0.0060120240481
942.0     0.0060120240481
942.25     0.0060120240481
942.5     0.0060120240481
942.75     0.0060120240481
943.0     0.0060120240481
943.25     0.0060120240481
943.5     0.0060120240481
943.75     0.0060120240481
944.0     0.0060120240481
944.25     0.00400801603206
944.5     0.00400801603206
944.75     0.00400801603206
945.0     0.00400801603206
945.25     0.00400801603206
945.5     0.00400801603206
945.75     0.00400801603206
946.0     0.00400801603206
946.25     0.00400801603206
946.5     0.00400801603206
946.75     0.00400801603206
947.0     0.00400801603206
947.25     0.00400801603206
947.5     0.00400801603206
947.75     0.00400801603206
948.0     0.00400801603206
948.25     0.00400801603206
948.5     0.00400801603206
948.75     0.00400801603206
949.0     0.00400801603206
949.25     0.00400801603206
949.5     0.00400801603206
949.75     0.00400801603206
950.0     0.00400801603206
950.25     0.00400801603206
950.5     0.00400801603206
950.75     0.00400801603206
951.0     0.00400801603206
951.25     0.00400801603206
951.5     0.00400801603206
951.75     0.00400801603206
952.0     0.00400801603206
952.25     0.00400801603206
952.5     0.00400801603206
952.75     0.00400801603206
953.0     0.00400801603206
953.25     0.00400801603206
953.5     0.00400801603206
953.75     0.00400801603206
954.0     0.00400801603206
954.25     0.00400801603206
954.5     0.00400801603206
954.75     0.00400801603206
955.0     0.00400801603206
955.25     0.00400801603206
955.5     0.00400801603206
955.75     0.00400801603206
956.0     0.00400801603206
956.25     0.00400801603206
956.5     0.00400801603206
956.75     0.00400801603206
957.0     0.00200400801603
957.25     0.00200400801603
957.5     0.00200400801603
957.75     0.00200400801603
958.0     0.00200400801603
958.25     0.00200400801603
958.5     0.00200400801603
958.75     0.00200400801603
959.0     0.00200400801603
959.25     0.00200400801603
959.5     0.00200400801603
959.75     0.00200400801603
960.0     0.00200400801603
960.25     0.00200400801603
960.5     0.00200400801603
960.75     0.00200400801603
961.0     0.00200400801603
961.25     0.00200400801603
961.5     0.00200400801603
961.75     0.00200400801603
962.0     0.00200400801603
962.25     0.00200400801603
962.5     0.00200400801603
962.75     0.00200400801603
963.0     0.00200400801603
963.25     0.00200400801603
963.5     0.00200400801603
963.75     0.00200400801603
964.0     0.00200400801603
964.25     0.00200400801603
964.5     0.00200400801603
964.75     0.00200400801603
965.0     0.00200400801603
965.25     0.00200400801603
965.5     0.00200400801603
965.75     0.00200400801603
966.0     0.00200400801603
966.25     0.00200400801603
966.5     0.00200400801603
966.75     0.00200400801603
967.0     0.00200400801603
967.25     0.00200400801603
967.5     0.00200400801603
967.75     0.00200400801603
968.0     0.00200400801603
968.25     0.00200400801603
968.5     0.00200400801603
968.75     0.00200400801603
969.0     0.00200400801603
969.25     0.00200400801603
969.5     0.00200400801603
969.75     0.00200400801603
970.0     0.00200400801603
970.25     0.00200400801603
970.5     0.00200400801603
970.75     0.00200400801603
971.0     0.00200400801603
971.25     0.00200400801603
971.5     0.00200400801603
971.75     0.00200400801603
972.0     0.0
972.25     0.0
972.5     0.0
972.75     0.0
973.0     0.0
973.25     0.0
973.5     0.0
973.75     0.0
974.0     0.0
974.25     0.0
974.5     0.0
974.75     0.0
975.0     0.0
975.25     0.0
975.5     0.0
975.75     0.0
976.0     0.0
976.25     0.0
976.5     0.0
976.75     0.0
977.0     0.0
977.25     0.0
977.5     0.0
977.75     0.0
978.0     0.0
978.25     0.0
978.5     0.0
978.75     0.0
979.0     0.0
979.25     0.0
979.5     0.0
979.75     0.0
980.0     0.0
980.25     0.0
980.5     0.0
980.75     0.0
981.0     0.0
981.25     0.0
981.5     0.0
981.75     0.0
982.0     0.0
982.25     0.0
982.5     0.0
982.75     0.0
983.0     0.0
983.25     0.0
983.5     0.0
983.75     0.0
984.0     0.0
984.25     0.0
984.5     0.0
984.75     0.0
985.0     0.0
985.25     0.0
985.5     0.0
985.75     0.0
986.0     0.0
986.25     0.0
986.5     0.0
986.75     0.0
987.0     0.0
987.25     0.0
987.5     0.0
987.75     0.0
988.0     0.0
988.25     0.0
988.5     0.0
988.75     0.0
989.0     0.0
989.25     0.0
989.5     0.0
989.75     0.0
990.0     0.0
990.25     0.0
990.5     0.0
990.75     0.0
991.0     0.0
991.25     0.0
991.5     0.0
991.75     0.0
992.0     0.0
992.25     0.0
992.5     0.0
992.75     0.0
993.0     0.0
993.25     0.0
993.5     0.0
993.75     0.0
994.0     0.0
994.25     0.0
994.5     0.0
994.75     0.0
995.0     0.0
995.25     0.0
995.5     0.0
995.75     0.0
996.0     0.0
996.25     0.0
996.5     0.0
996.75     0.0
997.0     0.0
997.25     0.0
997.5     0.0
997.75     0.0
998.0     0.0
998.25     0.0
998.5     0.0
998.75     0.0
999.0     0.0
999.25     0.0
999.5     0.0
999.75     0.0
1000.0     0.0
