0.25     0.0
0.5     0.0
0.75     0.0
1.0     0.0
1.25     0.0
1.5     0.0
1.75     0.0
2.0     0.0
2.25     0.0
2.5     0.0
2.75     0.0
3.0     0.0
3.25     0.0
3.5     0.0
3.75     0.0
4.0     0.0
4.25     0.0
4.5     0.0
4.75     0.0
5.0     0.0
5.25     0.0
5.5     0.0
5.75     0.0
6.0     0.0
6.25     0.0
6.5     0.0
6.75     0.0
7.0     0.0
7.25     0.0
7.5     0.0
7.75     0.0
8.0     0.0
8.25     0.0
8.5     0.0
8.75     0.0
9.0     0.0
9.25     0.0
9.5     0.0
9.75     0.0
10.0     0.0
10.25     0.0
10.5     0.0
10.75     0.0
11.0     0.0
11.25     0.0
11.5     0.0
11.75     0.0
12.0     0.0
12.25     0.0
12.5     0.0
12.75     0.0
13.0     0.0
13.25     0.0
13.5     0.0
13.75     0.0
14.0     0.0
14.25     0.0
14.5     0.0
14.75     0.0
15.0     0.0
15.25     0.0
15.5     0.0
15.75     0.0
16.0     0.0
16.25     0.0
16.5     0.0
16.75     0.0
17.0     0.0
17.25     0.0
17.5     0.0
17.75     0.0
18.0     0.0
18.25     0.0
18.5     0.0
18.75     0.0
19.0     0.0
19.25     0.0
19.5     0.0
19.75     0.0
20.0     0.0
20.25     0.0
20.5     0.0
20.75     0.0
21.0     0.0
21.25     0.0
21.5     0.0
21.75     0.0
22.0     0.0
22.25     0.0
22.5     0.002
22.75     0.004
23.0     0.008
23.25     0.008
23.5     0.008
23.75     0.008
24.0     0.008
24.25     0.008
24.5     0.006
24.75     0.008
25.0     0.008
25.25     0.008
25.5     0.008
25.75     0.01
26.0     0.012
26.25     0.014
26.5     0.016
26.75     0.016
27.0     0.018
27.25     0.022
27.5     0.02
27.75     0.02
28.0     0.026
28.25     0.03
28.5     0.03
28.75     0.034
29.0     0.038
29.25     0.042
29.5     0.044
29.75     0.046
30.0     0.052
30.25     0.052
30.5     0.056
30.75     0.06
31.0     0.06
31.25     0.066
31.5     0.066
31.75     0.072
32.0     0.078
32.25     0.08
32.5     0.084
32.75     0.082
33.0     0.084
33.25     0.084
33.5     0.086
33.75     0.09
34.0     0.088
34.25     0.088
34.5     0.086
34.75     0.09
35.0     0.092
35.25     0.092
35.5     0.098
35.75     0.094
36.0     0.096
36.25     0.1
36.5     0.106
36.75     0.11
37.0     0.11
37.25     0.112
37.5     0.112
37.75     0.114
38.0     0.12
38.25     0.122
38.5     0.126
38.75     0.128
39.0     0.13
39.25     0.132
39.5     0.138
39.75     0.138
40.0     0.138
40.25     0.142
40.5     0.142
40.75     0.142
41.0     0.146
41.25     0.148
41.5     0.148
41.75     0.15
42.0     0.152
42.25     0.152
42.5     0.152
42.75     0.154
43.0     0.156
43.25     0.154
43.5     0.154
43.75     0.154
44.0     0.156
44.25     0.156
44.5     0.156
44.75     0.158
45.0     0.158
45.25     0.158
45.5     0.16
45.75     0.17
46.0     0.17
46.25     0.172
46.5     0.174
46.75     0.174
47.0     0.178
47.25     0.178
47.5     0.182
47.75     0.184
48.0     0.19
48.25     0.192
48.5     0.194
48.75     0.198
49.0     0.2
49.25     0.2
49.5     0.202
49.75     0.2
50.0     0.208
50.25     0.21
50.5     0.212
50.75     0.212
51.0     0.212
51.25     0.216
51.5     0.218
51.75     0.222
52.0     0.22
52.25     0.222
52.5     0.222
52.75     0.222
53.0     0.224
53.25     0.232
53.5     0.234
53.75     0.238
54.0     0.238
54.25     0.238
54.5     0.242
54.75     0.24
55.0     0.24
55.25     0.24
55.5     0.24
55.75     0.242
56.0     0.242
56.25     0.242
56.5     0.242
56.75     0.242
57.0     0.242
57.25     0.244
57.5     0.244
57.75     0.244
58.0     0.244
58.25     0.246
58.5     0.246
58.75     0.248
59.0     0.248
59.25     0.248
59.5     0.248
59.75     0.248
60.0     0.25
60.25     0.252
60.5     0.258
60.75     0.264
61.0     0.266
61.25     0.266
61.5     0.268
61.75     0.27
62.0     0.274
62.25     0.274
62.5     0.274
62.75     0.274
63.0     0.274
63.25     0.276
63.5     0.276
63.75     0.278
64.0     0.278
64.25     0.28
64.5     0.28
64.75     0.28
65.0     0.282
65.25     0.284
65.5     0.284
65.75     0.29
66.0     0.29
66.25     0.292
66.5     0.292
66.75     0.292
67.0     0.294
67.25     0.296
67.5     0.296
67.75     0.296
68.0     0.298
68.25     0.3
68.5     0.3
68.75     0.3
69.0     0.302
69.25     0.304
69.5     0.306
69.75     0.306
70.0     0.306
70.25     0.306
70.5     0.306
70.75     0.304
71.0     0.304
71.25     0.304
71.5     0.304
71.75     0.304
72.0     0.304
72.25     0.306
72.5     0.306
72.75     0.308
73.0     0.31
73.25     0.31
73.5     0.312
73.75     0.312
74.0     0.312
74.25     0.316
74.5     0.318
74.75     0.318
75.0     0.318
75.25     0.318
75.5     0.318
75.75     0.318
76.0     0.318
76.25     0.318
76.5     0.32
76.75     0.32
77.0     0.324
77.25     0.328
77.5     0.328
77.75     0.33
78.0     0.33
78.25     0.33
78.5     0.33
78.75     0.33
79.0     0.33
79.25     0.332
79.5     0.332
79.75     0.334
80.0     0.334
80.25     0.334
80.5     0.334
80.75     0.334
81.0     0.336
81.25     0.336
81.5     0.336
81.75     0.336
82.0     0.336
82.25     0.336
82.5     0.336
82.75     0.336
83.0     0.336
83.25     0.336
83.5     0.336
83.75     0.338
84.0     0.338
84.25     0.338
84.5     0.338
84.75     0.338
85.0     0.34
85.25     0.34
85.5     0.34
85.75     0.34
86.0     0.34
86.25     0.346
86.5     0.346
86.75     0.346
87.0     0.35
87.25     0.352
87.5     0.352
87.75     0.352
88.0     0.352
88.25     0.354
88.5     0.358
88.75     0.358
89.0     0.36
89.25     0.36
89.5     0.36
89.75     0.362
90.0     0.364
90.25     0.364
90.5     0.364
90.75     0.364
91.0     0.366
91.25     0.366
91.5     0.366
91.75     0.366
92.0     0.366
92.25     0.366
92.5     0.37
92.75     0.37
93.0     0.37
93.25     0.37
93.5     0.37
93.75     0.372
94.0     0.372
94.25     0.372
94.5     0.372
94.75     0.374
95.0     0.374
95.25     0.374
95.5     0.374
95.75     0.374
96.0     0.378
96.25     0.38
96.5     0.382
96.75     0.384
97.0     0.386
97.25     0.388
97.5     0.388
97.75     0.39
98.0     0.394
98.25     0.39
98.5     0.39
98.75     0.392
99.0     0.394
99.25     0.394
99.5     0.396
99.75     0.396
100.0     0.394
100.25     0.394
100.5     0.396
100.75     0.396
101.0     0.398
101.25     0.398
101.5     0.398
101.75     0.398
102.0     0.398
102.25     0.398
102.5     0.4
102.75     0.4
103.0     0.4
103.25     0.4
103.5     0.4
103.75     0.4
104.0     0.402
104.25     0.404
104.5     0.404
104.75     0.406
105.0     0.41
105.25     0.41
105.5     0.41
105.75     0.41
106.0     0.41
106.25     0.41
106.5     0.412
106.75     0.412
107.0     0.414
107.25     0.414
107.5     0.414
107.75     0.42
108.0     0.42
108.25     0.42
108.5     0.42
108.75     0.422
109.0     0.424
109.25     0.424
109.5     0.424
109.75     0.426
110.0     0.43
110.25     0.436
110.5     0.434
110.75     0.434
111.0     0.434
111.25     0.434
111.5     0.434
111.75     0.434
112.0     0.436
112.25     0.436
112.5     0.434
112.75     0.436
113.0     0.436
113.25     0.436
113.5     0.436
113.75     0.436
114.0     0.434
114.25     0.434
114.5     0.434
114.75     0.434
115.0     0.436
115.25     0.436
115.5     0.436
115.75     0.438
116.0     0.438
116.25     0.442
116.5     0.442
116.75     0.444
117.0     0.444
117.25     0.444
117.5     0.444
117.75     0.448
118.0     0.448
118.25     0.45
118.5     0.45
118.75     0.45
119.0     0.45
119.25     0.452
119.5     0.452
119.75     0.454
120.0     0.454
120.25     0.454
120.5     0.454
120.75     0.454
121.0     0.458
121.25     0.458
121.5     0.458
121.75     0.458
122.0     0.458
122.25     0.458
122.5     0.46
122.75     0.46
123.0     0.466
123.25     0.466
123.5     0.464
123.75     0.464
124.0     0.466
124.25     0.466
124.5     0.468
124.75     0.468
125.0     0.468
125.25     0.47
125.5     0.472
125.75     0.472
126.0     0.474
126.25     0.482
126.5     0.482
126.75     0.482
127.0     0.482
127.25     0.484
127.5     0.486
127.75     0.486
128.0     0.484
128.25     0.486
128.5     0.486
128.75     0.486
129.0     0.486
129.25     0.486
129.5     0.488
129.75     0.488
130.0     0.488
130.25     0.49
130.5     0.492
130.75     0.492
131.0     0.496
131.25     0.498
131.5     0.5
131.75     0.502
132.0     0.502
132.25     0.502
132.5     0.506
132.75     0.504
133.0     0.504
133.25     0.504
133.5     0.504
133.75     0.504
134.0     0.504
134.25     0.506
134.5     0.506
134.75     0.508
135.0     0.514
135.25     0.516
135.5     0.516
135.75     0.516
136.0     0.518
136.25     0.52
136.5     0.52
136.75     0.522
137.0     0.522
137.25     0.524
137.5     0.524
137.75     0.524
138.0     0.524
138.25     0.526
138.5     0.528
138.75     0.53
139.0     0.53
139.25     0.532
139.5     0.532
139.75     0.532
140.0     0.536
140.25     0.54
140.5     0.54
140.75     0.542
141.0     0.542
141.25     0.542
141.5     0.542
141.75     0.544
142.0     0.548
142.25     0.548
142.5     0.55
142.75     0.55
143.0     0.55
143.25     0.556
143.5     0.56
143.75     0.562
144.0     0.564
144.25     0.57
144.5     0.568
144.75     0.568
145.0     0.57
145.25     0.57
145.5     0.57
145.75     0.57
146.0     0.57
146.25     0.574
146.5     0.574
146.75     0.574
147.0     0.574
147.25     0.574
147.5     0.574
147.75     0.574
148.0     0.574
148.25     0.574
148.5     0.576
148.75     0.578
149.0     0.58
149.25     0.582
149.5     0.582
149.75     0.58
150.0     0.582
150.25     0.582
150.5     0.582
150.75     0.582
151.0     0.584
151.25     0.584
151.5     0.584
151.75     0.586
152.0     0.586
152.25     0.586
152.5     0.586
152.75     0.586
153.0     0.59
153.25     0.594
153.5     0.594
153.75     0.594
154.0     0.594
154.25     0.598
154.5     0.598
154.75     0.598
155.0     0.598
155.25     0.598
155.5     0.598
155.75     0.602
156.0     0.602
156.25     0.604
156.5     0.606
156.75     0.606
157.0     0.608
157.25     0.608
157.5     0.608
157.75     0.61
158.0     0.612
158.25     0.614
158.5     0.616
158.75     0.616
159.0     0.618
159.25     0.618
159.5     0.618
159.75     0.62
160.0     0.622
160.25     0.624
160.5     0.624
160.75     0.624
161.0     0.624
161.25     0.624
161.5     0.624
161.75     0.624
162.0     0.624
162.25     0.624
162.5     0.628
162.75     0.628
163.0     0.63
163.25     0.63
163.5     0.63
163.75     0.63
164.0     0.63
164.25     0.63
164.5     0.63
164.75     0.63
165.0     0.63
165.25     0.63
165.5     0.63
165.75     0.632
166.0     0.634
166.25     0.634
166.5     0.638
166.75     0.638
167.0     0.64
167.25     0.64
167.5     0.64
167.75     0.64
168.0     0.64
168.25     0.64
168.5     0.64
168.75     0.64
169.0     0.64
169.25     0.642
169.5     0.642
169.75     0.642
170.0     0.642
170.25     0.642
170.5     0.642
170.75     0.642
171.0     0.642
171.25     0.642
171.5     0.642
171.75     0.642
172.0     0.642
172.25     0.642
172.5     0.642
172.75     0.642
173.0     0.642
173.25     0.642
173.5     0.644
173.75     0.644
174.0     0.648
174.25     0.648
174.5     0.648
174.75     0.648
175.0     0.648
175.25     0.652
175.5     0.65
175.75     0.65
176.0     0.65
176.25     0.646
176.5     0.65
176.75     0.65
177.0     0.652
177.25     0.652
177.5     0.652
177.75     0.652
178.0     0.656
178.25     0.656
178.5     0.656
178.75     0.656
179.0     0.654
179.25     0.656
179.5     0.656
179.75     0.656
180.0     0.656
180.25     0.66
180.5     0.66
180.75     0.662
181.0     0.662
181.25     0.664
181.5     0.664
181.75     0.666
182.0     0.666
182.25     0.666
182.5     0.666
182.75     0.668
183.0     0.67
183.25     0.672
183.5     0.674
183.75     0.672
184.0     0.672
184.25     0.674
184.5     0.674
184.75     0.676
185.0     0.678
185.25     0.682
185.5     0.682
185.75     0.686
186.0     0.688
186.25     0.688
186.5     0.688
186.75     0.688
187.0     0.688
187.25     0.69
187.5     0.69
187.75     0.69
188.0     0.69
188.25     0.69
188.5     0.692
188.75     0.694
189.0     0.694
189.25     0.694
189.5     0.694
189.75     0.694
190.0     0.696
190.25     0.696
190.5     0.696
190.75     0.696
191.0     0.696
191.25     0.696
191.5     0.696
191.75     0.696
192.0     0.696
192.25     0.698
192.5     0.698
192.75     0.7
193.0     0.7
193.25     0.7
193.5     0.7
193.75     0.7
194.0     0.7
194.25     0.702
194.5     0.702
194.75     0.706
195.0     0.708
195.25     0.708
195.5     0.708
195.75     0.708
196.0     0.708
196.25     0.708
196.5     0.708
196.75     0.708
197.0     0.708
197.25     0.71
197.5     0.71
197.75     0.71
198.0     0.71
198.25     0.71
198.5     0.71
198.75     0.71
199.0     0.71
199.25     0.71
199.5     0.714
199.75     0.714
200.0     0.714
200.25     0.714
200.5     0.714
200.75     0.716
201.0     0.716
201.25     0.716
201.5     0.718
201.75     0.718
202.0     0.718
202.25     0.72
202.5     0.72
202.75     0.72
203.0     0.722
203.25     0.724
203.5     0.726
203.75     0.728
204.0     0.728
204.25     0.728
204.5     0.728
204.75     0.73
205.0     0.73
205.25     0.73
205.5     0.73
205.75     0.728
206.0     0.728
206.25     0.728
206.5     0.728
206.75     0.73
207.0     0.732
207.25     0.732
207.5     0.732
207.75     0.732
208.0     0.734
208.25     0.734
208.5     0.734
208.75     0.734
209.0     0.734
209.25     0.734
209.5     0.734
209.75     0.734
210.0     0.734
210.25     0.734
210.5     0.734
210.75     0.734
211.0     0.734
211.25     0.734
211.5     0.736
211.75     0.736
212.0     0.736
212.25     0.738
212.5     0.738
212.75     0.738
213.0     0.738
213.25     0.738
213.5     0.738
213.75     0.74
214.0     0.74
214.25     0.74
214.5     0.74
214.75     0.74
215.0     0.74
215.25     0.742
215.5     0.744
215.75     0.746
216.0     0.746
216.25     0.746
216.5     0.746
216.75     0.746
217.0     0.746
217.25     0.744
217.5     0.744
217.75     0.744
218.0     0.744
218.25     0.748
218.5     0.75
218.75     0.75
219.0     0.75
219.25     0.75
219.5     0.75
219.75     0.75
220.0     0.75
220.25     0.75
220.5     0.75
220.75     0.75
221.0     0.75
221.25     0.75
221.5     0.752
221.75     0.752
222.0     0.752
222.25     0.752
222.5     0.754
222.75     0.754
223.0     0.756
223.25     0.756
223.5     0.756
223.75     0.756
224.0     0.756
224.25     0.756
224.5     0.754
224.75     0.754
225.0     0.754
225.25     0.754
225.5     0.754
225.75     0.754
226.0     0.756
226.25     0.756
226.5     0.756
226.75     0.756
227.0     0.756
227.25     0.756
227.5     0.756
227.75     0.756
228.0     0.756
228.25     0.76
228.5     0.76
228.75     0.76
229.0     0.76
229.25     0.762
229.5     0.764
229.75     0.764
230.0     0.764
230.25     0.764
230.5     0.766
230.75     0.766
231.0     0.768
231.25     0.768
231.5     0.768
231.75     0.768
232.0     0.768
232.25     0.768
232.5     0.768
232.75     0.768
233.0     0.768
233.25     0.774
233.5     0.774
233.75     0.776
234.0     0.776
234.25     0.776
234.5     0.776
234.75     0.776
235.0     0.778
235.25     0.78
235.5     0.78
235.75     0.78
236.0     0.78
236.25     0.78
236.5     0.78
236.75     0.78
237.0     0.778
237.25     0.778
237.5     0.78
237.75     0.78
238.0     0.778
238.25     0.778
238.5     0.778
238.75     0.78
239.0     0.782
239.25     0.782
239.5     0.782
239.75     0.782
240.0     0.782
240.25     0.786
240.5     0.786
240.75     0.786
241.0     0.786
241.25     0.786
241.5     0.786
241.75     0.786
242.0     0.79
242.25     0.792
242.5     0.794
242.75     0.794
243.0     0.794
243.25     0.794
243.5     0.798
243.75     0.798
244.0     0.8
244.25     0.804
244.5     0.804
244.75     0.804
245.0     0.806
245.25     0.806
245.5     0.806
245.75     0.804
246.0     0.804
246.25     0.806
246.5     0.81
246.75     0.81
247.0     0.812
247.25     0.812
247.5     0.816
247.75     0.816
248.0     0.818
248.25     0.818
248.5     0.818
248.75     0.818
249.0     0.816
249.25     0.816
249.5     0.816
249.75     0.82
250.0     0.82
250.25     0.822
250.5     0.822
250.75     0.822
251.0     0.822
251.25     0.818
251.5     0.82
251.75     0.82
252.0     0.822
252.25     0.822
252.5     0.824
252.75     0.826
253.0     0.826
253.25     0.83
253.5     0.83
253.75     0.83
254.0     0.83
254.25     0.832
254.5     0.834
254.75     0.834
255.0     0.834
255.25     0.832
255.5     0.832
255.75     0.832
256.0     0.832
256.25     0.834
256.5     0.834
256.75     0.834
257.0     0.836
257.25     0.834
257.5     0.834
257.75     0.836
258.0     0.836
258.25     0.836
258.5     0.836
258.75     0.836
259.0     0.84
259.25     0.84
259.5     0.84
259.75     0.842
260.0     0.842
260.25     0.844
260.5     0.844
260.75     0.844
261.0     0.844
261.25     0.846
261.5     0.846
261.75     0.85
262.0     0.85
262.25     0.852
262.5     0.852
262.75     0.852
263.0     0.852
263.25     0.852
263.5     0.852
263.75     0.854
264.0     0.854
264.25     0.854
264.5     0.854
264.75     0.856
265.0     0.856
265.25     0.856
265.5     0.856
265.75     0.856
266.0     0.86
266.25     0.862
266.5     0.862
266.75     0.862
267.0     0.86
267.25     0.862
267.5     0.862
267.75     0.866
268.0     0.866
268.25     0.866
268.5     0.866
268.75     0.866
269.0     0.868
269.25     0.868
269.5     0.868
269.75     0.87
270.0     0.87
270.25     0.87
270.5     0.872
270.75     0.872
271.0     0.874
271.25     0.874
271.5     0.874
271.75     0.876
272.0     0.878
272.25     0.878
272.5     0.878
272.75     0.878
273.0     0.878
273.25     0.878
273.5     0.88
273.75     0.88
274.0     0.88
274.25     0.882
274.5     0.882
274.75     0.882
275.0     0.882
275.25     0.882
275.5     0.88
275.75     0.882
276.0     0.882
276.25     0.882
276.5     0.882
276.75     0.882
277.0     0.882
277.25     0.882
277.5     0.882
277.75     0.884
278.0     0.884
278.25     0.884
278.5     0.884
278.75     0.882
279.0     0.882
279.25     0.882
279.5     0.882
279.75     0.882
280.0     0.882
280.25     0.882
280.5     0.882
280.75     0.882
281.0     0.882
281.25     0.884
281.5     0.884
281.75     0.884
282.0     0.884
282.25     0.884
282.5     0.884
282.75     0.886
283.0     0.886
283.25     0.886
283.5     0.886
283.75     0.886
284.0     0.888
284.25     0.888
284.5     0.892
284.75     0.892
285.0     0.89
285.25     0.89
285.5     0.89
285.75     0.89
286.0     0.89
286.25     0.894
286.5     0.894
286.75     0.894
287.0     0.892
287.25     0.892
287.5     0.892
287.75     0.894
288.0     0.894
288.25     0.892
288.5     0.892
288.75     0.892
289.0     0.892
289.25     0.892
289.5     0.892
289.75     0.892
290.0     0.892
290.25     0.892
290.5     0.892
290.75     0.894
291.0     0.892
291.25     0.892
291.5     0.89
291.75     0.894
292.0     0.894
292.25     0.894
292.5     0.894
292.75     0.894
293.0     0.896
293.25     0.896
293.5     0.896
293.75     0.896
294.0     0.896
294.25     0.896
294.5     0.896
294.75     0.896
295.0     0.896
295.25     0.896
295.5     0.896
295.75     0.898
296.0     0.898
296.25     0.898
296.5     0.898
296.75     0.898
297.0     0.898
297.25     0.898
297.5     0.898
297.75     0.898
298.0     0.898
298.25     0.9
298.5     0.904
298.75     0.904
299.0     0.904
299.25     0.904
299.5     0.906
299.75     0.906
300.0     0.906
300.25     0.906
300.5     0.908
300.75     0.906
301.0     0.908
301.25     0.906
301.5     0.906
301.75     0.908
302.0     0.91
302.25     0.91
302.5     0.91
302.75     0.91
303.0     0.912
303.25     0.912
303.5     0.912
303.75     0.912
304.0     0.912
304.25     0.912
304.5     0.912
304.75     0.912
305.0     0.912
305.25     0.912
305.5     0.912
305.75     0.912
306.0     0.912
306.25     0.912
306.5     0.914
306.75     0.914
307.0     0.914
307.25     0.914
307.5     0.914
307.75     0.914
308.0     0.914
308.25     0.914
308.5     0.914
308.75     0.914
309.0     0.914
309.25     0.914
309.5     0.914
309.75     0.914
310.0     0.914
310.25     0.914
310.5     0.916
310.75     0.916
311.0     0.916
311.25     0.916
311.5     0.916
311.75     0.918
312.0     0.92
312.25     0.92
312.5     0.92
312.75     0.92
313.0     0.92
313.25     0.92
313.5     0.92
313.75     0.92
314.0     0.922
314.25     0.926
314.5     0.926
314.75     0.926
315.0     0.926
315.25     0.926
315.5     0.926
315.75     0.926
316.0     0.926
316.25     0.928
316.5     0.928
316.75     0.928
317.0     0.928
317.25     0.928
317.5     0.928
317.75     0.928
318.0     0.928
318.25     0.928
318.5     0.928
318.75     0.928
319.0     0.928
319.25     0.928
319.5     0.928
319.75     0.928
320.0     0.928
320.25     0.928
320.5     0.928
320.75     0.928
321.0     0.928
321.25     0.928
321.5     0.928
321.75     0.928
322.0     0.928
322.25     0.928
322.5     0.928
322.75     0.928
323.0     0.928
323.25     0.928
323.5     0.928
323.75     0.928
324.0     0.928
324.25     0.928
324.5     0.928
324.75     0.928
325.0     0.928
325.25     0.93
325.5     0.932
325.75     0.932
326.0     0.932
326.25     0.932
326.5     0.932
326.75     0.932
327.0     0.932
327.25     0.932
327.5     0.934
327.75     0.934
328.0     0.934
328.25     0.934
328.5     0.934
328.75     0.934
329.0     0.934
329.25     0.936
329.5     0.938
329.75     0.938
330.0     0.938
330.25     0.938
330.5     0.938
330.75     0.938
331.0     0.938
331.25     0.938
331.5     0.938
331.75     0.938
332.0     0.938
332.25     0.938
332.5     0.938
332.75     0.938
333.0     0.938
333.25     0.938
333.5     0.938
333.75     0.94
334.0     0.94
334.25     0.94
334.5     0.94
334.75     0.94
335.0     0.94
335.25     0.94
335.5     0.942
335.75     0.942
336.0     0.942
336.25     0.942
336.5     0.942
336.75     0.942
337.0     0.942
337.25     0.942
337.5     0.942
337.75     0.944
338.0     0.944
338.25     0.944
338.5     0.944
338.75     0.946
339.0     0.946
339.25     0.946
339.5     0.946
339.75     0.946
340.0     0.946
340.25     0.946
340.5     0.948
340.75     0.948
341.0     0.948
341.25     0.948
341.5     0.95
341.75     0.95
342.0     0.95
342.25     0.95
342.5     0.948
342.75     0.948
343.0     0.948
343.25     0.948
343.5     0.948
343.75     0.948
344.0     0.948
344.25     0.948
344.5     0.948
344.75     0.948
345.0     0.948
345.25     0.948
345.5     0.948
345.75     0.948
346.0     0.95
346.25     0.95
346.5     0.952
346.75     0.952
347.0     0.952
347.25     0.952
347.5     0.952
347.75     0.952
348.0     0.95
348.25     0.952
348.5     0.952
348.75     0.952
349.0     0.952
349.25     0.952
349.5     0.952
349.75     0.952
350.0     0.952
350.25     0.952
350.5     0.952
350.75     0.952
351.0     0.952
351.25     0.952
351.5     0.952
351.75     0.952
352.0     0.952
352.25     0.952
352.5     0.952
352.75     0.952
353.0     0.95
353.25     0.95
353.5     0.95
353.75     0.952
354.0     0.952
354.25     0.952
354.5     0.952
354.75     0.952
355.0     0.952
355.25     0.952
355.5     0.952
355.75     0.952
356.0     0.954
356.25     0.954
356.5     0.954
356.75     0.954
357.0     0.954
357.25     0.954
357.5     0.954
357.75     0.954
358.0     0.954
358.25     0.954
358.5     0.954
358.75     0.956
359.0     0.956
359.25     0.956
359.5     0.956
359.75     0.956
360.0     0.956
360.25     0.956
360.5     0.956
360.75     0.956
361.0     0.958
361.25     0.958
361.5     0.958
361.75     0.958
362.0     0.958
362.25     0.958
362.5     0.958
362.75     0.958
363.0     0.958
363.25     0.958
363.5     0.958
363.75     0.958
364.0     0.96
364.25     0.96
364.5     0.96
364.75     0.96
365.0     0.96
365.25     0.96
365.5     0.96
365.75     0.958
366.0     0.958
366.25     0.958
366.5     0.958
366.75     0.958
367.0     0.958
367.25     0.958
367.5     0.96
367.75     0.96
368.0     0.96
368.25     0.96
368.5     0.96
368.75     0.96
369.0     0.96
369.25     0.96
369.5     0.96
369.75     0.962
370.0     0.962
370.25     0.962
370.5     0.962
370.75     0.962
371.0     0.962
371.25     0.962
371.5     0.962
371.75     0.962
372.0     0.962
372.25     0.962
372.5     0.962
372.75     0.962
373.0     0.964
373.25     0.964
373.5     0.964
373.75     0.964
374.0     0.964
374.25     0.964
374.5     0.964
374.75     0.964
375.0     0.964
375.25     0.964
375.5     0.964
375.75     0.966
376.0     0.966
376.25     0.966
376.5     0.966
376.75     0.966
377.0     0.966
377.25     0.966
377.5     0.966
377.75     0.966
378.0     0.966
378.25     0.966
378.5     0.966
378.75     0.966
379.0     0.966
379.25     0.966
379.5     0.966
379.75     0.966
380.0     0.966
380.25     0.966
380.5     0.966
380.75     0.966
381.0     0.968
381.25     0.968
381.5     0.968
381.75     0.968
382.0     0.97
382.25     0.97
382.5     0.97
382.75     0.97
383.0     0.97
383.25     0.97
383.5     0.97
383.75     0.972
384.0     0.972
384.25     0.972
384.5     0.972
384.75     0.972
385.0     0.974
385.25     0.974
385.5     0.974
385.75     0.974
386.0     0.974
386.25     0.974
386.5     0.974
386.75     0.974
387.0     0.974
387.25     0.976
387.5     0.974
387.75     0.976
388.0     0.976
388.25     0.976
388.5     0.976
388.75     0.976
389.0     0.976
389.25     0.976
389.5     0.976
389.75     0.976
390.0     0.974
390.25     0.974
390.5     0.974
390.75     0.974
391.0     0.974
391.25     0.974
391.5     0.974
391.75     0.974
392.0     0.974
392.25     0.974
392.5     0.974
392.75     0.974
393.0     0.974
393.25     0.974
393.5     0.976
393.75     0.976
394.0     0.976
394.25     0.976
394.5     0.976
394.75     0.976
395.0     0.976
395.25     0.976
395.5     0.976
395.75     0.976
396.0     0.976
396.25     0.976
396.5     0.976
396.75     0.976
397.0     0.976
397.25     0.976
397.5     0.976
397.75     0.976
398.0     0.976
398.25     0.976
398.5     0.976
398.75     0.976
399.0     0.976
399.25     0.976
399.5     0.976
399.75     0.976
400.0     0.976
400.25     0.976
400.5     0.976
400.75     0.976
401.0     0.976
401.25     0.976
401.5     0.976
401.75     0.976
402.0     0.976
402.25     0.976
402.5     0.976
402.75     0.976
403.0     0.976
403.25     0.976
403.5     0.976
403.75     0.976
404.0     0.976
404.25     0.976
404.5     0.976
404.75     0.976
405.0     0.976
405.25     0.976
405.5     0.976
405.75     0.976
406.0     0.976
406.25     0.976
406.5     0.976
406.75     0.976
407.0     0.976
407.25     0.976
407.5     0.976
407.75     0.976
408.0     0.976
408.25     0.976
408.5     0.976
408.75     0.976
409.0     0.976
409.25     0.976
409.5     0.976
409.75     0.976
410.0     0.976
410.25     0.976
410.5     0.976
410.75     0.976
411.0     0.976
411.25     0.976
411.5     0.976
411.75     0.976
412.0     0.976
412.25     0.976
412.5     0.976
412.75     0.976
413.0     0.976
413.25     0.976
413.5     0.976
413.75     0.976
414.0     0.976
414.25     0.976
414.5     0.976
414.75     0.976
415.0     0.976
415.25     0.976
415.5     0.974
415.75     0.974
416.0     0.974
416.25     0.974
416.5     0.974
416.75     0.974
417.0     0.974
417.25     0.974
417.5     0.974
417.75     0.974
418.0     0.974
418.25     0.974
418.5     0.974
418.75     0.974
419.0     0.974
419.25     0.974
419.5     0.974
419.75     0.974
420.0     0.974
420.25     0.974
420.5     0.974
420.75     0.974
421.0     0.974
421.25     0.974
421.5     0.974
421.75     0.974
422.0     0.974
422.25     0.974
422.5     0.974
422.75     0.974
423.0     0.974
423.25     0.974
423.5     0.974
423.75     0.974
424.0     0.974
424.25     0.974
424.5     0.974
424.75     0.974
425.0     0.974
425.25     0.974
425.5     0.974
425.75     0.974
426.0     0.974
426.25     0.974
426.5     0.974
426.75     0.974
427.0     0.974
427.25     0.974
427.5     0.974
427.75     0.974
428.0     0.974
428.25     0.974
428.5     0.974
428.75     0.974
429.0     0.974
429.25     0.974
429.5     0.974
429.75     0.976
430.0     0.976
430.25     0.976
430.5     0.976
430.75     0.976
431.0     0.976
431.25     0.978
431.5     0.978
431.75     0.978
432.0     0.978
432.25     0.978
432.5     0.978
432.75     0.978
433.0     0.978
433.25     0.978
433.5     0.978
433.75     0.978
434.0     0.98
434.25     0.98
434.5     0.98
434.75     0.98
435.0     0.98
435.25     0.98
435.5     0.98
435.75     0.98
436.0     0.98
436.25     0.98
436.5     0.98
436.75     0.98
437.0     0.98
437.25     0.98
437.5     0.98
437.75     0.98
438.0     0.98
438.25     0.98
438.5     0.98
438.75     0.98
439.0     0.98
439.25     0.98
439.5     0.98
439.75     0.98
440.0     0.98
440.25     0.98
440.5     0.98
440.75     0.98
441.0     0.982
441.25     0.982
441.5     0.982
441.75     0.982
442.0     0.982
442.25     0.982
442.5     0.982
442.75     0.982
443.0     0.982
443.25     0.982
443.5     0.982
443.75     0.984
444.0     0.984
444.25     0.984
444.5     0.984
444.75     0.984
445.0     0.984
445.25     0.984
445.5     0.984
445.75     0.984
446.0     0.984
446.25     0.984
446.5     0.984
446.75     0.984
447.0     0.984
447.25     0.984
447.5     0.984
447.75     0.984
448.0     0.984
448.25     0.984
448.5     0.984
448.75     0.984
449.0     0.984
449.25     0.984
449.5     0.984
449.75     0.984
450.0     0.984
450.25     0.984
450.5     0.984
450.75     0.984
451.0     0.984
451.25     0.984
451.5     0.984
451.75     0.984
452.0     0.984
452.25     0.984
452.5     0.984
452.75     0.984
453.0     0.984
453.25     0.984
453.5     0.984
453.75     0.984
454.0     0.984
454.25     0.984
454.5     0.984
454.75     0.984
455.0     0.984
455.25     0.984
455.5     0.984
455.75     0.984
456.0     0.984
456.25     0.984
456.5     0.984
456.75     0.984
457.0     0.986
457.25     0.986
457.5     0.986
457.75     0.986
458.0     0.986
458.25     0.986
458.5     0.986
458.75     0.986
459.0     0.984
459.25     0.984
459.5     0.984
459.75     0.984
460.0     0.984
460.25     0.984
460.5     0.984
460.75     0.984
461.0     0.984
461.25     0.984
461.5     0.984
461.75     0.984
462.0     0.984
462.25     0.984
462.5     0.984
462.75     0.984
463.0     0.984
463.25     0.984
463.5     0.984
463.75     0.984
464.0     0.984
464.25     0.984
464.5     0.984
464.75     0.984
465.0     0.984
465.25     0.984
465.5     0.984
465.75     0.984
466.0     0.984
466.25     0.984
466.5     0.984
466.75     0.984
467.0     0.984
467.25     0.984
467.5     0.984
467.75     0.984
468.0     0.984
468.25     0.984
468.5     0.984
468.75     0.984
469.0     0.984
469.25     0.982
469.5     0.982
469.75     0.982
470.0     0.982
470.25     0.982
470.5     0.982
470.75     0.982
471.0     0.982
471.25     0.982
471.5     0.982
471.75     0.982
472.0     0.982
472.25     0.982
472.5     0.982
472.75     0.982
473.0     0.982
473.25     0.982
473.5     0.982
473.75     0.982
474.0     0.982
474.25     0.982
474.5     0.982
474.75     0.982
475.0     0.982
475.25     0.982
475.5     0.982
475.75     0.982
476.0     0.982
476.25     0.982
476.5     0.982
476.75     0.982
477.0     0.982
477.25     0.982
477.5     0.982
477.75     0.982
478.0     0.982
478.25     0.982
478.5     0.982
478.75     0.982
479.0     0.982
479.25     0.982
479.5     0.982
479.75     0.982
480.0     0.982
480.25     0.982
480.5     0.982
480.75     0.982
481.0     0.982
481.25     0.982
481.5     0.982
481.75     0.982
482.0     0.982
482.25     0.982
482.5     0.982
482.75     0.982
483.0     0.982
483.25     0.982
483.5     0.982
483.75     0.982
484.0     0.982
484.25     0.982
484.5     0.982
484.75     0.982
485.0     0.982
485.25     0.982
485.5     0.982
485.75     0.984
486.0     0.984
486.25     0.984
486.5     0.984
486.75     0.984
487.0     0.984
487.25     0.984
487.5     0.984
487.75     0.984
488.0     0.984
488.25     0.984
488.5     0.984
488.75     0.986
489.0     0.986
489.25     0.986
489.5     0.986
489.75     0.988
490.0     0.986
490.25     0.986
490.5     0.986
490.75     0.986
491.0     0.986
491.25     0.986
491.5     0.986
491.75     0.986
492.0     0.986
492.25     0.988
492.5     0.988
492.75     0.988
493.0     0.988
493.25     0.988
493.5     0.988
493.75     0.988
494.0     0.988
494.25     0.988
494.5     0.988
494.75     0.988
495.0     0.988
495.25     0.988
495.5     0.988
495.75     0.988
496.0     0.988
496.25     0.988
496.5     0.988
496.75     0.988
497.0     0.988
497.25     0.988
497.5     0.988
497.75     0.988
498.0     0.988
498.25     0.988
498.5     0.988
498.75     0.988
499.0     0.988
499.25     0.988
499.5     0.988
499.75     0.988
500.0     0.988
500.25     0.988
500.5     0.988
500.75     0.988
501.0     0.988
501.25     0.988
501.5     0.988
501.75     0.988
502.0     0.988
502.25     0.988
502.5     0.988
502.75     0.988
503.0     0.988
503.25     0.988
503.5     0.988
503.75     0.988
504.0     0.988
504.25     0.988
504.5     0.988
504.75     0.988
505.0     0.988
505.25     0.988
505.5     0.988
505.75     0.988
506.0     0.988
506.25     0.988
506.5     0.988
506.75     0.988
507.0     0.988
507.25     0.988
507.5     0.988
507.75     0.988
508.0     0.988
508.25     0.988
508.5     0.988
508.75     0.988
509.0     0.988
509.25     0.988
509.5     0.988
509.75     0.988
510.0     0.988
510.25     0.988
510.5     0.988
510.75     0.988
511.0     0.988
511.25     0.988
511.5     0.988
511.75     0.988
512.0     0.988
512.25     0.988
512.5     0.988
512.75     0.988
513.0     0.988
513.25     0.988
513.5     0.988
513.75     0.988
514.0     0.988
514.25     0.988
514.5     0.988
514.75     0.988
515.0     0.988
515.25     0.988
515.5     0.988
515.75     0.988
516.0     0.988
516.25     0.988
516.5     0.988
516.75     0.988
517.0     0.988
517.25     0.988
517.5     0.988
517.75     0.988
518.0     0.988
518.25     0.988
518.5     0.988
518.75     0.988
519.0     0.988
519.25     0.988
519.5     0.988
519.75     0.988
520.0     0.988
520.25     0.988
520.5     0.988
520.75     0.988
521.0     0.988
521.25     0.988
521.5     0.988
521.75     0.988
522.0     0.988
522.25     0.988
522.5     0.988
522.75     0.988
523.0     0.988
523.25     0.988
523.5     0.988
523.75     0.988
524.0     0.988
524.25     0.988
524.5     0.988
524.75     0.988
525.0     0.988
525.25     0.988
525.5     0.988
525.75     0.988
526.0     0.988
526.25     0.988
526.5     0.988
526.75     0.988
527.0     0.988
527.25     0.988
527.5     0.988
527.75     0.99
528.0     0.99
528.25     0.99
528.5     0.99
528.75     0.992
529.0     0.992
529.25     0.992
529.5     0.992
529.75     0.992
530.0     0.992
530.25     0.992
530.5     0.992
530.75     0.992
531.0     0.992
531.25     0.992
531.5     0.992
531.75     0.994
532.0     0.994
532.25     0.994
532.5     0.994
532.75     0.994
533.0     0.994
533.25     0.994
533.5     0.994
533.75     0.994
534.0     0.994
534.25     0.994
534.5     0.994
534.75     0.994
535.0     0.994
535.25     0.994
535.5     0.994
535.75     0.994
536.0     0.994
536.25     0.994
536.5     0.994
536.75     0.994
537.0     0.994
537.25     0.994
537.5     0.994
537.75     0.994
538.0     0.994
538.25     0.994
538.5     0.994
538.75     0.994
539.0     0.994
539.25     0.994
539.5     0.994
539.75     0.994
540.0     0.994
540.25     0.994
540.5     0.994
540.75     0.994
541.0     0.994
541.25     0.994
541.5     0.994
541.75     0.994
542.0     0.994
542.25     0.994
542.5     0.994
542.75     0.994
543.0     0.994
543.25     0.994
543.5     0.994
543.75     0.994
544.0     0.994
544.25     0.994
544.5     0.994
544.75     0.994
545.0     0.994
545.25     0.994
545.5     0.994
545.75     0.994
546.0     0.994
546.25     0.994
546.5     0.994
546.75     0.994
547.0     0.994
547.25     0.994
547.5     0.994
547.75     0.994
548.0     0.994
548.25     0.994
548.5     0.994
548.75     0.994
549.0     0.994
549.25     0.994
549.5     0.994
549.75     0.994
550.0     0.994
550.25     0.994
550.5     0.994
550.75     0.994
551.0     0.994
551.25     0.994
551.5     0.994
551.75     0.994
552.0     0.994
552.25     0.994
552.5     0.994
552.75     0.994
553.0     0.994
553.25     0.994
553.5     0.994
553.75     0.994
554.0     0.994
554.25     0.994
554.5     0.994
554.75     0.994
555.0     0.994
555.25     0.994
555.5     0.994
555.75     0.994
556.0     0.994
556.25     0.994
556.5     0.994
556.75     0.994
557.0     0.994
557.25     0.994
557.5     0.994
557.75     0.994
558.0     0.994
558.25     0.994
558.5     0.994
558.75     0.994
559.0     0.994
559.25     0.994
559.5     0.994
559.75     0.994
560.0     0.994
560.25     0.994
560.5     0.994
560.75     0.994
561.0     0.994
561.25     0.994
561.5     0.994
561.75     0.994
562.0     0.994
562.25     0.994
562.5     0.996
562.75     0.996
563.0     0.996
563.25     0.996
563.5     0.996
563.75     0.996
564.0     0.996
564.25     0.996
564.5     0.996
564.75     0.996
565.0     0.996
565.25     0.996
565.5     0.996
565.75     0.996
566.0     0.996
566.25     0.996
566.5     0.996
566.75     0.996
567.0     0.996
567.25     0.996
567.5     0.996
567.75     0.996
568.0     0.996
568.25     0.996
568.5     0.996
568.75     0.996
569.0     0.996
569.25     0.996
569.5     0.996
569.75     0.996
570.0     0.996
570.25     0.996
570.5     0.996
570.75     0.996
571.0     0.996
571.25     0.996
571.5     0.996
571.75     0.996
572.0     0.996
572.25     0.996
572.5     0.996
572.75     0.996
573.0     0.996
573.25     0.996
573.5     0.996
573.75     0.996
574.0     0.996
574.25     0.996
574.5     0.996
574.75     0.996
575.0     0.996
575.25     0.996
575.5     0.996
575.75     0.996
576.0     0.996
576.25     0.996
576.5     0.996
576.75     0.996
577.0     0.996
577.25     0.996
577.5     0.996
577.75     0.996
578.0     0.996
578.25     0.996
578.5     0.996
578.75     0.996
579.0     0.996
579.25     0.996
579.5     0.996
579.75     0.996
580.0     0.996
580.25     0.996
580.5     0.996
580.75     0.996
581.0     0.996
581.25     0.996
581.5     0.996
581.75     0.996
582.0     0.996
582.25     0.996
582.5     0.996
582.75     0.996
583.0     0.996
583.25     0.996
583.5     0.996
583.75     0.996
584.0     0.996
584.25     0.996
584.5     0.996
584.75     0.996
585.0     0.996
585.25     0.996
585.5     0.996
585.75     0.996
586.0     0.996
586.25     0.996
586.5     0.996
586.75     0.996
587.0     0.996
587.25     0.996
587.5     0.996
587.75     0.996
588.0     0.996
588.25     0.996
588.5     0.996
588.75     0.996
589.0     0.996
589.25     0.996
589.5     0.996
589.75     0.996
590.0     0.996
590.25     0.996
590.5     0.996
590.75     0.996
591.0     0.996
591.25     0.996
591.5     0.996
591.75     0.996
592.0     0.996
592.25     0.996
592.5     0.996
592.75     0.996
593.0     0.996
593.25     0.996
593.5     0.996
593.75     0.996
594.0     0.996
594.25     0.996
594.5     0.996
594.75     0.996
595.0     0.996
595.25     0.996
595.5     0.996
595.75     0.996
596.0     0.996
596.25     0.996
596.5     0.996
596.75     0.996
597.0     0.996
597.25     0.996
597.5     0.996
597.75     0.996
598.0     0.996
598.25     0.996
598.5     0.996
598.75     0.996
599.0     0.996
599.25     0.996
599.5     0.996
599.75     0.996
600.0     0.996
600.25     0.996
600.5     0.996
600.75     0.996
601.0     0.996
601.25     0.996
601.5     0.996
601.75     0.996
602.0     0.996
602.25     0.996
602.5     0.996
602.75     0.996
603.0     0.996
603.25     0.996
603.5     0.996
603.75     0.996
604.0     0.996
604.25     0.996
604.5     0.996
604.75     0.996
605.0     0.996
605.25     0.996
605.5     0.996
605.75     0.996
606.0     0.996
606.25     0.996
606.5     0.996
606.75     0.996
607.0     0.996
607.25     0.996
607.5     0.996
607.75     0.996
608.0     0.996
608.25     0.996
608.5     0.996
608.75     0.996
609.0     0.996
609.25     0.996
609.5     0.996
609.75     0.996
610.0     0.996
610.25     0.996
610.5     0.996
610.75     0.996
611.0     0.996
611.25     0.996
611.5     0.996
611.75     0.996
612.0     0.996
612.25     0.996
612.5     0.996
612.75     0.996
613.0     0.996
613.25     0.996
613.5     0.996
613.75     0.996
614.0     0.996
614.25     0.996
614.5     0.996
614.75     0.996
615.0     0.996
615.25     0.996
615.5     0.996
615.75     0.996
616.0     0.996
616.25     0.996
616.5     0.996
616.75     0.996
617.0     0.996
617.25     0.996
617.5     0.996
617.75     0.996
618.0     0.996
618.25     0.996
618.5     0.996
618.75     0.996
619.0     0.996
619.25     0.996
619.5     0.996
619.75     0.996
620.0     0.996
620.25     0.996
620.5     0.996
620.75     0.996
621.0     0.996
621.25     0.996
621.5     0.996
621.75     0.996
622.0     0.996
622.25     0.996
622.5     0.996
622.75     0.996
623.0     0.996
623.25     0.996
623.5     0.996
623.75     0.996
624.0     0.996
624.25     0.996
624.5     0.996
624.75     0.996
625.0     0.996
625.25     0.996
625.5     0.996
625.75     0.996
626.0     0.996
626.25     0.996
626.5     0.996
626.75     0.996
627.0     0.996
627.25     0.996
627.5     0.996
627.75     0.996
628.0     0.996
628.25     0.996
628.5     0.996
628.75     0.996
629.0     0.996
629.25     0.996
629.5     0.996
629.75     0.996
630.0     0.996
630.25     0.996
630.5     0.996
630.75     0.996
631.0     0.996
631.25     0.996
631.5     0.996
631.75     0.996
632.0     0.996
632.25     0.996
632.5     0.996
632.75     0.996
633.0     0.996
633.25     0.996
633.5     0.996
633.75     0.996
634.0     0.996
634.25     0.996
634.5     0.996
634.75     0.996
635.0     0.996
635.25     0.996
635.5     0.996
635.75     0.996
636.0     0.996
636.25     0.996
636.5     0.996
636.75     0.996
637.0     0.996
637.25     0.996
637.5     0.996
637.75     0.996
638.0     0.996
638.25     0.996
638.5     0.996
638.75     0.996
639.0     0.996
639.25     0.996
639.5     0.996
639.75     0.996
640.0     0.996
640.25     0.996
640.5     0.996
640.75     0.996
641.0     0.996
641.25     0.996
641.5     0.996
641.75     0.996
642.0     0.996
642.25     0.996
642.5     0.996
642.75     0.996
643.0     0.996
643.25     0.996
643.5     0.996
643.75     0.996
644.0     0.996
644.25     0.996
644.5     0.996
644.75     0.996
645.0     0.996
645.25     0.996
645.5     0.996
645.75     0.996
646.0     0.996
646.25     0.996
646.5     0.996
646.75     0.996
647.0     0.996
647.25     0.996
647.5     0.996
647.75     0.996
648.0     0.996
648.25     0.996
648.5     0.996
648.75     0.996
649.0     0.996
649.25     0.996
649.5     0.996
649.75     0.996
650.0     0.996
650.25     0.996
650.5     0.996
650.75     0.996
651.0     0.996
651.25     0.996
651.5     0.996
651.75     0.996
652.0     0.996
652.25     0.996
652.5     0.996
652.75     0.996
653.0     0.996
653.25     0.996
653.5     0.996
653.75     0.996
654.0     0.996
654.25     0.996
654.5     0.996
654.75     0.996
655.0     0.996
655.25     0.996
655.5     0.996
655.75     0.996
656.0     0.996
656.25     0.996
656.5     0.996
656.75     0.996
657.0     0.996
657.25     0.996
657.5     0.996
657.75     0.996
658.0     0.996
658.25     0.996
658.5     0.996
658.75     0.996
659.0     0.996
659.25     0.996
659.5     0.996
659.75     0.996
660.0     0.996
660.25     0.996
660.5     0.996
660.75     0.996
661.0     0.996
661.25     0.996
661.5     0.996
661.75     0.996
662.0     0.996
662.25     0.996
662.5     0.996
662.75     0.996
663.0     0.996
663.25     0.996
663.5     0.996
663.75     0.996
664.0     0.996
664.25     0.996
664.5     0.996
664.75     0.996
665.0     0.996
665.25     0.996
665.5     0.996
665.75     0.996
666.0     0.996
666.25     0.996
666.5     0.996
666.75     0.996
667.0     0.996
667.25     0.996
667.5     0.996
667.75     0.996
668.0     0.996
668.25     0.996
668.5     0.996
668.75     0.996
669.0     0.996
669.25     0.996
669.5     0.996
669.75     0.996
670.0     0.996
670.25     0.996
670.5     0.996
670.75     0.996
671.0     0.996
671.25     0.996
671.5     0.996
671.75     0.996
672.0     0.996
672.25     0.996
672.5     0.996
672.75     0.996
673.0     0.996
673.25     0.996
673.5     0.996
673.75     0.996
674.0     0.996
674.25     0.996
674.5     0.996
674.75     0.996
675.0     0.996
675.25     0.996
675.5     0.996
675.75     0.996
676.0     0.996
676.25     0.996
676.5     0.996
676.75     0.996
677.0     0.996
677.25     0.996
677.5     0.996
677.75     0.996
678.0     0.996
678.25     0.996
678.5     0.996
678.75     0.996
679.0     0.996
679.25     0.996
679.5     0.996
679.75     0.996
680.0     0.996
680.25     0.996
680.5     0.996
680.75     0.996
681.0     0.996
681.25     0.996
681.5     0.996
681.75     0.996
682.0     0.996
682.25     0.996
682.5     0.996
682.75     0.996
683.0     0.996
683.25     0.996
683.5     0.996
683.75     0.996
684.0     0.996
684.25     0.996
684.5     0.996
684.75     0.996
685.0     0.996
685.25     0.996
685.5     0.996
685.75     0.996
686.0     0.996
686.25     0.996
686.5     0.996
686.75     0.996
687.0     0.996
687.25     0.996
687.5     0.996
687.75     0.996
688.0     0.996
688.25     0.996
688.5     0.996
688.75     0.996
689.0     0.996
689.25     0.996
689.5     0.996
689.75     0.996
690.0     0.996
690.25     0.996
690.5     0.996
690.75     0.996
691.0     0.996
691.25     0.996
691.5     0.996
691.75     0.996
692.0     0.996
692.25     0.996
692.5     0.996
692.75     0.996
693.0     0.996
693.25     0.996
693.5     0.996
693.75     0.996
694.0     0.996
694.25     0.996
694.5     0.996
694.75     0.996
695.0     0.996
695.25     0.996
695.5     0.996
695.75     0.996
696.0     0.996
696.25     0.996
696.5     0.996
696.75     0.996
697.0     0.996
697.25     0.996
697.5     0.996
697.75     0.996
698.0     0.996
698.25     0.996
698.5     0.996
698.75     0.996
699.0     0.996
699.25     0.996
699.5     0.996
699.75     0.996
700.0     0.996
700.25     0.996
700.5     0.996
700.75     0.996
701.0     0.996
701.25     0.996
701.5     0.996
701.75     0.996
702.0     0.996
702.25     0.996
702.5     0.996
702.75     0.996
703.0     0.996
703.25     0.996
703.5     0.996
703.75     0.996
704.0     0.996
704.25     0.996
704.5     0.996
704.75     0.996
705.0     0.996
705.25     0.996
705.5     0.996
705.75     0.996
706.0     0.996
706.25     0.996
706.5     0.996
706.75     0.996
707.0     0.996
707.25     0.996
707.5     0.996
707.75     0.996
708.0     0.996
708.25     0.996
708.5     0.996
708.75     0.996
709.0     0.996
709.25     0.996
709.5     0.996
709.75     0.996
710.0     0.996
710.25     0.996
710.5     0.996
710.75     0.996
711.0     0.996
711.25     0.996
711.5     0.996
711.75     0.996
712.0     0.996
712.25     0.996
712.5     0.996
712.75     0.996
713.0     0.996
713.25     0.996
713.5     0.996
713.75     0.996
714.0     0.996
714.25     0.996
714.5     0.996
714.75     0.996
715.0     0.996
715.25     0.996
715.5     0.996
715.75     0.996
716.0     0.996
716.25     0.996
716.5     0.996
716.75     0.996
717.0     0.996
717.25     0.996
717.5     0.996
717.75     0.996
718.0     0.996
718.25     0.996
718.5     0.996
718.75     0.996
719.0     0.996
719.25     0.996
719.5     0.996
719.75     0.996
720.0     0.996
720.25     0.996
720.5     0.996
720.75     0.996
721.0     0.996
721.25     0.996
721.5     0.996
721.75     0.996
722.0     0.996
722.25     0.996
722.5     0.996
722.75     0.996
723.0     0.996
723.25     0.996
723.5     0.996
723.75     0.996
724.0     0.996
724.25     0.996
724.5     0.996
724.75     0.996
725.0     0.996
725.25     0.996
725.5     0.996
725.75     0.996
726.0     0.996
726.25     0.996
726.5     0.996
726.75     0.996
727.0     0.996
727.25     0.996
727.5     0.996
727.75     0.996
728.0     0.996
728.25     0.996
728.5     0.996
728.75     0.996
729.0     0.996
729.25     0.996
729.5     0.996
729.75     0.996
730.0     0.996
730.25     0.996
730.5     0.996
730.75     0.996
731.0     0.996
731.25     0.996
731.5     0.996
731.75     0.996
732.0     0.996
732.25     0.996
732.5     0.996
732.75     0.996
733.0     0.996
733.25     0.996
733.5     0.996
733.75     0.996
734.0     0.996
734.25     0.996
734.5     0.996
734.75     0.996
735.0     0.996
735.25     0.996
735.5     0.996
735.75     0.996
736.0     0.996
736.25     0.996
736.5     0.996
736.75     0.996
737.0     0.996
737.25     0.996
737.5     0.996
737.75     0.996
738.0     0.996
738.25     0.996
738.5     0.996
738.75     0.996
739.0     0.996
739.25     0.996
739.5     0.996
739.75     0.996
740.0     0.996
740.25     0.996
740.5     0.996
740.75     0.996
741.0     0.996
741.25     0.996
741.5     0.996
741.75     0.996
742.0     0.996
742.25     0.996
742.5     0.996
742.75     0.996
743.0     0.996
743.25     0.996
743.5     0.996
743.75     0.996
744.0     0.996
744.25     0.996
744.5     0.996
744.75     0.996
745.0     0.996
745.25     0.996
745.5     0.996
745.75     0.996
746.0     0.996
746.25     0.996
746.5     0.996
746.75     0.996
747.0     0.996
747.25     0.996
747.5     0.996
747.75     0.996
748.0     0.996
748.25     0.996
748.5     0.996
748.75     0.996
749.0     0.996
749.25     0.996
749.5     0.996
749.75     0.996
750.0     0.996
750.25     0.996
750.5     0.996
750.75     0.996
751.0     0.996
751.25     0.996
751.5     0.996
751.75     0.996
752.0     0.996
752.25     0.996
752.5     0.996
752.75     0.996
753.0     0.996
753.25     0.996
753.5     0.996
753.75     0.996
754.0     0.996
754.25     0.996
754.5     0.996
754.75     0.996
755.0     0.996
755.25     0.996
755.5     0.996
755.75     0.996
756.0     0.996
756.25     0.996
756.5     0.996
756.75     0.996
757.0     0.996
757.25     0.996
757.5     0.996
757.75     0.996
758.0     0.996
758.25     0.996
758.5     0.996
758.75     0.996
759.0     0.996
759.25     0.996
759.5     0.996
759.75     0.996
760.0     0.996
760.25     0.996
760.5     0.996
760.75     0.996
761.0     0.996
761.25     0.996
761.5     0.996
761.75     0.996
762.0     0.996
762.25     0.996
762.5     0.996
762.75     0.996
763.0     0.996
763.25     0.996
763.5     0.996
763.75     0.996
764.0     0.996
764.25     0.996
764.5     0.996
764.75     0.996
765.0     0.996
765.25     0.996
765.5     0.996
765.75     0.996
766.0     0.996
766.25     0.996
766.5     0.996
766.75     0.996
767.0     0.996
767.25     0.996
767.5     0.996
767.75     0.996
768.0     0.996
768.25     0.996
768.5     0.996
768.75     0.996
769.0     0.996
769.25     0.996
769.5     0.996
769.75     0.996
770.0     0.996
770.25     0.996
770.5     0.996
770.75     0.996
771.0     0.996
771.25     0.996
771.5     0.996
771.75     0.996
772.0     0.996
772.25     0.996
772.5     0.996
772.75     0.996
773.0     0.996
773.25     0.996
773.5     0.996
773.75     0.996
774.0     0.996
774.25     0.996
774.5     0.996
774.75     0.996
775.0     0.996
775.25     0.996
775.5     0.996
775.75     0.996
776.0     0.996
776.25     0.996
776.5     0.996
776.75     0.996
777.0     0.996
777.25     0.996
777.5     0.996
777.75     0.996
778.0     0.996
778.25     0.996
778.5     0.996
778.75     0.996
779.0     0.996
779.25     0.996
779.5     0.996
779.75     0.996
780.0     0.996
780.25     0.996
780.5     0.996
780.75     0.996
781.0     0.996
781.25     0.996
781.5     0.996
781.75     0.996
782.0     0.996
782.25     0.996
782.5     0.996
782.75     0.996
783.0     0.996
783.25     0.996
783.5     0.996
783.75     0.996
784.0     0.996
784.25     0.996
784.5     0.996
784.75     0.996
785.0     0.996
785.25     0.996
785.5     0.996
785.75     0.996
786.0     0.996
786.25     0.996
786.5     0.996
786.75     0.996
787.0     0.996
787.25     0.996
787.5     0.996
787.75     0.996
788.0     0.996
788.25     0.996
788.5     0.996
788.75     0.996
789.0     0.996
789.25     0.996
789.5     0.996
789.75     0.996
790.0     0.996
790.25     0.996
790.5     0.996
790.75     0.996
791.0     0.996
791.25     0.996
791.5     0.996
791.75     0.996
792.0     0.996
792.25     0.996
792.5     0.996
792.75     0.996
793.0     0.996
793.25     0.996
793.5     0.996
793.75     0.996
794.0     0.996
794.25     0.996
794.5     0.996
794.75     0.996
795.0     0.996
795.25     0.996
795.5     0.996
795.75     0.996
796.0     0.996
796.25     0.996
796.5     0.996
796.75     0.996
797.0     0.996
797.25     0.996
797.5     0.996
797.75     0.996
798.0     0.996
798.25     0.996
798.5     0.996
798.75     0.996
799.0     0.996
799.25     0.996
799.5     0.996
799.75     0.996
800.0     0.996
800.25     0.996
800.5     0.996
800.75     0.996
801.0     0.996
801.25     0.996
801.5     0.996
801.75     0.996
802.0     0.996
802.25     0.996
802.5     0.996
802.75     0.996
803.0     0.996
803.25     0.996
803.5     0.996
803.75     0.996
804.0     0.996
804.25     0.996
804.5     0.996
804.75     0.996
805.0     0.996
805.25     0.996
805.5     0.996
805.75     0.996
806.0     0.996
806.25     0.996
806.5     0.996
806.75     0.996
807.0     0.996
807.25     0.996
807.5     0.996
807.75     0.996
808.0     0.996
808.25     0.996
808.5     0.996
808.75     0.996
809.0     0.996
809.25     0.996
809.5     0.996
809.75     0.996
810.0     0.996
810.25     0.996
810.5     0.996
810.75     0.996
811.0     0.996
811.25     0.996
811.5     0.996
811.75     0.996
812.0     0.996
812.25     0.996
812.5     0.996
812.75     0.996
813.0     0.996
813.25     0.996
813.5     0.996
813.75     0.996
814.0     0.996
814.25     0.996
814.5     0.996
814.75     0.996
815.0     0.996
815.25     0.996
815.5     0.996
815.75     0.996
816.0     0.996
816.25     0.996
816.5     0.996
816.75     0.996
817.0     0.996
817.25     0.996
817.5     0.996
817.75     0.996
818.0     0.996
818.25     0.996
818.5     0.996
818.75     0.996
819.0     0.996
819.25     0.996
819.5     0.996
819.75     0.996
820.0     0.996
820.25     0.996
820.5     0.996
820.75     0.996
821.0     0.996
821.25     0.996
821.5     0.996
821.75     0.996
822.0     0.996
822.25     0.996
822.5     0.996
822.75     0.996
823.0     0.996
823.25     0.996
823.5     0.996
823.75     0.996
824.0     0.996
824.25     0.996
824.5     0.996
824.75     0.996
825.0     0.996
825.25     0.996
825.5     0.996
825.75     0.996
826.0     0.996
826.25     0.996
826.5     0.996
826.75     0.996
827.0     0.996
827.25     0.996
827.5     0.996
827.75     0.996
828.0     0.996
828.25     0.996
828.5     0.996
828.75     0.996
829.0     0.996
829.25     0.996
829.5     0.996
829.75     0.996
830.0     0.996
830.25     0.996
830.5     0.996
830.75     0.996
831.0     0.996
831.25     0.996
831.5     0.996
831.75     0.996
832.0     0.996
832.25     0.996
832.5     0.996
832.75     0.996
833.0     0.996
833.25     0.996
833.5     0.996
833.75     0.996
834.0     0.996
834.25     0.996
834.5     0.996
834.75     0.996
835.0     0.996
835.25     0.996
835.5     0.996
835.75     0.996
836.0     0.996
836.25     0.996
836.5     0.996
836.75     0.996
837.0     0.996
837.25     0.996
837.5     0.996
837.75     0.996
838.0     0.996
838.25     0.996
838.5     0.996
838.75     0.996
839.0     0.996
839.25     0.996
839.5     0.996
839.75     0.996
840.0     0.996
840.25     0.996
840.5     0.996
840.75     0.996
841.0     0.996
841.25     0.996
841.5     0.996
841.75     0.996
842.0     0.996
842.25     0.996
842.5     0.996
842.75     0.996
843.0     0.996
843.25     0.996
843.5     0.996
843.75     0.996
844.0     0.996
844.25     0.996
844.5     0.996
844.75     0.996
845.0     0.996
845.25     0.996
845.5     0.996
845.75     0.996
846.0     0.996
846.25     0.996
846.5     0.996
846.75     0.996
847.0     0.996
847.25     0.996
847.5     0.996
847.75     0.996
848.0     0.996
848.25     0.996
848.5     0.996
848.75     0.996
849.0     0.996
849.25     0.996
849.5     0.996
849.75     0.996
850.0     0.996
850.25     0.996
850.5     0.996
850.75     0.996
851.0     0.996
851.25     0.996
851.5     0.996
851.75     0.996
852.0     0.996
852.25     0.996
852.5     0.996
852.75     0.996
853.0     0.996
853.25     0.996
853.5     0.996
853.75     0.996
854.0     0.996
854.25     0.996
854.5     0.996
854.75     0.996
855.0     0.996
855.25     0.996
855.5     0.996
855.75     0.996
856.0     0.996
856.25     0.996
856.5     0.996
856.75     0.996
857.0     0.996
857.25     0.996
857.5     0.996
857.75     0.996
858.0     0.996
858.25     0.996
858.5     0.996
858.75     0.996
859.0     0.996
859.25     0.996
859.5     0.996
859.75     0.996
860.0     0.996
860.25     0.996
860.5     0.996
860.75     0.996
861.0     0.996
861.25     0.996
861.5     0.996
861.75     0.996
862.0     0.996
862.25     0.996
862.5     0.996
862.75     0.996
863.0     0.996
863.25     0.996
863.5     0.996
863.75     0.996
864.0     0.996
864.25     0.996
864.5     0.996
864.75     0.996
865.0     0.996
865.25     0.996
865.5     0.996
865.75     0.996
866.0     0.996
866.25     0.996
866.5     0.996
866.75     0.996
867.0     0.996
867.25     0.996
867.5     0.996
867.75     0.996
868.0     0.996
868.25     0.996
868.5     0.996
868.75     0.996
869.0     0.996
869.25     0.996
869.5     0.996
869.75     0.996
870.0     0.996
870.25     0.996
870.5     0.996
870.75     0.996
871.0     0.996
871.25     0.996
871.5     0.996
871.75     0.996
872.0     0.996
872.25     0.996
872.5     0.996
872.75     0.996
873.0     0.996
873.25     0.996
873.5     0.996
873.75     0.996
874.0     0.996
874.25     0.996
874.5     0.996
874.75     0.996
875.0     0.996
875.25     0.996
875.5     0.996
875.75     0.996
876.0     0.996
876.25     0.996
876.5     0.996
876.75     0.996
877.0     0.996
877.25     0.996
877.5     0.996
877.75     0.996
878.0     0.996
878.25     0.996
878.5     0.996
878.75     0.996
879.0     0.996
879.25     0.996
879.5     0.996
879.75     0.996
880.0     0.996
880.25     0.996
880.5     0.996
880.75     0.996
881.0     0.996
881.25     0.996
881.5     0.996
881.75     0.996
882.0     0.996
882.25     0.996
882.5     0.996
882.75     0.996
883.0     0.996
883.25     0.996
883.5     0.996
883.75     0.996
884.0     0.996
884.25     0.996
884.5     0.996
884.75     0.996
885.0     0.996
885.25     0.996
885.5     0.996
885.75     0.996
886.0     0.996
886.25     0.996
886.5     0.996
886.75     0.996
887.0     0.996
887.25     0.996
887.5     0.996
887.75     0.996
888.0     0.996
888.25     0.996
888.5     0.996
888.75     0.996
889.0     0.996
889.25     0.996
889.5     0.996
889.75     0.996
890.0     0.996
890.25     0.996
890.5     0.996
890.75     0.996
891.0     0.996
891.25     0.996
891.5     0.996
891.75     0.996
892.0     0.996
892.25     0.996
892.5     0.996
892.75     0.996
893.0     0.996
893.25     0.996
893.5     0.996
893.75     0.996
894.0     0.996
894.25     0.996
894.5     0.996
894.75     0.996
895.0     0.996
895.25     0.996
895.5     0.996
895.75     0.996
896.0     0.996
896.25     0.996
896.5     0.996
896.75     0.996
897.0     0.996
897.25     0.996
897.5     0.996
897.75     0.996
898.0     0.996
898.25     0.996
898.5     0.996
898.75     0.996
899.0     0.996
899.25     0.996
899.5     0.996
899.75     0.996
900.0     0.996
900.25     0.996
900.5     0.996
900.75     0.996
901.0     0.996
901.25     0.996
901.5     0.996
901.75     0.996
902.0     0.996
902.25     0.996
902.5     0.996
902.75     0.996
903.0     0.996
903.25     0.996
903.5     0.996
903.75     0.996
904.0     0.996
904.25     0.996
904.5     0.996
904.75     0.996
905.0     0.996
905.25     0.996
905.5     0.996
905.75     0.996
906.0     0.996
906.25     0.996
906.5     0.996
906.75     0.996
907.0     0.996
907.25     0.996
907.5     0.996
907.75     0.996
908.0     0.996
908.25     0.996
908.5     0.996
908.75     0.996
909.0     0.996
909.25     0.996
909.5     0.996
909.75     0.996
910.0     0.996
910.25     0.996
910.5     0.996
910.75     0.996
911.0     0.996
911.25     0.996
911.5     0.996
911.75     0.996
912.0     0.996
912.25     0.996
912.5     0.996
912.75     0.996
913.0     0.996
913.25     0.996
913.5     0.996
913.75     0.996
914.0     0.996
914.25     0.996
914.5     0.996
914.75     0.996
915.0     0.996
915.25     0.996
915.5     0.996
915.75     0.996
916.0     0.996
916.25     0.996
916.5     0.996
916.75     0.996
917.0     0.996
917.25     0.996
917.5     0.996
917.75     0.996
918.0     0.996
918.25     0.996
918.5     0.996
918.75     0.996
919.0     0.996
919.25     0.996
919.5     0.996
919.75     0.996
920.0     0.996
920.25     0.996
920.5     0.996
920.75     0.996
921.0     0.996
921.25     0.994
921.5     0.994
921.75     0.994
922.0     0.994
922.25     0.994
922.5     0.994
922.75     0.994
923.0     0.994
923.25     0.994
923.5     0.994
923.75     0.994
924.0     0.994
924.25     0.994
924.5     0.994
924.75     0.994
925.0     0.994
925.25     0.994
925.5     0.994
925.75     0.994
926.0     0.994
926.25     0.994
926.5     0.994
926.75     0.994
927.0     0.994
927.25     0.994
927.5     0.994
927.75     0.994
928.0     0.994
928.25     0.994
928.5     0.994
928.75     0.994
929.0     0.994
929.25     0.994
929.5     0.994
929.75     0.994
930.0     0.994
930.25     0.994
930.5     0.994
930.75     0.994
931.0     0.994
931.25     0.994
931.5     0.994
931.75     0.994
932.0     0.994
932.25     0.994
932.5     0.994
932.75     0.994
933.0     0.994
933.25     0.994
933.5     0.994
933.75     0.994
934.0     0.994
934.25     0.994
934.5     0.994
934.75     0.994
935.0     0.994
935.25     0.994
935.5     0.994
935.75     0.994
936.0     0.994
936.25     0.994
936.5     0.994
936.75     0.994
937.0     0.994
937.25     0.994
937.5     0.994
937.75     0.994
938.0     0.994
938.25     0.994
938.5     0.994
938.75     0.994
939.0     0.994
939.25     0.994
939.5     0.994
939.75     0.994
940.0     0.994
940.25     0.994
940.5     0.994
940.75     0.994
941.0     0.994
941.25     0.994
941.5     0.994
941.75     0.994
942.0     0.994
942.25     0.994
942.5     0.994
942.75     0.994
943.0     0.994
943.25     0.994
943.5     0.994
943.75     0.994
944.0     0.994
944.25     0.994
944.5     0.994
944.75     0.994
945.0     0.994
945.25     0.994
945.5     0.994
945.75     0.994
946.0     0.994
946.25     0.994
946.5     0.994
946.75     0.994
947.0     0.994
947.25     0.994
947.5     0.994
947.75     0.994
948.0     0.994
948.25     0.994
948.5     0.994
948.75     0.994
949.0     0.994
949.25     0.994
949.5     0.994
949.75     0.994
950.0     0.994
950.25     0.994
950.5     0.994
950.75     0.994
951.0     0.994
951.25     0.994
951.5     0.994
951.75     0.994
952.0     0.994
952.25     0.994
952.5     0.996
952.75     0.996
953.0     0.996
953.25     0.996
953.5     0.996
953.75     0.996
954.0     0.996
954.25     0.996
954.5     0.996
954.75     0.996
955.0     0.996
955.25     0.996
955.5     0.996
955.75     0.996
956.0     0.996
956.25     0.996
956.5     0.996
956.75     0.996
957.0     0.996
957.25     0.996
957.5     0.998
957.75     0.998
958.0     0.998
958.25     0.998
958.5     0.998
958.75     0.998
959.0     0.998
959.25     0.998
959.5     0.998
959.75     0.998
960.0     0.998
960.25     0.998
960.5     0.998
960.75     0.998
961.0     0.998
961.25     0.998
961.5     0.998
961.75     0.998
962.0     0.998
962.25     0.998
962.5     0.998
962.75     0.998
963.0     0.998
963.25     0.998
963.5     0.998
963.75     0.998
964.0     0.998
964.25     0.998
964.5     0.998
964.75     0.998
965.0     0.998
965.25     0.998
965.5     0.998
965.75     0.998
966.0     0.998
966.25     0.998
966.5     0.998
966.75     0.998
967.0     0.998
967.25     0.998
967.5     0.998
967.75     0.998
968.0     0.998
968.25     0.998
968.5     0.998
968.75     0.998
969.0     0.998
969.25     0.998
969.5     0.998
969.75     0.998
970.0     0.998
970.25     0.998
970.5     0.998
970.75     0.998
971.0     0.998
971.25     0.998
971.5     0.998
971.75     0.998
972.0     0.998
972.25     0.998
972.5     0.998
972.75     0.998
973.0     0.998
973.25     0.998
973.5     0.998
973.75     0.998
974.0     0.998
974.25     0.998
974.5     0.998
974.75     0.998
975.0     0.998
975.25     0.998
975.5     0.998
975.75     0.998
976.0     0.998
976.25     0.998
976.5     0.998
976.75     0.998
977.0     0.998
977.25     0.998
977.5     0.998
977.75     0.998
978.0     0.998
978.25     0.998
978.5     0.998
978.75     0.998
979.0     0.998
979.25     0.998
979.5     0.998
979.75     0.998
980.0     0.998
980.25     0.998
980.5     0.998
980.75     0.998
981.0     0.998
981.25     0.998
981.5     0.998
981.75     0.998
982.0     0.998
982.25     0.998
982.5     0.998
982.75     0.998
983.0     0.998
983.25     0.998
983.5     0.998
983.75     0.998
984.0     0.998
984.25     0.998
984.5     0.998
984.75     0.998
985.0     0.998
985.25     0.998
985.5     0.998
985.75     0.998
986.0     0.998
986.25     0.998
986.5     0.998
986.75     0.998
987.0     0.998
987.25     0.998
987.5     0.998
987.75     0.998
988.0     0.998
988.25     0.998
988.5     0.998
988.75     0.998
989.0     0.998
989.25     0.998
989.5     0.998
989.75     0.998
990.0     0.998
990.25     0.998
990.5     0.998
990.75     0.998
991.0     0.998
991.25     0.998
991.5     0.998
991.75     0.998
992.0     0.998
992.25     0.998
992.5     0.998
992.75     0.998
993.0     0.998
993.25     0.998
993.5     0.998
993.75     0.998
994.0     0.998
994.25     0.998
994.5     0.998
994.75     0.998
995.0     0.998
995.25     0.998
995.5     0.998
995.75     0.998
996.0     0.998
996.25     0.998
996.5     0.998
996.75     0.998
997.0     0.998
997.25     0.998
997.5     0.998
997.75     0.998
998.0     0.998
998.25     0.998
998.5     0.998
998.75     0.998
999.0     0.998
999.25     0.998
999.5     0.998
999.75     0.998
1000.0     0.998
