0.25     1.0
0.5     1.0
0.75     1.0
1.0     1.0
1.25     1.0
1.5     1.0
1.75     1.0
2.0     1.0
2.25     1.0
2.5     1.0
2.75     1.0
3.0     1.0
3.25     1.0
3.5     1.0
3.75     1.0
4.0     1.0
4.25     1.0
4.5     1.0
4.75     1.0
5.0     1.0
5.25     1.0
5.5     1.0
5.75     1.0
6.0     1.0
6.25     1.0
6.5     1.0
6.75     1.0
7.0     1.0
7.25     1.0
7.5     1.0
7.75     1.0
8.0     1.0
8.25     1.0
8.5     1.0
8.75     1.0
9.0     1.0
9.25     1.0
9.5     1.0
9.75     1.0
10.0     1.0
10.25     1.0
10.5     1.0
10.75     1.0
11.0     1.0
11.25     1.0
11.5     1.0
11.75     1.0
12.0     1.0
12.25     1.0
12.5     1.0
12.75     1.0
13.0     1.0
13.25     1.0
13.5     1.0
13.75     1.0
14.0     1.0
14.25     1.0
14.5     1.0
14.75     1.0
15.0     1.0
15.25     1.0
15.5     1.0
15.75     1.0
16.0     1.0
16.25     1.0
16.5     1.0
16.75     1.0
17.0     1.0
17.25     1.0
17.5     1.0
17.75     1.0
18.0     1.0
18.25     1.0
18.5     1.0
18.75     1.0
19.0     1.0
19.25     1.0
19.5     1.0
19.75     1.0
20.0     1.0
20.25     1.0
20.5     1.0
20.75     1.0
21.0     1.0
21.25     1.0
21.5     1.0
21.75     1.0
22.0     1.0
22.25     1.0
22.5     0.998
22.75     0.996
23.0     0.992
23.25     0.992
23.5     0.992
23.75     0.992
24.0     0.992
24.25     0.992
24.5     0.994
24.75     0.992
25.0     0.992
25.25     0.992
25.5     0.992
25.75     0.99
26.0     0.988
26.25     0.986
26.5     0.984
26.75     0.984
27.0     0.982
27.25     0.978
27.5     0.98
27.75     0.98
28.0     0.974
28.25     0.97
28.5     0.97
28.75     0.966
29.0     0.962
29.25     0.958
29.5     0.956
29.75     0.954
30.0     0.948
30.25     0.948
30.5     0.944
30.75     0.94
31.0     0.94
31.25     0.934
31.5     0.934
31.75     0.928
32.0     0.922
32.25     0.92
32.5     0.916
32.75     0.918
33.0     0.916
33.25     0.916
33.5     0.914
33.75     0.91
34.0     0.912
34.25     0.912
34.5     0.914
34.75     0.91
35.0     0.908
35.25     0.908
35.5     0.902
35.75     0.906
36.0     0.904
36.25     0.9
36.5     0.894
36.75     0.89
37.0     0.89
37.25     0.888
37.5     0.888
37.75     0.886
38.0     0.88
38.25     0.878
38.5     0.874
38.75     0.872
39.0     0.87
39.25     0.868
39.5     0.862
39.75     0.862
40.0     0.862
40.25     0.858
40.5     0.858
40.75     0.858
41.0     0.854
41.25     0.852
41.5     0.852
41.75     0.85
42.0     0.848
42.25     0.848
42.5     0.848
42.75     0.846
43.0     0.844
43.25     0.846
43.5     0.846
43.75     0.846
44.0     0.844
44.25     0.844
44.5     0.844
44.75     0.842
45.0     0.842
45.25     0.842
45.5     0.84
45.75     0.83
46.0     0.83
46.25     0.828
46.5     0.826
46.75     0.826
47.0     0.822
47.25     0.822
47.5     0.818
47.75     0.816
48.0     0.81
48.25     0.808
48.5     0.806
48.75     0.802
49.0     0.8
49.25     0.8
49.5     0.798
49.75     0.8
50.0     0.792
50.25     0.79
50.5     0.788
50.75     0.788
51.0     0.788
51.25     0.784
51.5     0.782
51.75     0.778
52.0     0.78
52.25     0.778
52.5     0.778
52.75     0.778
53.0     0.776
53.25     0.768
53.5     0.766
53.75     0.762
54.0     0.762
54.25     0.762
54.5     0.758
54.75     0.76
55.0     0.76
55.25     0.76
55.5     0.76
55.75     0.758
56.0     0.758
56.25     0.758
56.5     0.758
56.75     0.758
57.0     0.758
57.25     0.756
57.5     0.756
57.75     0.756
58.0     0.756
58.25     0.754
58.5     0.754
58.75     0.752
59.0     0.752
59.25     0.752
59.5     0.752
59.75     0.752
60.0     0.75
60.25     0.748
60.5     0.742
60.75     0.736
61.0     0.734
61.25     0.734
61.5     0.732
61.75     0.73
62.0     0.726
62.25     0.726
62.5     0.726
62.75     0.726
63.0     0.726
63.25     0.724
63.5     0.724
63.75     0.722
64.0     0.722
64.25     0.72
64.5     0.72
64.75     0.72
65.0     0.718
65.25     0.716
65.5     0.716
65.75     0.71
66.0     0.71
66.25     0.708
66.5     0.708
66.75     0.708
67.0     0.706
67.25     0.704
67.5     0.704
67.75     0.704
68.0     0.702
68.25     0.7
68.5     0.7
68.75     0.7
69.0     0.698
69.25     0.696
69.5     0.694
69.75     0.694
70.0     0.694
70.25     0.694
70.5     0.694
70.75     0.696
71.0     0.696
71.25     0.696
71.5     0.696
71.75     0.696
72.0     0.696
72.25     0.694
72.5     0.694
72.75     0.692
73.0     0.69
73.25     0.69
73.5     0.688
73.75     0.688
74.0     0.688
74.25     0.684
74.5     0.682
74.75     0.682
75.0     0.682
75.25     0.682
75.5     0.682
75.75     0.682
76.0     0.682
76.25     0.682
76.5     0.68
76.75     0.68
77.0     0.676
77.25     0.672
77.5     0.672
77.75     0.67
78.0     0.67
78.25     0.67
78.5     0.67
78.75     0.67
79.0     0.67
79.25     0.668
79.5     0.668
79.75     0.666
80.0     0.666
80.25     0.666
80.5     0.666
80.75     0.666
81.0     0.664
81.25     0.664
81.5     0.664
81.75     0.664
82.0     0.664
82.25     0.664
82.5     0.664
82.75     0.664
83.0     0.664
83.25     0.664
83.5     0.664
83.75     0.662
84.0     0.662
84.25     0.662
84.5     0.662
84.75     0.662
85.0     0.66
85.25     0.66
85.5     0.66
85.75     0.66
86.0     0.66
86.25     0.654
86.5     0.654
86.75     0.654
87.0     0.65
87.25     0.648
87.5     0.648
87.75     0.648
88.0     0.648
88.25     0.646
88.5     0.642
88.75     0.642
89.0     0.64
89.25     0.64
89.5     0.64
89.75     0.638
90.0     0.636
90.25     0.636
90.5     0.636
90.75     0.636
91.0     0.634
91.25     0.634
91.5     0.634
91.75     0.634
92.0     0.634
92.25     0.634
92.5     0.63
92.75     0.63
93.0     0.63
93.25     0.63
93.5     0.63
93.75     0.628
94.0     0.628
94.25     0.628
94.5     0.628
94.75     0.626
95.0     0.626
95.25     0.626
95.5     0.626
95.75     0.626
96.0     0.622
96.25     0.62
96.5     0.618
96.75     0.616
97.0     0.614
97.25     0.612
97.5     0.612
97.75     0.61
98.0     0.606
98.25     0.61
98.5     0.61
98.75     0.608
99.0     0.606
99.25     0.606
99.5     0.604
99.75     0.604
100.0     0.606
100.25     0.606
100.5     0.604
100.75     0.604
101.0     0.602
101.25     0.602
101.5     0.602
101.75     0.602
102.0     0.602
102.25     0.602
102.5     0.6
102.75     0.6
103.0     0.6
103.25     0.6
103.5     0.6
103.75     0.6
104.0     0.598
104.25     0.596
104.5     0.596
104.75     0.594
105.0     0.59
105.25     0.59
105.5     0.59
105.75     0.59
106.0     0.59
106.25     0.59
106.5     0.588
106.75     0.588
107.0     0.586
107.25     0.586
107.5     0.586
107.75     0.58
108.0     0.58
108.25     0.58
108.5     0.58
108.75     0.578
109.0     0.576
109.25     0.576
109.5     0.576
109.75     0.574
110.0     0.57
110.25     0.564
110.5     0.566
110.75     0.566
111.0     0.566
111.25     0.566
111.5     0.566
111.75     0.566
112.0     0.564
112.25     0.564
112.5     0.566
112.75     0.564
113.0     0.564
113.25     0.564
113.5     0.564
113.75     0.564
114.0     0.566
114.25     0.566
114.5     0.566
114.75     0.566
115.0     0.564
115.25     0.564
115.5     0.564
115.75     0.562
116.0     0.562
116.25     0.558
116.5     0.558
116.75     0.556
117.0     0.556
117.25     0.556
117.5     0.556
117.75     0.552
118.0     0.552
118.25     0.55
118.5     0.55
118.75     0.55
119.0     0.55
119.25     0.548
119.5     0.548
119.75     0.546
120.0     0.546
120.25     0.546
120.5     0.546
120.75     0.546
121.0     0.542
121.25     0.542
121.5     0.542
121.75     0.542
122.0     0.542
122.25     0.542
122.5     0.54
122.75     0.54
123.0     0.534
123.25     0.534
123.5     0.536
123.75     0.536
124.0     0.534
124.25     0.534
124.5     0.532
124.75     0.532
125.0     0.532
125.25     0.53
125.5     0.528
125.75     0.528
126.0     0.526
126.25     0.518
126.5     0.518
126.75     0.518
127.0     0.518
127.25     0.516
127.5     0.514
127.75     0.514
128.0     0.516
128.25     0.514
128.5     0.514
128.75     0.514
129.0     0.514
129.25     0.514
129.5     0.512
129.75     0.512
130.0     0.512
130.25     0.51
130.5     0.508
130.75     0.508
131.0     0.504
131.25     0.502
131.5     0.5
131.75     0.498
132.0     0.498
132.25     0.498
132.5     0.494
132.75     0.496
133.0     0.496
133.25     0.496
133.5     0.496
133.75     0.496
134.0     0.496
134.25     0.494
134.5     0.494
134.75     0.492
135.0     0.486
135.25     0.484
135.5     0.484
135.75     0.484
136.0     0.482
136.25     0.48
136.5     0.48
136.75     0.478
137.0     0.478
137.25     0.476
137.5     0.476
137.75     0.476
138.0     0.476
138.25     0.474
138.5     0.472
138.75     0.47
139.0     0.47
139.25     0.468
139.5     0.468
139.75     0.468
140.0     0.464
140.25     0.46
140.5     0.46
140.75     0.458
141.0     0.458
141.25     0.458
141.5     0.458
141.75     0.456
142.0     0.452
142.25     0.452
142.5     0.45
142.75     0.45
143.0     0.45
143.25     0.444
143.5     0.44
143.75     0.438
144.0     0.436
144.25     0.43
144.5     0.432
144.75     0.432
145.0     0.43
145.25     0.43
145.5     0.43
145.75     0.43
146.0     0.43
146.25     0.426
146.5     0.426
146.75     0.426
147.0     0.426
147.25     0.426
147.5     0.426
147.75     0.426
148.0     0.426
148.25     0.426
148.5     0.424
148.75     0.422
149.0     0.42
149.25     0.418
149.5     0.418
149.75     0.42
150.0     0.418
150.25     0.418
150.5     0.418
150.75     0.418
151.0     0.416
151.25     0.416
151.5     0.416
151.75     0.414
152.0     0.414
152.25     0.414
152.5     0.414
152.75     0.414
153.0     0.41
153.25     0.406
153.5     0.406
153.75     0.406
154.0     0.406
154.25     0.402
154.5     0.402
154.75     0.402
155.0     0.402
155.25     0.402
155.5     0.402
155.75     0.398
156.0     0.398
156.25     0.396
156.5     0.394
156.75     0.394
157.0     0.392
157.25     0.392
157.5     0.392
157.75     0.39
158.0     0.388
158.25     0.386
158.5     0.384
158.75     0.384
159.0     0.382
159.25     0.382
159.5     0.382
159.75     0.38
160.0     0.378
160.25     0.376
160.5     0.376
160.75     0.376
161.0     0.376
161.25     0.376
161.5     0.376
161.75     0.376
162.0     0.376
162.25     0.376
162.5     0.372
162.75     0.372
163.0     0.37
163.25     0.37
163.5     0.37
163.75     0.37
164.0     0.37
164.25     0.37
164.5     0.37
164.75     0.37
165.0     0.37
165.25     0.37
165.5     0.37
165.75     0.368
166.0     0.366
166.25     0.366
166.5     0.362
166.75     0.362
167.0     0.36
167.25     0.36
167.5     0.36
167.75     0.36
168.0     0.36
168.25     0.36
168.5     0.36
168.75     0.36
169.0     0.36
169.25     0.358
169.5     0.358
169.75     0.358
170.0     0.358
170.25     0.358
170.5     0.358
170.75     0.358
171.0     0.358
171.25     0.358
171.5     0.358
171.75     0.358
172.0     0.358
172.25     0.358
172.5     0.358
172.75     0.358
173.0     0.358
173.25     0.358
173.5     0.356
173.75     0.356
174.0     0.352
174.25     0.352
174.5     0.352
174.75     0.352
175.0     0.352
175.25     0.348
175.5     0.35
175.75     0.35
176.0     0.35
176.25     0.354
176.5     0.35
176.75     0.35
177.0     0.348
177.25     0.348
177.5     0.348
177.75     0.348
178.0     0.344
178.25     0.344
178.5     0.344
178.75     0.344
179.0     0.346
179.25     0.344
179.5     0.344
179.75     0.344
180.0     0.344
180.25     0.34
180.5     0.34
180.75     0.338
181.0     0.338
181.25     0.336
181.5     0.336
181.75     0.334
182.0     0.334
182.25     0.334
182.5     0.334
182.75     0.332
183.0     0.33
183.25     0.328
183.5     0.326
183.75     0.328
184.0     0.328
184.25     0.326
184.5     0.326
184.75     0.324
185.0     0.322
185.25     0.318
185.5     0.318
185.75     0.314
186.0     0.312
186.25     0.312
186.5     0.312
186.75     0.312
187.0     0.312
187.25     0.31
187.5     0.31
187.75     0.31
188.0     0.31
188.25     0.31
188.5     0.308
188.75     0.306
189.0     0.306
189.25     0.306
189.5     0.306
189.75     0.306
190.0     0.304
190.25     0.304
190.5     0.304
190.75     0.304
191.0     0.304
191.25     0.304
191.5     0.304
191.75     0.304
192.0     0.304
192.25     0.302
192.5     0.302
192.75     0.3
193.0     0.3
193.25     0.3
193.5     0.3
193.75     0.3
194.0     0.3
194.25     0.298
194.5     0.298
194.75     0.294
195.0     0.292
195.25     0.292
195.5     0.292
195.75     0.292
196.0     0.292
196.25     0.292
196.5     0.292
196.75     0.292
197.0     0.292
197.25     0.29
197.5     0.29
197.75     0.29
198.0     0.29
198.25     0.29
198.5     0.29
198.75     0.29
199.0     0.29
199.25     0.29
199.5     0.286
199.75     0.286
200.0     0.286
200.25     0.286
200.5     0.286
200.75     0.284
201.0     0.284
201.25     0.284
201.5     0.282
201.75     0.282
202.0     0.282
202.25     0.28
202.5     0.28
202.75     0.28
203.0     0.278
203.25     0.276
203.5     0.274
203.75     0.272
204.0     0.272
204.25     0.272
204.5     0.272
204.75     0.27
205.0     0.27
205.25     0.27
205.5     0.27
205.75     0.272
206.0     0.272
206.25     0.272
206.5     0.272
206.75     0.27
207.0     0.268
207.25     0.268
207.5     0.268
207.75     0.268
208.0     0.266
208.25     0.266
208.5     0.266
208.75     0.266
209.0     0.266
209.25     0.266
209.5     0.266
209.75     0.266
210.0     0.266
210.25     0.266
210.5     0.266
210.75     0.266
211.0     0.266
211.25     0.266
211.5     0.264
211.75     0.264
212.0     0.264
212.25     0.262
212.5     0.262
212.75     0.262
213.0     0.262
213.25     0.262
213.5     0.262
213.75     0.26
214.0     0.26
214.25     0.26
214.5     0.26
214.75     0.26
215.0     0.26
215.25     0.258
215.5     0.256
215.75     0.254
216.0     0.254
216.25     0.254
216.5     0.254
216.75     0.254
217.0     0.254
217.25     0.256
217.5     0.256
217.75     0.256
218.0     0.256
218.25     0.252
218.5     0.25
218.75     0.25
219.0     0.25
219.25     0.25
219.5     0.25
219.75     0.25
220.0     0.25
220.25     0.25
220.5     0.25
220.75     0.25
221.0     0.25
221.25     0.25
221.5     0.248
221.75     0.248
222.0     0.248
222.25     0.248
222.5     0.246
222.75     0.246
223.0     0.244
223.25     0.244
223.5     0.244
223.75     0.244
224.0     0.244
224.25     0.244
224.5     0.246
224.75     0.246
225.0     0.246
225.25     0.246
225.5     0.246
225.75     0.246
226.0     0.244
226.25     0.244
226.5     0.244
226.75     0.244
227.0     0.244
227.25     0.244
227.5     0.244
227.75     0.244
228.0     0.244
228.25     0.24
228.5     0.24
228.75     0.24
229.0     0.24
229.25     0.238
229.5     0.236
229.75     0.236
230.0     0.236
230.25     0.236
230.5     0.234
230.75     0.234
231.0     0.232
231.25     0.232
231.5     0.232
231.75     0.232
232.0     0.232
232.25     0.232
232.5     0.232
232.75     0.232
233.0     0.232
233.25     0.226
233.5     0.226
233.75     0.224
234.0     0.224
234.25     0.224
234.5     0.224
234.75     0.224
235.0     0.222
235.25     0.22
235.5     0.22
235.75     0.22
236.0     0.22
236.25     0.22
236.5     0.22
236.75     0.22
237.0     0.222
237.25     0.222
237.5     0.22
237.75     0.22
238.0     0.222
238.25     0.222
238.5     0.222
238.75     0.22
239.0     0.218
239.25     0.218
239.5     0.218
239.75     0.218
240.0     0.218
240.25     0.214
240.5     0.214
240.75     0.214
241.0     0.214
241.25     0.214
241.5     0.214
241.75     0.214
242.0     0.21
242.25     0.208
242.5     0.206
242.75     0.206
243.0     0.206
243.25     0.206
243.5     0.202
243.75     0.202
244.0     0.2
244.25     0.196
244.5     0.196
244.75     0.196
245.0     0.194
245.25     0.194
245.5     0.194
245.75     0.196
246.0     0.196
246.25     0.194
246.5     0.19
246.75     0.19
247.0     0.188
247.25     0.188
247.5     0.184
247.75     0.184
248.0     0.182
248.25     0.182
248.5     0.182
248.75     0.182
249.0     0.184
249.25     0.184
249.5     0.184
249.75     0.18
250.0     0.18
250.25     0.178
250.5     0.178
250.75     0.178
251.0     0.178
251.25     0.182
251.5     0.18
251.75     0.18
252.0     0.178
252.25     0.178
252.5     0.176
252.75     0.174
253.0     0.174
253.25     0.17
253.5     0.17
253.75     0.17
254.0     0.17
254.25     0.168
254.5     0.166
254.75     0.166
255.0     0.166
255.25     0.168
255.5     0.168
255.75     0.168
256.0     0.168
256.25     0.166
256.5     0.166
256.75     0.166
257.0     0.164
257.25     0.166
257.5     0.166
257.75     0.164
258.0     0.164
258.25     0.164
258.5     0.164
258.75     0.164
259.0     0.16
259.25     0.16
259.5     0.16
259.75     0.158
260.0     0.158
260.25     0.156
260.5     0.156
260.75     0.156
261.0     0.156
261.25     0.154
261.5     0.154
261.75     0.15
262.0     0.15
262.25     0.148
262.5     0.148
262.75     0.148
263.0     0.148
263.25     0.148
263.5     0.148
263.75     0.146
264.0     0.146
264.25     0.146
264.5     0.146
264.75     0.144
265.0     0.144
265.25     0.144
265.5     0.144
265.75     0.144
266.0     0.14
266.25     0.138
266.5     0.138
266.75     0.138
267.0     0.14
267.25     0.138
267.5     0.138
267.75     0.134
268.0     0.134
268.25     0.134
268.5     0.134
268.75     0.134
269.0     0.132
269.25     0.132
269.5     0.132
269.75     0.13
270.0     0.13
270.25     0.13
270.5     0.128
270.75     0.128
271.0     0.126
271.25     0.126
271.5     0.126
271.75     0.124
272.0     0.122
272.25     0.122
272.5     0.122
272.75     0.122
273.0     0.122
273.25     0.122
273.5     0.12
273.75     0.12
274.0     0.12
274.25     0.118
274.5     0.118
274.75     0.118
275.0     0.118
275.25     0.118
275.5     0.12
275.75     0.118
276.0     0.118
276.25     0.118
276.5     0.118
276.75     0.118
277.0     0.118
277.25     0.118
277.5     0.118
277.75     0.116
278.0     0.116
278.25     0.116
278.5     0.116
278.75     0.118
279.0     0.118
279.25     0.118
279.5     0.118
279.75     0.118
280.0     0.118
280.25     0.118
280.5     0.118
280.75     0.118
281.0     0.118
281.25     0.116
281.5     0.116
281.75     0.116
282.0     0.116
282.25     0.116
282.5     0.116
282.75     0.114
283.0     0.114
283.25     0.114
283.5     0.114
283.75     0.114
284.0     0.112
284.25     0.112
284.5     0.108
284.75     0.108
285.0     0.11
285.25     0.11
285.5     0.11
285.75     0.11
286.0     0.11
286.25     0.106
286.5     0.106
286.75     0.106
287.0     0.108
287.25     0.108
287.5     0.108
287.75     0.106
288.0     0.106
288.25     0.108
288.5     0.108
288.75     0.108
289.0     0.108
289.25     0.108
289.5     0.108
289.75     0.108
290.0     0.108
290.25     0.108
290.5     0.108
290.75     0.106
291.0     0.108
291.25     0.108
291.5     0.11
291.75     0.106
292.0     0.106
292.25     0.106
292.5     0.106
292.75     0.106
293.0     0.104
293.25     0.104
293.5     0.104
293.75     0.104
294.0     0.104
294.25     0.104
294.5     0.104
294.75     0.104
295.0     0.104
295.25     0.104
295.5     0.104
295.75     0.102
296.0     0.102
296.25     0.102
296.5     0.102
296.75     0.102
297.0     0.102
297.25     0.102
297.5     0.102
297.75     0.102
298.0     0.102
298.25     0.1
298.5     0.096
298.75     0.096
299.0     0.096
299.25     0.096
299.5     0.094
299.75     0.094
300.0     0.094
300.25     0.094
300.5     0.092
300.75     0.094
301.0     0.092
301.25     0.094
301.5     0.094
301.75     0.092
302.0     0.09
302.25     0.09
302.5     0.09
302.75     0.09
303.0     0.088
303.25     0.088
303.5     0.088
303.75     0.088
304.0     0.088
304.25     0.088
304.5     0.088
304.75     0.088
305.0     0.088
305.25     0.088
305.5     0.088
305.75     0.088
306.0     0.088
306.25     0.088
306.5     0.086
306.75     0.086
307.0     0.086
307.25     0.086
307.5     0.086
307.75     0.086
308.0     0.086
308.25     0.086
308.5     0.086
308.75     0.086
309.0     0.086
309.25     0.086
309.5     0.086
309.75     0.086
310.0     0.086
310.25     0.086
310.5     0.084
310.75     0.084
311.0     0.084
311.25     0.084
311.5     0.084
311.75     0.082
312.0     0.08
312.25     0.08
312.5     0.08
312.75     0.08
313.0     0.08
313.25     0.08
313.5     0.08
313.75     0.08
314.0     0.078
314.25     0.074
314.5     0.074
314.75     0.074
315.0     0.074
315.25     0.074
315.5     0.074
315.75     0.074
316.0     0.074
316.25     0.072
316.5     0.072
316.75     0.072
317.0     0.072
317.25     0.072
317.5     0.072
317.75     0.072
318.0     0.072
318.25     0.072
318.5     0.072
318.75     0.072
319.0     0.072
319.25     0.072
319.5     0.072
319.75     0.072
320.0     0.072
320.25     0.072
320.5     0.072
320.75     0.072
321.0     0.072
321.25     0.072
321.5     0.072
321.75     0.072
322.0     0.072
322.25     0.072
322.5     0.072
322.75     0.072
323.0     0.072
323.25     0.072
323.5     0.072
323.75     0.072
324.0     0.072
324.25     0.072
324.5     0.072
324.75     0.072
325.0     0.072
325.25     0.07
325.5     0.068
325.75     0.068
326.0     0.068
326.25     0.068
326.5     0.068
326.75     0.068
327.0     0.068
327.25     0.068
327.5     0.066
327.75     0.066
328.0     0.066
328.25     0.066
328.5     0.066
328.75     0.066
329.0     0.066
329.25     0.064
329.5     0.062
329.75     0.062
330.0     0.062
330.25     0.062
330.5     0.062
330.75     0.062
331.0     0.062
331.25     0.062
331.5     0.062
331.75     0.062
332.0     0.062
332.25     0.062
332.5     0.062
332.75     0.062
333.0     0.062
333.25     0.062
333.5     0.062
333.75     0.06
334.0     0.06
334.25     0.06
334.5     0.06
334.75     0.06
335.0     0.06
335.25     0.06
335.5     0.058
335.75     0.058
336.0     0.058
336.25     0.058
336.5     0.058
336.75     0.058
337.0     0.058
337.25     0.058
337.5     0.058
337.75     0.056
338.0     0.056
338.25     0.056
338.5     0.056
338.75     0.054
339.0     0.054
339.25     0.054
339.5     0.054
339.75     0.054
340.0     0.054
340.25     0.054
340.5     0.052
340.75     0.052
341.0     0.052
341.25     0.052
341.5     0.05
341.75     0.05
342.0     0.05
342.25     0.05
342.5     0.052
342.75     0.052
343.0     0.052
343.25     0.052
343.5     0.052
343.75     0.052
344.0     0.052
344.25     0.052
344.5     0.052
344.75     0.052
345.0     0.052
345.25     0.052
345.5     0.052
345.75     0.052
346.0     0.05
346.25     0.05
346.5     0.048
346.75     0.048
347.0     0.048
347.25     0.048
347.5     0.048
347.75     0.048
348.0     0.05
348.25     0.048
348.5     0.048
348.75     0.048
349.0     0.048
349.25     0.048
349.5     0.048
349.75     0.048
350.0     0.048
350.25     0.048
350.5     0.048
350.75     0.048
351.0     0.048
351.25     0.048
351.5     0.048
351.75     0.048
352.0     0.048
352.25     0.048
352.5     0.048
352.75     0.048
353.0     0.05
353.25     0.05
353.5     0.05
353.75     0.048
354.0     0.048
354.25     0.048
354.5     0.048
354.75     0.048
355.0     0.048
355.25     0.048
355.5     0.048
355.75     0.048
356.0     0.046
356.25     0.046
356.5     0.046
356.75     0.046
357.0     0.046
357.25     0.046
357.5     0.046
357.75     0.046
358.0     0.046
358.25     0.046
358.5     0.046
358.75     0.044
359.0     0.044
359.25     0.044
359.5     0.044
359.75     0.044
360.0     0.044
360.25     0.044
360.5     0.044
360.75     0.044
361.0     0.042
361.25     0.042
361.5     0.042
361.75     0.042
362.0     0.042
362.25     0.042
362.5     0.042
362.75     0.042
363.0     0.042
363.25     0.042
363.5     0.042
363.75     0.042
364.0     0.04
364.25     0.04
364.5     0.04
364.75     0.04
365.0     0.04
365.25     0.04
365.5     0.04
365.75     0.042
366.0     0.042
366.25     0.042
366.5     0.042
366.75     0.042
367.0     0.042
367.25     0.042
367.5     0.04
367.75     0.04
368.0     0.04
368.25     0.04
368.5     0.04
368.75     0.04
369.0     0.04
369.25     0.04
369.5     0.04
369.75     0.038
370.0     0.038
370.25     0.038
370.5     0.038
370.75     0.038
371.0     0.038
371.25     0.038
371.5     0.038
371.75     0.038
372.0     0.038
372.25     0.038
372.5     0.038
372.75     0.038
373.0     0.036
373.25     0.036
373.5     0.036
373.75     0.036
374.0     0.036
374.25     0.036
374.5     0.036
374.75     0.036
375.0     0.036
375.25     0.036
375.5     0.036
375.75     0.034
376.0     0.034
376.25     0.034
376.5     0.034
376.75     0.034
377.0     0.034
377.25     0.034
377.5     0.034
377.75     0.034
378.0     0.034
378.25     0.034
378.5     0.034
378.75     0.034
379.0     0.034
379.25     0.034
379.5     0.034
379.75     0.034
380.0     0.034
380.25     0.034
380.5     0.034
380.75     0.034
381.0     0.032
381.25     0.032
381.5     0.032
381.75     0.032
382.0     0.03
382.25     0.03
382.5     0.03
382.75     0.03
383.0     0.03
383.25     0.03
383.5     0.03
383.75     0.028
384.0     0.028
384.25     0.028
384.5     0.028
384.75     0.028
385.0     0.026
385.25     0.026
385.5     0.026
385.75     0.026
386.0     0.026
386.25     0.026
386.5     0.026
386.75     0.026
387.0     0.026
387.25     0.024
387.5     0.026
387.75     0.024
388.0     0.024
388.25     0.024
388.5     0.024
388.75     0.024
389.0     0.024
389.25     0.024
389.5     0.024
389.75     0.024
390.0     0.026
390.25     0.026
390.5     0.026
390.75     0.026
391.0     0.026
391.25     0.026
391.5     0.026
391.75     0.026
392.0     0.026
392.25     0.026
392.5     0.026
392.75     0.026
393.0     0.026
393.25     0.026
393.5     0.024
393.75     0.024
394.0     0.024
394.25     0.024
394.5     0.024
394.75     0.024
395.0     0.024
395.25     0.024
395.5     0.024
395.75     0.024
396.0     0.024
396.25     0.024
396.5     0.024
396.75     0.024
397.0     0.024
397.25     0.024
397.5     0.024
397.75     0.024
398.0     0.024
398.25     0.024
398.5     0.024
398.75     0.024
399.0     0.024
399.25     0.024
399.5     0.024
399.75     0.024
400.0     0.024
400.25     0.024
400.5     0.024
400.75     0.024
401.0     0.024
401.25     0.024
401.5     0.024
401.75     0.024
402.0     0.024
402.25     0.024
402.5     0.024
402.75     0.024
403.0     0.024
403.25     0.024
403.5     0.024
403.75     0.024
404.0     0.024
404.25     0.024
404.5     0.024
404.75     0.024
405.0     0.024
405.25     0.024
405.5     0.024
405.75     0.024
406.0     0.024
406.25     0.024
406.5     0.024
406.75     0.024
407.0     0.024
407.25     0.024
407.5     0.024
407.75     0.024
408.0     0.024
408.25     0.024
408.5     0.024
408.75     0.024
409.0     0.024
409.25     0.024
409.5     0.024
409.75     0.024
410.0     0.024
410.25     0.024
410.5     0.024
410.75     0.024
411.0     0.024
411.25     0.024
411.5     0.024
411.75     0.024
412.0     0.024
412.25     0.024
412.5     0.024
412.75     0.024
413.0     0.024
413.25     0.024
413.5     0.024
413.75     0.024
414.0     0.024
414.25     0.024
414.5     0.024
414.75     0.024
415.0     0.024
415.25     0.024
415.5     0.026
415.75     0.026
416.0     0.026
416.25     0.026
416.5     0.026
416.75     0.026
417.0     0.026
417.25     0.026
417.5     0.026
417.75     0.026
418.0     0.026
418.25     0.026
418.5     0.026
418.75     0.026
419.0     0.026
419.25     0.026
419.5     0.026
419.75     0.026
420.0     0.026
420.25     0.026
420.5     0.026
420.75     0.026
421.0     0.026
421.25     0.026
421.5     0.026
421.75     0.026
422.0     0.026
422.25     0.026
422.5     0.026
422.75     0.026
423.0     0.026
423.25     0.026
423.5     0.026
423.75     0.026
424.0     0.026
424.25     0.026
424.5     0.026
424.75     0.026
425.0     0.026
425.25     0.026
425.5     0.026
425.75     0.026
426.0     0.026
426.25     0.026
426.5     0.026
426.75     0.026
427.0     0.026
427.25     0.026
427.5     0.026
427.75     0.026
428.0     0.026
428.25     0.026
428.5     0.026
428.75     0.026
429.0     0.026
429.25     0.026
429.5     0.026
429.75     0.024
430.0     0.024
430.25     0.024
430.5     0.024
430.75     0.024
431.0     0.024
431.25     0.022
431.5     0.022
431.75     0.022
432.0     0.022
432.25     0.022
432.5     0.022
432.75     0.022
433.0     0.022
433.25     0.022
433.5     0.022
433.75     0.022
434.0     0.02
434.25     0.02
434.5     0.02
434.75     0.02
435.0     0.02
435.25     0.02
435.5     0.02
435.75     0.02
436.0     0.02
436.25     0.02
436.5     0.02
436.75     0.02
437.0     0.02
437.25     0.02
437.5     0.02
437.75     0.02
438.0     0.02
438.25     0.02
438.5     0.02
438.75     0.02
439.0     0.02
439.25     0.02
439.5     0.02
439.75     0.02
440.0     0.02
440.25     0.02
440.5     0.02
440.75     0.02
441.0     0.018
441.25     0.018
441.5     0.018
441.75     0.018
442.0     0.018
442.25     0.018
442.5     0.018
442.75     0.018
443.0     0.018
443.25     0.018
443.5     0.018
443.75     0.016
444.0     0.016
444.25     0.016
444.5     0.016
444.75     0.016
445.0     0.016
445.25     0.016
445.5     0.016
445.75     0.016
446.0     0.016
446.25     0.016
446.5     0.016
446.75     0.016
447.0     0.016
447.25     0.016
447.5     0.016
447.75     0.016
448.0     0.016
448.25     0.016
448.5     0.016
448.75     0.016
449.0     0.016
449.25     0.016
449.5     0.016
449.75     0.016
450.0     0.016
450.25     0.016
450.5     0.016
450.75     0.016
451.0     0.016
451.25     0.016
451.5     0.016
451.75     0.016
452.0     0.016
452.25     0.016
452.5     0.016
452.75     0.016
453.0     0.016
453.25     0.016
453.5     0.016
453.75     0.016
454.0     0.016
454.25     0.016
454.5     0.016
454.75     0.016
455.0     0.016
455.25     0.016
455.5     0.016
455.75     0.016
456.0     0.016
456.25     0.016
456.5     0.016
456.75     0.016
457.0     0.014
457.25     0.014
457.5     0.014
457.75     0.014
458.0     0.014
458.25     0.014
458.5     0.014
458.75     0.014
459.0     0.016
459.25     0.016
459.5     0.016
459.75     0.016
460.0     0.016
460.25     0.016
460.5     0.016
460.75     0.016
461.0     0.016
461.25     0.016
461.5     0.016
461.75     0.016
462.0     0.016
462.25     0.016
462.5     0.016
462.75     0.016
463.0     0.016
463.25     0.016
463.5     0.016
463.75     0.016
464.0     0.016
464.25     0.016
464.5     0.016
464.75     0.016
465.0     0.016
465.25     0.016
465.5     0.016
465.75     0.016
466.0     0.016
466.25     0.016
466.5     0.016
466.75     0.016
467.0     0.016
467.25     0.016
467.5     0.016
467.75     0.016
468.0     0.016
468.25     0.016
468.5     0.016
468.75     0.016
469.0     0.016
469.25     0.018
469.5     0.018
469.75     0.018
470.0     0.018
470.25     0.018
470.5     0.018
470.75     0.018
471.0     0.018
471.25     0.018
471.5     0.018
471.75     0.018
472.0     0.018
472.25     0.018
472.5     0.018
472.75     0.018
473.0     0.018
473.25     0.018
473.5     0.018
473.75     0.018
474.0     0.018
474.25     0.018
474.5     0.018
474.75     0.018
475.0     0.018
475.25     0.018
475.5     0.018
475.75     0.018
476.0     0.018
476.25     0.018
476.5     0.018
476.75     0.018
477.0     0.018
477.25     0.018
477.5     0.018
477.75     0.018
478.0     0.018
478.25     0.018
478.5     0.018
478.75     0.018
479.0     0.018
479.25     0.018
479.5     0.018
479.75     0.018
480.0     0.018
480.25     0.018
480.5     0.018
480.75     0.018
481.0     0.018
481.25     0.018
481.5     0.018
481.75     0.018
482.0     0.018
482.25     0.018
482.5     0.018
482.75     0.018
483.0     0.018
483.25     0.018
483.5     0.018
483.75     0.018
484.0     0.018
484.25     0.018
484.5     0.018
484.75     0.018
485.0     0.018
485.25     0.018
485.5     0.018
485.75     0.016
486.0     0.016
486.25     0.016
486.5     0.016
486.75     0.016
487.0     0.016
487.25     0.016
487.5     0.016
487.75     0.016
488.0     0.016
488.25     0.016
488.5     0.016
488.75     0.014
489.0     0.014
489.25     0.014
489.5     0.014
489.75     0.012
490.0     0.014
490.25     0.014
490.5     0.014
490.75     0.014
491.0     0.014
491.25     0.014
491.5     0.014
491.75     0.014
492.0     0.014
492.25     0.012
492.5     0.012
492.75     0.012
493.0     0.012
493.25     0.012
493.5     0.012
493.75     0.012
494.0     0.012
494.25     0.012
494.5     0.012
494.75     0.012
495.0     0.012
495.25     0.012
495.5     0.012
495.75     0.012
496.0     0.012
496.25     0.012
496.5     0.012
496.75     0.012
497.0     0.012
497.25     0.012
497.5     0.012
497.75     0.012
498.0     0.012
498.25     0.012
498.5     0.012
498.75     0.012
499.0     0.012
499.25     0.012
499.5     0.012
499.75     0.012
500.0     0.012
500.25     0.012
500.5     0.012
500.75     0.012
501.0     0.012
501.25     0.012
501.5     0.012
501.75     0.012
502.0     0.012
502.25     0.012
502.5     0.012
502.75     0.012
503.0     0.012
503.25     0.012
503.5     0.012
503.75     0.012
504.0     0.012
504.25     0.012
504.5     0.012
504.75     0.012
505.0     0.012
505.25     0.012
505.5     0.012
505.75     0.012
506.0     0.012
506.25     0.012
506.5     0.012
506.75     0.012
507.0     0.012
507.25     0.012
507.5     0.012
507.75     0.012
508.0     0.012
508.25     0.012
508.5     0.012
508.75     0.012
509.0     0.012
509.25     0.012
509.5     0.012
509.75     0.012
510.0     0.012
510.25     0.012
510.5     0.012
510.75     0.012
511.0     0.012
511.25     0.012
511.5     0.012
511.75     0.012
512.0     0.012
512.25     0.012
512.5     0.012
512.75     0.012
513.0     0.012
513.25     0.012
513.5     0.012
513.75     0.012
514.0     0.012
514.25     0.012
514.5     0.012
514.75     0.012
515.0     0.012
515.25     0.012
515.5     0.012
515.75     0.012
516.0     0.012
516.25     0.012
516.5     0.012
516.75     0.012
517.0     0.012
517.25     0.012
517.5     0.012
517.75     0.012
518.0     0.012
518.25     0.012
518.5     0.012
518.75     0.012
519.0     0.012
519.25     0.012
519.5     0.012
519.75     0.012
520.0     0.012
520.25     0.012
520.5     0.012
520.75     0.012
521.0     0.012
521.25     0.012
521.5     0.012
521.75     0.012
522.0     0.012
522.25     0.012
522.5     0.012
522.75     0.012
523.0     0.012
523.25     0.012
523.5     0.012
523.75     0.012
524.0     0.012
524.25     0.012
524.5     0.012
524.75     0.012
525.0     0.012
525.25     0.012
525.5     0.012
525.75     0.012
526.0     0.012
526.25     0.012
526.5     0.012
526.75     0.012
527.0     0.012
527.25     0.012
527.5     0.012
527.75     0.01
528.0     0.01
528.25     0.01
528.5     0.01
528.75     0.008
529.0     0.008
529.25     0.008
529.5     0.008
529.75     0.008
530.0     0.008
530.25     0.008
530.5     0.008
530.75     0.008
531.0     0.008
531.25     0.008
531.5     0.008
531.75     0.006
532.0     0.006
532.25     0.006
532.5     0.006
532.75     0.006
533.0     0.006
533.25     0.006
533.5     0.006
533.75     0.006
534.0     0.006
534.25     0.006
534.5     0.006
534.75     0.006
535.0     0.006
535.25     0.006
535.5     0.006
535.75     0.006
536.0     0.006
536.25     0.006
536.5     0.006
536.75     0.006
537.0     0.006
537.25     0.006
537.5     0.006
537.75     0.006
538.0     0.006
538.25     0.006
538.5     0.006
538.75     0.006
539.0     0.006
539.25     0.006
539.5     0.006
539.75     0.006
540.0     0.006
540.25     0.006
540.5     0.006
540.75     0.006
541.0     0.006
541.25     0.006
541.5     0.006
541.75     0.006
542.0     0.006
542.25     0.006
542.5     0.006
542.75     0.006
543.0     0.006
543.25     0.006
543.5     0.006
543.75     0.006
544.0     0.006
544.25     0.006
544.5     0.006
544.75     0.006
545.0     0.006
545.25     0.006
545.5     0.006
545.75     0.006
546.0     0.006
546.25     0.006
546.5     0.006
546.75     0.006
547.0     0.006
547.25     0.006
547.5     0.006
547.75     0.006
548.0     0.006
548.25     0.006
548.5     0.006
548.75     0.006
549.0     0.006
549.25     0.006
549.5     0.006
549.75     0.006
550.0     0.006
550.25     0.006
550.5     0.006
550.75     0.006
551.0     0.006
551.25     0.006
551.5     0.006
551.75     0.006
552.0     0.006
552.25     0.006
552.5     0.006
552.75     0.006
553.0     0.006
553.25     0.006
553.5     0.006
553.75     0.006
554.0     0.006
554.25     0.006
554.5     0.006
554.75     0.006
555.0     0.006
555.25     0.006
555.5     0.006
555.75     0.006
556.0     0.006
556.25     0.006
556.5     0.006
556.75     0.006
557.0     0.006
557.25     0.006
557.5     0.006
557.75     0.006
558.0     0.006
558.25     0.006
558.5     0.006
558.75     0.006
559.0     0.006
559.25     0.006
559.5     0.006
559.75     0.006
560.0     0.006
560.25     0.006
560.5     0.006
560.75     0.006
561.0     0.006
561.25     0.006
561.5     0.006
561.75     0.006
562.0     0.006
562.25     0.006
562.5     0.004
562.75     0.004
563.0     0.004
563.25     0.004
563.5     0.004
563.75     0.004
564.0     0.004
564.25     0.004
564.5     0.004
564.75     0.004
565.0     0.004
565.25     0.004
565.5     0.004
565.75     0.004
566.0     0.004
566.25     0.004
566.5     0.004
566.75     0.004
567.0     0.004
567.25     0.004
567.5     0.004
567.75     0.004
568.0     0.004
568.25     0.004
568.5     0.004
568.75     0.004
569.0     0.004
569.25     0.004
569.5     0.004
569.75     0.004
570.0     0.004
570.25     0.004
570.5     0.004
570.75     0.004
571.0     0.004
571.25     0.004
571.5     0.004
571.75     0.004
572.0     0.004
572.25     0.004
572.5     0.004
572.75     0.004
573.0     0.004
573.25     0.004
573.5     0.004
573.75     0.004
574.0     0.004
574.25     0.004
574.5     0.004
574.75     0.004
575.0     0.004
575.25     0.004
575.5     0.004
575.75     0.004
576.0     0.004
576.25     0.004
576.5     0.004
576.75     0.004
577.0     0.004
577.25     0.004
577.5     0.004
577.75     0.004
578.0     0.004
578.25     0.004
578.5     0.004
578.75     0.004
579.0     0.004
579.25     0.004
579.5     0.004
579.75     0.004
580.0     0.004
580.25     0.004
580.5     0.004
580.75     0.004
581.0     0.004
581.25     0.004
581.5     0.004
581.75     0.004
582.0     0.004
582.25     0.004
582.5     0.004
582.75     0.004
583.0     0.004
583.25     0.004
583.5     0.004
583.75     0.004
584.0     0.004
584.25     0.004
584.5     0.004
584.75     0.004
585.0     0.004
585.25     0.004
585.5     0.004
585.75     0.004
586.0     0.004
586.25     0.004
586.5     0.004
586.75     0.004
587.0     0.004
587.25     0.004
587.5     0.004
587.75     0.004
588.0     0.004
588.25     0.004
588.5     0.004
588.75     0.004
589.0     0.004
589.25     0.004
589.5     0.004
589.75     0.004
590.0     0.004
590.25     0.004
590.5     0.004
590.75     0.004
591.0     0.004
591.25     0.004
591.5     0.004
591.75     0.004
592.0     0.004
592.25     0.004
592.5     0.004
592.75     0.004
593.0     0.004
593.25     0.004
593.5     0.004
593.75     0.004
594.0     0.004
594.25     0.004
594.5     0.004
594.75     0.004
595.0     0.004
595.25     0.004
595.5     0.004
595.75     0.004
596.0     0.004
596.25     0.004
596.5     0.004
596.75     0.004
597.0     0.004
597.25     0.004
597.5     0.004
597.75     0.004
598.0     0.004
598.25     0.004
598.5     0.004
598.75     0.004
599.0     0.004
599.25     0.004
599.5     0.004
599.75     0.004
600.0     0.004
600.25     0.004
600.5     0.004
600.75     0.004
601.0     0.004
601.25     0.004
601.5     0.004
601.75     0.004
602.0     0.004
602.25     0.004
602.5     0.004
602.75     0.004
603.0     0.004
603.25     0.004
603.5     0.004
603.75     0.004
604.0     0.004
604.25     0.004
604.5     0.004
604.75     0.004
605.0     0.004
605.25     0.004
605.5     0.004
605.75     0.004
606.0     0.004
606.25     0.004
606.5     0.004
606.75     0.004
607.0     0.004
607.25     0.004
607.5     0.004
607.75     0.004
608.0     0.004
608.25     0.004
608.5     0.004
608.75     0.004
609.0     0.004
609.25     0.004
609.5     0.004
609.75     0.004
610.0     0.004
610.25     0.004
610.5     0.004
610.75     0.004
611.0     0.004
611.25     0.004
611.5     0.004
611.75     0.004
612.0     0.004
612.25     0.004
612.5     0.004
612.75     0.004
613.0     0.004
613.25     0.004
613.5     0.004
613.75     0.004
614.0     0.004
614.25     0.004
614.5     0.004
614.75     0.004
615.0     0.004
615.25     0.004
615.5     0.004
615.75     0.004
616.0     0.004
616.25     0.004
616.5     0.004
616.75     0.004
617.0     0.004
617.25     0.004
617.5     0.004
617.75     0.004
618.0     0.004
618.25     0.004
618.5     0.004
618.75     0.004
619.0     0.004
619.25     0.004
619.5     0.004
619.75     0.004
620.0     0.004
620.25     0.004
620.5     0.004
620.75     0.004
621.0     0.004
621.25     0.004
621.5     0.004
621.75     0.004
622.0     0.004
622.25     0.004
622.5     0.004
622.75     0.004
623.0     0.004
623.25     0.004
623.5     0.004
623.75     0.004
624.0     0.004
624.25     0.004
624.5     0.004
624.75     0.004
625.0     0.004
625.25     0.004
625.5     0.004
625.75     0.004
626.0     0.004
626.25     0.004
626.5     0.004
626.75     0.004
627.0     0.004
627.25     0.004
627.5     0.004
627.75     0.004
628.0     0.004
628.25     0.004
628.5     0.004
628.75     0.004
629.0     0.004
629.25     0.004
629.5     0.004
629.75     0.004
630.0     0.004
630.25     0.004
630.5     0.004
630.75     0.004
631.0     0.004
631.25     0.004
631.5     0.004
631.75     0.004
632.0     0.004
632.25     0.004
632.5     0.004
632.75     0.004
633.0     0.004
633.25     0.004
633.5     0.004
633.75     0.004
634.0     0.004
634.25     0.004
634.5     0.004
634.75     0.004
635.0     0.004
635.25     0.004
635.5     0.004
635.75     0.004
636.0     0.004
636.25     0.004
636.5     0.004
636.75     0.004
637.0     0.004
637.25     0.004
637.5     0.004
637.75     0.004
638.0     0.004
638.25     0.004
638.5     0.004
638.75     0.004
639.0     0.004
639.25     0.004
639.5     0.004
639.75     0.004
640.0     0.004
640.25     0.004
640.5     0.004
640.75     0.004
641.0     0.004
641.25     0.004
641.5     0.004
641.75     0.004
642.0     0.004
642.25     0.004
642.5     0.004
642.75     0.004
643.0     0.004
643.25     0.004
643.5     0.004
643.75     0.004
644.0     0.004
644.25     0.004
644.5     0.004
644.75     0.004
645.0     0.004
645.25     0.004
645.5     0.004
645.75     0.004
646.0     0.004
646.25     0.004
646.5     0.004
646.75     0.004
647.0     0.004
647.25     0.004
647.5     0.004
647.75     0.004
648.0     0.004
648.25     0.004
648.5     0.004
648.75     0.004
649.0     0.004
649.25     0.004
649.5     0.004
649.75     0.004
650.0     0.004
650.25     0.004
650.5     0.004
650.75     0.004
651.0     0.004
651.25     0.004
651.5     0.004
651.75     0.004
652.0     0.004
652.25     0.004
652.5     0.004
652.75     0.004
653.0     0.004
653.25     0.004
653.5     0.004
653.75     0.004
654.0     0.004
654.25     0.004
654.5     0.004
654.75     0.004
655.0     0.004
655.25     0.004
655.5     0.004
655.75     0.004
656.0     0.004
656.25     0.004
656.5     0.004
656.75     0.004
657.0     0.004
657.25     0.004
657.5     0.004
657.75     0.004
658.0     0.004
658.25     0.004
658.5     0.004
658.75     0.004
659.0     0.004
659.25     0.004
659.5     0.004
659.75     0.004
660.0     0.004
660.25     0.004
660.5     0.004
660.75     0.004
661.0     0.004
661.25     0.004
661.5     0.004
661.75     0.004
662.0     0.004
662.25     0.004
662.5     0.004
662.75     0.004
663.0     0.004
663.25     0.004
663.5     0.004
663.75     0.004
664.0     0.004
664.25     0.004
664.5     0.004
664.75     0.004
665.0     0.004
665.25     0.004
665.5     0.004
665.75     0.004
666.0     0.004
666.25     0.004
666.5     0.004
666.75     0.004
667.0     0.004
667.25     0.004
667.5     0.004
667.75     0.004
668.0     0.004
668.25     0.004
668.5     0.004
668.75     0.004
669.0     0.004
669.25     0.004
669.5     0.004
669.75     0.004
670.0     0.004
670.25     0.004
670.5     0.004
670.75     0.004
671.0     0.004
671.25     0.004
671.5     0.004
671.75     0.004
672.0     0.004
672.25     0.004
672.5     0.004
672.75     0.004
673.0     0.004
673.25     0.004
673.5     0.004
673.75     0.004
674.0     0.004
674.25     0.004
674.5     0.004
674.75     0.004
675.0     0.004
675.25     0.004
675.5     0.004
675.75     0.004
676.0     0.004
676.25     0.004
676.5     0.004
676.75     0.004
677.0     0.004
677.25     0.004
677.5     0.004
677.75     0.004
678.0     0.004
678.25     0.004
678.5     0.004
678.75     0.004
679.0     0.004
679.25     0.004
679.5     0.004
679.75     0.004
680.0     0.004
680.25     0.004
680.5     0.004
680.75     0.004
681.0     0.004
681.25     0.004
681.5     0.004
681.75     0.004
682.0     0.004
682.25     0.004
682.5     0.004
682.75     0.004
683.0     0.004
683.25     0.004
683.5     0.004
683.75     0.004
684.0     0.004
684.25     0.004
684.5     0.004
684.75     0.004
685.0     0.004
685.25     0.004
685.5     0.004
685.75     0.004
686.0     0.004
686.25     0.004
686.5     0.004
686.75     0.004
687.0     0.004
687.25     0.004
687.5     0.004
687.75     0.004
688.0     0.004
688.25     0.004
688.5     0.004
688.75     0.004
689.0     0.004
689.25     0.004
689.5     0.004
689.75     0.004
690.0     0.004
690.25     0.004
690.5     0.004
690.75     0.004
691.0     0.004
691.25     0.004
691.5     0.004
691.75     0.004
692.0     0.004
692.25     0.004
692.5     0.004
692.75     0.004
693.0     0.004
693.25     0.004
693.5     0.004
693.75     0.004
694.0     0.004
694.25     0.004
694.5     0.004
694.75     0.004
695.0     0.004
695.25     0.004
695.5     0.004
695.75     0.004
696.0     0.004
696.25     0.004
696.5     0.004
696.75     0.004
697.0     0.004
697.25     0.004
697.5     0.004
697.75     0.004
698.0     0.004
698.25     0.004
698.5     0.004
698.75     0.004
699.0     0.004
699.25     0.004
699.5     0.004
699.75     0.004
700.0     0.004
700.25     0.004
700.5     0.004
700.75     0.004
701.0     0.004
701.25     0.004
701.5     0.004
701.75     0.004
702.0     0.004
702.25     0.004
702.5     0.004
702.75     0.004
703.0     0.004
703.25     0.004
703.5     0.004
703.75     0.004
704.0     0.004
704.25     0.004
704.5     0.004
704.75     0.004
705.0     0.004
705.25     0.004
705.5     0.004
705.75     0.004
706.0     0.004
706.25     0.004
706.5     0.004
706.75     0.004
707.0     0.004
707.25     0.004
707.5     0.004
707.75     0.004
708.0     0.004
708.25     0.004
708.5     0.004
708.75     0.004
709.0     0.004
709.25     0.004
709.5     0.004
709.75     0.004
710.0     0.004
710.25     0.004
710.5     0.004
710.75     0.004
711.0     0.004
711.25     0.004
711.5     0.004
711.75     0.004
712.0     0.004
712.25     0.004
712.5     0.004
712.75     0.004
713.0     0.004
713.25     0.004
713.5     0.004
713.75     0.004
714.0     0.004
714.25     0.004
714.5     0.004
714.75     0.004
715.0     0.004
715.25     0.004
715.5     0.004
715.75     0.004
716.0     0.004
716.25     0.004
716.5     0.004
716.75     0.004
717.0     0.004
717.25     0.004
717.5     0.004
717.75     0.004
718.0     0.004
718.25     0.004
718.5     0.004
718.75     0.004
719.0     0.004
719.25     0.004
719.5     0.004
719.75     0.004
720.0     0.004
720.25     0.004
720.5     0.004
720.75     0.004
721.0     0.004
721.25     0.004
721.5     0.004
721.75     0.004
722.0     0.004
722.25     0.004
722.5     0.004
722.75     0.004
723.0     0.004
723.25     0.004
723.5     0.004
723.75     0.004
724.0     0.004
724.25     0.004
724.5     0.004
724.75     0.004
725.0     0.004
725.25     0.004
725.5     0.004
725.75     0.004
726.0     0.004
726.25     0.004
726.5     0.004
726.75     0.004
727.0     0.004
727.25     0.004
727.5     0.004
727.75     0.004
728.0     0.004
728.25     0.004
728.5     0.004
728.75     0.004
729.0     0.004
729.25     0.004
729.5     0.004
729.75     0.004
730.0     0.004
730.25     0.004
730.5     0.004
730.75     0.004
731.0     0.004
731.25     0.004
731.5     0.004
731.75     0.004
732.0     0.004
732.25     0.004
732.5     0.004
732.75     0.004
733.0     0.004
733.25     0.004
733.5     0.004
733.75     0.004
734.0     0.004
734.25     0.004
734.5     0.004
734.75     0.004
735.0     0.004
735.25     0.004
735.5     0.004
735.75     0.004
736.0     0.004
736.25     0.004
736.5     0.004
736.75     0.004
737.0     0.004
737.25     0.004
737.5     0.004
737.75     0.004
738.0     0.004
738.25     0.004
738.5     0.004
738.75     0.004
739.0     0.004
739.25     0.004
739.5     0.004
739.75     0.004
740.0     0.004
740.25     0.004
740.5     0.004
740.75     0.004
741.0     0.004
741.25     0.004
741.5     0.004
741.75     0.004
742.0     0.004
742.25     0.004
742.5     0.004
742.75     0.004
743.0     0.004
743.25     0.004
743.5     0.004
743.75     0.004
744.0     0.004
744.25     0.004
744.5     0.004
744.75     0.004
745.0     0.004
745.25     0.004
745.5     0.004
745.75     0.004
746.0     0.004
746.25     0.004
746.5     0.004
746.75     0.004
747.0     0.004
747.25     0.004
747.5     0.004
747.75     0.004
748.0     0.004
748.25     0.004
748.5     0.004
748.75     0.004
749.0     0.004
749.25     0.004
749.5     0.004
749.75     0.004
750.0     0.004
750.25     0.004
750.5     0.004
750.75     0.004
751.0     0.004
751.25     0.004
751.5     0.004
751.75     0.004
752.0     0.004
752.25     0.004
752.5     0.004
752.75     0.004
753.0     0.004
753.25     0.004
753.5     0.004
753.75     0.004
754.0     0.004
754.25     0.004
754.5     0.004
754.75     0.004
755.0     0.004
755.25     0.004
755.5     0.004
755.75     0.004
756.0     0.004
756.25     0.004
756.5     0.004
756.75     0.004
757.0     0.004
757.25     0.004
757.5     0.004
757.75     0.004
758.0     0.004
758.25     0.004
758.5     0.004
758.75     0.004
759.0     0.004
759.25     0.004
759.5     0.004
759.75     0.004
760.0     0.004
760.25     0.004
760.5     0.004
760.75     0.004
761.0     0.004
761.25     0.004
761.5     0.004
761.75     0.004
762.0     0.004
762.25     0.004
762.5     0.004
762.75     0.004
763.0     0.004
763.25     0.004
763.5     0.004
763.75     0.004
764.0     0.004
764.25     0.004
764.5     0.004
764.75     0.004
765.0     0.004
765.25     0.004
765.5     0.004
765.75     0.004
766.0     0.004
766.25     0.004
766.5     0.004
766.75     0.004
767.0     0.004
767.25     0.004
767.5     0.004
767.75     0.004
768.0     0.004
768.25     0.004
768.5     0.004
768.75     0.004
769.0     0.004
769.25     0.004
769.5     0.004
769.75     0.004
770.0     0.004
770.25     0.004
770.5     0.004
770.75     0.004
771.0     0.004
771.25     0.004
771.5     0.004
771.75     0.004
772.0     0.004
772.25     0.004
772.5     0.004
772.75     0.004
773.0     0.004
773.25     0.004
773.5     0.004
773.75     0.004
774.0     0.004
774.25     0.004
774.5     0.004
774.75     0.004
775.0     0.004
775.25     0.004
775.5     0.004
775.75     0.004
776.0     0.004
776.25     0.004
776.5     0.004
776.75     0.004
777.0     0.004
777.25     0.004
777.5     0.004
777.75     0.004
778.0     0.004
778.25     0.004
778.5     0.004
778.75     0.004
779.0     0.004
779.25     0.004
779.5     0.004
779.75     0.004
780.0     0.004
780.25     0.004
780.5     0.004
780.75     0.004
781.0     0.004
781.25     0.004
781.5     0.004
781.75     0.004
782.0     0.004
782.25     0.004
782.5     0.004
782.75     0.004
783.0     0.004
783.25     0.004
783.5     0.004
783.75     0.004
784.0     0.004
784.25     0.004
784.5     0.004
784.75     0.004
785.0     0.004
785.25     0.004
785.5     0.004
785.75     0.004
786.0     0.004
786.25     0.004
786.5     0.004
786.75     0.004
787.0     0.004
787.25     0.004
787.5     0.004
787.75     0.004
788.0     0.004
788.25     0.004
788.5     0.004
788.75     0.004
789.0     0.004
789.25     0.004
789.5     0.004
789.75     0.004
790.0     0.004
790.25     0.004
790.5     0.004
790.75     0.004
791.0     0.004
791.25     0.004
791.5     0.004
791.75     0.004
792.0     0.004
792.25     0.004
792.5     0.004
792.75     0.004
793.0     0.004
793.25     0.004
793.5     0.004
793.75     0.004
794.0     0.004
794.25     0.004
794.5     0.004
794.75     0.004
795.0     0.004
795.25     0.004
795.5     0.004
795.75     0.004
796.0     0.004
796.25     0.004
796.5     0.004
796.75     0.004
797.0     0.004
797.25     0.004
797.5     0.004
797.75     0.004
798.0     0.004
798.25     0.004
798.5     0.004
798.75     0.004
799.0     0.004
799.25     0.004
799.5     0.004
799.75     0.004
800.0     0.004
800.25     0.004
800.5     0.004
800.75     0.004
801.0     0.004
801.25     0.004
801.5     0.004
801.75     0.004
802.0     0.004
802.25     0.004
802.5     0.004
802.75     0.004
803.0     0.004
803.25     0.004
803.5     0.004
803.75     0.004
804.0     0.004
804.25     0.004
804.5     0.004
804.75     0.004
805.0     0.004
805.25     0.004
805.5     0.004
805.75     0.004
806.0     0.004
806.25     0.004
806.5     0.004
806.75     0.004
807.0     0.004
807.25     0.004
807.5     0.004
807.75     0.004
808.0     0.004
808.25     0.004
808.5     0.004
808.75     0.004
809.0     0.004
809.25     0.004
809.5     0.004
809.75     0.004
810.0     0.004
810.25     0.004
810.5     0.004
810.75     0.004
811.0     0.004
811.25     0.004
811.5     0.004
811.75     0.004
812.0     0.004
812.25     0.004
812.5     0.004
812.75     0.004
813.0     0.004
813.25     0.004
813.5     0.004
813.75     0.004
814.0     0.004
814.25     0.004
814.5     0.004
814.75     0.004
815.0     0.004
815.25     0.004
815.5     0.004
815.75     0.004
816.0     0.004
816.25     0.004
816.5     0.004
816.75     0.004
817.0     0.004
817.25     0.004
817.5     0.004
817.75     0.004
818.0     0.004
818.25     0.004
818.5     0.004
818.75     0.004
819.0     0.004
819.25     0.004
819.5     0.004
819.75     0.004
820.0     0.004
820.25     0.004
820.5     0.004
820.75     0.004
821.0     0.004
821.25     0.004
821.5     0.004
821.75     0.004
822.0     0.004
822.25     0.004
822.5     0.004
822.75     0.004
823.0     0.004
823.25     0.004
823.5     0.004
823.75     0.004
824.0     0.004
824.25     0.004
824.5     0.004
824.75     0.004
825.0     0.004
825.25     0.004
825.5     0.004
825.75     0.004
826.0     0.004
826.25     0.004
826.5     0.004
826.75     0.004
827.0     0.004
827.25     0.004
827.5     0.004
827.75     0.004
828.0     0.004
828.25     0.004
828.5     0.004
828.75     0.004
829.0     0.004
829.25     0.004
829.5     0.004
829.75     0.004
830.0     0.004
830.25     0.004
830.5     0.004
830.75     0.004
831.0     0.004
831.25     0.004
831.5     0.004
831.75     0.004
832.0     0.004
832.25     0.004
832.5     0.004
832.75     0.004
833.0     0.004
833.25     0.004
833.5     0.004
833.75     0.004
834.0     0.004
834.25     0.004
834.5     0.004
834.75     0.004
835.0     0.004
835.25     0.004
835.5     0.004
835.75     0.004
836.0     0.004
836.25     0.004
836.5     0.004
836.75     0.004
837.0     0.004
837.25     0.004
837.5     0.004
837.75     0.004
838.0     0.004
838.25     0.004
838.5     0.004
838.75     0.004
839.0     0.004
839.25     0.004
839.5     0.004
839.75     0.004
840.0     0.004
840.25     0.004
840.5     0.004
840.75     0.004
841.0     0.004
841.25     0.004
841.5     0.004
841.75     0.004
842.0     0.004
842.25     0.004
842.5     0.004
842.75     0.004
843.0     0.004
843.25     0.004
843.5     0.004
843.75     0.004
844.0     0.004
844.25     0.004
844.5     0.004
844.75     0.004
845.0     0.004
845.25     0.004
845.5     0.004
845.75     0.004
846.0     0.004
846.25     0.004
846.5     0.004
846.75     0.004
847.0     0.004
847.25     0.004
847.5     0.004
847.75     0.004
848.0     0.004
848.25     0.004
848.5     0.004
848.75     0.004
849.0     0.004
849.25     0.004
849.5     0.004
849.75     0.004
850.0     0.004
850.25     0.004
850.5     0.004
850.75     0.004
851.0     0.004
851.25     0.004
851.5     0.004
851.75     0.004
852.0     0.004
852.25     0.004
852.5     0.004
852.75     0.004
853.0     0.004
853.25     0.004
853.5     0.004
853.75     0.004
854.0     0.004
854.25     0.004
854.5     0.004
854.75     0.004
855.0     0.004
855.25     0.004
855.5     0.004
855.75     0.004
856.0     0.004
856.25     0.004
856.5     0.004
856.75     0.004
857.0     0.004
857.25     0.004
857.5     0.004
857.75     0.004
858.0     0.004
858.25     0.004
858.5     0.004
858.75     0.004
859.0     0.004
859.25     0.004
859.5     0.004
859.75     0.004
860.0     0.004
860.25     0.004
860.5     0.004
860.75     0.004
861.0     0.004
861.25     0.004
861.5     0.004
861.75     0.004
862.0     0.004
862.25     0.004
862.5     0.004
862.75     0.004
863.0     0.004
863.25     0.004
863.5     0.004
863.75     0.004
864.0     0.004
864.25     0.004
864.5     0.004
864.75     0.004
865.0     0.004
865.25     0.004
865.5     0.004
865.75     0.004
866.0     0.004
866.25     0.004
866.5     0.004
866.75     0.004
867.0     0.004
867.25     0.004
867.5     0.004
867.75     0.004
868.0     0.004
868.25     0.004
868.5     0.004
868.75     0.004
869.0     0.004
869.25     0.004
869.5     0.004
869.75     0.004
870.0     0.004
870.25     0.004
870.5     0.004
870.75     0.004
871.0     0.004
871.25     0.004
871.5     0.004
871.75     0.004
872.0     0.004
872.25     0.004
872.5     0.004
872.75     0.004
873.0     0.004
873.25     0.004
873.5     0.004
873.75     0.004
874.0     0.004
874.25     0.004
874.5     0.004
874.75     0.004
875.0     0.004
875.25     0.004
875.5     0.004
875.75     0.004
876.0     0.004
876.25     0.004
876.5     0.004
876.75     0.004
877.0     0.004
877.25     0.004
877.5     0.004
877.75     0.004
878.0     0.004
878.25     0.004
878.5     0.004
878.75     0.004
879.0     0.004
879.25     0.004
879.5     0.004
879.75     0.004
880.0     0.004
880.25     0.004
880.5     0.004
880.75     0.004
881.0     0.004
881.25     0.004
881.5     0.004
881.75     0.004
882.0     0.004
882.25     0.004
882.5     0.004
882.75     0.004
883.0     0.004
883.25     0.004
883.5     0.004
883.75     0.004
884.0     0.004
884.25     0.004
884.5     0.004
884.75     0.004
885.0     0.004
885.25     0.004
885.5     0.004
885.75     0.004
886.0     0.004
886.25     0.004
886.5     0.004
886.75     0.004
887.0     0.004
887.25     0.004
887.5     0.004
887.75     0.004
888.0     0.004
888.25     0.004
888.5     0.004
888.75     0.004
889.0     0.004
889.25     0.004
889.5     0.004
889.75     0.004
890.0     0.004
890.25     0.004
890.5     0.004
890.75     0.004
891.0     0.004
891.25     0.004
891.5     0.004
891.75     0.004
892.0     0.004
892.25     0.004
892.5     0.004
892.75     0.004
893.0     0.004
893.25     0.004
893.5     0.004
893.75     0.004
894.0     0.004
894.25     0.004
894.5     0.004
894.75     0.004
895.0     0.004
895.25     0.004
895.5     0.004
895.75     0.004
896.0     0.004
896.25     0.004
896.5     0.004
896.75     0.004
897.0     0.004
897.25     0.004
897.5     0.004
897.75     0.004
898.0     0.004
898.25     0.004
898.5     0.004
898.75     0.004
899.0     0.004
899.25     0.004
899.5     0.004
899.75     0.004
900.0     0.004
900.25     0.004
900.5     0.004
900.75     0.004
901.0     0.004
901.25     0.004
901.5     0.004
901.75     0.004
902.0     0.004
902.25     0.004
902.5     0.004
902.75     0.004
903.0     0.004
903.25     0.004
903.5     0.004
903.75     0.004
904.0     0.004
904.25     0.004
904.5     0.004
904.75     0.004
905.0     0.004
905.25     0.004
905.5     0.004
905.75     0.004
906.0     0.004
906.25     0.004
906.5     0.004
906.75     0.004
907.0     0.004
907.25     0.004
907.5     0.004
907.75     0.004
908.0     0.004
908.25     0.004
908.5     0.004
908.75     0.004
909.0     0.004
909.25     0.004
909.5     0.004
909.75     0.004
910.0     0.004
910.25     0.004
910.5     0.004
910.75     0.004
911.0     0.004
911.25     0.004
911.5     0.004
911.75     0.004
912.0     0.004
912.25     0.004
912.5     0.004
912.75     0.004
913.0     0.004
913.25     0.004
913.5     0.004
913.75     0.004
914.0     0.004
914.25     0.004
914.5     0.004
914.75     0.004
915.0     0.004
915.25     0.004
915.5     0.004
915.75     0.004
916.0     0.004
916.25     0.004
916.5     0.004
916.75     0.004
917.0     0.004
917.25     0.004
917.5     0.004
917.75     0.004
918.0     0.004
918.25     0.004
918.5     0.004
918.75     0.004
919.0     0.004
919.25     0.004
919.5     0.004
919.75     0.004
920.0     0.004
920.25     0.004
920.5     0.004
920.75     0.004
921.0     0.004
921.25     0.006
921.5     0.006
921.75     0.006
922.0     0.006
922.25     0.006
922.5     0.006
922.75     0.006
923.0     0.006
923.25     0.006
923.5     0.006
923.75     0.006
924.0     0.006
924.25     0.006
924.5     0.006
924.75     0.006
925.0     0.006
925.25     0.006
925.5     0.006
925.75     0.006
926.0     0.006
926.25     0.006
926.5     0.006
926.75     0.006
927.0     0.006
927.25     0.006
927.5     0.006
927.75     0.006
928.0     0.006
928.25     0.006
928.5     0.006
928.75     0.006
929.0     0.006
929.25     0.006
929.5     0.006
929.75     0.006
930.0     0.006
930.25     0.006
930.5     0.006
930.75     0.006
931.0     0.006
931.25     0.006
931.5     0.006
931.75     0.006
932.0     0.006
932.25     0.006
932.5     0.006
932.75     0.006
933.0     0.006
933.25     0.006
933.5     0.006
933.75     0.006
934.0     0.006
934.25     0.006
934.5     0.006
934.75     0.006
935.0     0.006
935.25     0.006
935.5     0.006
935.75     0.006
936.0     0.006
936.25     0.006
936.5     0.006
936.75     0.006
937.0     0.006
937.25     0.006
937.5     0.006
937.75     0.006
938.0     0.006
938.25     0.006
938.5     0.006
938.75     0.006
939.0     0.006
939.25     0.006
939.5     0.006
939.75     0.006
940.0     0.006
940.25     0.006
940.5     0.006
940.75     0.006
941.0     0.006
941.25     0.006
941.5     0.006
941.75     0.006
942.0     0.006
942.25     0.006
942.5     0.006
942.75     0.006
943.0     0.006
943.25     0.006
943.5     0.006
943.75     0.006
944.0     0.006
944.25     0.006
944.5     0.006
944.75     0.006
945.0     0.006
945.25     0.006
945.5     0.006
945.75     0.006
946.0     0.006
946.25     0.006
946.5     0.006
946.75     0.006
947.0     0.006
947.25     0.006
947.5     0.006
947.75     0.006
948.0     0.006
948.25     0.006
948.5     0.006
948.75     0.006
949.0     0.006
949.25     0.006
949.5     0.006
949.75     0.006
950.0     0.006
950.25     0.006
950.5     0.006
950.75     0.006
951.0     0.006
951.25     0.006
951.5     0.006
951.75     0.006
952.0     0.006
952.25     0.006
952.5     0.004
952.75     0.004
953.0     0.004
953.25     0.004
953.5     0.004
953.75     0.004
954.0     0.004
954.25     0.004
954.5     0.004
954.75     0.004
955.0     0.004
955.25     0.004
955.5     0.004
955.75     0.004
956.0     0.004
956.25     0.004
956.5     0.004
956.75     0.004
957.0     0.004
957.25     0.004
957.5     0.002
957.75     0.002
958.0     0.002
958.25     0.002
958.5     0.002
958.75     0.002
959.0     0.002
959.25     0.002
959.5     0.002
959.75     0.002
960.0     0.002
960.25     0.002
960.5     0.002
960.75     0.002
961.0     0.002
961.25     0.002
961.5     0.002
961.75     0.002
962.0     0.002
962.25     0.002
962.5     0.002
962.75     0.002
963.0     0.002
963.25     0.002
963.5     0.002
963.75     0.002
964.0     0.002
964.25     0.002
964.5     0.002
964.75     0.002
965.0     0.002
965.25     0.002
965.5     0.002
965.75     0.002
966.0     0.002
966.25     0.002
966.5     0.002
966.75     0.002
967.0     0.002
967.25     0.002
967.5     0.002
967.75     0.002
968.0     0.002
968.25     0.002
968.5     0.002
968.75     0.002
969.0     0.002
969.25     0.002
969.5     0.002
969.75     0.002
970.0     0.002
970.25     0.002
970.5     0.002
970.75     0.002
971.0     0.002
971.25     0.002
971.5     0.002
971.75     0.002
972.0     0.002
972.25     0.002
972.5     0.002
972.75     0.002
973.0     0.002
973.25     0.002
973.5     0.002
973.75     0.002
974.0     0.002
974.25     0.002
974.5     0.002
974.75     0.002
975.0     0.002
975.25     0.002
975.5     0.002
975.75     0.002
976.0     0.002
976.25     0.002
976.5     0.002
976.75     0.002
977.0     0.002
977.25     0.002
977.5     0.002
977.75     0.002
978.0     0.002
978.25     0.002
978.5     0.002
978.75     0.002
979.0     0.002
979.25     0.002
979.5     0.002
979.75     0.002
980.0     0.002
980.25     0.002
980.5     0.002
980.75     0.002
981.0     0.002
981.25     0.002
981.5     0.002
981.75     0.002
982.0     0.002
982.25     0.002
982.5     0.002
982.75     0.002
983.0     0.002
983.25     0.002
983.5     0.002
983.75     0.002
984.0     0.002
984.25     0.002
984.5     0.002
984.75     0.002
985.0     0.002
985.25     0.002
985.5     0.002
985.75     0.002
986.0     0.002
986.25     0.002
986.5     0.002
986.75     0.002
987.0     0.002
987.25     0.002
987.5     0.002
987.75     0.002
988.0     0.002
988.25     0.002
988.5     0.002
988.75     0.002
989.0     0.002
989.25     0.002
989.5     0.002
989.75     0.002
990.0     0.002
990.25     0.002
990.5     0.002
990.75     0.002
991.0     0.002
991.25     0.002
991.5     0.002
991.75     0.002
992.0     0.002
992.25     0.002
992.5     0.002
992.75     0.002
993.0     0.002
993.25     0.002
993.5     0.002
993.75     0.002
994.0     0.002
994.25     0.002
994.5     0.002
994.75     0.002
995.0     0.002
995.25     0.002
995.5     0.002
995.75     0.002
996.0     0.002
996.25     0.002
996.5     0.002
996.75     0.002
997.0     0.002
997.25     0.002
997.5     0.002
997.75     0.002
998.0     0.002
998.25     0.002
998.5     0.002
998.75     0.002
999.0     0.002
999.25     0.002
999.5     0.002
999.75     0.002
1000.0     0.002
