  2.0    78.81894
  4.0    86.23047
  5.0    78.32297
  8.0    83.54149
 11.0    83.78964
 12.0    85.24970
 13.0    61.10033
 16.0    82.18523
 18.0    60.34092
 21.0    84.78692
 22.0    85.96247
 24.0    97.28660
 29.0    82.27391
 31.0    80.53796
 33.0    87.64570
 34.0    78.21326
 37.0    46.51495
 38.0    83.44526
 40.0    88.38458
 42.0    80.69892
 43.0    85.39973
 45.0    73.38007
 46.0    73.50800
 47.0    84.09281
 56.0    85.78975
 59.0    88.61636
 61.0    83.21927
 62.0    63.19434
 64.0    84.03040
 71.0    79.59094
 72.0    88.18493
 77.0    75.32604
 78.0    83.33600
 80.0    84.18645
 81.0    84.00609
 83.0    82.72975
 86.0    75.53122
 88.0    89.02827
 89.0    84.80715
 91.0    47.84223
 96.0    85.39564
101.0    68.16871
106.0    86.17740
108.0    81.07084
110.0    67.77391
111.0    75.98833
112.0    78.23020
114.0    85.87132
116.0    87.84482
118.0    83.64677
121.0    84.06972
123.0    84.99682
124.0    85.15084
128.0    78.06079
129.0    81.45939
130.0    83.81732
132.0    77.78949
134.0    83.34715
137.0    67.49737
138.0    88.26360
140.0    91.84936
141.0    81.79395
142.0    96.52139
145.0    80.49685
146.0    92.05244
147.0    84.53886
148.0    79.26789
149.0    84.23753
151.0    72.70404
152.0    86.13534
153.0    76.77961
154.0    86.10799
156.0    85.49797
160.0    77.71774
161.0    85.47136
163.0    78.60716
164.0    79.44585
165.0    84.60773
167.0    83.79513
169.0    84.15220
170.0    87.85793
172.0    83.75549
177.0    82.11973
178.0    80.23570
179.0    64.08612
180.0    55.23297
185.0    80.22507
187.0    86.43715
189.0    67.81347
190.0    53.62603
191.0    71.61392
194.0    96.81369
197.0    82.46221
198.0    81.27269
199.0    74.75887
200.0    86.79810
202.0    79.59327
205.0    82.42416
213.0    84.40365
215.0    78.07303
216.0    75.17652
218.0    75.95834
219.0    60.08099
220.0    58.90008
221.0    77.09239
226.0    83.89885
227.0    84.29864
228.0    77.57883
230.0    85.45013
232.0    85.43003
234.0    61.97526
242.0    67.98709
244.0    91.56979
248.0    84.25389
249.0    81.86865
251.0    80.25518
252.0    96.98648
253.0    88.02470
254.0    84.48708
255.0    73.24688
258.0    87.19365
259.0    87.72750
260.0    74.27433
263.0    84.68069
264.0    84.60962
267.0    84.64073
268.0    77.95131
270.0    84.91401
271.0    70.29438
280.0    80.53129
283.0    86.73256
286.0    93.71732
287.0    85.03535
291.0    83.30427
293.0    85.13652
294.0    83.40018
295.0    63.07162
296.0    83.01855
298.0    79.24480
299.0    72.85175
301.0    85.84821
304.0    43.33938
305.0    78.66584
307.0    72.97719
309.0    73.94005
311.0    88.96610
316.0    85.66396
318.0    89.88795
321.0    66.69610
322.0    58.98430
324.0    76.91682
326.0    66.72598
329.0    80.87001
332.0    82.59048
334.0    85.82102
337.0    82.69168
338.0    63.52134
342.0    47.35111
343.0    86.64061
344.0    68.32756
347.0    84.63745
349.0    74.08019
351.0    77.36077
353.0    82.43420
355.0    82.61370
356.0    84.85869
358.0    72.58310
361.0    84.74040
362.0    85.86672
364.0    91.87983
365.0    43.97581
366.0    84.01771
367.0    81.89178
369.0    80.81332
371.0    92.21879
372.0    78.11756
376.0    54.82238
381.0    69.05419
382.0    83.20035
383.0    83.14029
384.0    64.24628
385.0    84.36165
387.0    86.66445
390.0    61.72615
395.0    80.33433
397.0    79.13669
398.0    78.40692
402.0    89.98413
404.0    80.72570
405.0    90.02052
407.0    80.44892
409.0    74.07234
420.0    79.98687
421.0    74.85214
422.0    83.99167
426.0    83.36859
429.0    82.53073
437.0    77.10698
441.0    85.61540
442.0    85.67521
444.0    76.12058
446.0    89.20321
447.0    83.08383
450.0    72.96729
451.0    77.64164
452.0    85.38075
456.0    77.38503
459.0    82.93233
460.0    56.92237
461.0    67.66679
463.0    84.37370
466.0    75.58101
467.0    91.05420
471.0    75.58609
473.0    88.48287
475.0    84.60867
478.0    83.97013
479.0    80.26149
481.0    80.15052
482.0   109.21315
484.0    84.44523
487.0    85.26446
488.0    82.90221
490.0    81.06414
492.0    80.05502
493.0    82.96551
499.0    83.62902
500.0    84.81683
