  2.0    75.00000
  4.0   105.75000
  5.0   169.25000
  8.0    35.50000
 11.0    39.25000
 12.0    75.25000
 13.0   162.75000
 16.0    96.50000
 18.0   120.25000
 21.0    33.50000
 22.0    43.50000
 24.0    44.25000
 29.0    21.25000
 31.0   127.50000
 33.0   166.75000
 34.0   133.50000
 37.0   101.00000
 38.0    36.75000
 40.0    97.00000
 42.0    33.50000
 43.0   126.50000
 45.0    84.50000
 46.0    44.00000
 47.0    29.00000
 56.0    30.50000
 59.0    91.25000
 61.0    64.75000
 62.0    51.25000
 64.0    69.25000
 71.0    51.25000
 72.0   126.50000
 77.0    35.75000
 78.0    87.50000
 80.0    92.00000
 81.0    28.50000
 83.0    35.50000
 86.0   147.00000
 88.0    83.50000
 89.0   124.25000
 91.0    70.50000
 96.0    31.75000
101.0   168.50000
106.0    30.50000
108.0    42.50000
110.0   122.50000
111.0    44.75000
112.0    33.75000
114.0    52.50000
116.0    20.50000
118.0   138.50000
121.0    73.25000
123.0    60.75000
124.0   139.25000
128.0    33.25000
129.0    27.00000
130.0    47.00000
132.0   135.75000
134.0    32.50000
137.0    83.25000
138.0   145.75000
140.0    55.50000
141.0    51.25000
142.0   110.75000
145.0   129.50000
146.0   214.00000
147.0    43.25000
148.0    60.25000
149.0    31.25000
151.0    89.75000
152.0    30.00000
153.0    53.00000
154.0    78.75000
156.0    43.25000
160.0    93.75000
161.0   132.25000
163.0    65.25000
164.0    60.75000
165.0    34.75000
167.0    37.25000
169.0    53.50000
170.0    85.25000
172.0    55.75000
177.0    64.00000
178.0    58.25000
179.0    46.00000
180.0   110.75000
185.0    65.50000
187.0    65.50000
189.0    64.75000
190.0   104.25000
191.0    92.75000
194.0    70.25000
197.0    43.25000
198.0    40.25000
199.0    66.75000
200.0    85.00000
202.0    33.50000
205.0    26.50000
213.0    32.75000
215.0   130.75000
216.0    61.50000
218.0    50.00000
219.0    55.75000
220.0    66.75000
221.0    83.75000
226.0    33.50000
227.0    26.00000
228.0    34.00000
230.0    48.50000
232.0    36.00000
234.0   102.25000
242.0   153.00000
244.0    54.00000
248.0   134.25000
249.0    26.75000
251.0    24.50000
252.0    95.75000
253.0    47.75000
254.0    36.50000
255.0    52.75000
258.0    30.00000
259.0    38.25000
260.0    49.25000
263.0    90.00000
264.0    20.50000
267.0   170.50000
268.0    31.00000
270.0    24.50000
271.0   107.75000
280.0    27.50000
283.0   149.75000
286.0   201.75000
287.0    36.25000
291.0   128.75000
293.0    26.50000
294.0    30.00000
295.0   106.50000
296.0    32.50000
298.0    17.50000
299.0   120.75000
301.0    54.25000
304.0   126.50000
305.0    24.50000
307.0   161.25000
309.0    69.50000
311.0    59.25000
316.0    59.50000
318.0    77.00000
321.0    55.75000
322.0    62.50000
324.0    66.75000
326.0     0.00000
329.0   122.50000
332.0    29.25000
334.0    64.75000
337.0    26.25000
338.0    75.00000
342.0    53.25000
343.0   153.50000
344.0    59.50000
347.0    39.25000
349.0    78.50000
351.0    94.50000
353.0    36.50000
355.0    51.00000
356.0    27.75000
358.0    63.75000
361.0    40.25000
362.0    79.50000
364.0   237.50000
365.0    98.50000
366.0    33.00000
367.0   152.50000
369.0    62.25000
371.0   215.00000
372.0    69.00000
376.0    46.50000
381.0    73.50000
382.0    81.75000
383.0    28.75000
384.0    50.50000
385.0    43.25000
387.0    46.50000
390.0   109.00000
395.0    62.25000
397.0    25.75000
398.0   157.75000
402.0    86.50000
404.0    83.75000
405.0   195.25000
407.0    73.50000
409.0    49.00000
420.0    91.75000
421.0    41.25000
422.0    44.50000
426.0    37.25000
429.0    24.75000
437.0    30.75000
441.0    52.75000
442.0   125.50000
444.0    98.75000
446.0    47.00000
447.0    27.00000
450.0   163.00000
451.0    54.50000
452.0   138.25000
456.0   157.25000
459.0   137.50000
460.0    90.50000
461.0   128.50000
463.0    35.25000
466.0    82.75000
467.0    99.50000
471.0    95.00000
473.0    46.50000
475.0    31.00000
478.0    28.50000
479.0    76.75000
481.0    24.50000
482.0   143.00000
484.0    37.25000
487.0   141.25000
488.0    34.50000
490.0   134.50000
492.0    73.50000
493.0    38.25000
499.0    80.50000
500.0    29.25000
