  1.0    25.50000
  3.0    88.00000
  6.0   166.25000
  7.0    19.25000
  9.0    26.25000
 10.0    26.50000
 14.0    25.00000
 15.0   133.25000
 17.0    39.00000
 19.0    27.25000
 20.0    27.25000
 23.0    23.50000
 25.0    92.00000
 26.0    24.00000
 27.0    52.25000
 28.0    26.50000
 30.0    27.75000
 32.0   642.25000
 35.0    31.00000
 36.0    26.50000
 39.0   188.50000
 41.0    85.00000
 44.0    28.00000
 48.0   182.25000
 49.0   131.00000
 50.0   140.25000
 51.0    34.25000
 52.0    23.50000
 53.0   480.25000
 54.0    47.75000
 55.0   226.75000
 57.0    51.25000
 58.0    25.25000
 60.0    52.00000
 63.0   230.00000
 65.0    36.75000
 66.0    26.00000
 67.0    30.50000
 68.0    74.75000
 69.0    49.25000
 70.0   142.50000
 73.0    23.50000
 74.0    32.25000
 75.0    23.00000
 76.0    30.25000
 79.0    33.75000
 82.0    57.75000
 84.0    25.75000
 85.0    22.75000
 87.0    90.25000
 90.0    29.00000
 92.0    47.00000
 93.0    43.25000
 94.0    20.00000
 95.0   135.75000
 97.0   162.25000
 98.0    29.50000
 99.0   180.00000
100.0    23.25000
102.0    22.25000
103.0    35.50000
104.0    23.25000
105.0    24.75000
107.0   132.00000
109.0   141.50000
113.0    74.75000
115.0   132.00000
117.0    20.50000
119.0    26.75000
120.0   184.25000
122.0    83.50000
125.0    33.50000
126.0    26.00000
127.0   149.00000
131.0   138.50000
133.0    42.25000
135.0    81.75000
136.0    25.75000
139.0    28.25000
143.0    27.50000
144.0    31.75000
150.0    40.75000
155.0    29.75000
157.0    32.50000
158.0    53.50000
159.0    92.00000
162.0   210.75000
166.0    25.50000
168.0   135.50000
171.0     0.00000
173.0    28.75000
174.0    26.50000
175.0    28.25000
176.0    22.75000
181.0    86.50000
182.0    25.75000
183.0   217.00000
184.0    23.50000
186.0    26.25000
188.0    24.75000
192.0    25.25000
193.0   178.50000
195.0    28.50000
196.0   169.50000
201.0   177.50000
203.0    42.50000
204.0    55.25000
206.0    30.50000
207.0    54.25000
208.0   193.50000
209.0    50.50000
210.0   131.25000
211.0    30.50000
212.0    25.50000
214.0    27.50000
217.0   134.75000
222.0    28.75000
223.0    55.25000
224.0    43.50000
225.0    37.25000
229.0    29.75000
231.0    32.75000
233.0    26.75000
235.0    66.75000
236.0    25.00000
237.0   273.25000
238.0   195.25000
239.0    21.75000
240.0    22.50000
241.0    53.00000
243.0    24.50000
245.0    76.25000
246.0    29.50000
247.0    67.50000
250.0    26.75000
256.0    24.50000
257.0   133.00000
261.0    29.00000
262.0   133.75000
265.0    26.00000
266.0    42.75000
269.0    28.75000
272.0   125.00000
273.0    26.25000
274.0    34.75000
275.0    28.25000
276.0    32.00000
277.0    57.00000
278.0    51.25000
279.0    25.25000
281.0    25.00000
282.0    25.75000
284.0   132.00000
285.0    30.50000
288.0    74.00000
289.0    50.00000
290.0   134.50000
292.0    23.25000
297.0    87.25000
300.0    26.25000
302.0    30.50000
303.0    29.75000
306.0    42.00000
308.0    24.75000
310.0    30.00000
312.0   163.50000
313.0   327.00000
314.0    24.00000
315.0    78.25000
317.0   568.75000
319.0    67.75000
320.0    23.00000
323.0    24.50000
325.0    47.50000
327.0   173.75000
328.0    26.50000
330.0    26.75000
331.0    27.00000
333.0    52.50000
335.0    30.00000
336.0   134.00000
339.0    29.00000
340.0    40.00000
341.0    29.25000
345.0    27.25000
346.0   136.25000
348.0   182.50000
350.0    81.25000
352.0    27.75000
354.0    81.50000
357.0    29.75000
359.0   199.25000
360.0    37.50000
363.0   130.00000
368.0   187.00000
370.0   128.25000
373.0   122.00000
374.0    26.75000
375.0    70.25000
377.0    39.00000
378.0    48.50000
379.0    59.25000
380.0    32.25000
386.0    26.50000
388.0    26.75000
389.0   145.50000
391.0   131.00000
392.0    25.25000
393.0    22.50000
394.0    90.50000
396.0    45.00000
399.0    26.50000
400.0   129.50000
401.0    45.25000
403.0    27.00000
406.0   134.00000
408.0    28.25000
410.0   127.50000
411.0    57.75000
412.0    36.50000
413.0    36.25000
414.0   153.25000
415.0   130.00000
416.0     0.00000
417.0    75.50000
418.0   172.25000
419.0   132.00000
423.0   139.50000
424.0    46.50000
425.0    71.50000
427.0   121.75000
428.0    33.25000
430.0    88.50000
431.0    85.25000
432.0    28.00000
433.0   123.50000
434.0    49.00000
435.0    66.75000
436.0    37.25000
438.0   139.00000
439.0    27.25000
440.0    50.75000
443.0    29.25000
445.0    32.25000
448.0    49.75000
449.0    27.25000
453.0    33.25000
454.0   163.25000
455.0    27.25000
457.0    27.75000
458.0    32.00000
462.0    37.25000
464.0   170.50000
465.0   181.50000
468.0    52.75000
469.0   129.75000
470.0    27.00000
472.0    29.25000
474.0    26.75000
476.0    43.00000
477.0    26.25000
480.0    31.25000
483.0   124.75000
485.0    26.00000
486.0   152.50000
489.0    38.25000
491.0    76.50000
494.0   195.50000
495.0    25.50000
496.0    80.75000
497.0   125.50000
498.0    29.50000
