  1.0    85.56276
  3.0    85.29436
  6.0    89.21634
  7.0    75.82396
  9.0    86.16170
 10.0    90.98119
 14.0    86.66259
 15.0    88.50449
 17.0    83.19304
 19.0    84.13750
 20.0    85.29571
 23.0    83.58361
 25.0    92.02788
 26.0    87.21837
 27.0    92.27724
 28.0    84.54756
 30.0    86.02358
 32.0   125.87449
 35.0    90.45852
 36.0    85.10247
 39.0    99.83189
 41.0    91.12808
 44.0    82.29001
 48.0    91.26239
 49.0    84.44108
 50.0    83.41003
 51.0    84.78476
 52.0    77.01767
 53.0    84.65660
 54.0    91.70838
 55.0    81.09613
 57.0    95.05094
 58.0    83.59496
 60.0    93.24589
 63.0    89.42336
 65.0    84.12961
 66.0    83.02672
 67.0    83.86763
 68.0    88.84188
 69.0    84.54475
 70.0    91.46088
 73.0    83.54844
 74.0    84.78961
 75.0    80.88231
 76.0    82.39050
 79.0    85.02033
 82.0    86.80521
 84.0    85.11258
 85.0    87.17708
 87.0    92.54285
 90.0    87.23094
 92.0    84.83470
 93.0    86.47208
 94.0    84.22180
 95.0    94.88950
 97.0   118.71241
 98.0    85.85135
 99.0    95.73531
100.0    84.33879
102.0    73.99009
103.0   118.23723
104.0    85.54137
105.0    84.64040
107.0    92.27628
109.0    88.81078
113.0    96.94827
115.0    90.15135
117.0    86.52073
119.0    80.99896
120.0    92.57312
122.0    88.81948
125.0    85.79603
126.0    87.15397
127.0    86.97134
131.0   105.28033
133.0    85.91066
135.0    92.18563
136.0    83.78734
139.0    87.85073
143.0    87.45867
144.0    87.29433
150.0    94.05431
155.0    86.50254
157.0    85.81237
158.0    92.75819
159.0   100.18294
162.0   103.29820
166.0    86.98874
168.0    87.69816
171.0    41.04425
173.0    84.59162
174.0    87.97460
175.0    79.60062
176.0    86.84225
181.0    88.89915
182.0    84.04206
183.0   113.25063
184.0    83.35786
186.0    90.46598
188.0    81.93963
192.0    85.62011
193.0    89.91844
195.0    88.77701
196.0    93.60055
201.0    93.99655
203.0   100.20925
204.0    86.56168
206.0    85.53966
207.0    89.30912
208.0   101.54783
209.0    81.41867
210.0    80.10967
211.0    88.15537
212.0    81.09146
214.0    86.12355
217.0    89.69207
222.0    85.89571
223.0    87.80222
224.0    92.10364
225.0    87.48292
229.0    86.44507
231.0    85.58642
233.0    84.12930
235.0    91.55924
236.0    85.30334
237.0   124.61584
238.0    99.97904
239.0    86.29568
240.0    88.92106
241.0    84.13804
243.0    87.23986
245.0    88.48507
246.0    84.96857
247.0    92.42097
250.0    85.78579
256.0    84.25738
257.0    88.47633
261.0    87.73277
262.0    87.51553
265.0    82.25103
266.0    85.78550
269.0    87.40146
272.0    84.96661
273.0    86.12572
274.0    84.10508
275.0    87.11891
276.0    83.43124
277.0   103.80063
278.0    95.69124
279.0    84.59814
281.0    84.41543
282.0    82.15561
284.0    91.08813
285.0    84.04073
288.0    87.81434
289.0    98.27726
290.0    92.88589
292.0    83.75937
297.0    92.16059
300.0    84.24673
302.0    85.68803
303.0    86.08052
306.0    89.97118
308.0    90.20132
310.0    87.08879
312.0   105.64802
313.0   100.76663
314.0    85.92924
315.0    87.66137
317.0   109.38001
319.0   103.13760
320.0    86.59845
323.0    84.72621
325.0    89.03751
327.0    88.81094
328.0    84.63323
330.0    83.98424
331.0    82.72327
333.0    94.40748
335.0    85.61868
336.0    90.04252
339.0    89.51855
340.0   101.11043
341.0    92.62371
345.0    82.33811
346.0    88.48728
348.0    97.43333
350.0    89.91666
352.0    85.61350
354.0    89.36147
357.0    88.00562
359.0   115.84005
360.0    87.02280
363.0    88.57157
368.0    89.12319
370.0    68.70728
373.0    88.38888
374.0    83.89689
375.0    88.25183
377.0    89.06935
378.0    95.15732
379.0    92.16252
380.0    86.03837
386.0    84.24248
388.0    87.05847
389.0    96.00456
391.0    84.49993
392.0    91.31908
393.0    86.59714
394.0    90.63059
396.0    88.72781
399.0    82.30679
400.0    85.68028
401.0    91.14340
403.0    86.51702
406.0   102.14374
408.0    85.60397
410.0    89.91420
411.0    91.61112
412.0    87.16695
413.0    85.55890
414.0    91.21533
415.0    89.58376
416.0    32.56733
417.0    92.56580
418.0    92.29267
419.0    87.60314
423.0    94.03293
424.0    97.23205
425.0    88.92952
427.0    86.83641
428.0    84.57618
430.0    93.05134
431.0    91.41273
432.0    87.93324
433.0    85.73485
434.0    97.79465
435.0    91.45362
436.0    97.24902
438.0    87.49013
439.0    88.92906
440.0    97.00666
443.0    85.89353
445.0    84.84213
448.0    95.41276
449.0    85.00970
453.0    84.58740
454.0    88.77728
455.0    84.97480
457.0    86.99958
458.0    81.01868
462.0    96.77045
464.0    92.67367
465.0    80.93868
468.0   100.50417
469.0    89.03617
470.0    87.80059
472.0    86.60064
474.0    81.42533
476.0    98.23842
477.0    85.73536
480.0    85.64844
483.0    86.19998
485.0    86.29493
486.0   110.28061
489.0    86.99085
491.0   111.21919
494.0   108.31154
495.0    86.03915
496.0    85.37819
497.0    91.37938
498.0    89.36279
