0.25     0.0
0.5     0.0
0.75     0.0
1.0     0.0
1.25     0.0
1.5     0.0
1.75     0.0
2.0     0.0
2.25     0.0
2.5     0.0
2.75     0.0
3.0     0.0
3.25     0.0
3.5     0.0
3.75     0.0
4.0     0.0
4.25     0.0
4.5     0.0
4.75     0.0
5.0     0.0
5.25     0.0
5.5     0.0
5.75     0.0
6.0     0.0
6.25     0.0
6.5     0.0
6.75     0.0
7.0     0.0
7.25     0.0
7.5     0.0
7.75     0.0
8.0     0.0
8.25     0.0
8.5     0.0
8.75     0.0
9.0     0.0
9.25     0.0
9.5     0.0
9.75     0.0
10.0     0.0
10.25     0.0
10.5     0.0
10.75     0.0
11.0     0.0
11.25     0.0
11.5     0.0
11.75     0.0
12.0     0.0
12.25     0.0
12.5     0.0
12.75     0.0
13.0     0.0
13.25     0.0
13.5     0.0
13.75     0.0
14.0     0.0
14.25     0.0
14.5     0.0
14.75     0.0
15.0     0.0
15.25     0.0
15.5     0.0
15.75     0.0
16.0     0.0
16.25     0.0
16.5     0.0
16.75     0.0
17.0     0.0
17.25     0.0
17.5     0.0
17.75     0.0
18.0     0.0
18.25     0.0
18.5     0.0
18.75     0.0
19.0     0.0
19.25     0.0
19.5     0.0
19.75     0.0
20.0     0.0
20.25     0.0
20.5     0.0
20.75     0.0
21.0     0.0
21.25     0.0
21.5     0.0
21.75     0.0
22.0     0.0
22.25     0.0
22.5     0.0
22.75     0.0
23.0     0.0
23.25     0.0
23.5     0.0
23.75     0.0
24.0     0.0
24.25     0.0
24.5     0.0
24.75     0.0
25.0     0.0
25.25     0.0
25.5     0.0
25.75     0.0
26.0     0.0
26.25     0.0
26.5     0.0
26.75     0.0
27.0     0.0
27.25     0.0
27.5     0.0
27.75     0.0
28.0     0.0
28.25     0.0
28.5     0.0
28.75     0.0
29.0     0.0
29.25     0.0
29.5     0.0
29.75     0.0
30.0     0.0
30.25     0.0
30.5     0.0
30.75     0.0
31.0     0.0
31.25     0.0
31.5     0.0
31.75     0.0
32.0     0.0
32.25     0.0
32.5     0.0
32.75     0.0
33.0     0.0
33.25     0.0
33.5     0.0
33.75     0.0
34.0     0.0
34.25     0.0
34.5     0.0
34.75     0.0
35.0     0.0
35.25     0.0
35.5     0.0
35.75     0.0
36.0     0.0
36.25     0.0
36.5     0.0
36.75     0.0
37.0     0.0
37.25     0.0
37.5     0.0
37.75     0.0
38.0     0.0
38.25     0.0
38.5     0.0
38.75     0.0
39.0     0.0
39.25     0.0
39.5     0.0
39.75     0.0
40.0     0.0
40.25     0.0
40.5     0.0
40.75     0.0
41.0     0.0
41.25     0.0
41.5     0.0
41.75     0.0
42.0     0.0
42.25     0.0
42.5     0.0
42.75     0.0
43.0     0.0
43.25     0.0
43.5     0.0
43.75     0.0
44.0     0.0
44.25     0.0
44.5     0.0
44.75     0.0
45.0     0.0
45.25     0.0
45.5     0.0
45.75     0.0
46.0     0.0
46.25     0.0
46.5     0.0
46.75     0.0
47.0     0.0
47.25     0.0
47.5     0.0
47.75     0.0
48.0     0.0
48.25     0.0
48.5     0.0
48.75     0.0
49.0     0.0
49.25     0.0
49.5     0.0
49.75     0.0
50.0     0.0
50.25     0.0
50.5     0.0
50.75     0.0
51.0     0.0
51.25     0.0
51.5     0.0
51.75     0.0
52.0     0.0
52.25     0.0
52.5     0.0
52.75     0.0
53.0     0.0
53.25     0.0
53.5     0.0
53.75     0.0
54.0     0.0
54.25     0.0
54.5     0.0
54.75     0.0
55.0     0.0
55.25     0.0
55.5     0.0
55.75     0.0
56.0     0.0
56.25     0.0
56.5     0.0
56.75     0.0
57.0     0.0
57.25     0.0
57.5     0.0
57.75     0.0
58.0     0.0
58.25     0.0
58.5     0.0
58.75     0.0
59.0     0.0
59.25     0.0
59.5     0.0
59.75     0.0
60.0     0.0
60.25     0.0
60.5     0.0
60.75     0.0
61.0     0.0
61.25     0.0
61.5     0.0
61.75     0.0
62.0     0.0
62.25     0.0
62.5     0.0
62.75     0.0
63.0     0.0
63.25     0.0
63.5     0.0
63.75     0.0
64.0     0.0
64.25     0.0
64.5     0.0
64.75     0.0
65.0     0.0
65.25     0.0
65.5     0.0
65.75     0.0
66.0     0.0
66.25     0.0
66.5     0.0
66.75     0.0
67.0     0.0
67.25     0.0
67.5     0.0
67.75     0.0
68.0     0.0
68.25     0.0
68.5     0.0
68.75     0.0
69.0     0.0
69.25     0.0
69.5     0.0
69.75     0.0
70.0     0.0
70.25     0.0
70.5     0.0
70.75     0.0
71.0     0.0
71.25     0.0
71.5     0.0
71.75     0.0
72.0     0.002
72.25     0.002
72.5     0.002
72.75     0.002
73.0     0.002
73.25     0.002
73.5     0.002
73.75     0.002
74.0     0.002
74.25     0.002
74.5     0.002
74.75     0.002
75.0     0.002
75.25     0.002
75.5     0.004
75.75     0.004
76.0     0.004
76.25     0.004
76.5     0.004
76.75     0.004
77.0     0.004
77.25     0.004
77.5     0.004
77.75     0.004
78.0     0.004
78.25     0.004
78.5     0.004
78.75     0.004
79.0     0.004
79.25     0.004
79.5     0.004
79.75     0.004
80.0     0.004
80.25     0.004
80.5     0.004
80.75     0.004
81.0     0.004
81.25     0.004
81.5     0.004
81.75     0.004
82.0     0.004
82.25     0.004
82.5     0.004
82.75     0.004
83.0     0.004
83.25     0.004
83.5     0.004
83.75     0.004
84.0     0.004
84.25     0.004
84.5     0.004
84.75     0.004
85.0     0.004
85.25     0.004
85.5     0.004
85.75     0.004
86.0     0.004
86.25     0.004
86.5     0.004
86.75     0.004
87.0     0.004
87.25     0.004
87.5     0.004
87.75     0.004
88.0     0.004
88.25     0.004
88.5     0.004
88.75     0.004
89.0     0.004
89.25     0.004
89.5     0.004
89.75     0.004
90.0     0.004
90.25     0.004
90.5     0.004
90.75     0.004
91.0     0.004
91.25     0.004
91.5     0.004
91.75     0.004
92.0     0.004
92.25     0.004
92.5     0.004
92.75     0.004
93.0     0.004
93.25     0.004
93.5     0.004
93.75     0.004
94.0     0.004
94.25     0.004
94.5     0.004
94.75     0.004
95.0     0.004
95.25     0.004
95.5     0.004
95.75     0.004
96.0     0.004
96.25     0.004
96.5     0.004
96.75     0.004
97.0     0.004
97.25     0.004
97.5     0.004
97.75     0.004
98.0     0.004
98.25     0.004
98.5     0.004
98.75     0.004
99.0     0.004
99.25     0.004
99.5     0.004
99.75     0.004
100.0     0.004
100.25     0.004
100.5     0.004
100.75     0.004
101.0     0.004
101.25     0.004
101.5     0.004
101.75     0.004
102.0     0.004
102.25     0.004
102.5     0.004
102.75     0.004
103.0     0.004
103.25     0.004
103.5     0.004
103.75     0.004
104.0     0.004
104.25     0.004
104.5     0.004
104.75     0.004
105.0     0.004
105.25     0.004
105.5     0.004
105.75     0.004
106.0     0.004
106.25     0.004
106.5     0.004
106.75     0.004
107.0     0.004
107.25     0.004
107.5     0.004
107.75     0.004
108.0     0.004
108.25     0.004
108.5     0.004
108.75     0.004
109.0     0.004
109.25     0.004
109.5     0.004
109.75     0.004
110.0     0.004
110.25     0.004
110.5     0.004
110.75     0.004
111.0     0.004
111.25     0.004
111.5     0.004
111.75     0.004
112.0     0.004
112.25     0.004
112.5     0.004
112.75     0.004
113.0     0.004
113.25     0.004
113.5     0.004
113.75     0.004
114.0     0.004
114.25     0.004
114.5     0.004
114.75     0.004
115.0     0.004
115.25     0.004
115.5     0.004
115.75     0.004
116.0     0.004
116.25     0.004
116.5     0.004
116.75     0.004
117.0     0.004
117.25     0.004
117.5     0.004
117.75     0.004
118.0     0.004
118.25     0.004
118.5     0.004
118.75     0.004
119.0     0.004
119.25     0.004
119.5     0.004
119.75     0.004
120.0     0.004
120.25     0.004
120.5     0.004
120.75     0.004
121.0     0.004
121.25     0.004
121.5     0.004
121.75     0.004
122.0     0.004
122.25     0.004
122.5     0.004
122.75     0.004
123.0     0.004
123.25     0.004
123.5     0.004
123.75     0.004
124.0     0.004
124.25     0.004
124.5     0.004
124.75     0.004
125.0     0.004
125.25     0.004
125.5     0.004
125.75     0.004
126.0     0.004
126.25     0.004
126.5     0.004
126.75     0.004
127.0     0.004
127.25     0.004
127.5     0.004
127.75     0.004
128.0     0.004
128.25     0.004
128.5     0.004
128.75     0.004
129.0     0.006
129.25     0.006
129.5     0.006
129.75     0.006
130.0     0.006
130.25     0.006
130.5     0.006
130.75     0.006
131.0     0.006
131.25     0.006
131.5     0.006
131.75     0.006
132.0     0.006
132.25     0.006
132.5     0.006
132.75     0.006
133.0     0.006
133.25     0.006
133.5     0.006
133.75     0.006
134.0     0.006
134.25     0.006
134.5     0.006
134.75     0.006
135.0     0.006
135.25     0.006
135.5     0.006
135.75     0.006
136.0     0.006
136.25     0.006
136.5     0.006
136.75     0.006
137.0     0.006
137.25     0.006
137.5     0.006
137.75     0.006
138.0     0.006
138.25     0.006
138.5     0.006
138.75     0.006
139.0     0.006
139.25     0.006
139.5     0.006
139.75     0.006
140.0     0.006
140.25     0.006
140.5     0.006
140.75     0.006
141.0     0.006
141.25     0.006
141.5     0.006
141.75     0.006
142.0     0.006
142.25     0.006
142.5     0.006
142.75     0.006
143.0     0.006
143.25     0.006
143.5     0.006
143.75     0.006
144.0     0.006
144.25     0.006
144.5     0.006
144.75     0.006
145.0     0.006
145.25     0.006
145.5     0.006
145.75     0.006
146.0     0.006
146.25     0.006
146.5     0.006
146.75     0.006
147.0     0.006
147.25     0.006
147.5     0.006
147.75     0.006
148.0     0.006
148.25     0.006
148.5     0.006
148.75     0.006
149.0     0.006
149.25     0.006
149.5     0.006
149.75     0.006
150.0     0.006
150.25     0.006
150.5     0.006
150.75     0.006
151.0     0.006
151.25     0.006
151.5     0.006
151.75     0.006
152.0     0.006
152.25     0.006
152.5     0.006
152.75     0.006
153.0     0.006
153.25     0.006
153.5     0.006
153.75     0.006
154.0     0.006
154.25     0.006
154.5     0.006
154.75     0.006
155.0     0.006
155.25     0.006
155.5     0.006
155.75     0.006
156.0     0.006
156.25     0.006
156.5     0.006
156.75     0.006
157.0     0.006
157.25     0.006
157.5     0.006
157.75     0.006
158.0     0.006
158.25     0.006
158.5     0.008
158.75     0.008
159.0     0.006
159.25     0.006
159.5     0.006
159.75     0.006
160.0     0.006
160.25     0.006
160.5     0.006
160.75     0.006
161.0     0.006
161.25     0.006
161.5     0.006
161.75     0.006
162.0     0.006
162.25     0.006
162.5     0.006
162.75     0.006
163.0     0.006
163.25     0.006
163.5     0.006
163.75     0.006
164.0     0.006
164.25     0.006
164.5     0.006
164.75     0.006
165.0     0.006
165.25     0.006
165.5     0.006
165.75     0.006
166.0     0.006
166.25     0.006
166.5     0.006
166.75     0.006
167.0     0.006
167.25     0.008
167.5     0.008
167.75     0.008
168.0     0.008
168.25     0.006
168.5     0.006
168.75     0.006
169.0     0.006
169.25     0.008
169.5     0.008
169.75     0.008
170.0     0.01
170.25     0.01
170.5     0.01
170.75     0.01
171.0     0.01
171.25     0.01
171.5     0.01
171.75     0.01
172.0     0.01
172.25     0.01
172.5     0.01
172.75     0.01
173.0     0.01
173.25     0.01
173.5     0.01
173.75     0.012
174.0     0.012
174.25     0.012
174.5     0.012
174.75     0.012
175.0     0.012
175.25     0.012
175.5     0.012
175.75     0.012
176.0     0.014
176.25     0.018
176.5     0.018
176.75     0.018
177.0     0.018
177.25     0.018
177.5     0.018
177.75     0.018
178.0     0.018
178.25     0.018
178.5     0.018
178.75     0.018
179.0     0.02
179.25     0.02
179.5     0.02
179.75     0.02
180.0     0.02
180.25     0.02
180.5     0.02
180.75     0.02
181.0     0.02
181.25     0.022
181.5     0.022
181.75     0.022
182.0     0.022
182.25     0.022
182.5     0.022
182.75     0.022
183.0     0.022
183.25     0.022
183.5     0.022
183.75     0.022
184.0     0.022
184.25     0.022
184.5     0.022
184.75     0.022
185.0     0.022
185.25     0.022
185.5     0.022
185.75     0.022
186.0     0.022
186.25     0.022
186.5     0.022
186.75     0.024
187.0     0.024
187.25     0.024
187.5     0.028
187.75     0.028
188.0     0.028
188.25     0.028
188.5     0.028
188.75     0.028
189.0     0.028
189.25     0.028
189.5     0.028
189.75     0.032
190.0     0.032
190.25     0.032
190.5     0.032
190.75     0.032
191.0     0.032
191.25     0.032
191.5     0.032
191.75     0.032
192.0     0.032
192.25     0.032
192.5     0.032
192.75     0.032
193.0     0.032
193.25     0.032
193.5     0.032
193.75     0.032
194.0     0.034
194.25     0.034
194.5     0.034
194.75     0.034
195.0     0.034
195.25     0.034
195.5     0.034
195.75     0.034
196.0     0.034
196.25     0.034
196.5     0.034
196.75     0.034
197.0     0.034
197.25     0.034
197.5     0.034
197.75     0.034
198.0     0.034
198.25     0.034
198.5     0.034
198.75     0.034
199.0     0.034
199.25     0.034
199.5     0.034
199.75     0.034
200.0     0.034
200.25     0.034
200.5     0.034
200.75     0.034
201.0     0.034
201.25     0.034
201.5     0.034
201.75     0.034
202.0     0.034
202.25     0.036
202.5     0.036
202.75     0.036
203.0     0.038
203.25     0.038
203.5     0.038
203.75     0.038
204.0     0.038
204.25     0.038
204.5     0.038
204.75     0.038
205.0     0.04
205.25     0.04
205.5     0.04
205.75     0.04
206.0     0.04
206.25     0.04
206.5     0.04
206.75     0.04
207.0     0.04
207.25     0.04
207.5     0.04
207.75     0.04
208.0     0.04
208.25     0.04
208.5     0.04
208.75     0.04
209.0     0.04
209.25     0.04
209.5     0.044
209.75     0.044
210.0     0.044
210.25     0.044
210.5     0.044
210.75     0.044
211.0     0.044
211.25     0.044
211.5     0.044
211.75     0.044
212.0     0.044
212.25     0.044
212.5     0.044
212.75     0.044
213.0     0.044
213.25     0.044
213.5     0.044
213.75     0.044
214.0     0.044
214.25     0.044
214.5     0.044
214.75     0.044
215.0     0.044
215.25     0.044
215.5     0.044
215.75     0.044
216.0     0.044
216.25     0.044
216.5     0.046
216.75     0.046
217.0     0.046
217.25     0.046
217.5     0.05
217.75     0.05
218.0     0.048
218.25     0.048
218.5     0.048
218.75     0.048
219.0     0.048
219.25     0.05
219.5     0.05
219.75     0.05
220.0     0.05
220.25     0.052
220.5     0.054
220.75     0.054
221.0     0.054
221.25     0.054
221.5     0.054
221.75     0.054
222.0     0.054
222.25     0.056
222.5     0.056
222.75     0.056
223.0     0.056
223.25     0.056
223.5     0.056
223.75     0.056
224.0     0.056
224.25     0.056
224.5     0.056
224.75     0.056
225.0     0.056
225.25     0.056
225.5     0.056
225.75     0.056
226.0     0.056
226.25     0.056
226.5     0.056
226.75     0.056
227.0     0.056
227.25     0.058
227.5     0.058
227.75     0.058
228.0     0.058
228.25     0.058
228.5     0.058
228.75     0.058
229.0     0.058
229.25     0.058
229.5     0.058
229.75     0.058
230.0     0.058
230.25     0.058
230.5     0.058
230.75     0.058
231.0     0.058
231.25     0.058
231.5     0.058
231.75     0.058
232.0     0.06
232.25     0.062
232.5     0.062
232.75     0.064
233.0     0.064
233.25     0.064
233.5     0.064
233.75     0.066
234.0     0.066
234.25     0.068
234.5     0.068
234.75     0.068
235.0     0.068
235.25     0.068
235.5     0.068
235.75     0.068
236.0     0.07
236.25     0.072
236.5     0.072
236.75     0.072
237.0     0.072
237.25     0.072
237.5     0.072
237.75     0.074
238.0     0.074
238.25     0.074
238.5     0.074
238.75     0.074
239.0     0.074
239.25     0.074
239.5     0.074
239.75     0.074
240.0     0.074
240.25     0.074
240.5     0.074
240.75     0.076
241.0     0.076
241.25     0.076
241.5     0.076
241.75     0.076
242.0     0.076
242.25     0.076
242.5     0.076
242.75     0.076
243.0     0.076
243.25     0.076
243.5     0.076
243.75     0.078
244.0     0.078
244.25     0.078
244.5     0.078
244.75     0.078
245.0     0.078
245.25     0.078
245.5     0.08
245.75     0.08
246.0     0.08
246.25     0.08
246.5     0.08
246.75     0.08
247.0     0.08
247.25     0.08
247.5     0.082
247.75     0.082
248.0     0.082
248.25     0.082
248.5     0.082
248.75     0.082
249.0     0.084
249.25     0.084
249.5     0.084
249.75     0.084
250.0     0.084
250.25     0.084
250.5     0.086
250.75     0.086
251.0     0.086
251.25     0.086
251.5     0.086
251.75     0.086
252.0     0.086
252.25     0.086
252.5     0.086
252.75     0.086
253.0     0.086
253.25     0.086
253.5     0.086
253.75     0.09
254.0     0.09
254.25     0.09
254.5     0.09
254.75     0.09
255.0     0.092
255.25     0.094
255.5     0.096
255.75     0.096
256.0     0.098
256.25     0.098
256.5     0.1
256.75     0.1
257.0     0.1
257.25     0.1
257.5     0.1
257.75     0.1
258.0     0.1
258.25     0.1
258.5     0.102
258.75     0.104
259.0     0.106
259.25     0.106
259.5     0.108
259.75     0.108
260.0     0.108
260.25     0.108
260.5     0.108
260.75     0.108
261.0     0.11
261.25     0.112
261.5     0.112
261.75     0.112
262.0     0.112
262.25     0.11
262.5     0.11
262.75     0.112
263.0     0.112
263.25     0.112
263.5     0.112
263.75     0.112
264.0     0.112
264.25     0.112
264.5     0.116
264.75     0.118
265.0     0.118
265.25     0.12
265.5     0.12
265.75     0.122
266.0     0.122
266.25     0.124
266.5     0.124
266.75     0.126
267.0     0.128
267.25     0.128
267.5     0.13
267.75     0.13
268.0     0.132
268.25     0.132
268.5     0.134
268.75     0.134
269.0     0.134
269.25     0.134
269.5     0.134
269.75     0.136
270.0     0.134
270.25     0.136
270.5     0.138
270.75     0.15
271.0     0.156
271.25     0.154
271.5     0.158
271.75     0.156
272.0     0.16
272.25     0.164
272.5     0.166
272.75     0.164
273.0     0.166
273.25     0.164
273.5     0.164
273.75     0.164
274.0     0.168
274.25     0.168
274.5     0.17
274.75     0.172
275.0     0.174
275.25     0.174
275.5     0.174
275.75     0.176
276.0     0.178
276.25     0.18
276.5     0.178
276.75     0.178
277.0     0.18
277.25     0.182
277.5     0.18
277.75     0.18
278.0     0.18
278.25     0.18
278.5     0.18
278.75     0.182
279.0     0.18
279.25     0.182
279.5     0.18
279.75     0.18
280.0     0.182
280.25     0.18
280.5     0.182
280.75     0.188
281.0     0.186
281.25     0.186
281.5     0.188
281.75     0.188
282.0     0.188
282.25     0.188
282.5     0.19
282.75     0.196
283.0     0.2
283.25     0.202
283.5     0.204
283.75     0.202
284.0     0.202
284.25     0.202
284.5     0.204
284.75     0.204
285.0     0.204
285.25     0.202
285.5     0.204
285.75     0.212
286.0     0.216
286.25     0.216
286.5     0.22
286.75     0.222
287.0     0.22
287.25     0.22
287.5     0.224
287.75     0.226
288.0     0.224
288.25     0.224
288.5     0.226
288.75     0.226
289.0     0.226
289.25     0.226
289.5     0.228
289.75     0.23
290.0     0.23
290.25     0.23
290.5     0.23
290.75     0.23
291.0     0.232
291.25     0.232
291.5     0.234
291.75     0.234
292.0     0.236
292.25     0.238
292.5     0.238
292.75     0.238
293.0     0.238
293.25     0.24
293.5     0.242
293.75     0.244
294.0     0.244
294.25     0.246
294.5     0.246
294.75     0.246
295.0     0.248
295.25     0.252
295.5     0.254
295.75     0.254
296.0     0.254
296.25     0.256
296.5     0.258
296.75     0.258
297.0     0.26
297.25     0.26
297.5     0.26
297.75     0.26
298.0     0.264
298.25     0.264
298.5     0.264
298.75     0.264
299.0     0.264
299.25     0.268
299.5     0.268
299.75     0.268
300.0     0.27
300.25     0.272
300.5     0.274
300.75     0.274
301.0     0.274
301.25     0.274
301.5     0.274
301.75     0.274
302.0     0.274
302.25     0.276
302.5     0.276
302.75     0.276
303.0     0.276
303.25     0.276
303.5     0.278
303.75     0.278
304.0     0.28
304.25     0.282
304.5     0.282
304.75     0.282
305.0     0.282
305.25     0.284
305.5     0.288
305.75     0.288
306.0     0.29
306.25     0.29
306.5     0.29
306.75     0.294
307.0     0.294
307.25     0.296
307.5     0.296
307.75     0.296
308.0     0.296
308.25     0.294
308.5     0.294
308.75     0.294
309.0     0.294
309.25     0.294
309.5     0.298
309.75     0.298
310.0     0.3
310.25     0.3
310.5     0.3
310.75     0.3
311.0     0.3
311.25     0.3
311.5     0.304
311.75     0.304
312.0     0.304
312.25     0.304
312.5     0.306
312.75     0.308
313.0     0.308
313.25     0.308
313.5     0.308
313.75     0.31
314.0     0.312
314.25     0.312
314.5     0.312
314.75     0.314
315.0     0.314
315.25     0.316
315.5     0.316
315.75     0.318
316.0     0.318
316.25     0.318
316.5     0.318
316.75     0.318
317.0     0.318
317.25     0.318
317.5     0.318
317.75     0.322
318.0     0.322
318.25     0.322
318.5     0.322
318.75     0.322
319.0     0.326
319.25     0.326
319.5     0.326
319.75     0.328
320.0     0.328
320.25     0.33
320.5     0.33
320.75     0.33
321.0     0.332
321.25     0.332
321.5     0.332
321.75     0.332
322.0     0.334
322.25     0.334
322.5     0.334
322.75     0.334
323.0     0.336
323.25     0.336
323.5     0.336
323.75     0.338
324.0     0.34
324.25     0.34
324.5     0.34
324.75     0.34
325.0     0.34
325.25     0.342
325.5     0.344
325.75     0.344
326.0     0.344
326.25     0.344
326.5     0.352
326.75     0.352
327.0     0.354
327.25     0.354
327.5     0.356
327.75     0.358
328.0     0.36
328.25     0.362
328.5     0.364
328.75     0.362
329.0     0.364
329.25     0.364
329.5     0.368
329.75     0.368
330.0     0.368
330.25     0.368
330.5     0.366
330.75     0.366
331.0     0.368
331.25     0.368
331.5     0.366
331.75     0.366
332.0     0.366
332.25     0.366
332.5     0.366
332.75     0.366
333.0     0.368
333.25     0.368
333.5     0.368
333.75     0.368
334.0     0.37
334.25     0.37
334.5     0.372
334.75     0.374
335.0     0.374
335.25     0.374
335.5     0.374
335.75     0.374
336.0     0.374
336.25     0.376
336.5     0.376
336.75     0.378
337.0     0.378
337.25     0.382
337.5     0.382
337.75     0.382
338.0     0.382
338.25     0.382
338.5     0.38
338.75     0.38
339.0     0.38
339.25     0.38
339.5     0.38
339.75     0.38
340.0     0.38
340.25     0.38
340.5     0.38
340.75     0.38
341.0     0.38
341.25     0.38
341.5     0.38
341.75     0.38
342.0     0.382
342.25     0.382
342.5     0.382
342.75     0.382
343.0     0.382
343.25     0.382
343.5     0.382
343.75     0.384
344.0     0.384
344.25     0.384
344.5     0.386
344.75     0.388
345.0     0.39
345.25     0.392
345.5     0.392
345.75     0.392
346.0     0.392
346.25     0.392
346.5     0.392
346.75     0.394
347.0     0.398
347.25     0.398
347.5     0.398
347.75     0.398
348.0     0.398
348.25     0.398
348.5     0.402
348.75     0.406
349.0     0.408
349.25     0.408
349.5     0.408
349.75     0.408
350.0     0.408
350.25     0.408
350.5     0.408
350.75     0.41
351.0     0.41
351.25     0.41
351.5     0.412
351.75     0.412
352.0     0.412
352.25     0.414
352.5     0.414
352.75     0.416
353.0     0.414
353.25     0.414
353.5     0.412
353.75     0.41
354.0     0.41
354.25     0.412
354.5     0.412
354.75     0.412
355.0     0.412
355.25     0.414
355.5     0.414
355.75     0.412
356.0     0.414
356.25     0.418
356.5     0.418
356.75     0.42
357.0     0.42
357.25     0.42
357.5     0.422
357.75     0.422
358.0     0.424
358.25     0.424
358.5     0.426
358.75     0.428
359.0     0.428
359.25     0.43
359.5     0.43
359.75     0.43
360.0     0.43
360.25     0.432
360.5     0.432
360.75     0.432
361.0     0.432
361.25     0.434
361.5     0.434
361.75     0.434
362.0     0.436
362.25     0.438
362.5     0.44
362.75     0.44
363.0     0.442
363.25     0.442
363.5     0.444
363.75     0.446
364.0     0.446
364.25     0.448
364.5     0.448
364.75     0.448
365.0     0.45
365.25     0.454
365.5     0.454
365.75     0.456
366.0     0.456
366.25     0.458
366.5     0.458
366.75     0.458
367.0     0.458
367.25     0.458
367.5     0.458
367.75     0.46
368.0     0.466
368.25     0.466
368.5     0.468
368.75     0.468
369.0     0.466
369.25     0.468
369.5     0.468
369.75     0.468
370.0     0.468
370.25     0.468
370.5     0.466
370.75     0.468
371.0     0.468
371.25     0.468
371.5     0.47
371.75     0.47
372.0     0.47
372.25     0.472
372.5     0.472
372.75     0.474
373.0     0.474
373.25     0.474
373.5     0.476
373.75     0.476
374.0     0.478
374.25     0.478
374.5     0.482
374.75     0.482
375.0     0.482
375.25     0.482
375.5     0.484
375.75     0.484
376.0     0.484
376.25     0.484
376.5     0.486
376.75     0.484
377.0     0.486
377.25     0.488
377.5     0.488
377.75     0.488
378.0     0.488
378.25     0.488
378.5     0.488
378.75     0.49
379.0     0.49
379.25     0.49
379.5     0.49
379.75     0.49
380.0     0.492
380.25     0.494
380.5     0.494
380.75     0.496
381.0     0.498
381.25     0.498
381.5     0.498
381.75     0.498
382.0     0.498
382.25     0.498
382.5     0.5
382.75     0.5
383.0     0.504
383.25     0.504
383.5     0.504
383.75     0.504
384.0     0.506
384.25     0.508
384.5     0.508
384.75     0.508
385.0     0.508
385.25     0.508
385.5     0.51
385.75     0.51
386.0     0.51
386.25     0.512
386.5     0.512
386.75     0.512
387.0     0.514
387.25     0.514
387.5     0.516
387.75     0.518
388.0     0.518
388.25     0.518
388.5     0.518
388.75     0.518
389.0     0.518
389.25     0.52
389.5     0.52
389.75     0.52
390.0     0.522
390.25     0.522
390.5     0.522
390.75     0.524
391.0     0.524
391.25     0.524
391.5     0.526
391.75     0.526
392.0     0.528
392.25     0.53
392.5     0.53
392.75     0.53
393.0     0.532
393.25     0.532
393.5     0.532
393.75     0.532
394.0     0.53
394.25     0.53
394.5     0.532
394.75     0.532
395.0     0.534
395.25     0.534
395.5     0.534
395.75     0.534
396.0     0.534
396.25     0.534
396.5     0.534
396.75     0.534
397.0     0.534
397.25     0.534
397.5     0.538
397.75     0.538
398.0     0.538
398.25     0.54
398.5     0.54
398.75     0.54
399.0     0.54
399.25     0.544
399.5     0.548
399.75     0.55
400.0     0.55
400.25     0.55
400.5     0.552
400.75     0.552
401.0     0.552
401.25     0.55
401.5     0.55
401.75     0.55
402.0     0.552
402.25     0.554
402.5     0.554
402.75     0.556
403.0     0.558
403.25     0.558
403.5     0.558
403.75     0.558
404.0     0.56
404.25     0.56
404.5     0.56
404.75     0.562
405.0     0.564
405.25     0.564
405.5     0.564
405.75     0.564
406.0     0.564
406.25     0.566
406.5     0.568
406.75     0.57
407.0     0.572
407.25     0.572
407.5     0.572
407.75     0.572
408.0     0.572
408.25     0.572
408.5     0.574
408.75     0.576
409.0     0.576
409.25     0.576
409.5     0.576
409.75     0.576
410.0     0.578
410.25     0.578
410.5     0.58
410.75     0.584
411.0     0.584
411.25     0.586
411.5     0.588
411.75     0.588
412.0     0.588
412.25     0.588
412.5     0.59
412.75     0.59
413.0     0.59
413.25     0.592
413.5     0.59
413.75     0.592
414.0     0.594
414.25     0.594
414.5     0.592
414.75     0.592
415.0     0.592
415.25     0.594
415.5     0.594
415.75     0.594
416.0     0.594
416.25     0.594
416.5     0.596
416.75     0.596
417.0     0.596
417.25     0.596
417.5     0.596
417.75     0.596
418.0     0.596
418.25     0.596
418.5     0.596
418.75     0.596
419.0     0.596
419.25     0.596
419.5     0.596
419.75     0.596
420.0     0.596
420.25     0.598
420.5     0.598
420.75     0.598
421.0     0.6
421.25     0.6
421.5     0.6
421.75     0.6
422.0     0.6
422.25     0.6
422.5     0.598
422.75     0.598
423.0     0.598
423.25     0.6
423.5     0.6
423.75     0.6
424.0     0.6
424.25     0.6
424.5     0.602
424.75     0.606
425.0     0.606
425.25     0.606
425.5     0.608
425.75     0.61
426.0     0.61
426.25     0.612
426.5     0.614
426.75     0.614
427.0     0.614
427.25     0.614
427.5     0.616
427.75     0.616
428.0     0.616
428.25     0.616
428.5     0.618
428.75     0.618
429.0     0.622
429.25     0.624
429.5     0.626
429.75     0.626
430.0     0.626
430.25     0.628
430.5     0.628
430.75     0.63
431.0     0.628
431.25     0.628
431.5     0.63
431.75     0.632
432.0     0.632
432.25     0.634
432.5     0.636
432.75     0.638
433.0     0.638
433.25     0.638
433.5     0.636
433.75     0.636
434.0     0.64
434.25     0.64
434.5     0.64
434.75     0.64
435.0     0.642
435.25     0.642
435.5     0.642
435.75     0.642
436.0     0.644
436.25     0.644
436.5     0.644
436.75     0.644
437.0     0.646
437.25     0.646
437.5     0.646
437.75     0.65
438.0     0.652
438.25     0.652
438.5     0.654
438.75     0.656
439.0     0.656
439.25     0.658
439.5     0.658
439.75     0.658
440.0     0.658
440.25     0.66
440.5     0.66
440.75     0.666
441.0     0.666
441.25     0.664
441.5     0.664
441.75     0.666
442.0     0.666
442.25     0.666
442.5     0.666
442.75     0.666
443.0     0.666
443.25     0.666
443.5     0.668
443.75     0.668
444.0     0.668
444.25     0.668
444.5     0.668
444.75     0.668
445.0     0.668
445.25     0.668
445.5     0.67
445.75     0.67
446.0     0.67
446.25     0.67
446.5     0.67
446.75     0.67
447.0     0.672
447.25     0.674
447.5     0.674
447.75     0.674
448.0     0.674
448.25     0.676
448.5     0.676
448.75     0.678
449.0     0.678
449.25     0.678
449.5     0.678
449.75     0.682
450.0     0.68
450.25     0.68
450.5     0.682
450.75     0.684
451.0     0.684
451.25     0.684
451.5     0.684
451.75     0.684
452.0     0.684
452.25     0.684
452.5     0.684
452.75     0.684
453.0     0.686
453.25     0.686
453.5     0.686
453.75     0.686
454.0     0.686
454.25     0.688
454.5     0.688
454.75     0.688
455.0     0.688
455.25     0.688
455.5     0.684
455.75     0.684
456.0     0.684
456.25     0.684
456.5     0.684
456.75     0.684
457.0     0.684
457.25     0.686
457.5     0.686
457.75     0.686
458.0     0.686
458.25     0.688
458.5     0.688
458.75     0.688
459.0     0.69
459.25     0.688
459.5     0.688
459.75     0.688
460.0     0.688
460.25     0.69
460.5     0.692
460.75     0.692
461.0     0.694
461.25     0.694
461.5     0.694
461.75     0.694
462.0     0.696
462.25     0.696
462.5     0.696
462.75     0.696
463.0     0.696
463.25     0.698
463.5     0.7
463.75     0.7
464.0     0.702
464.25     0.702
464.5     0.702
464.75     0.704
465.0     0.704
465.25     0.704
465.5     0.704
465.75     0.708
466.0     0.71
466.25     0.716
466.5     0.716
466.75     0.716
467.0     0.716
467.25     0.716
467.5     0.718
467.75     0.718
468.0     0.718
468.25     0.718
468.5     0.72
468.75     0.72
469.0     0.722
469.25     0.722
469.5     0.722
469.75     0.722
470.0     0.722
470.25     0.722
470.5     0.722
470.75     0.726
471.0     0.726
471.25     0.726
471.5     0.726
471.75     0.728
472.0     0.728
472.25     0.728
472.5     0.728
472.75     0.73
473.0     0.73
473.25     0.73
473.5     0.73
473.75     0.73
474.0     0.73
474.25     0.73
474.5     0.732
474.75     0.734
475.0     0.734
475.25     0.736
475.5     0.736
475.75     0.736
476.0     0.736
476.25     0.736
476.5     0.736
476.75     0.738
477.0     0.738
477.25     0.738
477.5     0.738
477.75     0.738
478.0     0.738
478.25     0.738
478.5     0.738
478.75     0.738
479.0     0.738
479.25     0.738
479.5     0.74
479.75     0.74
480.0     0.74
480.25     0.74
480.5     0.74
480.75     0.74
481.0     0.74
481.25     0.74
481.5     0.744
481.75     0.744
482.0     0.746
482.25     0.748
482.5     0.748
482.75     0.748
483.0     0.748
483.25     0.75
483.5     0.75
483.75     0.75
484.0     0.75
484.25     0.75
484.5     0.75
484.75     0.75
485.0     0.75
485.25     0.75
485.5     0.75
485.75     0.75
486.0     0.75
486.25     0.75
486.5     0.75
486.75     0.75
487.0     0.75
487.25     0.75
487.5     0.75
487.75     0.75
488.0     0.75
488.25     0.75
488.5     0.752
488.75     0.752
489.0     0.752
489.25     0.752
489.5     0.752
489.75     0.752
490.0     0.752
490.25     0.752
490.5     0.752
490.75     0.752
491.0     0.752
491.25     0.752
491.5     0.754
491.75     0.754
492.0     0.754
492.25     0.754
492.5     0.756
492.75     0.756
493.0     0.756
493.25     0.756
493.5     0.756
493.75     0.756
494.0     0.758
494.25     0.758
494.5     0.758
494.75     0.758
495.0     0.758
495.25     0.76
495.5     0.76
495.75     0.76
496.0     0.76
496.25     0.76
496.5     0.76
496.75     0.76
497.0     0.76
497.25     0.76
497.5     0.76
497.75     0.76
498.0     0.762
498.25     0.762
498.5     0.766
498.75     0.766
499.0     0.766
499.25     0.766
499.5     0.766
499.75     0.77
500.0     0.77
500.25     0.77
500.5     0.77
500.75     0.77
501.0     0.77
501.25     0.77
501.5     0.77
501.75     0.77
502.0     0.77
502.25     0.77
502.5     0.772
502.75     0.772
503.0     0.774
503.25     0.776
503.5     0.776
503.75     0.78
504.0     0.782
504.25     0.782
504.5     0.784
504.75     0.784
505.0     0.784
505.25     0.784
505.5     0.784
505.75     0.786
506.0     0.786
506.25     0.786
506.5     0.786
506.75     0.786
507.0     0.786
507.25     0.786
507.5     0.786
507.75     0.786
508.0     0.786
508.25     0.786
508.5     0.786
508.75     0.786
509.0     0.786
509.25     0.788
509.5     0.79
509.75     0.79
510.0     0.79
510.25     0.79
510.5     0.79
510.75     0.79
511.0     0.79
511.25     0.79
511.5     0.79
511.75     0.788
512.0     0.79
512.25     0.792
512.5     0.794
512.75     0.796
513.0     0.798
513.25     0.798
513.5     0.8
513.75     0.8
514.0     0.8
514.25     0.802
514.5     0.802
514.75     0.802
515.0     0.804
515.25     0.804
515.5     0.802
515.75     0.802
516.0     0.804
516.25     0.804
516.5     0.804
516.75     0.804
517.0     0.806
517.25     0.806
517.5     0.806
517.75     0.808
518.0     0.808
518.25     0.808
518.5     0.808
518.75     0.81
519.0     0.814
519.25     0.814
519.5     0.814
519.75     0.814
520.0     0.814
520.25     0.814
520.5     0.816
520.75     0.816
521.0     0.816
521.25     0.816
521.5     0.816
521.75     0.816
522.0     0.816
522.25     0.816
522.5     0.816
522.75     0.816
523.0     0.816
523.25     0.818
523.5     0.82
523.75     0.82
524.0     0.82
524.25     0.822
524.5     0.826
524.75     0.826
525.0     0.826
525.25     0.826
525.5     0.828
525.75     0.828
526.0     0.832
526.25     0.832
526.5     0.834
526.75     0.834
527.0     0.834
527.25     0.834
527.5     0.834
527.75     0.834
528.0     0.834
528.25     0.834
528.5     0.834
528.75     0.834
529.0     0.834
529.25     0.834
529.5     0.836
529.75     0.838
530.0     0.838
530.25     0.838
530.5     0.838
530.75     0.838
531.0     0.838
531.25     0.838
531.5     0.84
531.75     0.84
532.0     0.84
532.25     0.84
532.5     0.84
532.75     0.84
533.0     0.84
533.25     0.84
533.5     0.84
533.75     0.84
534.0     0.84
534.25     0.84
534.5     0.84
534.75     0.842
535.0     0.842
535.25     0.842
535.5     0.842
535.75     0.844
536.0     0.844
536.25     0.844
536.5     0.844
536.75     0.844
537.0     0.844
537.25     0.842
537.5     0.842
537.75     0.844
538.0     0.844
538.25     0.844
538.5     0.844
538.75     0.844
539.0     0.844
539.25     0.844
539.5     0.844
539.75     0.844
540.0     0.844
540.25     0.846
540.5     0.848
540.75     0.848
541.0     0.848
541.25     0.848
541.5     0.848
541.75     0.848
542.0     0.848
542.25     0.848
542.5     0.848
542.75     0.848
543.0     0.848
543.25     0.846
543.5     0.846
543.75     0.846
544.0     0.848
544.25     0.848
544.5     0.85
544.75     0.85
545.0     0.85
545.25     0.85
545.5     0.85
545.75     0.85
546.0     0.85
546.25     0.85
546.5     0.852
546.75     0.852
547.0     0.852
547.25     0.852
547.5     0.852
547.75     0.852
548.0     0.856
548.25     0.856
548.5     0.856
548.75     0.856
549.0     0.856
549.25     0.856
549.5     0.856
549.75     0.856
550.0     0.856
550.25     0.856
550.5     0.856
550.75     0.856
551.0     0.858
551.25     0.858
551.5     0.858
551.75     0.858
552.0     0.858
552.25     0.858
552.5     0.858
552.75     0.858
553.0     0.858
553.25     0.858
553.5     0.858
553.75     0.858
554.0     0.858
554.25     0.858
554.5     0.858
554.75     0.858
555.0     0.858
555.25     0.858
555.5     0.858
555.75     0.858
556.0     0.858
556.25     0.858
556.5     0.858
556.75     0.858
557.0     0.858
557.25     0.86
557.5     0.86
557.75     0.86
558.0     0.86
558.25     0.862
558.5     0.862
558.75     0.866
559.0     0.866
559.25     0.866
559.5     0.866
559.75     0.866
560.0     0.866
560.25     0.866
560.5     0.866
560.75     0.864
561.0     0.864
561.25     0.864
561.5     0.864
561.75     0.864
562.0     0.864
562.25     0.864
562.5     0.866
562.75     0.866
563.0     0.866
563.25     0.866
563.5     0.868
563.75     0.868
564.0     0.868
564.25     0.868
564.5     0.868
564.75     0.868
565.0     0.87
565.25     0.87
565.5     0.87
565.75     0.87
566.0     0.87
566.25     0.868
566.5     0.868
566.75     0.868
567.0     0.868
567.25     0.868
567.5     0.868
567.75     0.868
568.0     0.868
568.25     0.868
568.5     0.868
568.75     0.868
569.0     0.868
569.25     0.868
569.5     0.868
569.75     0.868
570.0     0.868
570.25     0.868
570.5     0.868
570.75     0.868
571.0     0.868
571.25     0.87
571.5     0.87
571.75     0.87
572.0     0.87
572.25     0.872
572.5     0.872
572.75     0.874
573.0     0.874
573.25     0.874
573.5     0.874
573.75     0.874
574.0     0.874
574.25     0.874
574.5     0.874
574.75     0.874
575.0     0.876
575.25     0.876
575.5     0.876
575.75     0.876
576.0     0.876
576.25     0.876
576.5     0.876
576.75     0.876
577.0     0.876
577.25     0.876
577.5     0.876
577.75     0.876
578.0     0.876
578.25     0.876
578.5     0.876
578.75     0.878
579.0     0.878
579.25     0.88
579.5     0.88
579.75     0.882
580.0     0.882
580.25     0.882
580.5     0.884
580.75     0.884
581.0     0.884
581.25     0.884
581.5     0.882
581.75     0.882
582.0     0.884
582.25     0.884
582.5     0.884
582.75     0.884
583.0     0.886
583.25     0.886
583.5     0.886
583.75     0.886
584.0     0.886
584.25     0.886
584.5     0.886
584.75     0.888
585.0     0.888
585.25     0.888
585.5     0.888
585.75     0.888
586.0     0.888
586.25     0.888
586.5     0.888
586.75     0.888
587.0     0.888
587.25     0.888
587.5     0.888
587.75     0.888
588.0     0.888
588.25     0.888
588.5     0.888
588.75     0.89
589.0     0.89
589.25     0.89
589.5     0.89
589.75     0.89
590.0     0.89
590.25     0.892
590.5     0.892
590.75     0.892
591.0     0.892
591.25     0.892
591.5     0.892
591.75     0.892
592.0     0.892
592.25     0.892
592.5     0.892
592.75     0.892
593.0     0.892
593.25     0.892
593.5     0.892
593.75     0.892
594.0     0.892
594.25     0.892
594.5     0.894
594.75     0.894
595.0     0.894
595.25     0.894
595.5     0.894
595.75     0.894
596.0     0.894
596.25     0.894
596.5     0.894
596.75     0.894
597.0     0.894
597.25     0.894
597.5     0.894
597.75     0.894
598.0     0.894
598.25     0.894
598.5     0.894
598.75     0.894
599.0     0.894
599.25     0.894
599.5     0.894
599.75     0.894
600.0     0.896
600.25     0.896
600.5     0.898
600.75     0.898
601.0     0.898
601.25     0.898
601.5     0.898
601.75     0.898
602.0     0.898
602.25     0.898
602.5     0.898
602.75     0.898
603.0     0.898
603.25     0.898
603.5     0.898
603.75     0.898
604.0     0.898
604.25     0.898
604.5     0.898
604.75     0.898
605.0     0.898
605.25     0.898
605.5     0.898
605.75     0.898
606.0     0.898
606.25     0.898
606.5     0.898
606.75     0.9
607.0     0.9
607.25     0.9
607.5     0.9
607.75     0.9
608.0     0.9
608.25     0.9
608.5     0.9
608.75     0.9
609.0     0.9
609.25     0.9
609.5     0.9
609.75     0.9
610.0     0.9
610.25     0.9
610.5     0.9
610.75     0.9
611.0     0.902
611.25     0.902
611.5     0.902
611.75     0.902
612.0     0.902
612.25     0.902
612.5     0.902
612.75     0.902
613.0     0.902
613.25     0.902
613.5     0.902
613.75     0.902
614.0     0.902
614.25     0.904
614.5     0.904
614.75     0.904
615.0     0.904
615.25     0.904
615.5     0.904
615.75     0.904
616.0     0.904
616.25     0.904
616.5     0.904
616.75     0.904
617.0     0.906
617.25     0.906
617.5     0.906
617.75     0.906
618.0     0.906
618.25     0.906
618.5     0.906
618.75     0.906
619.0     0.904
619.25     0.904
619.5     0.906
619.75     0.906
620.0     0.906
620.25     0.906
620.5     0.906
620.75     0.906
621.0     0.906
621.25     0.906
621.5     0.906
621.75     0.906
622.0     0.906
622.25     0.91
622.5     0.91
622.75     0.91
623.0     0.91
623.25     0.91
623.5     0.91
623.75     0.91
624.0     0.91
624.25     0.91
624.5     0.91
624.75     0.91
625.0     0.91
625.25     0.91
625.5     0.91
625.75     0.91
626.0     0.912
626.25     0.912
626.5     0.912
626.75     0.912
627.0     0.912
627.25     0.912
627.5     0.912
627.75     0.912
628.0     0.912
628.25     0.912
628.5     0.912
628.75     0.912
629.0     0.912
629.25     0.912
629.5     0.912
629.75     0.912
630.0     0.912
630.25     0.914
630.5     0.914
630.75     0.914
631.0     0.914
631.25     0.914
631.5     0.914
631.75     0.916
632.0     0.918
632.25     0.92
632.5     0.922
632.75     0.922
633.0     0.924
633.25     0.924
633.5     0.924
633.75     0.926
634.0     0.926
634.25     0.926
634.5     0.926
634.75     0.926
635.0     0.928
635.25     0.928
635.5     0.928
635.75     0.928
636.0     0.928
636.25     0.928
636.5     0.93
636.75     0.93
637.0     0.932
637.25     0.932
637.5     0.932
637.75     0.932
638.0     0.932
638.25     0.932
638.5     0.932
638.75     0.932
639.0     0.932
639.25     0.932
639.5     0.932
639.75     0.932
640.0     0.932
640.25     0.932
640.5     0.932
640.75     0.932
641.0     0.932
641.25     0.932
641.5     0.932
641.75     0.934
642.0     0.934
642.25     0.934
642.5     0.934
642.75     0.934
643.0     0.934
643.25     0.936
643.5     0.936
643.75     0.936
644.0     0.936
644.25     0.936
644.5     0.936
644.75     0.936
645.0     0.936
645.25     0.936
645.5     0.936
645.75     0.936
646.0     0.936
646.25     0.936
646.5     0.936
646.75     0.936
647.0     0.936
647.25     0.938
647.5     0.936
647.75     0.936
648.0     0.936
648.25     0.936
648.5     0.936
648.75     0.936
649.0     0.936
649.25     0.936
649.5     0.936
649.75     0.938
650.0     0.94
650.25     0.94
650.5     0.94
650.75     0.94
651.0     0.94
651.25     0.94
651.5     0.94
651.75     0.94
652.0     0.94
652.25     0.94
652.5     0.94
652.75     0.942
653.0     0.942
653.25     0.942
653.5     0.942
653.75     0.944
654.0     0.944
654.25     0.944
654.5     0.944
654.75     0.944
655.0     0.944
655.25     0.944
655.5     0.944
655.75     0.944
656.0     0.944
656.25     0.946
656.5     0.946
656.75     0.946
657.0     0.946
657.25     0.946
657.5     0.946
657.75     0.946
658.0     0.946
658.25     0.946
658.5     0.946
658.75     0.946
659.0     0.946
659.25     0.946
659.5     0.946
659.75     0.946
660.0     0.946
660.25     0.946
660.5     0.946
660.75     0.946
661.0     0.946
661.25     0.948
661.5     0.95
661.75     0.95
662.0     0.95
662.25     0.95
662.5     0.95
662.75     0.95
663.0     0.95
663.25     0.952
663.5     0.952
663.75     0.952
664.0     0.952
664.25     0.952
664.5     0.952
664.75     0.952
665.0     0.952
665.25     0.952
665.5     0.952
665.75     0.952
666.0     0.952
666.25     0.952
666.5     0.952
666.75     0.952
667.0     0.952
667.25     0.954
667.5     0.954
667.75     0.954
668.0     0.954
668.25     0.954
668.5     0.954
668.75     0.954
669.0     0.954
669.25     0.954
669.5     0.954
669.75     0.956
670.0     0.956
670.25     0.956
670.5     0.956
670.75     0.956
671.0     0.956
671.25     0.956
671.5     0.954
671.75     0.954
672.0     0.954
672.25     0.956
672.5     0.956
672.75     0.956
673.0     0.956
673.25     0.956
673.5     0.956
673.75     0.956
674.0     0.956
674.25     0.956
674.5     0.956
674.75     0.956
675.0     0.954
675.25     0.954
675.5     0.956
675.75     0.956
676.0     0.956
676.25     0.956
676.5     0.956
676.75     0.956
677.0     0.956
677.25     0.956
677.5     0.956
677.75     0.956
678.0     0.956
678.25     0.956
678.5     0.956
678.75     0.956
679.0     0.958
679.25     0.958
679.5     0.958
679.75     0.958
680.0     0.958
680.25     0.958
680.5     0.958
680.75     0.958
681.0     0.958
681.25     0.958
681.5     0.958
681.75     0.958
682.0     0.958
682.25     0.958
682.5     0.958
682.75     0.958
683.0     0.958
683.25     0.958
683.5     0.958
683.75     0.958
684.0     0.96
684.25     0.96
684.5     0.962
684.75     0.962
685.0     0.962
685.25     0.962
685.5     0.962
685.75     0.962
686.0     0.962
686.25     0.962
686.5     0.962
686.75     0.962
687.0     0.962
687.25     0.962
687.5     0.962
687.75     0.962
688.0     0.962
688.25     0.962
688.5     0.962
688.75     0.962
689.0     0.962
689.25     0.962
689.5     0.962
689.75     0.962
690.0     0.962
690.25     0.964
690.5     0.964
690.75     0.964
691.0     0.964
691.25     0.964
691.5     0.964
691.75     0.964
692.0     0.964
692.25     0.966
692.5     0.966
692.75     0.966
693.0     0.964
693.25     0.964
693.5     0.964
693.75     0.964
694.0     0.964
694.25     0.964
694.5     0.964
694.75     0.964
695.0     0.964
695.25     0.964
695.5     0.964
695.75     0.964
696.0     0.964
696.25     0.964
696.5     0.964
696.75     0.964
697.0     0.964
697.25     0.966
697.5     0.966
697.75     0.966
698.0     0.966
698.25     0.966
698.5     0.966
698.75     0.966
699.0     0.966
699.25     0.966
699.5     0.966
699.75     0.968
700.0     0.97
700.25     0.97
700.5     0.97
700.75     0.97
701.0     0.97
701.25     0.97
701.5     0.97
701.75     0.97
702.0     0.97
702.25     0.97
702.5     0.97
702.75     0.97
703.0     0.97
703.25     0.97
703.5     0.97
703.75     0.97
704.0     0.97
704.25     0.97
704.5     0.97
704.75     0.97
705.0     0.97
705.25     0.97
705.5     0.97
705.75     0.97
706.0     0.97
706.25     0.97
706.5     0.97
706.75     0.97
707.0     0.97
707.25     0.97
707.5     0.97
707.75     0.97
708.0     0.97
708.25     0.97
708.5     0.97
708.75     0.97
709.0     0.97
709.25     0.97
709.5     0.97
709.75     0.97
710.0     0.97
710.25     0.97
710.5     0.97
710.75     0.97
711.0     0.97
711.25     0.97
711.5     0.97
711.75     0.97
712.0     0.97
712.25     0.97
712.5     0.97
712.75     0.97
713.0     0.97
713.25     0.97
713.5     0.97
713.75     0.97
714.0     0.97
714.25     0.97
714.5     0.97
714.75     0.97
715.0     0.97
715.25     0.972
715.5     0.972
715.75     0.972
716.0     0.972
716.25     0.972
716.5     0.972
716.75     0.972
717.0     0.972
717.25     0.972
717.5     0.972
717.75     0.972
718.0     0.972
718.25     0.972
718.5     0.974
718.75     0.974
719.0     0.978
719.25     0.978
719.5     0.978
719.75     0.978
720.0     0.978
720.25     0.978
720.5     0.978
720.75     0.978
721.0     0.978
721.25     0.978
721.5     0.978
721.75     0.978
722.0     0.978
722.25     0.978
722.5     0.978
722.75     0.978
723.0     0.978
723.25     0.978
723.5     0.978
723.75     0.978
724.0     0.978
724.25     0.978
724.5     0.978
724.75     0.978
725.0     0.978
725.25     0.978
725.5     0.978
725.75     0.978
726.0     0.978
726.25     0.978
726.5     0.978
726.75     0.978
727.0     0.978
727.25     0.978
727.5     0.978
727.75     0.978
728.0     0.978
728.25     0.978
728.5     0.98
728.75     0.98
729.0     0.98
729.25     0.98
729.5     0.98
729.75     0.98
730.0     0.978
730.25     0.978
730.5     0.978
730.75     0.978
731.0     0.978
731.25     0.978
731.5     0.978
731.75     0.978
732.0     0.978
732.25     0.978
732.5     0.978
732.75     0.978
733.0     0.978
733.25     0.978
733.5     0.978
733.75     0.978
734.0     0.978
734.25     0.978
734.5     0.978
734.75     0.978
735.0     0.978
735.25     0.978
735.5     0.978
735.75     0.978
736.0     0.978
736.25     0.978
736.5     0.978
736.75     0.978
737.0     0.978
737.25     0.978
737.5     0.978
737.75     0.978
738.0     0.978
738.25     0.978
738.5     0.978
738.75     0.978
739.0     0.978
739.25     0.978
739.5     0.978
739.75     0.978
740.0     0.978
740.25     0.978
740.5     0.978
740.75     0.978
741.0     0.978
741.25     0.978
741.5     0.978
741.75     0.978
742.0     0.978
742.25     0.978
742.5     0.978
742.75     0.978
743.0     0.978
743.25     0.978
743.5     0.978
743.75     0.978
744.0     0.978
744.25     0.978
744.5     0.978
744.75     0.978
745.0     0.978
745.25     0.978
745.5     0.978
745.75     0.978
746.0     0.978
746.25     0.978
746.5     0.978
746.75     0.978
747.0     0.978
747.25     0.978
747.5     0.98
747.75     0.98
748.0     0.98
748.25     0.98
748.5     0.98
748.75     0.98
749.0     0.98
749.25     0.98
749.5     0.98
749.75     0.98
750.0     0.98
750.25     0.98
750.5     0.98
750.75     0.98
751.0     0.98
751.25     0.98
751.5     0.982
751.75     0.982
752.0     0.982
752.25     0.982
752.5     0.982
752.75     0.982
753.0     0.982
753.25     0.984
753.5     0.984
753.75     0.984
754.0     0.984
754.25     0.984
754.5     0.984
754.75     0.984
755.0     0.984
755.25     0.984
755.5     0.984
755.75     0.984
756.0     0.982
756.25     0.982
756.5     0.982
756.75     0.982
757.0     0.982
757.25     0.982
757.5     0.982
757.75     0.982
758.0     0.982
758.25     0.982
758.5     0.982
758.75     0.982
759.0     0.982
759.25     0.982
759.5     0.982
759.75     0.982
760.0     0.982
760.25     0.982
760.5     0.982
760.75     0.982
761.0     0.982
761.25     0.982
761.5     0.982
761.75     0.982
762.0     0.982
762.25     0.982
762.5     0.982
762.75     0.982
763.0     0.982
763.25     0.982
763.5     0.982
763.75     0.982
764.0     0.982
764.25     0.982
764.5     0.982
764.75     0.982
765.0     0.982
765.25     0.982
765.5     0.982
765.75     0.982
766.0     0.982
766.25     0.982
766.5     0.982
766.75     0.982
767.0     0.982
767.25     0.982
767.5     0.982
767.75     0.982
768.0     0.982
768.25     0.982
768.5     0.982
768.75     0.982
769.0     0.982
769.25     0.982
769.5     0.982
769.75     0.982
770.0     0.982
770.25     0.984
770.5     0.986
770.75     0.984
771.0     0.984
771.25     0.984
771.5     0.984
771.75     0.984
772.0     0.984
772.25     0.984
772.5     0.984
772.75     0.984
773.0     0.984
773.25     0.984
773.5     0.984
773.75     0.984
774.0     0.984
774.25     0.984
774.5     0.984
774.75     0.984
775.0     0.984
775.25     0.984
775.5     0.984
775.75     0.984
776.0     0.984
776.25     0.984
776.5     0.984
776.75     0.984
777.0     0.984
777.25     0.984
777.5     0.984
777.75     0.984
778.0     0.984
778.25     0.984
778.5     0.984
778.75     0.984
779.0     0.984
779.25     0.984
779.5     0.984
779.75     0.984
780.0     0.984
780.25     0.984
780.5     0.984
780.75     0.984
781.0     0.984
781.25     0.984
781.5     0.986
781.75     0.988
782.0     0.988
782.25     0.988
782.5     0.988
782.75     0.988
783.0     0.988
783.25     0.988
783.5     0.988
783.75     0.988
784.0     0.988
784.25     0.988
784.5     0.988
784.75     0.988
785.0     0.988
785.25     0.988
785.5     0.988
785.75     0.988
786.0     0.988
786.25     0.988
786.5     0.988
786.75     0.988
787.0     0.988
787.25     0.988
787.5     0.988
787.75     0.988
788.0     0.988
788.25     0.988
788.5     0.988
788.75     0.988
789.0     0.988
789.25     0.988
789.5     0.988
789.75     0.99
790.0     0.99
790.25     0.99
790.5     0.99
790.75     0.99
791.0     0.99
791.25     0.99
791.5     0.99
791.75     0.99
792.0     0.99
792.25     0.99
792.5     0.99
792.75     0.99
793.0     0.99
793.25     0.99
793.5     0.99
793.75     0.99
794.0     0.99
794.25     0.99
794.5     0.99
794.75     0.99
795.0     0.99
795.25     0.99
795.5     0.99
795.75     0.99
796.0     0.99
796.25     0.99
796.5     0.99
796.75     0.99
797.0     0.99
797.25     0.99
797.5     0.99
797.75     0.99
798.0     0.99
798.25     0.99
798.5     0.99
798.75     0.99
799.0     0.99
799.25     0.99
799.5     0.99
799.75     0.99
800.0     0.99
800.25     0.99
800.5     0.99
800.75     0.99
801.0     0.99
801.25     0.99
801.5     0.99
801.75     0.99
802.0     0.99
802.25     0.99
802.5     0.99
802.75     0.99
803.0     0.99
803.25     0.99
803.5     0.99
803.75     0.99
804.0     0.99
804.25     0.99
804.5     0.99
804.75     0.99
805.0     0.99
805.25     0.99
805.5     0.99
805.75     0.99
806.0     0.99
806.25     0.99
806.5     0.99
806.75     0.99
807.0     0.99
807.25     0.99
807.5     0.99
807.75     0.99
808.0     0.99
808.25     0.99
808.5     0.99
808.75     0.99
809.0     0.99
809.25     0.99
809.5     0.99
809.75     0.99
810.0     0.99
810.25     0.99
810.5     0.99
810.75     0.99
811.0     0.99
811.25     0.99
811.5     0.99
811.75     0.99
812.0     0.99
812.25     0.992
812.5     0.992
812.75     0.992
813.0     0.992
813.25     0.992
813.5     0.992
813.75     0.992
814.0     0.992
814.25     0.992
814.5     0.992
814.75     0.992
815.0     0.992
815.25     0.992
815.5     0.992
815.75     0.992
816.0     0.992
816.25     0.992
816.5     0.992
816.75     0.992
817.0     0.992
817.25     0.992
817.5     0.992
817.75     0.992
818.0     0.992
818.25     0.992
818.5     0.992
818.75     0.992
819.0     0.992
819.25     0.992
819.5     0.992
819.75     0.992
820.0     0.992
820.25     0.992
820.5     0.992
820.75     0.992
821.0     0.992
821.25     0.992
821.5     0.992
821.75     0.992
822.0     0.992
822.25     0.992
822.5     0.992
822.75     0.992
823.0     0.992
823.25     0.992
823.5     0.992
823.75     0.992
824.0     0.992
824.25     0.992
824.5     0.992
824.75     0.992
825.0     0.992
825.25     0.992
825.5     0.992
825.75     0.992
826.0     0.992
826.25     0.992
826.5     0.992
826.75     0.992
827.0     0.992
827.25     0.992
827.5     0.992
827.75     0.992
828.0     0.992
828.25     0.992
828.5     0.992
828.75     0.992
829.0     0.992
829.25     0.992
829.5     0.992
829.75     0.992
830.0     0.992
830.25     0.992
830.5     0.992
830.75     0.992
831.0     0.992
831.25     0.992
831.5     0.992
831.75     0.992
832.0     0.992
832.25     0.992
832.5     0.992
832.75     0.992
833.0     0.992
833.25     0.99
833.5     0.99
833.75     0.99
834.0     0.99
834.25     0.99
834.5     0.99
834.75     0.99
835.0     0.99
835.25     0.99
835.5     0.99
835.75     0.99
836.0     0.99
836.25     0.99
836.5     0.99
836.75     0.99
837.0     0.99
837.25     0.99
837.5     0.99
837.75     0.992
838.0     0.992
838.25     0.992
838.5     0.992
838.75     0.992
839.0     0.992
839.25     0.992
839.5     0.992
839.75     0.992
840.0     0.992
840.25     0.994
840.5     0.994
840.75     0.994
841.0     0.994
841.25     0.994
841.5     0.994
841.75     0.994
842.0     0.994
842.25     0.994
842.5     0.994
842.75     0.994
843.0     0.994
843.25     0.994
843.5     0.994
843.75     0.994
844.0     0.994
844.25     0.994
844.5     0.994
844.75     0.994
845.0     0.994
845.25     0.994
845.5     0.994
845.75     0.994
846.0     0.994
846.25     0.994
846.5     0.994
846.75     0.994
847.0     0.994
847.25     0.994
847.5     0.994
847.75     0.994
848.0     0.994
848.25     0.994
848.5     0.994
848.75     0.994
849.0     0.994
849.25     0.994
849.5     0.994
849.75     0.994
850.0     0.994
850.25     0.994
850.5     0.994
850.75     0.994
851.0     0.994
851.25     0.994
851.5     0.994
851.75     0.994
852.0     0.994
852.25     0.994
852.5     0.994
852.75     0.994
853.0     0.994
853.25     0.994
853.5     0.994
853.75     0.994
854.0     0.994
854.25     0.994
854.5     0.994
854.75     0.994
855.0     0.994
855.25     0.994
855.5     0.994
855.75     0.994
856.0     0.994
856.25     0.994
856.5     0.994
856.75     0.994
857.0     0.994
857.25     0.994
857.5     0.994
857.75     0.994
858.0     0.994
858.25     0.994
858.5     0.994
858.75     0.994
859.0     0.994
859.25     0.994
859.5     0.994
859.75     0.994
860.0     0.994
860.25     0.994
860.5     0.994
860.75     0.996
861.0     0.996
861.25     0.996
861.5     0.996
861.75     0.996
862.0     0.996
862.25     0.996
862.5     0.996
862.75     0.996
863.0     0.996
863.25     0.996
863.5     0.996
863.75     0.996
864.0     0.996
864.25     0.996
864.5     0.996
864.75     0.996
865.0     0.996
865.25     0.996
865.5     0.996
865.75     0.996
866.0     0.996
866.25     0.996
866.5     0.996
866.75     0.996
867.0     0.996
867.25     0.996
867.5     0.996
867.75     0.996
868.0     0.996
868.25     0.996
868.5     0.996
868.75     0.996
869.0     0.996
869.25     0.996
869.5     0.996
869.75     0.996
870.0     0.996
870.25     0.996
870.5     0.996
870.75     0.996
871.0     0.996
871.25     0.996
871.5     0.996
871.75     0.996
872.0     0.996
872.25     0.996
872.5     0.996
872.75     0.996
873.0     0.996
873.25     0.996
873.5     0.996
873.75     0.996
874.0     0.996
874.25     0.996
874.5     0.996
874.75     0.996
875.0     0.996
875.25     0.996
875.5     0.996
875.75     0.996
876.0     0.996
876.25     0.996
876.5     0.996
876.75     0.996
877.0     0.996
877.25     0.996
877.5     0.996
877.75     0.996
878.0     0.996
878.25     0.996
878.5     0.996
878.75     0.996
879.0     0.996
879.25     0.996
879.5     0.996
879.75     0.996
880.0     0.996
880.25     0.996
880.5     0.996
880.75     0.996
881.0     0.996
881.25     0.996
881.5     0.996
881.75     0.996
882.0     0.996
882.25     0.996
882.5     0.996
882.75     0.996
883.0     0.996
883.25     0.996
883.5     0.996
883.75     0.996
884.0     0.996
884.25     0.996
884.5     0.996
884.75     0.996
885.0     0.996
885.25     0.996
885.5     0.996
885.75     0.996
886.0     0.996
886.25     0.996
886.5     0.996
886.75     0.996
887.0     0.996
887.25     0.996
887.5     0.996
887.75     0.996
888.0     0.996
888.25     0.996
888.5     0.996
888.75     0.996
889.0     0.996
889.25     0.996
889.5     0.996
889.75     0.996
890.0     0.996
890.25     0.996
890.5     0.996
890.75     0.996
891.0     0.996
891.25     0.996
891.5     0.996
891.75     0.996
892.0     0.996
892.25     0.996
892.5     0.996
892.75     0.996
893.0     0.996
893.25     0.996
893.5     0.996
893.75     0.996
894.0     0.996
894.25     0.996
894.5     0.996
894.75     0.996
895.0     0.996
895.25     0.996
895.5     0.996
895.75     0.996
896.0     0.996
896.25     0.996
896.5     0.996
896.75     0.996
897.0     0.996
897.25     0.996
897.5     0.996
897.75     0.996
898.0     0.996
898.25     0.996
898.5     0.996
898.75     0.996
899.0     0.996
899.25     0.996
899.5     0.996
899.75     0.996
900.0     0.996
900.25     0.996
900.5     0.996
900.75     0.996
901.0     0.996
901.25     0.996
901.5     0.996
901.75     0.996
902.0     0.996
902.25     0.996
902.5     0.996
902.75     0.996
903.0     0.996
903.25     0.996
903.5     0.996
903.75     0.996
904.0     0.996
904.25     0.996
904.5     0.996
904.75     0.996
905.0     0.996
905.25     0.996
905.5     0.996
905.75     0.996
906.0     0.996
906.25     0.996
906.5     0.996
906.75     0.996
907.0     0.996
907.25     0.996
907.5     0.996
907.75     0.996
908.0     0.996
908.25     0.996
908.5     0.996
908.75     0.996
909.0     0.996
909.25     0.996
909.5     0.996
909.75     0.996
910.0     0.996
910.25     0.996
910.5     0.996
910.75     0.996
911.0     0.996
911.25     0.996
911.5     0.996
911.75     0.996
912.0     0.996
912.25     0.996
912.5     0.996
912.75     0.996
913.0     0.996
913.25     0.996
913.5     0.996
913.75     0.996
914.0     0.996
914.25     0.996
914.5     0.996
914.75     0.996
915.0     0.996
915.25     0.996
915.5     0.996
915.75     0.996
916.0     0.996
916.25     0.996
916.5     0.996
916.75     0.996
917.0     0.996
917.25     0.996
917.5     0.996
917.75     0.996
918.0     0.996
918.25     0.996
918.5     0.996
918.75     0.996
919.0     0.996
919.25     0.996
919.5     0.996
919.75     0.996
920.0     0.996
920.25     0.996
920.5     0.996
920.75     0.996
921.0     0.996
921.25     0.996
921.5     0.996
921.75     0.996
922.0     0.996
922.25     0.996
922.5     0.996
922.75     0.996
923.0     0.996
923.25     0.996
923.5     0.996
923.75     0.996
924.0     0.996
924.25     0.996
924.5     0.996
924.75     0.996
925.0     0.996
925.25     0.996
925.5     0.996
925.75     0.996
926.0     0.996
926.25     0.996
926.5     0.996
926.75     0.996
927.0     0.996
927.25     0.996
927.5     0.996
927.75     0.996
928.0     0.996
928.25     0.996
928.5     0.996
928.75     0.996
929.0     0.996
929.25     0.996
929.5     0.996
929.75     0.996
930.0     0.996
930.25     0.996
930.5     0.996
930.75     0.996
931.0     0.996
931.25     0.996
931.5     0.996
931.75     0.996
932.0     0.996
932.25     0.996
932.5     0.996
932.75     0.996
933.0     0.996
933.25     0.996
933.5     0.996
933.75     0.996
934.0     0.996
934.25     0.996
934.5     0.996
934.75     0.996
935.0     0.996
935.25     0.996
935.5     0.996
935.75     0.996
936.0     0.998
936.25     0.998
936.5     0.998
936.75     0.998
937.0     0.998
937.25     0.998
937.5     0.998
937.75     0.998
938.0     0.998
938.25     0.998
938.5     0.998
938.75     0.998
939.0     0.998
939.25     0.998
939.5     0.998
939.75     0.998
940.0     0.998
940.25     0.998
940.5     0.998
940.75     0.998
941.0     0.998
941.25     0.998
941.5     0.998
941.75     0.998
942.0     0.998
942.25     0.998
942.5     0.998
942.75     0.998
943.0     0.998
943.25     0.998
943.5     0.998
943.75     0.998
944.0     0.998
944.25     0.998
944.5     0.998
944.75     0.998
945.0     0.998
945.25     0.998
945.5     0.998
945.75     0.998
946.0     0.998
946.25     0.998
946.5     0.998
946.75     0.998
947.0     0.998
947.25     0.998
947.5     0.998
947.75     0.998
948.0     0.998
948.25     0.998
948.5     0.998
948.75     0.998
949.0     0.998
949.25     0.998
949.5     0.998
949.75     0.998
950.0     0.998
950.25     0.998
950.5     0.998
950.75     0.998
951.0     0.998
951.25     0.998
951.5     0.998
951.75     0.998
952.0     0.998
952.25     0.998
952.5     0.998
952.75     0.998
953.0     0.998
953.25     0.998
953.5     0.998
953.75     0.998
954.0     0.998
954.25     0.998
954.5     0.998
954.75     0.998
955.0     0.998
955.25     0.998
955.5     0.998
955.75     0.998
956.0     0.998
956.25     0.998
956.5     0.998
956.75     0.998
957.0     0.998
957.25     0.998
957.5     0.998
957.75     0.998
958.0     0.998
958.25     0.998
958.5     0.998
958.75     0.998
959.0     0.998
959.25     0.998
959.5     0.998
959.75     0.998
960.0     0.998
960.25     0.998
960.5     0.998
960.75     0.998
961.0     0.998
961.25     0.998
961.5     0.998
961.75     0.998
962.0     0.998
962.25     0.998
962.5     0.998
962.75     0.998
963.0     0.998
963.25     0.998
963.5     0.998
963.75     0.998
964.0     0.998
964.25     0.998
964.5     0.998
964.75     0.998
965.0     0.998
965.25     0.998
965.5     0.998
965.75     0.998
966.0     0.998
966.25     0.998
966.5     0.998
966.75     0.998
967.0     0.998
967.25     0.998
967.5     0.998
967.75     0.998
968.0     0.998
968.25     0.998
968.5     0.998
968.75     0.998
969.0     0.998
969.25     0.998
969.5     0.998
969.75     0.998
970.0     0.998
970.25     0.998
970.5     0.998
970.75     0.998
971.0     0.998
971.25     0.998
971.5     0.998
971.75     0.998
972.0     0.998
972.25     0.998
972.5     0.998
972.75     0.998
973.0     0.998
973.25     0.998
973.5     0.998
973.75     0.998
974.0     0.998
974.25     0.998
974.5     0.998
974.75     0.998
975.0     0.998
975.25     0.998
975.5     0.998
975.75     0.998
976.0     0.998
976.25     0.998
976.5     0.998
976.75     0.998
977.0     0.998
977.25     0.998
977.5     0.998
977.75     0.998
978.0     0.998
978.25     0.998
978.5     0.998
978.75     0.998
979.0     0.998
979.25     0.998
979.5     0.998
979.75     0.998
980.0     0.998
980.25     0.998
980.5     0.998
980.75     0.998
981.0     0.998
981.25     0.998
981.5     0.998
981.75     0.998
982.0     0.998
982.25     0.998
982.5     0.998
982.75     0.998
983.0     0.998
983.25     0.998
983.5     0.998
983.75     0.998
984.0     0.998
984.25     0.998
984.5     0.998
984.75     0.998
985.0     0.998
985.25     0.998
985.5     0.998
985.75     0.998
986.0     0.998
986.25     0.998
986.5     0.998
986.75     0.998
987.0     0.998
987.25     0.998
987.5     0.998
987.75     0.998
988.0     0.998
988.25     0.998
988.5     0.998
988.75     0.998
989.0     0.998
989.25     0.998
989.5     0.998
989.75     0.998
990.0     0.998
990.25     0.996
990.5     0.996
990.75     0.996
991.0     0.996
991.25     0.996
991.5     0.996
991.75     0.996
992.0     0.996
992.25     0.996
992.5     0.996
992.75     0.996
993.0     0.996
993.25     0.996
993.5     0.996
993.75     0.996
994.0     0.996
994.25     0.996
994.5     0.996
994.75     0.996
995.0     0.996
995.25     0.996
995.5     0.996
995.75     0.996
996.0     0.996
996.25     0.996
996.5     0.996
996.75     0.996
997.0     0.996
997.25     0.996
997.5     0.996
997.75     0.996
998.0     0.996
998.25     0.996
998.5     0.996
998.75     0.996
999.0     0.996
999.25     0.996
999.5     0.996
999.75     0.996
1000.0     0.996
