0.25     1.0
0.5     1.0
0.75     1.0
1.0     1.0
1.25     1.0
1.5     1.0
1.75     1.0
2.0     1.0
2.25     1.0
2.5     1.0
2.75     1.0
3.0     1.0
3.25     1.0
3.5     1.0
3.75     1.0
4.0     1.0
4.25     1.0
4.5     1.0
4.75     1.0
5.0     1.0
5.25     1.0
5.5     1.0
5.75     1.0
6.0     1.0
6.25     1.0
6.5     1.0
6.75     1.0
7.0     1.0
7.25     1.0
7.5     1.0
7.75     1.0
8.0     1.0
8.25     1.0
8.5     1.0
8.75     1.0
9.0     1.0
9.25     1.0
9.5     1.0
9.75     1.0
10.0     1.0
10.25     1.0
10.5     1.0
10.75     1.0
11.0     1.0
11.25     1.0
11.5     1.0
11.75     1.0
12.0     1.0
12.25     1.0
12.5     1.0
12.75     1.0
13.0     1.0
13.25     1.0
13.5     1.0
13.75     1.0
14.0     1.0
14.25     1.0
14.5     1.0
14.75     1.0
15.0     1.0
15.25     1.0
15.5     1.0
15.75     1.0
16.0     1.0
16.25     1.0
16.5     1.0
16.75     1.0
17.0     1.0
17.25     1.0
17.5     1.0
17.75     1.0
18.0     1.0
18.25     1.0
18.5     1.0
18.75     1.0
19.0     1.0
19.25     1.0
19.5     1.0
19.75     1.0
20.0     1.0
20.25     1.0
20.5     1.0
20.75     1.0
21.0     1.0
21.25     1.0
21.5     1.0
21.75     1.0
22.0     1.0
22.25     1.0
22.5     1.0
22.75     1.0
23.0     1.0
23.25     1.0
23.5     1.0
23.75     1.0
24.0     1.0
24.25     1.0
24.5     1.0
24.75     1.0
25.0     1.0
25.25     1.0
25.5     1.0
25.75     1.0
26.0     1.0
26.25     1.0
26.5     1.0
26.75     1.0
27.0     1.0
27.25     1.0
27.5     1.0
27.75     1.0
28.0     1.0
28.25     1.0
28.5     1.0
28.75     1.0
29.0     1.0
29.25     1.0
29.5     1.0
29.75     1.0
30.0     1.0
30.25     1.0
30.5     1.0
30.75     1.0
31.0     1.0
31.25     1.0
31.5     1.0
31.75     1.0
32.0     1.0
32.25     1.0
32.5     1.0
32.75     1.0
33.0     1.0
33.25     1.0
33.5     1.0
33.75     1.0
34.0     1.0
34.25     1.0
34.5     1.0
34.75     1.0
35.0     1.0
35.25     1.0
35.5     1.0
35.75     1.0
36.0     1.0
36.25     1.0
36.5     1.0
36.75     1.0
37.0     1.0
37.25     1.0
37.5     1.0
37.75     1.0
38.0     1.0
38.25     1.0
38.5     1.0
38.75     1.0
39.0     1.0
39.25     1.0
39.5     1.0
39.75     1.0
40.0     1.0
40.25     1.0
40.5     1.0
40.75     1.0
41.0     1.0
41.25     1.0
41.5     1.0
41.75     1.0
42.0     1.0
42.25     1.0
42.5     1.0
42.75     1.0
43.0     1.0
43.25     1.0
43.5     1.0
43.75     1.0
44.0     1.0
44.25     1.0
44.5     1.0
44.75     1.0
45.0     1.0
45.25     1.0
45.5     1.0
45.75     1.0
46.0     1.0
46.25     1.0
46.5     1.0
46.75     1.0
47.0     1.0
47.25     1.0
47.5     1.0
47.75     1.0
48.0     1.0
48.25     1.0
48.5     1.0
48.75     1.0
49.0     1.0
49.25     1.0
49.5     1.0
49.75     1.0
50.0     1.0
50.25     1.0
50.5     1.0
50.75     1.0
51.0     1.0
51.25     1.0
51.5     1.0
51.75     1.0
52.0     1.0
52.25     1.0
52.5     1.0
52.75     1.0
53.0     1.0
53.25     1.0
53.5     1.0
53.75     1.0
54.0     1.0
54.25     1.0
54.5     1.0
54.75     1.0
55.0     1.0
55.25     1.0
55.5     1.0
55.75     1.0
56.0     1.0
56.25     1.0
56.5     1.0
56.75     1.0
57.0     1.0
57.25     1.0
57.5     1.0
57.75     1.0
58.0     1.0
58.25     1.0
58.5     1.0
58.75     1.0
59.0     1.0
59.25     1.0
59.5     1.0
59.75     1.0
60.0     1.0
60.25     1.0
60.5     1.0
60.75     1.0
61.0     1.0
61.25     1.0
61.5     1.0
61.75     1.0
62.0     1.0
62.25     1.0
62.5     1.0
62.75     1.0
63.0     1.0
63.25     1.0
63.5     1.0
63.75     1.0
64.0     1.0
64.25     1.0
64.5     1.0
64.75     1.0
65.0     1.0
65.25     1.0
65.5     1.0
65.75     1.0
66.0     1.0
66.25     1.0
66.5     1.0
66.75     1.0
67.0     1.0
67.25     1.0
67.5     1.0
67.75     1.0
68.0     1.0
68.25     1.0
68.5     1.0
68.75     1.0
69.0     1.0
69.25     1.0
69.5     1.0
69.75     1.0
70.0     1.0
70.25     1.0
70.5     1.0
70.75     1.0
71.0     1.0
71.25     1.0
71.5     1.0
71.75     1.0
72.0     0.998
72.25     0.998
72.5     0.998
72.75     0.998
73.0     0.998
73.25     0.998
73.5     0.998
73.75     0.998
74.0     0.998
74.25     0.998
74.5     0.998
74.75     0.998
75.0     0.998
75.25     0.998
75.5     0.996
75.75     0.996
76.0     0.996
76.25     0.996
76.5     0.996
76.75     0.996
77.0     0.996
77.25     0.996
77.5     0.996
77.75     0.996
78.0     0.996
78.25     0.996
78.5     0.996
78.75     0.996
79.0     0.996
79.25     0.996
79.5     0.996
79.75     0.996
80.0     0.996
80.25     0.996
80.5     0.996
80.75     0.996
81.0     0.996
81.25     0.996
81.5     0.996
81.75     0.996
82.0     0.996
82.25     0.996
82.5     0.996
82.75     0.996
83.0     0.996
83.25     0.996
83.5     0.996
83.75     0.996
84.0     0.996
84.25     0.996
84.5     0.996
84.75     0.996
85.0     0.996
85.25     0.996
85.5     0.996
85.75     0.996
86.0     0.996
86.25     0.996
86.5     0.996
86.75     0.996
87.0     0.996
87.25     0.996
87.5     0.996
87.75     0.996
88.0     0.996
88.25     0.996
88.5     0.996
88.75     0.996
89.0     0.996
89.25     0.996
89.5     0.996
89.75     0.996
90.0     0.996
90.25     0.996
90.5     0.996
90.75     0.996
91.0     0.996
91.25     0.996
91.5     0.996
91.75     0.996
92.0     0.996
92.25     0.996
92.5     0.996
92.75     0.996
93.0     0.996
93.25     0.996
93.5     0.996
93.75     0.996
94.0     0.996
94.25     0.996
94.5     0.996
94.75     0.996
95.0     0.996
95.25     0.996
95.5     0.996
95.75     0.996
96.0     0.996
96.25     0.996
96.5     0.996
96.75     0.996
97.0     0.996
97.25     0.996
97.5     0.996
97.75     0.996
98.0     0.996
98.25     0.996
98.5     0.996
98.75     0.996
99.0     0.996
99.25     0.996
99.5     0.996
99.75     0.996
100.0     0.996
100.25     0.996
100.5     0.996
100.75     0.996
101.0     0.996
101.25     0.996
101.5     0.996
101.75     0.996
102.0     0.996
102.25     0.996
102.5     0.996
102.75     0.996
103.0     0.996
103.25     0.996
103.5     0.996
103.75     0.996
104.0     0.996
104.25     0.996
104.5     0.996
104.75     0.996
105.0     0.996
105.25     0.996
105.5     0.996
105.75     0.996
106.0     0.996
106.25     0.996
106.5     0.996
106.75     0.996
107.0     0.996
107.25     0.996
107.5     0.996
107.75     0.996
108.0     0.996
108.25     0.996
108.5     0.996
108.75     0.996
109.0     0.996
109.25     0.996
109.5     0.996
109.75     0.996
110.0     0.996
110.25     0.996
110.5     0.996
110.75     0.996
111.0     0.996
111.25     0.996
111.5     0.996
111.75     0.996
112.0     0.996
112.25     0.996
112.5     0.996
112.75     0.996
113.0     0.996
113.25     0.996
113.5     0.996
113.75     0.996
114.0     0.996
114.25     0.996
114.5     0.996
114.75     0.996
115.0     0.996
115.25     0.996
115.5     0.996
115.75     0.996
116.0     0.996
116.25     0.996
116.5     0.996
116.75     0.996
117.0     0.996
117.25     0.996
117.5     0.996
117.75     0.996
118.0     0.996
118.25     0.996
118.5     0.996
118.75     0.996
119.0     0.996
119.25     0.996
119.5     0.996
119.75     0.996
120.0     0.996
120.25     0.996
120.5     0.996
120.75     0.996
121.0     0.996
121.25     0.996
121.5     0.996
121.75     0.996
122.0     0.996
122.25     0.996
122.5     0.996
122.75     0.996
123.0     0.996
123.25     0.996
123.5     0.996
123.75     0.996
124.0     0.996
124.25     0.996
124.5     0.996
124.75     0.996
125.0     0.996
125.25     0.996
125.5     0.996
125.75     0.996
126.0     0.996
126.25     0.996
126.5     0.996
126.75     0.996
127.0     0.996
127.25     0.996
127.5     0.996
127.75     0.996
128.0     0.996
128.25     0.996
128.5     0.996
128.75     0.996
129.0     0.994
129.25     0.994
129.5     0.994
129.75     0.994
130.0     0.994
130.25     0.994
130.5     0.994
130.75     0.994
131.0     0.994
131.25     0.994
131.5     0.994
131.75     0.994
132.0     0.994
132.25     0.994
132.5     0.994
132.75     0.994
133.0     0.994
133.25     0.994
133.5     0.994
133.75     0.994
134.0     0.994
134.25     0.994
134.5     0.994
134.75     0.994
135.0     0.994
135.25     0.994
135.5     0.994
135.75     0.994
136.0     0.994
136.25     0.994
136.5     0.994
136.75     0.994
137.0     0.994
137.25     0.994
137.5     0.994
137.75     0.994
138.0     0.994
138.25     0.994
138.5     0.994
138.75     0.994
139.0     0.994
139.25     0.994
139.5     0.994
139.75     0.994
140.0     0.994
140.25     0.994
140.5     0.994
140.75     0.994
141.0     0.994
141.25     0.994
141.5     0.994
141.75     0.994
142.0     0.994
142.25     0.994
142.5     0.994
142.75     0.994
143.0     0.994
143.25     0.994
143.5     0.994
143.75     0.994
144.0     0.994
144.25     0.994
144.5     0.994
144.75     0.994
145.0     0.994
145.25     0.994
145.5     0.994
145.75     0.994
146.0     0.994
146.25     0.994
146.5     0.994
146.75     0.994
147.0     0.994
147.25     0.994
147.5     0.994
147.75     0.994
148.0     0.994
148.25     0.994
148.5     0.994
148.75     0.994
149.0     0.994
149.25     0.994
149.5     0.994
149.75     0.994
150.0     0.994
150.25     0.994
150.5     0.994
150.75     0.994
151.0     0.994
151.25     0.994
151.5     0.994
151.75     0.994
152.0     0.994
152.25     0.994
152.5     0.994
152.75     0.994
153.0     0.994
153.25     0.994
153.5     0.994
153.75     0.994
154.0     0.994
154.25     0.994
154.5     0.994
154.75     0.994
155.0     0.994
155.25     0.994
155.5     0.994
155.75     0.994
156.0     0.994
156.25     0.994
156.5     0.994
156.75     0.994
157.0     0.994
157.25     0.994
157.5     0.994
157.75     0.994
158.0     0.994
158.25     0.994
158.5     0.992
158.75     0.992
159.0     0.994
159.25     0.994
159.5     0.994
159.75     0.994
160.0     0.994
160.25     0.994
160.5     0.994
160.75     0.994
161.0     0.994
161.25     0.994
161.5     0.994
161.75     0.994
162.0     0.994
162.25     0.994
162.5     0.994
162.75     0.994
163.0     0.994
163.25     0.994
163.5     0.994
163.75     0.994
164.0     0.994
164.25     0.994
164.5     0.994
164.75     0.994
165.0     0.994
165.25     0.994
165.5     0.994
165.75     0.994
166.0     0.994
166.25     0.994
166.5     0.994
166.75     0.994
167.0     0.994
167.25     0.992
167.5     0.992
167.75     0.992
168.0     0.992
168.25     0.994
168.5     0.994
168.75     0.994
169.0     0.994
169.25     0.992
169.5     0.992
169.75     0.992
170.0     0.99
170.25     0.99
170.5     0.99
170.75     0.99
171.0     0.99
171.25     0.99
171.5     0.99
171.75     0.99
172.0     0.99
172.25     0.99
172.5     0.99
172.75     0.99
173.0     0.99
173.25     0.99
173.5     0.99
173.75     0.988
174.0     0.988
174.25     0.988
174.5     0.988
174.75     0.988
175.0     0.988
175.25     0.988
175.5     0.988
175.75     0.988
176.0     0.986
176.25     0.982
176.5     0.982
176.75     0.982
177.0     0.982
177.25     0.982
177.5     0.982
177.75     0.982
178.0     0.982
178.25     0.982
178.5     0.982
178.75     0.982
179.0     0.98
179.25     0.98
179.5     0.98
179.75     0.98
180.0     0.98
180.25     0.98
180.5     0.98
180.75     0.98
181.0     0.98
181.25     0.978
181.5     0.978
181.75     0.978
182.0     0.978
182.25     0.978
182.5     0.978
182.75     0.978
183.0     0.978
183.25     0.978
183.5     0.978
183.75     0.978
184.0     0.978
184.25     0.978
184.5     0.978
184.75     0.978
185.0     0.978
185.25     0.978
185.5     0.978
185.75     0.978
186.0     0.978
186.25     0.978
186.5     0.978
186.75     0.976
187.0     0.976
187.25     0.976
187.5     0.972
187.75     0.972
188.0     0.972
188.25     0.972
188.5     0.972
188.75     0.972
189.0     0.972
189.25     0.972
189.5     0.972
189.75     0.968
190.0     0.968
190.25     0.968
190.5     0.968
190.75     0.968
191.0     0.968
191.25     0.968
191.5     0.968
191.75     0.968
192.0     0.968
192.25     0.968
192.5     0.968
192.75     0.968
193.0     0.968
193.25     0.968
193.5     0.968
193.75     0.968
194.0     0.966
194.25     0.966
194.5     0.966
194.75     0.966
195.0     0.966
195.25     0.966
195.5     0.966
195.75     0.966
196.0     0.966
196.25     0.966
196.5     0.966
196.75     0.966
197.0     0.966
197.25     0.966
197.5     0.966
197.75     0.966
198.0     0.966
198.25     0.966
198.5     0.966
198.75     0.966
199.0     0.966
199.25     0.966
199.5     0.966
199.75     0.966
200.0     0.966
200.25     0.966
200.5     0.966
200.75     0.966
201.0     0.966
201.25     0.966
201.5     0.966
201.75     0.966
202.0     0.966
202.25     0.964
202.5     0.964
202.75     0.964
203.0     0.962
203.25     0.962
203.5     0.962
203.75     0.962
204.0     0.962
204.25     0.962
204.5     0.962
204.75     0.962
205.0     0.96
205.25     0.96
205.5     0.96
205.75     0.96
206.0     0.96
206.25     0.96
206.5     0.96
206.75     0.96
207.0     0.96
207.25     0.96
207.5     0.96
207.75     0.96
208.0     0.96
208.25     0.96
208.5     0.96
208.75     0.96
209.0     0.96
209.25     0.96
209.5     0.956
209.75     0.956
210.0     0.956
210.25     0.956
210.5     0.956
210.75     0.956
211.0     0.956
211.25     0.956
211.5     0.956
211.75     0.956
212.0     0.956
212.25     0.956
212.5     0.956
212.75     0.956
213.0     0.956
213.25     0.956
213.5     0.956
213.75     0.956
214.0     0.956
214.25     0.956
214.5     0.956
214.75     0.956
215.0     0.956
215.25     0.956
215.5     0.956
215.75     0.956
216.0     0.956
216.25     0.956
216.5     0.954
216.75     0.954
217.0     0.954
217.25     0.954
217.5     0.95
217.75     0.95
218.0     0.952
218.25     0.952
218.5     0.952
218.75     0.952
219.0     0.952
219.25     0.95
219.5     0.95
219.75     0.95
220.0     0.95
220.25     0.948
220.5     0.946
220.75     0.946
221.0     0.946
221.25     0.946
221.5     0.946
221.75     0.946
222.0     0.946
222.25     0.944
222.5     0.944
222.75     0.944
223.0     0.944
223.25     0.944
223.5     0.944
223.75     0.944
224.0     0.944
224.25     0.944
224.5     0.944
224.75     0.944
225.0     0.944
225.25     0.944
225.5     0.944
225.75     0.944
226.0     0.944
226.25     0.944
226.5     0.944
226.75     0.944
227.0     0.944
227.25     0.942
227.5     0.942
227.75     0.942
228.0     0.942
228.25     0.942
228.5     0.942
228.75     0.942
229.0     0.942
229.25     0.942
229.5     0.942
229.75     0.942
230.0     0.942
230.25     0.942
230.5     0.942
230.75     0.942
231.0     0.942
231.25     0.942
231.5     0.942
231.75     0.942
232.0     0.94
232.25     0.938
232.5     0.938
232.75     0.936
233.0     0.936
233.25     0.936
233.5     0.936
233.75     0.934
234.0     0.934
234.25     0.932
234.5     0.932
234.75     0.932
235.0     0.932
235.25     0.932
235.5     0.932
235.75     0.932
236.0     0.93
236.25     0.928
236.5     0.928
236.75     0.928
237.0     0.928
237.25     0.928
237.5     0.928
237.75     0.926
238.0     0.926
238.25     0.926
238.5     0.926
238.75     0.926
239.0     0.926
239.25     0.926
239.5     0.926
239.75     0.926
240.0     0.926
240.25     0.926
240.5     0.926
240.75     0.924
241.0     0.924
241.25     0.924
241.5     0.924
241.75     0.924
242.0     0.924
242.25     0.924
242.5     0.924
242.75     0.924
243.0     0.924
243.25     0.924
243.5     0.924
243.75     0.922
244.0     0.922
244.25     0.922
244.5     0.922
244.75     0.922
245.0     0.922
245.25     0.922
245.5     0.92
245.75     0.92
246.0     0.92
246.25     0.92
246.5     0.92
246.75     0.92
247.0     0.92
247.25     0.92
247.5     0.918
247.75     0.918
248.0     0.918
248.25     0.918
248.5     0.918
248.75     0.918
249.0     0.916
249.25     0.916
249.5     0.916
249.75     0.916
250.0     0.916
250.25     0.916
250.5     0.914
250.75     0.914
251.0     0.914
251.25     0.914
251.5     0.914
251.75     0.914
252.0     0.914
252.25     0.914
252.5     0.914
252.75     0.914
253.0     0.914
253.25     0.914
253.5     0.914
253.75     0.91
254.0     0.91
254.25     0.91
254.5     0.91
254.75     0.91
255.0     0.908
255.25     0.906
255.5     0.904
255.75     0.904
256.0     0.902
256.25     0.902
256.5     0.9
256.75     0.9
257.0     0.9
257.25     0.9
257.5     0.9
257.75     0.9
258.0     0.9
258.25     0.9
258.5     0.898
258.75     0.896
259.0     0.894
259.25     0.894
259.5     0.892
259.75     0.892
260.0     0.892
260.25     0.892
260.5     0.892
260.75     0.892
261.0     0.89
261.25     0.888
261.5     0.888
261.75     0.888
262.0     0.888
262.25     0.89
262.5     0.89
262.75     0.888
263.0     0.888
263.25     0.888
263.5     0.888
263.75     0.888
264.0     0.888
264.25     0.888
264.5     0.884
264.75     0.882
265.0     0.882
265.25     0.88
265.5     0.88
265.75     0.878
266.0     0.878
266.25     0.876
266.5     0.876
266.75     0.874
267.0     0.872
267.25     0.872
267.5     0.87
267.75     0.87
268.0     0.868
268.25     0.868
268.5     0.866
268.75     0.866
269.0     0.866
269.25     0.866
269.5     0.866
269.75     0.864
270.0     0.866
270.25     0.864
270.5     0.862
270.75     0.85
271.0     0.844
271.25     0.846
271.5     0.842
271.75     0.844
272.0     0.84
272.25     0.836
272.5     0.834
272.75     0.836
273.0     0.834
273.25     0.836
273.5     0.836
273.75     0.836
274.0     0.832
274.25     0.832
274.5     0.83
274.75     0.828
275.0     0.826
275.25     0.826
275.5     0.826
275.75     0.824
276.0     0.822
276.25     0.82
276.5     0.822
276.75     0.822
277.0     0.82
277.25     0.818
277.5     0.82
277.75     0.82
278.0     0.82
278.25     0.82
278.5     0.82
278.75     0.818
279.0     0.82
279.25     0.818
279.5     0.82
279.75     0.82
280.0     0.818
280.25     0.82
280.5     0.818
280.75     0.812
281.0     0.814
281.25     0.814
281.5     0.812
281.75     0.812
282.0     0.812
282.25     0.812
282.5     0.81
282.75     0.804
283.0     0.8
283.25     0.798
283.5     0.796
283.75     0.798
284.0     0.798
284.25     0.798
284.5     0.796
284.75     0.796
285.0     0.796
285.25     0.798
285.5     0.796
285.75     0.788
286.0     0.784
286.25     0.784
286.5     0.78
286.75     0.778
287.0     0.78
287.25     0.78
287.5     0.776
287.75     0.774
288.0     0.776
288.25     0.776
288.5     0.774
288.75     0.774
289.0     0.774
289.25     0.774
289.5     0.772
289.75     0.77
290.0     0.77
290.25     0.77
290.5     0.77
290.75     0.77
291.0     0.768
291.25     0.768
291.5     0.766
291.75     0.766
292.0     0.764
292.25     0.762
292.5     0.762
292.75     0.762
293.0     0.762
293.25     0.76
293.5     0.758
293.75     0.756
294.0     0.756
294.25     0.754
294.5     0.754
294.75     0.754
295.0     0.752
295.25     0.748
295.5     0.746
295.75     0.746
296.0     0.746
296.25     0.744
296.5     0.742
296.75     0.742
297.0     0.74
297.25     0.74
297.5     0.74
297.75     0.74
298.0     0.736
298.25     0.736
298.5     0.736
298.75     0.736
299.0     0.736
299.25     0.732
299.5     0.732
299.75     0.732
300.0     0.73
300.25     0.728
300.5     0.726
300.75     0.726
301.0     0.726
301.25     0.726
301.5     0.726
301.75     0.726
302.0     0.726
302.25     0.724
302.5     0.724
302.75     0.724
303.0     0.724
303.25     0.724
303.5     0.722
303.75     0.722
304.0     0.72
304.25     0.718
304.5     0.718
304.75     0.718
305.0     0.718
305.25     0.716
305.5     0.712
305.75     0.712
306.0     0.71
306.25     0.71
306.5     0.71
306.75     0.706
307.0     0.706
307.25     0.704
307.5     0.704
307.75     0.704
308.0     0.704
308.25     0.706
308.5     0.706
308.75     0.706
309.0     0.706
309.25     0.706
309.5     0.702
309.75     0.702
310.0     0.7
310.25     0.7
310.5     0.7
310.75     0.7
311.0     0.7
311.25     0.7
311.5     0.696
311.75     0.696
312.0     0.696
312.25     0.696
312.5     0.694
312.75     0.692
313.0     0.692
313.25     0.692
313.5     0.692
313.75     0.69
314.0     0.688
314.25     0.688
314.5     0.688
314.75     0.686
315.0     0.686
315.25     0.684
315.5     0.684
315.75     0.682
316.0     0.682
316.25     0.682
316.5     0.682
316.75     0.682
317.0     0.682
317.25     0.682
317.5     0.682
317.75     0.678
318.0     0.678
318.25     0.678
318.5     0.678
318.75     0.678
319.0     0.674
319.25     0.674
319.5     0.674
319.75     0.672
320.0     0.672
320.25     0.67
320.5     0.67
320.75     0.67
321.0     0.668
321.25     0.668
321.5     0.668
321.75     0.668
322.0     0.666
322.25     0.666
322.5     0.666
322.75     0.666
323.0     0.664
323.25     0.664
323.5     0.664
323.75     0.662
324.0     0.66
324.25     0.66
324.5     0.66
324.75     0.66
325.0     0.66
325.25     0.658
325.5     0.656
325.75     0.656
326.0     0.656
326.25     0.656
326.5     0.648
326.75     0.648
327.0     0.646
327.25     0.646
327.5     0.644
327.75     0.642
328.0     0.64
328.25     0.638
328.5     0.636
328.75     0.638
329.0     0.636
329.25     0.636
329.5     0.632
329.75     0.632
330.0     0.632
330.25     0.632
330.5     0.634
330.75     0.634
331.0     0.632
331.25     0.632
331.5     0.634
331.75     0.634
332.0     0.634
332.25     0.634
332.5     0.634
332.75     0.634
333.0     0.632
333.25     0.632
333.5     0.632
333.75     0.632
334.0     0.63
334.25     0.63
334.5     0.628
334.75     0.626
335.0     0.626
335.25     0.626
335.5     0.626
335.75     0.626
336.0     0.626
336.25     0.624
336.5     0.624
336.75     0.622
337.0     0.622
337.25     0.618
337.5     0.618
337.75     0.618
338.0     0.618
338.25     0.618
338.5     0.62
338.75     0.62
339.0     0.62
339.25     0.62
339.5     0.62
339.75     0.62
340.0     0.62
340.25     0.62
340.5     0.62
340.75     0.62
341.0     0.62
341.25     0.62
341.5     0.62
341.75     0.62
342.0     0.618
342.25     0.618
342.5     0.618
342.75     0.618
343.0     0.618
343.25     0.618
343.5     0.618
343.75     0.616
344.0     0.616
344.25     0.616
344.5     0.614
344.75     0.612
345.0     0.61
345.25     0.608
345.5     0.608
345.75     0.608
346.0     0.608
346.25     0.608
346.5     0.608
346.75     0.606
347.0     0.602
347.25     0.602
347.5     0.602
347.75     0.602
348.0     0.602
348.25     0.602
348.5     0.598
348.75     0.594
349.0     0.592
349.25     0.592
349.5     0.592
349.75     0.592
350.0     0.592
350.25     0.592
350.5     0.592
350.75     0.59
351.0     0.59
351.25     0.59
351.5     0.588
351.75     0.588
352.0     0.588
352.25     0.586
352.5     0.586
352.75     0.584
353.0     0.586
353.25     0.586
353.5     0.588
353.75     0.59
354.0     0.59
354.25     0.588
354.5     0.588
354.75     0.588
355.0     0.588
355.25     0.586
355.5     0.586
355.75     0.588
356.0     0.586
356.25     0.582
356.5     0.582
356.75     0.58
357.0     0.58
357.25     0.58
357.5     0.578
357.75     0.578
358.0     0.576
358.25     0.576
358.5     0.574
358.75     0.572
359.0     0.572
359.25     0.57
359.5     0.57
359.75     0.57
360.0     0.57
360.25     0.568
360.5     0.568
360.75     0.568
361.0     0.568
361.25     0.566
361.5     0.566
361.75     0.566
362.0     0.564
362.25     0.562
362.5     0.56
362.75     0.56
363.0     0.558
363.25     0.558
363.5     0.556
363.75     0.554
364.0     0.554
364.25     0.552
364.5     0.552
364.75     0.552
365.0     0.55
365.25     0.546
365.5     0.546
365.75     0.544
366.0     0.544
366.25     0.542
366.5     0.542
366.75     0.542
367.0     0.542
367.25     0.542
367.5     0.542
367.75     0.54
368.0     0.534
368.25     0.534
368.5     0.532
368.75     0.532
369.0     0.534
369.25     0.532
369.5     0.532
369.75     0.532
370.0     0.532
370.25     0.532
370.5     0.534
370.75     0.532
371.0     0.532
371.25     0.532
371.5     0.53
371.75     0.53
372.0     0.53
372.25     0.528
372.5     0.528
372.75     0.526
373.0     0.526
373.25     0.526
373.5     0.524
373.75     0.524
374.0     0.522
374.25     0.522
374.5     0.518
374.75     0.518
375.0     0.518
375.25     0.518
375.5     0.516
375.75     0.516
376.0     0.516
376.25     0.516
376.5     0.514
376.75     0.516
377.0     0.514
377.25     0.512
377.5     0.512
377.75     0.512
378.0     0.512
378.25     0.512
378.5     0.512
378.75     0.51
379.0     0.51
379.25     0.51
379.5     0.51
379.75     0.51
380.0     0.508
380.25     0.506
380.5     0.506
380.75     0.504
381.0     0.502
381.25     0.502
381.5     0.502
381.75     0.502
382.0     0.502
382.25     0.502
382.5     0.5
382.75     0.5
383.0     0.496
383.25     0.496
383.5     0.496
383.75     0.496
384.0     0.494
384.25     0.492
384.5     0.492
384.75     0.492
385.0     0.492
385.25     0.492
385.5     0.49
385.75     0.49
386.0     0.49
386.25     0.488
386.5     0.488
386.75     0.488
387.0     0.486
387.25     0.486
387.5     0.484
387.75     0.482
388.0     0.482
388.25     0.482
388.5     0.482
388.75     0.482
389.0     0.482
389.25     0.48
389.5     0.48
389.75     0.48
390.0     0.478
390.25     0.478
390.5     0.478
390.75     0.476
391.0     0.476
391.25     0.476
391.5     0.474
391.75     0.474
392.0     0.472
392.25     0.47
392.5     0.47
392.75     0.47
393.0     0.468
393.25     0.468
393.5     0.468
393.75     0.468
394.0     0.47
394.25     0.47
394.5     0.468
394.75     0.468
395.0     0.466
395.25     0.466
395.5     0.466
395.75     0.466
396.0     0.466
396.25     0.466
396.5     0.466
396.75     0.466
397.0     0.466
397.25     0.466
397.5     0.462
397.75     0.462
398.0     0.462
398.25     0.46
398.5     0.46
398.75     0.46
399.0     0.46
399.25     0.456
399.5     0.452
399.75     0.45
400.0     0.45
400.25     0.45
400.5     0.448
400.75     0.448
401.0     0.448
401.25     0.45
401.5     0.45
401.75     0.45
402.0     0.448
402.25     0.446
402.5     0.446
402.75     0.444
403.0     0.442
403.25     0.442
403.5     0.442
403.75     0.442
404.0     0.44
404.25     0.44
404.5     0.44
404.75     0.438
405.0     0.436
405.25     0.436
405.5     0.436
405.75     0.436
406.0     0.436
406.25     0.434
406.5     0.432
406.75     0.43
407.0     0.428
407.25     0.428
407.5     0.428
407.75     0.428
408.0     0.428
408.25     0.428
408.5     0.426
408.75     0.424
409.0     0.424
409.25     0.424
409.5     0.424
409.75     0.424
410.0     0.422
410.25     0.422
410.5     0.42
410.75     0.416
411.0     0.416
411.25     0.414
411.5     0.412
411.75     0.412
412.0     0.412
412.25     0.412
412.5     0.41
412.75     0.41
413.0     0.41
413.25     0.408
413.5     0.41
413.75     0.408
414.0     0.406
414.25     0.406
414.5     0.408
414.75     0.408
415.0     0.408
415.25     0.406
415.5     0.406
415.75     0.406
416.0     0.406
416.25     0.406
416.5     0.404
416.75     0.404
417.0     0.404
417.25     0.404
417.5     0.404
417.75     0.404
418.0     0.404
418.25     0.404
418.5     0.404
418.75     0.404
419.0     0.404
419.25     0.404
419.5     0.404
419.75     0.404
420.0     0.404
420.25     0.402
420.5     0.402
420.75     0.402
421.0     0.4
421.25     0.4
421.5     0.4
421.75     0.4
422.0     0.4
422.25     0.4
422.5     0.402
422.75     0.402
423.0     0.402
423.25     0.4
423.5     0.4
423.75     0.4
424.0     0.4
424.25     0.4
424.5     0.398
424.75     0.394
425.0     0.394
425.25     0.394
425.5     0.392
425.75     0.39
426.0     0.39
426.25     0.388
426.5     0.386
426.75     0.386
427.0     0.386
427.25     0.386
427.5     0.384
427.75     0.384
428.0     0.384
428.25     0.384
428.5     0.382
428.75     0.382
429.0     0.378
429.25     0.376
429.5     0.374
429.75     0.374
430.0     0.374
430.25     0.372
430.5     0.372
430.75     0.37
431.0     0.372
431.25     0.372
431.5     0.37
431.75     0.368
432.0     0.368
432.25     0.366
432.5     0.364
432.75     0.362
433.0     0.362
433.25     0.362
433.5     0.364
433.75     0.364
434.0     0.36
434.25     0.36
434.5     0.36
434.75     0.36
435.0     0.358
435.25     0.358
435.5     0.358
435.75     0.358
436.0     0.356
436.25     0.356
436.5     0.356
436.75     0.356
437.0     0.354
437.25     0.354
437.5     0.354
437.75     0.35
438.0     0.348
438.25     0.348
438.5     0.346
438.75     0.344
439.0     0.344
439.25     0.342
439.5     0.342
439.75     0.342
440.0     0.342
440.25     0.34
440.5     0.34
440.75     0.334
441.0     0.334
441.25     0.336
441.5     0.336
441.75     0.334
442.0     0.334
442.25     0.334
442.5     0.334
442.75     0.334
443.0     0.334
443.25     0.334
443.5     0.332
443.75     0.332
444.0     0.332
444.25     0.332
444.5     0.332
444.75     0.332
445.0     0.332
445.25     0.332
445.5     0.33
445.75     0.33
446.0     0.33
446.25     0.33
446.5     0.33
446.75     0.33
447.0     0.328
447.25     0.326
447.5     0.326
447.75     0.326
448.0     0.326
448.25     0.324
448.5     0.324
448.75     0.322
449.0     0.322
449.25     0.322
449.5     0.322
449.75     0.318
450.0     0.32
450.25     0.32
450.5     0.318
450.75     0.316
451.0     0.316
451.25     0.316
451.5     0.316
451.75     0.316
452.0     0.316
452.25     0.316
452.5     0.316
452.75     0.316
453.0     0.314
453.25     0.314
453.5     0.314
453.75     0.314
454.0     0.314
454.25     0.312
454.5     0.312
454.75     0.312
455.0     0.312
455.25     0.312
455.5     0.316
455.75     0.316
456.0     0.316
456.25     0.316
456.5     0.316
456.75     0.316
457.0     0.316
457.25     0.314
457.5     0.314
457.75     0.314
458.0     0.314
458.25     0.312
458.5     0.312
458.75     0.312
459.0     0.31
459.25     0.312
459.5     0.312
459.75     0.312
460.0     0.312
460.25     0.31
460.5     0.308
460.75     0.308
461.0     0.306
461.25     0.306
461.5     0.306
461.75     0.306
462.0     0.304
462.25     0.304
462.5     0.304
462.75     0.304
463.0     0.304
463.25     0.302
463.5     0.3
463.75     0.3
464.0     0.298
464.25     0.298
464.5     0.298
464.75     0.296
465.0     0.296
465.25     0.296
465.5     0.296
465.75     0.292
466.0     0.29
466.25     0.284
466.5     0.284
466.75     0.284
467.0     0.284
467.25     0.284
467.5     0.282
467.75     0.282
468.0     0.282
468.25     0.282
468.5     0.28
468.75     0.28
469.0     0.278
469.25     0.278
469.5     0.278
469.75     0.278
470.0     0.278
470.25     0.278
470.5     0.278
470.75     0.274
471.0     0.274
471.25     0.274
471.5     0.274
471.75     0.272
472.0     0.272
472.25     0.272
472.5     0.272
472.75     0.27
473.0     0.27
473.25     0.27
473.5     0.27
473.75     0.27
474.0     0.27
474.25     0.27
474.5     0.268
474.75     0.266
475.0     0.266
475.25     0.264
475.5     0.264
475.75     0.264
476.0     0.264
476.25     0.264
476.5     0.264
476.75     0.262
477.0     0.262
477.25     0.262
477.5     0.262
477.75     0.262
478.0     0.262
478.25     0.262
478.5     0.262
478.75     0.262
479.0     0.262
479.25     0.262
479.5     0.26
479.75     0.26
480.0     0.26
480.25     0.26
480.5     0.26
480.75     0.26
481.0     0.26
481.25     0.26
481.5     0.256
481.75     0.256
482.0     0.254
482.25     0.252
482.5     0.252
482.75     0.252
483.0     0.252
483.25     0.25
483.5     0.25
483.75     0.25
484.0     0.25
484.25     0.25
484.5     0.25
484.75     0.25
485.0     0.25
485.25     0.25
485.5     0.25
485.75     0.25
486.0     0.25
486.25     0.25
486.5     0.25
486.75     0.25
487.0     0.25
487.25     0.25
487.5     0.25
487.75     0.25
488.0     0.25
488.25     0.25
488.5     0.248
488.75     0.248
489.0     0.248
489.25     0.248
489.5     0.248
489.75     0.248
490.0     0.248
490.25     0.248
490.5     0.248
490.75     0.248
491.0     0.248
491.25     0.248
491.5     0.246
491.75     0.246
492.0     0.246
492.25     0.246
492.5     0.244
492.75     0.244
493.0     0.244
493.25     0.244
493.5     0.244
493.75     0.244
494.0     0.242
494.25     0.242
494.5     0.242
494.75     0.242
495.0     0.242
495.25     0.24
495.5     0.24
495.75     0.24
496.0     0.24
496.25     0.24
496.5     0.24
496.75     0.24
497.0     0.24
497.25     0.24
497.5     0.24
497.75     0.24
498.0     0.238
498.25     0.238
498.5     0.234
498.75     0.234
499.0     0.234
499.25     0.234
499.5     0.234
499.75     0.23
500.0     0.23
500.25     0.23
500.5     0.23
500.75     0.23
501.0     0.23
501.25     0.23
501.5     0.23
501.75     0.23
502.0     0.23
502.25     0.23
502.5     0.228
502.75     0.228
503.0     0.226
503.25     0.224
503.5     0.224
503.75     0.22
504.0     0.218
504.25     0.218
504.5     0.216
504.75     0.216
505.0     0.216
505.25     0.216
505.5     0.216
505.75     0.214
506.0     0.214
506.25     0.214
506.5     0.214
506.75     0.214
507.0     0.214
507.25     0.214
507.5     0.214
507.75     0.214
508.0     0.214
508.25     0.214
508.5     0.214
508.75     0.214
509.0     0.214
509.25     0.212
509.5     0.21
509.75     0.21
510.0     0.21
510.25     0.21
510.5     0.21
510.75     0.21
511.0     0.21
511.25     0.21
511.5     0.21
511.75     0.212
512.0     0.21
512.25     0.208
512.5     0.206
512.75     0.204
513.0     0.202
513.25     0.202
513.5     0.2
513.75     0.2
514.0     0.2
514.25     0.198
514.5     0.198
514.75     0.198
515.0     0.196
515.25     0.196
515.5     0.198
515.75     0.198
516.0     0.196
516.25     0.196
516.5     0.196
516.75     0.196
517.0     0.194
517.25     0.194
517.5     0.194
517.75     0.192
518.0     0.192
518.25     0.192
518.5     0.192
518.75     0.19
519.0     0.186
519.25     0.186
519.5     0.186
519.75     0.186
520.0     0.186
520.25     0.186
520.5     0.184
520.75     0.184
521.0     0.184
521.25     0.184
521.5     0.184
521.75     0.184
522.0     0.184
522.25     0.184
522.5     0.184
522.75     0.184
523.0     0.184
523.25     0.182
523.5     0.18
523.75     0.18
524.0     0.18
524.25     0.178
524.5     0.174
524.75     0.174
525.0     0.174
525.25     0.174
525.5     0.172
525.75     0.172
526.0     0.168
526.25     0.168
526.5     0.166
526.75     0.166
527.0     0.166
527.25     0.166
527.5     0.166
527.75     0.166
528.0     0.166
528.25     0.166
528.5     0.166
528.75     0.166
529.0     0.166
529.25     0.166
529.5     0.164
529.75     0.162
530.0     0.162
530.25     0.162
530.5     0.162
530.75     0.162
531.0     0.162
531.25     0.162
531.5     0.16
531.75     0.16
532.0     0.16
532.25     0.16
532.5     0.16
532.75     0.16
533.0     0.16
533.25     0.16
533.5     0.16
533.75     0.16
534.0     0.16
534.25     0.16
534.5     0.16
534.75     0.158
535.0     0.158
535.25     0.158
535.5     0.158
535.75     0.156
536.0     0.156
536.25     0.156
536.5     0.156
536.75     0.156
537.0     0.156
537.25     0.158
537.5     0.158
537.75     0.156
538.0     0.156
538.25     0.156
538.5     0.156
538.75     0.156
539.0     0.156
539.25     0.156
539.5     0.156
539.75     0.156
540.0     0.156
540.25     0.154
540.5     0.152
540.75     0.152
541.0     0.152
541.25     0.152
541.5     0.152
541.75     0.152
542.0     0.152
542.25     0.152
542.5     0.152
542.75     0.152
543.0     0.152
543.25     0.154
543.5     0.154
543.75     0.154
544.0     0.152
544.25     0.152
544.5     0.15
544.75     0.15
545.0     0.15
545.25     0.15
545.5     0.15
545.75     0.15
546.0     0.15
546.25     0.15
546.5     0.148
546.75     0.148
547.0     0.148
547.25     0.148
547.5     0.148
547.75     0.148
548.0     0.144
548.25     0.144
548.5     0.144
548.75     0.144
549.0     0.144
549.25     0.144
549.5     0.144
549.75     0.144
550.0     0.144
550.25     0.144
550.5     0.144
550.75     0.144
551.0     0.142
551.25     0.142
551.5     0.142
551.75     0.142
552.0     0.142
552.25     0.142
552.5     0.142
552.75     0.142
553.0     0.142
553.25     0.142
553.5     0.142
553.75     0.142
554.0     0.142
554.25     0.142
554.5     0.142
554.75     0.142
555.0     0.142
555.25     0.142
555.5     0.142
555.75     0.142
556.0     0.142
556.25     0.142
556.5     0.142
556.75     0.142
557.0     0.142
557.25     0.14
557.5     0.14
557.75     0.14
558.0     0.14
558.25     0.138
558.5     0.138
558.75     0.134
559.0     0.134
559.25     0.134
559.5     0.134
559.75     0.134
560.0     0.134
560.25     0.134
560.5     0.134
560.75     0.136
561.0     0.136
561.25     0.136
561.5     0.136
561.75     0.136
562.0     0.136
562.25     0.136
562.5     0.134
562.75     0.134
563.0     0.134
563.25     0.134
563.5     0.132
563.75     0.132
564.0     0.132
564.25     0.132
564.5     0.132
564.75     0.132
565.0     0.13
565.25     0.13
565.5     0.13
565.75     0.13
566.0     0.13
566.25     0.132
566.5     0.132
566.75     0.132
567.0     0.132
567.25     0.132
567.5     0.132
567.75     0.132
568.0     0.132
568.25     0.132
568.5     0.132
568.75     0.132
569.0     0.132
569.25     0.132
569.5     0.132
569.75     0.132
570.0     0.132
570.25     0.132
570.5     0.132
570.75     0.132
571.0     0.132
571.25     0.13
571.5     0.13
571.75     0.13
572.0     0.13
572.25     0.128
572.5     0.128
572.75     0.126
573.0     0.126
573.25     0.126
573.5     0.126
573.75     0.126
574.0     0.126
574.25     0.126
574.5     0.126
574.75     0.126
575.0     0.124
575.25     0.124
575.5     0.124
575.75     0.124
576.0     0.124
576.25     0.124
576.5     0.124
576.75     0.124
577.0     0.124
577.25     0.124
577.5     0.124
577.75     0.124
578.0     0.124
578.25     0.124
578.5     0.124
578.75     0.122
579.0     0.122
579.25     0.12
579.5     0.12
579.75     0.118
580.0     0.118
580.25     0.118
580.5     0.116
580.75     0.116
581.0     0.116
581.25     0.116
581.5     0.118
581.75     0.118
582.0     0.116
582.25     0.116
582.5     0.116
582.75     0.116
583.0     0.114
583.25     0.114
583.5     0.114
583.75     0.114
584.0     0.114
584.25     0.114
584.5     0.114
584.75     0.112
585.0     0.112
585.25     0.112
585.5     0.112
585.75     0.112
586.0     0.112
586.25     0.112
586.5     0.112
586.75     0.112
587.0     0.112
587.25     0.112
587.5     0.112
587.75     0.112
588.0     0.112
588.25     0.112
588.5     0.112
588.75     0.11
589.0     0.11
589.25     0.11
589.5     0.11
589.75     0.11
590.0     0.11
590.25     0.108
590.5     0.108
590.75     0.108
591.0     0.108
591.25     0.108
591.5     0.108
591.75     0.108
592.0     0.108
592.25     0.108
592.5     0.108
592.75     0.108
593.0     0.108
593.25     0.108
593.5     0.108
593.75     0.108
594.0     0.108
594.25     0.108
594.5     0.106
594.75     0.106
595.0     0.106
595.25     0.106
595.5     0.106
595.75     0.106
596.0     0.106
596.25     0.106
596.5     0.106
596.75     0.106
597.0     0.106
597.25     0.106
597.5     0.106
597.75     0.106
598.0     0.106
598.25     0.106
598.5     0.106
598.75     0.106
599.0     0.106
599.25     0.106
599.5     0.106
599.75     0.106
600.0     0.104
600.25     0.104
600.5     0.102
600.75     0.102
601.0     0.102
601.25     0.102
601.5     0.102
601.75     0.102
602.0     0.102
602.25     0.102
602.5     0.102
602.75     0.102
603.0     0.102
603.25     0.102
603.5     0.102
603.75     0.102
604.0     0.102
604.25     0.102
604.5     0.102
604.75     0.102
605.0     0.102
605.25     0.102
605.5     0.102
605.75     0.102
606.0     0.102
606.25     0.102
606.5     0.102
606.75     0.1
607.0     0.1
607.25     0.1
607.5     0.1
607.75     0.1
608.0     0.1
608.25     0.1
608.5     0.1
608.75     0.1
609.0     0.1
609.25     0.1
609.5     0.1
609.75     0.1
610.0     0.1
610.25     0.1
610.5     0.1
610.75     0.1
611.0     0.098
611.25     0.098
611.5     0.098
611.75     0.098
612.0     0.098
612.25     0.098
612.5     0.098
612.75     0.098
613.0     0.098
613.25     0.098
613.5     0.098
613.75     0.098
614.0     0.098
614.25     0.096
614.5     0.096
614.75     0.096
615.0     0.096
615.25     0.096
615.5     0.096
615.75     0.096
616.0     0.096
616.25     0.096
616.5     0.096
616.75     0.096
617.0     0.094
617.25     0.094
617.5     0.094
617.75     0.094
618.0     0.094
618.25     0.094
618.5     0.094
618.75     0.094
619.0     0.096
619.25     0.096
619.5     0.094
619.75     0.094
620.0     0.094
620.25     0.094
620.5     0.094
620.75     0.094
621.0     0.094
621.25     0.094
621.5     0.094
621.75     0.094
622.0     0.094
622.25     0.09
622.5     0.09
622.75     0.09
623.0     0.09
623.25     0.09
623.5     0.09
623.75     0.09
624.0     0.09
624.25     0.09
624.5     0.09
624.75     0.09
625.0     0.09
625.25     0.09
625.5     0.09
625.75     0.09
626.0     0.088
626.25     0.088
626.5     0.088
626.75     0.088
627.0     0.088
627.25     0.088
627.5     0.088
627.75     0.088
628.0     0.088
628.25     0.088
628.5     0.088
628.75     0.088
629.0     0.088
629.25     0.088
629.5     0.088
629.75     0.088
630.0     0.088
630.25     0.086
630.5     0.086
630.75     0.086
631.0     0.086
631.25     0.086
631.5     0.086
631.75     0.084
632.0     0.082
632.25     0.08
632.5     0.078
632.75     0.078
633.0     0.076
633.25     0.076
633.5     0.076
633.75     0.074
634.0     0.074
634.25     0.074
634.5     0.074
634.75     0.074
635.0     0.072
635.25     0.072
635.5     0.072
635.75     0.072
636.0     0.072
636.25     0.072
636.5     0.07
636.75     0.07
637.0     0.068
637.25     0.068
637.5     0.068
637.75     0.068
638.0     0.068
638.25     0.068
638.5     0.068
638.75     0.068
639.0     0.068
639.25     0.068
639.5     0.068
639.75     0.068
640.0     0.068
640.25     0.068
640.5     0.068
640.75     0.068
641.0     0.068
641.25     0.068
641.5     0.068
641.75     0.066
642.0     0.066
642.25     0.066
642.5     0.066
642.75     0.066
643.0     0.066
643.25     0.064
643.5     0.064
643.75     0.064
644.0     0.064
644.25     0.064
644.5     0.064
644.75     0.064
645.0     0.064
645.25     0.064
645.5     0.064
645.75     0.064
646.0     0.064
646.25     0.064
646.5     0.064
646.75     0.064
647.0     0.064
647.25     0.062
647.5     0.064
647.75     0.064
648.0     0.064
648.25     0.064
648.5     0.064
648.75     0.064
649.0     0.064
649.25     0.064
649.5     0.064
649.75     0.062
650.0     0.06
650.25     0.06
650.5     0.06
650.75     0.06
651.0     0.06
651.25     0.06
651.5     0.06
651.75     0.06
652.0     0.06
652.25     0.06
652.5     0.06
652.75     0.058
653.0     0.058
653.25     0.058
653.5     0.058
653.75     0.056
654.0     0.056
654.25     0.056
654.5     0.056
654.75     0.056
655.0     0.056
655.25     0.056
655.5     0.056
655.75     0.056
656.0     0.056
656.25     0.054
656.5     0.054
656.75     0.054
657.0     0.054
657.25     0.054
657.5     0.054
657.75     0.054
658.0     0.054
658.25     0.054
658.5     0.054
658.75     0.054
659.0     0.054
659.25     0.054
659.5     0.054
659.75     0.054
660.0     0.054
660.25     0.054
660.5     0.054
660.75     0.054
661.0     0.054
661.25     0.052
661.5     0.05
661.75     0.05
662.0     0.05
662.25     0.05
662.5     0.05
662.75     0.05
663.0     0.05
663.25     0.048
663.5     0.048
663.75     0.048
664.0     0.048
664.25     0.048
664.5     0.048
664.75     0.048
665.0     0.048
665.25     0.048
665.5     0.048
665.75     0.048
666.0     0.048
666.25     0.048
666.5     0.048
666.75     0.048
667.0     0.048
667.25     0.046
667.5     0.046
667.75     0.046
668.0     0.046
668.25     0.046
668.5     0.046
668.75     0.046
669.0     0.046
669.25     0.046
669.5     0.046
669.75     0.044
670.0     0.044
670.25     0.044
670.5     0.044
670.75     0.044
671.0     0.044
671.25     0.044
671.5     0.046
671.75     0.046
672.0     0.046
672.25     0.044
672.5     0.044
672.75     0.044
673.0     0.044
673.25     0.044
673.5     0.044
673.75     0.044
674.0     0.044
674.25     0.044
674.5     0.044
674.75     0.044
675.0     0.046
675.25     0.046
675.5     0.044
675.75     0.044
676.0     0.044
676.25     0.044
676.5     0.044
676.75     0.044
677.0     0.044
677.25     0.044
677.5     0.044
677.75     0.044
678.0     0.044
678.25     0.044
678.5     0.044
678.75     0.044
679.0     0.042
679.25     0.042
679.5     0.042
679.75     0.042
680.0     0.042
680.25     0.042
680.5     0.042
680.75     0.042
681.0     0.042
681.25     0.042
681.5     0.042
681.75     0.042
682.0     0.042
682.25     0.042
682.5     0.042
682.75     0.042
683.0     0.042
683.25     0.042
683.5     0.042
683.75     0.042
684.0     0.04
684.25     0.04
684.5     0.038
684.75     0.038
685.0     0.038
685.25     0.038
685.5     0.038
685.75     0.038
686.0     0.038
686.25     0.038
686.5     0.038
686.75     0.038
687.0     0.038
687.25     0.038
687.5     0.038
687.75     0.038
688.0     0.038
688.25     0.038
688.5     0.038
688.75     0.038
689.0     0.038
689.25     0.038
689.5     0.038
689.75     0.038
690.0     0.038
690.25     0.036
690.5     0.036
690.75     0.036
691.0     0.036
691.25     0.036
691.5     0.036
691.75     0.036
692.0     0.036
692.25     0.034
692.5     0.034
692.75     0.034
693.0     0.036
693.25     0.036
693.5     0.036
693.75     0.036
694.0     0.036
694.25     0.036
694.5     0.036
694.75     0.036
695.0     0.036
695.25     0.036
695.5     0.036
695.75     0.036
696.0     0.036
696.25     0.036
696.5     0.036
696.75     0.036
697.0     0.036
697.25     0.034
697.5     0.034
697.75     0.034
698.0     0.034
698.25     0.034
698.5     0.034
698.75     0.034
699.0     0.034
699.25     0.034
699.5     0.034
699.75     0.032
700.0     0.03
700.25     0.03
700.5     0.03
700.75     0.03
701.0     0.03
701.25     0.03
701.5     0.03
701.75     0.03
702.0     0.03
702.25     0.03
702.5     0.03
702.75     0.03
703.0     0.03
703.25     0.03
703.5     0.03
703.75     0.03
704.0     0.03
704.25     0.03
704.5     0.03
704.75     0.03
705.0     0.03
705.25     0.03
705.5     0.03
705.75     0.03
706.0     0.03
706.25     0.03
706.5     0.03
706.75     0.03
707.0     0.03
707.25     0.03
707.5     0.03
707.75     0.03
708.0     0.03
708.25     0.03
708.5     0.03
708.75     0.03
709.0     0.03
709.25     0.03
709.5     0.03
709.75     0.03
710.0     0.03
710.25     0.03
710.5     0.03
710.75     0.03
711.0     0.03
711.25     0.03
711.5     0.03
711.75     0.03
712.0     0.03
712.25     0.03
712.5     0.03
712.75     0.03
713.0     0.03
713.25     0.03
713.5     0.03
713.75     0.03
714.0     0.03
714.25     0.03
714.5     0.03
714.75     0.03
715.0     0.03
715.25     0.028
715.5     0.028
715.75     0.028
716.0     0.028
716.25     0.028
716.5     0.028
716.75     0.028
717.0     0.028
717.25     0.028
717.5     0.028
717.75     0.028
718.0     0.028
718.25     0.028
718.5     0.026
718.75     0.026
719.0     0.022
719.25     0.022
719.5     0.022
719.75     0.022
720.0     0.022
720.25     0.022
720.5     0.022
720.75     0.022
721.0     0.022
721.25     0.022
721.5     0.022
721.75     0.022
722.0     0.022
722.25     0.022
722.5     0.022
722.75     0.022
723.0     0.022
723.25     0.022
723.5     0.022
723.75     0.022
724.0     0.022
724.25     0.022
724.5     0.022
724.75     0.022
725.0     0.022
725.25     0.022
725.5     0.022
725.75     0.022
726.0     0.022
726.25     0.022
726.5     0.022
726.75     0.022
727.0     0.022
727.25     0.022
727.5     0.022
727.75     0.022
728.0     0.022
728.25     0.022
728.5     0.02
728.75     0.02
729.0     0.02
729.25     0.02
729.5     0.02
729.75     0.02
730.0     0.022
730.25     0.022
730.5     0.022
730.75     0.022
731.0     0.022
731.25     0.022
731.5     0.022
731.75     0.022
732.0     0.022
732.25     0.022
732.5     0.022
732.75     0.022
733.0     0.022
733.25     0.022
733.5     0.022
733.75     0.022
734.0     0.022
734.25     0.022
734.5     0.022
734.75     0.022
735.0     0.022
735.25     0.022
735.5     0.022
735.75     0.022
736.0     0.022
736.25     0.022
736.5     0.022
736.75     0.022
737.0     0.022
737.25     0.022
737.5     0.022
737.75     0.022
738.0     0.022
738.25     0.022
738.5     0.022
738.75     0.022
739.0     0.022
739.25     0.022
739.5     0.022
739.75     0.022
740.0     0.022
740.25     0.022
740.5     0.022
740.75     0.022
741.0     0.022
741.25     0.022
741.5     0.022
741.75     0.022
742.0     0.022
742.25     0.022
742.5     0.022
742.75     0.022
743.0     0.022
743.25     0.022
743.5     0.022
743.75     0.022
744.0     0.022
744.25     0.022
744.5     0.022
744.75     0.022
745.0     0.022
745.25     0.022
745.5     0.022
745.75     0.022
746.0     0.022
746.25     0.022
746.5     0.022
746.75     0.022
747.0     0.022
747.25     0.022
747.5     0.02
747.75     0.02
748.0     0.02
748.25     0.02
748.5     0.02
748.75     0.02
749.0     0.02
749.25     0.02
749.5     0.02
749.75     0.02
750.0     0.02
750.25     0.02
750.5     0.02
750.75     0.02
751.0     0.02
751.25     0.02
751.5     0.018
751.75     0.018
752.0     0.018
752.25     0.018
752.5     0.018
752.75     0.018
753.0     0.018
753.25     0.016
753.5     0.016
753.75     0.016
754.0     0.016
754.25     0.016
754.5     0.016
754.75     0.016
755.0     0.016
755.25     0.016
755.5     0.016
755.75     0.016
756.0     0.018
756.25     0.018
756.5     0.018
756.75     0.018
757.0     0.018
757.25     0.018
757.5     0.018
757.75     0.018
758.0     0.018
758.25     0.018
758.5     0.018
758.75     0.018
759.0     0.018
759.25     0.018
759.5     0.018
759.75     0.018
760.0     0.018
760.25     0.018
760.5     0.018
760.75     0.018
761.0     0.018
761.25     0.018
761.5     0.018
761.75     0.018
762.0     0.018
762.25     0.018
762.5     0.018
762.75     0.018
763.0     0.018
763.25     0.018
763.5     0.018
763.75     0.018
764.0     0.018
764.25     0.018
764.5     0.018
764.75     0.018
765.0     0.018
765.25     0.018
765.5     0.018
765.75     0.018
766.0     0.018
766.25     0.018
766.5     0.018
766.75     0.018
767.0     0.018
767.25     0.018
767.5     0.018
767.75     0.018
768.0     0.018
768.25     0.018
768.5     0.018
768.75     0.018
769.0     0.018
769.25     0.018
769.5     0.018
769.75     0.018
770.0     0.018
770.25     0.016
770.5     0.014
770.75     0.016
771.0     0.016
771.25     0.016
771.5     0.016
771.75     0.016
772.0     0.016
772.25     0.016
772.5     0.016
772.75     0.016
773.0     0.016
773.25     0.016
773.5     0.016
773.75     0.016
774.0     0.016
774.25     0.016
774.5     0.016
774.75     0.016
775.0     0.016
775.25     0.016
775.5     0.016
775.75     0.016
776.0     0.016
776.25     0.016
776.5     0.016
776.75     0.016
777.0     0.016
777.25     0.016
777.5     0.016
777.75     0.016
778.0     0.016
778.25     0.016
778.5     0.016
778.75     0.016
779.0     0.016
779.25     0.016
779.5     0.016
779.75     0.016
780.0     0.016
780.25     0.016
780.5     0.016
780.75     0.016
781.0     0.016
781.25     0.016
781.5     0.014
781.75     0.012
782.0     0.012
782.25     0.012
782.5     0.012
782.75     0.012
783.0     0.012
783.25     0.012
783.5     0.012
783.75     0.012
784.0     0.012
784.25     0.012
784.5     0.012
784.75     0.012
785.0     0.012
785.25     0.012
785.5     0.012
785.75     0.012
786.0     0.012
786.25     0.012
786.5     0.012
786.75     0.012
787.0     0.012
787.25     0.012
787.5     0.012
787.75     0.012
788.0     0.012
788.25     0.012
788.5     0.012
788.75     0.012
789.0     0.012
789.25     0.012
789.5     0.012
789.75     0.01
790.0     0.01
790.25     0.01
790.5     0.01
790.75     0.01
791.0     0.01
791.25     0.01
791.5     0.01
791.75     0.01
792.0     0.01
792.25     0.01
792.5     0.01
792.75     0.01
793.0     0.01
793.25     0.01
793.5     0.01
793.75     0.01
794.0     0.01
794.25     0.01
794.5     0.01
794.75     0.01
795.0     0.01
795.25     0.01
795.5     0.01
795.75     0.01
796.0     0.01
796.25     0.01
796.5     0.01
796.75     0.01
797.0     0.01
797.25     0.01
797.5     0.01
797.75     0.01
798.0     0.01
798.25     0.01
798.5     0.01
798.75     0.01
799.0     0.01
799.25     0.01
799.5     0.01
799.75     0.01
800.0     0.01
800.25     0.01
800.5     0.01
800.75     0.01
801.0     0.01
801.25     0.01
801.5     0.01
801.75     0.01
802.0     0.01
802.25     0.01
802.5     0.01
802.75     0.01
803.0     0.01
803.25     0.01
803.5     0.01
803.75     0.01
804.0     0.01
804.25     0.01
804.5     0.01
804.75     0.01
805.0     0.01
805.25     0.01
805.5     0.01
805.75     0.01
806.0     0.01
806.25     0.01
806.5     0.01
806.75     0.01
807.0     0.01
807.25     0.01
807.5     0.01
807.75     0.01
808.0     0.01
808.25     0.01
808.5     0.01
808.75     0.01
809.0     0.01
809.25     0.01
809.5     0.01
809.75     0.01
810.0     0.01
810.25     0.01
810.5     0.01
810.75     0.01
811.0     0.01
811.25     0.01
811.5     0.01
811.75     0.01
812.0     0.01
812.25     0.008
812.5     0.008
812.75     0.008
813.0     0.008
813.25     0.008
813.5     0.008
813.75     0.008
814.0     0.008
814.25     0.008
814.5     0.008
814.75     0.008
815.0     0.008
815.25     0.008
815.5     0.008
815.75     0.008
816.0     0.008
816.25     0.008
816.5     0.008
816.75     0.008
817.0     0.008
817.25     0.008
817.5     0.008
817.75     0.008
818.0     0.008
818.25     0.008
818.5     0.008
818.75     0.008
819.0     0.008
819.25     0.008
819.5     0.008
819.75     0.008
820.0     0.008
820.25     0.008
820.5     0.008
820.75     0.008
821.0     0.008
821.25     0.008
821.5     0.008
821.75     0.008
822.0     0.008
822.25     0.008
822.5     0.008
822.75     0.008
823.0     0.008
823.25     0.008
823.5     0.008
823.75     0.008
824.0     0.008
824.25     0.008
824.5     0.008
824.75     0.008
825.0     0.008
825.25     0.008
825.5     0.008
825.75     0.008
826.0     0.008
826.25     0.008
826.5     0.008
826.75     0.008
827.0     0.008
827.25     0.008
827.5     0.008
827.75     0.008
828.0     0.008
828.25     0.008
828.5     0.008
828.75     0.008
829.0     0.008
829.25     0.008
829.5     0.008
829.75     0.008
830.0     0.008
830.25     0.008
830.5     0.008
830.75     0.008
831.0     0.008
831.25     0.008
831.5     0.008
831.75     0.008
832.0     0.008
832.25     0.008
832.5     0.008
832.75     0.008
833.0     0.008
833.25     0.01
833.5     0.01
833.75     0.01
834.0     0.01
834.25     0.01
834.5     0.01
834.75     0.01
835.0     0.01
835.25     0.01
835.5     0.01
835.75     0.01
836.0     0.01
836.25     0.01
836.5     0.01
836.75     0.01
837.0     0.01
837.25     0.01
837.5     0.01
837.75     0.008
838.0     0.008
838.25     0.008
838.5     0.008
838.75     0.008
839.0     0.008
839.25     0.008
839.5     0.008
839.75     0.008
840.0     0.008
840.25     0.006
840.5     0.006
840.75     0.006
841.0     0.006
841.25     0.006
841.5     0.006
841.75     0.006
842.0     0.006
842.25     0.006
842.5     0.006
842.75     0.006
843.0     0.006
843.25     0.006
843.5     0.006
843.75     0.006
844.0     0.006
844.25     0.006
844.5     0.006
844.75     0.006
845.0     0.006
845.25     0.006
845.5     0.006
845.75     0.006
846.0     0.006
846.25     0.006
846.5     0.006
846.75     0.006
847.0     0.006
847.25     0.006
847.5     0.006
847.75     0.006
848.0     0.006
848.25     0.006
848.5     0.006
848.75     0.006
849.0     0.006
849.25     0.006
849.5     0.006
849.75     0.006
850.0     0.006
850.25     0.006
850.5     0.006
850.75     0.006
851.0     0.006
851.25     0.006
851.5     0.006
851.75     0.006
852.0     0.006
852.25     0.006
852.5     0.006
852.75     0.006
853.0     0.006
853.25     0.006
853.5     0.006
853.75     0.006
854.0     0.006
854.25     0.006
854.5     0.006
854.75     0.006
855.0     0.006
855.25     0.006
855.5     0.006
855.75     0.006
856.0     0.006
856.25     0.006
856.5     0.006
856.75     0.006
857.0     0.006
857.25     0.006
857.5     0.006
857.75     0.006
858.0     0.006
858.25     0.006
858.5     0.006
858.75     0.006
859.0     0.006
859.25     0.006
859.5     0.006
859.75     0.006
860.0     0.006
860.25     0.006
860.5     0.006
860.75     0.004
861.0     0.004
861.25     0.004
861.5     0.004
861.75     0.004
862.0     0.004
862.25     0.004
862.5     0.004
862.75     0.004
863.0     0.004
863.25     0.004
863.5     0.004
863.75     0.004
864.0     0.004
864.25     0.004
864.5     0.004
864.75     0.004
865.0     0.004
865.25     0.004
865.5     0.004
865.75     0.004
866.0     0.004
866.25     0.004
866.5     0.004
866.75     0.004
867.0     0.004
867.25     0.004
867.5     0.004
867.75     0.004
868.0     0.004
868.25     0.004
868.5     0.004
868.75     0.004
869.0     0.004
869.25     0.004
869.5     0.004
869.75     0.004
870.0     0.004
870.25     0.004
870.5     0.004
870.75     0.004
871.0     0.004
871.25     0.004
871.5     0.004
871.75     0.004
872.0     0.004
872.25     0.004
872.5     0.004
872.75     0.004
873.0     0.004
873.25     0.004
873.5     0.004
873.75     0.004
874.0     0.004
874.25     0.004
874.5     0.004
874.75     0.004
875.0     0.004
875.25     0.004
875.5     0.004
875.75     0.004
876.0     0.004
876.25     0.004
876.5     0.004
876.75     0.004
877.0     0.004
877.25     0.004
877.5     0.004
877.75     0.004
878.0     0.004
878.25     0.004
878.5     0.004
878.75     0.004
879.0     0.004
879.25     0.004
879.5     0.004
879.75     0.004
880.0     0.004
880.25     0.004
880.5     0.004
880.75     0.004
881.0     0.004
881.25     0.004
881.5     0.004
881.75     0.004
882.0     0.004
882.25     0.004
882.5     0.004
882.75     0.004
883.0     0.004
883.25     0.004
883.5     0.004
883.75     0.004
884.0     0.004
884.25     0.004
884.5     0.004
884.75     0.004
885.0     0.004
885.25     0.004
885.5     0.004
885.75     0.004
886.0     0.004
886.25     0.004
886.5     0.004
886.75     0.004
887.0     0.004
887.25     0.004
887.5     0.004
887.75     0.004
888.0     0.004
888.25     0.004
888.5     0.004
888.75     0.004
889.0     0.004
889.25     0.004
889.5     0.004
889.75     0.004
890.0     0.004
890.25     0.004
890.5     0.004
890.75     0.004
891.0     0.004
891.25     0.004
891.5     0.004
891.75     0.004
892.0     0.004
892.25     0.004
892.5     0.004
892.75     0.004
893.0     0.004
893.25     0.004
893.5     0.004
893.75     0.004
894.0     0.004
894.25     0.004
894.5     0.004
894.75     0.004
895.0     0.004
895.25     0.004
895.5     0.004
895.75     0.004
896.0     0.004
896.25     0.004
896.5     0.004
896.75     0.004
897.0     0.004
897.25     0.004
897.5     0.004
897.75     0.004
898.0     0.004
898.25     0.004
898.5     0.004
898.75     0.004
899.0     0.004
899.25     0.004
899.5     0.004
899.75     0.004
900.0     0.004
900.25     0.004
900.5     0.004
900.75     0.004
901.0     0.004
901.25     0.004
901.5     0.004
901.75     0.004
902.0     0.004
902.25     0.004
902.5     0.004
902.75     0.004
903.0     0.004
903.25     0.004
903.5     0.004
903.75     0.004
904.0     0.004
904.25     0.004
904.5     0.004
904.75     0.004
905.0     0.004
905.25     0.004
905.5     0.004
905.75     0.004
906.0     0.004
906.25     0.004
906.5     0.004
906.75     0.004
907.0     0.004
907.25     0.004
907.5     0.004
907.75     0.004
908.0     0.004
908.25     0.004
908.5     0.004
908.75     0.004
909.0     0.004
909.25     0.004
909.5     0.004
909.75     0.004
910.0     0.004
910.25     0.004
910.5     0.004
910.75     0.004
911.0     0.004
911.25     0.004
911.5     0.004
911.75     0.004
912.0     0.004
912.25     0.004
912.5     0.004
912.75     0.004
913.0     0.004
913.25     0.004
913.5     0.004
913.75     0.004
914.0     0.004
914.25     0.004
914.5     0.004
914.75     0.004
915.0     0.004
915.25     0.004
915.5     0.004
915.75     0.004
916.0     0.004
916.25     0.004
916.5     0.004
916.75     0.004
917.0     0.004
917.25     0.004
917.5     0.004
917.75     0.004
918.0     0.004
918.25     0.004
918.5     0.004
918.75     0.004
919.0     0.004
919.25     0.004
919.5     0.004
919.75     0.004
920.0     0.004
920.25     0.004
920.5     0.004
920.75     0.004
921.0     0.004
921.25     0.004
921.5     0.004
921.75     0.004
922.0     0.004
922.25     0.004
922.5     0.004
922.75     0.004
923.0     0.004
923.25     0.004
923.5     0.004
923.75     0.004
924.0     0.004
924.25     0.004
924.5     0.004
924.75     0.004
925.0     0.004
925.25     0.004
925.5     0.004
925.75     0.004
926.0     0.004
926.25     0.004
926.5     0.004
926.75     0.004
927.0     0.004
927.25     0.004
927.5     0.004
927.75     0.004
928.0     0.004
928.25     0.004
928.5     0.004
928.75     0.004
929.0     0.004
929.25     0.004
929.5     0.004
929.75     0.004
930.0     0.004
930.25     0.004
930.5     0.004
930.75     0.004
931.0     0.004
931.25     0.004
931.5     0.004
931.75     0.004
932.0     0.004
932.25     0.004
932.5     0.004
932.75     0.004
933.0     0.004
933.25     0.004
933.5     0.004
933.75     0.004
934.0     0.004
934.25     0.004
934.5     0.004
934.75     0.004
935.0     0.004
935.25     0.004
935.5     0.004
935.75     0.004
936.0     0.002
936.25     0.002
936.5     0.002
936.75     0.002
937.0     0.002
937.25     0.002
937.5     0.002
937.75     0.002
938.0     0.002
938.25     0.002
938.5     0.002
938.75     0.002
939.0     0.002
939.25     0.002
939.5     0.002
939.75     0.002
940.0     0.002
940.25     0.002
940.5     0.002
940.75     0.002
941.0     0.002
941.25     0.002
941.5     0.002
941.75     0.002
942.0     0.002
942.25     0.002
942.5     0.002
942.75     0.002
943.0     0.002
943.25     0.002
943.5     0.002
943.75     0.002
944.0     0.002
944.25     0.002
944.5     0.002
944.75     0.002
945.0     0.002
945.25     0.002
945.5     0.002
945.75     0.002
946.0     0.002
946.25     0.002
946.5     0.002
946.75     0.002
947.0     0.002
947.25     0.002
947.5     0.002
947.75     0.002
948.0     0.002
948.25     0.002
948.5     0.002
948.75     0.002
949.0     0.002
949.25     0.002
949.5     0.002
949.75     0.002
950.0     0.002
950.25     0.002
950.5     0.002
950.75     0.002
951.0     0.002
951.25     0.002
951.5     0.002
951.75     0.002
952.0     0.002
952.25     0.002
952.5     0.002
952.75     0.002
953.0     0.002
953.25     0.002
953.5     0.002
953.75     0.002
954.0     0.002
954.25     0.002
954.5     0.002
954.75     0.002
955.0     0.002
955.25     0.002
955.5     0.002
955.75     0.002
956.0     0.002
956.25     0.002
956.5     0.002
956.75     0.002
957.0     0.002
957.25     0.002
957.5     0.002
957.75     0.002
958.0     0.002
958.25     0.002
958.5     0.002
958.75     0.002
959.0     0.002
959.25     0.002
959.5     0.002
959.75     0.002
960.0     0.002
960.25     0.002
960.5     0.002
960.75     0.002
961.0     0.002
961.25     0.002
961.5     0.002
961.75     0.002
962.0     0.002
962.25     0.002
962.5     0.002
962.75     0.002
963.0     0.002
963.25     0.002
963.5     0.002
963.75     0.002
964.0     0.002
964.25     0.002
964.5     0.002
964.75     0.002
965.0     0.002
965.25     0.002
965.5     0.002
965.75     0.002
966.0     0.002
966.25     0.002
966.5     0.002
966.75     0.002
967.0     0.002
967.25     0.002
967.5     0.002
967.75     0.002
968.0     0.002
968.25     0.002
968.5     0.002
968.75     0.002
969.0     0.002
969.25     0.002
969.5     0.002
969.75     0.002
970.0     0.002
970.25     0.002
970.5     0.002
970.75     0.002
971.0     0.002
971.25     0.002
971.5     0.002
971.75     0.002
972.0     0.002
972.25     0.002
972.5     0.002
972.75     0.002
973.0     0.002
973.25     0.002
973.5     0.002
973.75     0.002
974.0     0.002
974.25     0.002
974.5     0.002
974.75     0.002
975.0     0.002
975.25     0.002
975.5     0.002
975.75     0.002
976.0     0.002
976.25     0.002
976.5     0.002
976.75     0.002
977.0     0.002
977.25     0.002
977.5     0.002
977.75     0.002
978.0     0.002
978.25     0.002
978.5     0.002
978.75     0.002
979.0     0.002
979.25     0.002
979.5     0.002
979.75     0.002
980.0     0.002
980.25     0.002
980.5     0.002
980.75     0.002
981.0     0.002
981.25     0.002
981.5     0.002
981.75     0.002
982.0     0.002
982.25     0.002
982.5     0.002
982.75     0.002
983.0     0.002
983.25     0.002
983.5     0.002
983.75     0.002
984.0     0.002
984.25     0.002
984.5     0.002
984.75     0.002
985.0     0.002
985.25     0.002
985.5     0.002
985.75     0.002
986.0     0.002
986.25     0.002
986.5     0.002
986.75     0.002
987.0     0.002
987.25     0.002
987.5     0.002
987.75     0.002
988.0     0.002
988.25     0.002
988.5     0.002
988.75     0.002
989.0     0.002
989.25     0.002
989.5     0.002
989.75     0.002
990.0     0.002
990.25     0.004
990.5     0.004
990.75     0.004
991.0     0.004
991.25     0.004
991.5     0.004
991.75     0.004
992.0     0.004
992.25     0.004
992.5     0.004
992.75     0.004
993.0     0.004
993.25     0.004
993.5     0.004
993.75     0.004
994.0     0.004
994.25     0.004
994.5     0.004
994.75     0.004
995.0     0.004
995.25     0.004
995.5     0.004
995.75     0.004
996.0     0.004
996.25     0.004
996.5     0.004
996.75     0.004
997.0     0.004
997.25     0.004
997.5     0.004
997.75     0.004
998.0     0.004
998.25     0.004
998.5     0.004
998.75     0.004
999.0     0.004
999.25     0.004
999.5     0.004
999.75     0.004
1000.0     0.004
