  5.0    96.93565
  8.0    94.01242
 28.0   107.43166
 35.0    19.60656
 36.0    98.35461
 42.0    97.07308
 76.0    75.58404
 86.0    80.63202
 88.0    96.60155
101.0    96.81124
103.0    90.71768
106.0   101.57771
111.0    85.88675
112.0    94.18245
116.0    98.26780
120.0    91.50597
129.0    95.88887
132.0    80.81201
145.0    87.84730
151.0    93.10574
155.0    96.35441
159.0    95.80914
163.0    95.13451
165.0    98.98319
167.0    84.40012
181.0    89.39079
183.0    95.63761
185.0    91.98934
188.0    99.31454
194.0    90.36319
204.0    95.86007
207.0    95.52510
218.0    87.55207
221.0   101.06975
226.0   101.11258
228.0    93.07166
230.0    93.89143
245.0    96.19058
252.0    91.05578
256.0    97.72213
258.0    94.54288
261.0    96.54845
268.0   115.40546
269.0    85.60300
287.0   107.95145
295.0    86.70614
297.0    89.56495
305.0    88.04316
314.0    96.22929
336.0    96.33362
356.0    96.02149
360.0    85.58709
362.0    97.28084
365.0    97.00492
368.0    85.17174
377.0    95.79671
385.0    91.44166
406.0    96.55457
424.0    93.60001
436.0    93.63775
445.0    97.14397
448.0    97.13302
453.0    85.21338
466.0    97.24181
467.0    95.53873
472.0    93.02278
473.0    94.82274
479.0    92.68143
495.0    95.94791
