  5.0   797.25000
  8.0   433.50000
 28.0   253.25000
 35.0   707.50000
 36.0   543.00000
 42.0   421.00000
 76.0   540.50000
 86.0   812.75000
 88.0   313.25000
101.0   411.75000
103.0   920.25000
106.0   461.75000
111.0   397.50000
112.0   355.75000
116.0   433.25000
120.0   371.25000
129.0   824.00000
132.0   984.00000
145.0   458.00000
151.0   544.50000
155.0   447.25000
159.0   707.75000
163.0   547.25000
165.0   276.50000
167.0   303.25000
181.0   317.50000
183.0   468.50000
185.0   490.25000
188.0   372.75000
194.0   387.00000
204.0   503.25000
207.0   587.25000
218.0   301.50000
221.0   538.50000
226.0   480.75000
228.0   354.25000
230.0   649.00000
245.0   390.75000
252.0   364.25000
256.0   336.50000
258.0   512.00000
261.0   679.50000
268.0   684.50000
269.0   427.25000
287.0   755.75000
295.0   862.75000
297.0   636.25000
305.0   528.75000
314.0   351.75000
336.0   851.00000
356.0   268.75000
360.0   503.75000
362.0   375.75000
365.0   322.50000
368.0   471.25000
377.0   913.75000
385.0   347.25000
406.0   812.50000
424.0   468.00000
436.0   311.25000
445.0   958.00000
448.0   265.50000
453.0   681.75000
466.0   650.75000
467.0   417.00000
472.0   434.00000
473.0   411.25000
479.0   492.00000
495.0   448.25000
