  1.0   325.75000
  2.0   887.50000
  3.0   578.00000
  4.0   433.75000
  6.0   357.50000
  7.0   344.00000
  9.0   517.75000
 10.0   225.75000
 11.0   439.75000
 12.0   235.50000
 13.0     0.00000
 14.0   268.75000
 15.0   356.25000
 16.0   401.75000
 17.0   491.00000
 18.0   917.75000
 19.0   306.50000
 20.0   527.75000
 21.0   645.25000
 22.0     0.00000
 23.0   378.50000
 24.0   664.00000
 25.0   380.75000
 26.0   964.75000
 27.0     0.00000
 29.0   971.00000
 30.0   607.50000
 31.0   176.25000
 32.0   377.25000
 33.0   317.75000
 34.0   548.25000
 37.0   351.25000
 38.0   577.25000
 39.0   345.00000
 40.0   406.75000
 41.0   647.75000
 43.0   511.75000
 44.0   389.00000
 45.0   274.00000
 46.0   704.75000
 47.0   386.75000
 48.0   642.75000
 49.0    70.00000
 50.0   486.00000
 51.0   411.50000
 52.0   365.25000
 53.0   544.25000
 54.0   460.00000
 55.0   482.50000
 56.0   391.25000
 57.0   281.25000
 58.0   329.00000
 59.0   762.75000
 60.0   498.50000
 61.0   474.75000
 62.0   413.00000
 63.0   322.00000
 64.0   750.25000
 65.0   443.25000
 66.0   608.25000
 67.0   914.25000
 68.0   562.25000
 69.0   562.25000
 70.0   711.00000
 71.0   723.50000
 72.0   525.00000
 73.0   328.75000
 74.0   385.50000
 75.0   424.00000
 77.0   683.25000
 78.0   643.00000
 79.0   193.00000
 80.0   429.00000
 81.0   834.25000
 82.0   320.50000
 83.0   471.75000
 84.0   446.50000
 85.0   816.50000
 87.0   747.50000
 89.0   323.25000
 90.0   624.50000
 91.0   383.00000
 92.0   550.50000
 93.0   311.75000
 94.0   309.75000
 95.0   906.00000
 96.0   805.25000
 97.0   389.50000
 98.0   849.75000
 99.0   987.00000
100.0   545.75000
102.0   683.00000
104.0     0.00000
105.0   994.00000
107.0     0.00000
108.0   212.50000
109.0   324.50000
110.0   455.75000
113.0   378.50000
114.0   265.75000
115.0   450.50000
117.0   435.75000
118.0   661.50000
119.0   575.75000
121.0   266.25000
122.0   394.00000
123.0   681.75000
124.0   269.75000
125.0   609.00000
126.0   214.50000
127.0   452.75000
128.0   674.50000
130.0   328.50000
131.0   331.75000
133.0   317.25000
134.0   406.00000
135.0   571.00000
136.0   561.75000
137.0   334.50000
138.0   543.50000
139.0     0.00000
140.0    59.75000
141.0   885.00000
142.0   359.25000
143.0   981.25000
144.0     0.00000
146.0   467.25000
147.0   503.00000
148.0   397.50000
149.0   364.00000
150.0   409.75000
152.0   711.50000
153.0   607.00000
154.0   509.25000
156.0   812.00000
157.0   907.00000
158.0   875.25000
160.0   304.25000
161.0   811.50000
162.0   911.00000
164.0   334.50000
166.0   445.50000
168.0   589.00000
169.0   530.25000
170.0   305.25000
171.0   440.00000
172.0   270.50000
173.0   463.75000
174.0   457.50000
175.0   374.25000
176.0   197.75000
177.0   858.75000
178.0   925.50000
179.0   291.25000
180.0   301.00000
182.0     0.00000
184.0   596.00000
186.0   191.50000
187.0   297.50000
189.0   728.00000
190.0   360.25000
191.0   197.75000
192.0   706.25000
193.0   806.00000
195.0   776.25000
196.0   443.50000
197.0   434.75000
198.0   268.25000
199.0   396.00000
200.0   404.50000
201.0   631.50000
202.0   336.00000
203.0   242.75000
205.0   563.75000
206.0   442.50000
208.0   372.50000
209.0   234.50000
210.0   507.75000
211.0   739.00000
212.0   302.50000
213.0   624.50000
214.0   641.75000
215.0   673.75000
216.0   415.00000
217.0   489.00000
219.0   377.00000
220.0   976.50000
222.0   868.25000
223.0   664.00000
224.0   309.75000
225.0   386.25000
227.0   274.00000
229.0   735.75000
231.0   522.25000
232.0   281.25000
233.0   216.50000
234.0   661.25000
235.0   891.75000
236.0   664.25000
237.0   395.00000
238.0   877.00000
239.0   276.75000
240.0   192.75000
241.0   226.25000
242.0   564.25000
243.0   217.50000
244.0   669.75000
246.0   305.00000
247.0   426.75000
248.0   668.00000
249.0   426.00000
250.0     0.00000
251.0   433.75000
253.0   440.00000
254.0   458.25000
255.0   437.50000
257.0   859.25000
259.0   310.00000
260.0   583.50000
262.0   260.50000
263.0   972.00000
264.0   484.75000
265.0   819.25000
266.0   312.50000
267.0   252.50000
270.0   516.75000
271.0   864.75000
272.0   558.00000
273.0   344.25000
274.0   536.75000
275.0   672.75000
276.0   498.75000
277.0   947.25000
278.0   478.00000
279.0   565.25000
280.0   699.75000
281.0   263.00000
282.0   276.00000
283.0   631.25000
284.0   371.25000
285.0   491.25000
286.0   474.25000
288.0   285.75000
289.0   231.00000
290.0   381.50000
291.0   301.75000
292.0   333.75000
293.0   492.00000
294.0   395.50000
296.0   673.25000
298.0   389.50000
299.0   560.75000
300.0   169.75000
301.0   183.75000
302.0   755.25000
303.0   371.25000
304.0   752.50000
306.0   719.25000
307.0   487.50000
308.0   485.75000
309.0   695.50000
310.0   250.75000
311.0   270.75000
312.0   231.75000
313.0   429.75000
315.0     0.00000
316.0   528.75000
317.0   429.25000
318.0   500.75000
319.0   503.50000
320.0   846.50000
321.0   466.00000
322.0   327.50000
323.0   268.00000
324.0   433.25000
325.0   596.75000
326.0   370.75000
327.0   708.00000
328.0   308.75000
329.0   458.50000
330.0   422.25000
331.0   852.00000
332.0   599.00000
333.0   426.75000
334.0   460.00000
335.0   725.25000
337.0   540.00000
338.0   384.00000
339.0   436.00000
340.0     0.00000
341.0   337.00000
342.0   369.75000
343.0   525.25000
344.0     0.00000
345.0   646.50000
346.0   422.25000
347.0   720.25000
348.0     0.00000
349.0   334.25000
350.0   571.75000
351.0   833.00000
352.0   827.00000
353.0   603.00000
354.0   291.75000
355.0   281.00000
357.0   643.25000
358.0   470.50000
359.0   455.00000
361.0   347.25000
363.0   461.25000
364.0   401.00000
366.0   820.50000
367.0   665.25000
369.0   475.25000
370.0   705.50000
371.0   596.75000
372.0   318.00000
373.0   574.50000
374.0   425.50000
375.0   274.50000
376.0   985.00000
378.0   317.25000
379.0   382.25000
380.0   547.00000
381.0   573.00000
382.0   191.75000
383.0   506.75000
384.0   238.75000
386.0   465.00000
387.0   388.00000
388.0   815.50000
389.0   297.75000
390.0   464.25000
391.0   448.25000
392.0   666.75000
393.0   455.75000
394.0   433.75000
395.0   435.25000
396.0   695.25000
397.0   304.75000
398.0   506.00000
399.0   385.50000
400.0   428.25000
401.0   420.75000
402.0   220.50000
403.0   783.25000
404.0   503.00000
405.0   247.00000
407.0   801.00000
408.0   803.50000
409.0   438.50000
410.0   213.25000
411.0   574.50000
412.0   352.50000
413.0   507.00000
414.0   788.75000
415.0   773.50000
416.0   791.50000
417.0   395.75000
418.0   483.75000
419.0   489.25000
420.0   433.00000
421.0   283.00000
422.0   827.25000
423.0   643.50000
425.0   556.25000
426.0   410.75000
427.0   322.50000
428.0   455.00000
429.0   520.00000
430.0   325.50000
431.0   533.75000
432.0   350.75000
433.0   210.00000
434.0   431.25000
435.0     0.00000
437.0   421.50000
438.0   449.25000
439.0   624.75000
440.0   454.50000
441.0   576.00000
442.0   348.25000
443.0   361.00000
444.0   778.75000
446.0   905.25000
447.0   286.50000
449.0   321.00000
450.0   602.00000
451.0   627.25000
452.0   294.75000
454.0   327.75000
455.0   910.75000
456.0   344.50000
457.0   675.25000
458.0   225.75000
459.0     0.00000
460.0   558.75000
461.0   358.75000
462.0   495.75000
463.0   452.50000
464.0   488.00000
465.0   503.50000
468.0   581.00000
469.0   372.00000
470.0   205.50000
471.0   505.50000
474.0   461.75000
475.0   326.00000
476.0   357.00000
477.0   324.50000
478.0   657.25000
480.0   474.50000
481.0   389.75000
482.0   440.00000
483.0   694.25000
484.0   378.25000
485.0   727.75000
486.0   858.75000
487.0   288.75000
488.0   870.50000
489.0   910.25000
490.0   601.75000
491.0   336.25000
492.0   333.00000
493.0   764.50000
494.0   373.00000
496.0   177.00000
497.0   369.50000
498.0   718.50000
499.0   363.00000
500.0   576.50000
