  1.0   101.13940
  2.0   100.34405
  3.0   114.20738
  4.0    98.76546
  6.0   121.17075
  7.0   125.25437
  9.0   113.45448
 10.0   110.49069
 11.0   101.53939
 12.0   129.16899
 13.0   120.72055
 14.0   107.93200
 15.0   160.87906
 16.0   110.19638
 17.0   133.20197
 18.0   113.31345
 19.0    94.83975
 20.0   103.81581
 21.0   107.66757
 22.0   103.45864
 23.0   101.40656
 24.0    96.97625
 25.0   106.14633
 26.0   100.99621
 27.0    83.83099
 29.0   112.56211
 30.0   103.21757
 31.0   122.66234
 32.0   112.48210
 33.0   120.66333
 34.0   104.02477
 37.0    98.89412
 38.0   124.31374
 39.0   112.84334
 40.0   149.00466
 41.0   110.38894
 43.0   136.45649
 44.0   118.94714
 45.0   104.20115
 46.0   107.16262
 47.0   106.94663
 48.0   106.47268
 49.0   134.54441
 50.0   106.44649
 51.0   101.16164
 52.0   102.81482
 53.0    94.53998
 54.0   100.37462
 55.0   100.26640
 56.0   110.05394
 57.0   104.81724
 58.0   108.16011
 59.0    97.83377
 60.0   114.50108
 61.0   105.41189
 62.0   112.44916
 63.0   120.01509
 64.0   105.97194
 65.0   129.03375
 66.0   112.15755
 67.0   105.54894
 68.0   105.55110
 69.0   102.94679
 70.0   103.66034
 71.0   139.20085
 72.0   102.45459
 73.0   101.45396
 74.0   107.33185
 75.0   113.76508
 77.0   106.98971
 78.0   103.26400
 79.0   128.33760
 80.0   104.18664
 81.0   101.37309
 82.0   118.06376
 83.0   111.91213
 84.0   116.05312
 85.0   108.44079
 87.0   104.89803
 89.0   105.32380
 90.0   108.36605
 91.0    97.94748
 92.0    82.50816
 93.0   108.69080
 94.0    97.92201
 95.0   109.39635
 96.0   117.34946
 97.0    97.27635
 98.0   112.88972
 99.0   150.65667
100.0   116.76367
102.0   132.22917
104.0   139.68125
105.0   105.25824
107.0   127.49096
108.0   112.59958
109.0   105.97512
110.0   131.41674
113.0    98.03975
114.0    98.17396
115.0   112.28291
117.0   109.80009
118.0   113.25469
119.0   107.44676
121.0   104.60158
122.0    98.05650
123.0    95.94907
124.0   109.85711
125.0   120.94702
126.0   110.14349
127.0    98.69598
128.0   117.65502
130.0   121.52459
131.0   115.18266
133.0   108.27724
134.0   121.76068
135.0   118.18857
136.0   112.31547
137.0   119.01926
138.0   114.24891
139.0   149.06032
140.0   151.52625
141.0   109.87399
142.0   109.30998
143.0   177.41899
144.0   126.45289
146.0    97.89805
147.0   104.16134
148.0   123.02118
149.0   131.29907
150.0   117.22747
152.0   116.61773
153.0   114.24735
154.0   104.96579
156.0    92.53693
157.0   123.28170
158.0   120.54047
160.0    98.31981
161.0   109.82732
162.0    92.87568
164.0   109.14044
166.0   101.07713
168.0   135.56912
169.0   112.66567
170.0   118.57392
171.0   110.47989
172.0   128.73127
173.0   105.43656
174.0   109.35815
175.0    96.66480
176.0   110.35588
177.0   113.23070
178.0   148.12195
179.0   115.13528
180.0   128.20462
182.0   139.65795
184.0   134.15051
186.0   130.87132
187.0   116.14221
189.0   126.50865
190.0    99.13858
191.0   129.20747
192.0   109.18516
193.0   117.15317
195.0   115.12555
196.0   108.83244
197.0   107.82465
198.0   101.41468
199.0   102.20837
200.0   101.98581
201.0   100.26616
202.0   111.45043
203.0   123.96733
205.0   119.10447
206.0   110.66282
208.0   100.90121
209.0   118.82452
210.0   105.85322
211.0   114.74634
212.0   123.54477
213.0   111.81983
214.0   106.30323
215.0   128.73408
216.0   106.68490
217.0   124.13569
219.0   110.11366
220.0   112.37986
222.0   115.81027
223.0   131.77295
224.0   107.09992
225.0   134.59167
227.0   126.52697
229.0   114.47421
231.0   102.68688
232.0   108.06254
233.0   112.51188
234.0   106.73778
235.0   103.58458
236.0   110.57327
237.0    95.41896
238.0    98.77400
239.0   111.66253
240.0   110.24984
241.0   109.47022
242.0   121.20550
243.0   114.08547
244.0   120.39944
246.0    99.41608
247.0   118.87048
248.0   124.52904
249.0   104.59357
250.0   116.59339
251.0   106.60713
253.0   123.41833
254.0   113.66807
255.0   105.85342
257.0    95.50618
259.0   100.49588
260.0   105.07479
262.0   121.52147
263.0   120.07477
264.0   111.74865
265.0   123.18280
266.0   106.92898
267.0   111.58008
270.0   111.12577
271.0    98.77244
272.0   117.80600
273.0   144.47801
274.0   107.39243
275.0   103.34020
276.0    98.59115
277.0   106.71852
278.0   144.22553
279.0   117.74426
280.0   123.09762
281.0   102.71087
282.0   117.98446
283.0   121.21498
284.0   114.42724
285.0   112.65629
286.0   106.27321
288.0   104.89094
289.0   120.49674
290.0   121.58002
291.0   102.39600
292.0   100.24246
293.0   110.69043
294.0   100.87764
296.0   120.30970
298.0   113.16355
299.0   101.80474
300.0   113.57369
301.0   127.93505
302.0   111.75939
303.0   122.01600
304.0   122.17318
306.0   131.44639
307.0   107.78855
308.0   124.80973
309.0   105.64159
310.0    99.14905
311.0   119.16116
312.0   150.20881
313.0   136.81177
315.0   112.71595
316.0    99.05490
317.0   103.17563
318.0   105.13249
319.0   114.33901
320.0   126.85191
321.0   104.40472
322.0    97.35445
323.0   114.14364
324.0   121.58263
325.0   113.82014
326.0   109.45464
327.0   128.32291
328.0   129.24430
329.0   111.62709
330.0   101.47116
331.0    93.75140
332.0   122.74940
333.0    99.09100
334.0   108.79697
335.0   127.87895
337.0   100.33638
338.0   112.73230
339.0    99.94721
340.0   138.92598
341.0   127.94443
342.0   114.03513
343.0   110.69488
344.0   120.73490
345.0   114.42772
346.0   108.41251
347.0   114.17441
348.0   142.61527
349.0    95.31485
350.0   102.60097
351.0    95.06520
352.0   114.56169
353.0   117.74258
354.0   104.02518
355.0    97.88630
357.0   100.68272
358.0   113.30617
359.0   109.01982
361.0   103.15966
363.0   119.50019
364.0   117.07743
366.0   115.12008
367.0   104.11857
369.0    95.13996
370.0   110.16237
371.0   133.25793
372.0   106.48303
373.0   100.22614
374.0   109.46143
375.0   106.12575
376.0   102.50724
378.0   107.11210
379.0   101.58418
380.0   106.69770
381.0   143.75296
382.0   120.37125
383.0   124.03181
384.0   138.47852
386.0   104.32711
387.0   118.67215
388.0   112.62875
389.0   118.03404
390.0   102.50280
391.0    96.33652
392.0   108.26928
393.0   117.72200
394.0   118.05229
395.0    98.82067
396.0   134.88582
397.0   108.28464
398.0   106.19878
399.0   106.06803
400.0   117.30723
401.0   112.25908
402.0   134.99778
403.0   105.93837
404.0   118.61779
405.0   132.47934
407.0   120.81929
408.0   116.60488
409.0   106.78256
410.0   106.34116
411.0    93.83758
412.0   122.61228
413.0   119.73272
414.0   143.62892
415.0   110.47099
416.0   101.62554
417.0   113.91026
418.0   100.56085
419.0   121.85587
420.0   128.37226
421.0   102.33307
422.0   103.09173
423.0   108.78840
425.0   121.83562
426.0    92.85390
427.0    97.55362
428.0   118.23286
429.0   100.90706
430.0   107.12818
431.0   113.94215
432.0   107.51131
433.0   121.41418
434.0    96.10613
435.0   134.32767
437.0   135.61237
438.0   110.17017
439.0   105.72107
440.0   111.57290
441.0   103.55737
442.0   106.76367
443.0   104.66920
444.0   103.63345
446.0   105.31330
447.0   104.78698
449.0   119.10459
450.0   101.06127
451.0    98.71300
452.0   109.96369
454.0   126.11064
455.0   100.99799
456.0    99.34168
457.0   100.44853
458.0   118.65197
459.0    98.60321
460.0   100.20865
461.0   118.16902
462.0   117.51948
463.0   118.55849
464.0   121.99910
465.0   120.55953
468.0   118.03982
469.0   103.09695
470.0   104.78311
471.0   105.26451
474.0   132.22197
475.0   105.69888
476.0   103.31655
477.0    98.16011
478.0   126.13677
480.0   102.79258
481.0   112.27002
482.0    94.95064
483.0   124.81564
484.0   105.11426
485.0   109.07471
486.0   107.53490
487.0   113.98502
488.0   115.39182
489.0   105.10797
490.0   133.88889
491.0   119.84213
492.0   109.90509
493.0   100.61525
494.0   122.40593
496.0   100.17103
497.0   107.51872
498.0   106.44092
499.0   115.32264
500.0   106.55536
