0.3     -6.96434
0.6     -6.97556
0.9     -6.97841
1.2     -6.97739
1.5     -6.98063
1.8     -6.9817
2.1     -6.9835
2.4     -6.98565
2.7     -6.98436
3.0     -6.98848
3.3     -6.98953
3.6     -6.98865
3.9     -6.99027
4.2     -6.99252
4.5     -6.99172
4.8     -6.99471
5.1     -6.99537
5.4     -6.99417
5.7     -6.99694
6.0     -6.99826
6.3     -6.99955
6.6     -7.00036
6.9     -6.99867
7.2     -7.00063
7.5     -7.00238
7.8     -7.00227
8.1     -7.00354
8.4     -7.00439
8.7     -6.99585
9.0     -7.00332
9.3     -7.00398
9.6     -7.00313
9.9     -7.00408
10.2     -7.00073
10.5     -7.00513
10.8     -7.0052
11.1     -7.00253
11.4     -7.00693
11.7     -7.00596
12.0     -7.006
12.3     -7.00683
12.6     -7.00394
12.9     -7.00292
13.2     -7.00108
13.5     -7.00442
13.8     -7.00295
14.1     -7.00328
14.4     -7.0018
14.7     -6.9995
15.0     -7.00033
15.3     -6.9984
15.6     -6.99756
15.9     -6.99712
16.2     -6.99605
16.5     -6.99606
16.8     -6.9969
17.1     -6.99328
17.4     -6.99103
17.7     -6.99068
18.0     -6.98867
18.3     -6.98896
18.6     -6.98672
18.9     -6.98442
19.2     -6.98283
19.5     -6.98208
19.8     -6.97946
20.1     -6.97796
20.4     -6.97749
20.7     -6.97299
21.0     -6.97298
21.3     -6.97134
21.6     -6.97044
21.9     -6.96916
22.2     -6.96655
22.5     -6.96251
22.8     -6.95918
23.1     -6.95748
23.4     -6.95428
23.7     -6.95216
24.0     -6.94868
24.3     -6.94887
24.6     -6.94523
24.9     -6.9401
25.2     -6.9397
25.5     -6.93364
25.8     -6.9332
26.1     -6.92983
26.4     -6.92765
26.7     -6.92456
27.0     -6.92029
27.3     -6.91673
27.6     -6.91482
27.9     -6.91096
28.2     -6.90867
28.5     -6.9046
28.8     -6.90185
29.1     -6.89677
29.4     -6.89413
29.7     -6.89066
30.0     -6.88745
30.3     -6.88115
30.6     -6.87917
30.9     -6.87289
31.2     -6.86992
31.5     -6.86638
31.8     -6.86121
32.1     -6.85623
32.4     -6.852
32.7     -6.84709
33.0     -6.8415
33.3     -6.83899
33.6     -6.83147
33.9     -6.82938
34.2     -6.82334
34.5     -6.81823
34.8     -6.81323
35.1     -6.80954
35.4     -6.80394
35.7     -6.79958
36.0     -6.79287
36.3     -6.79013
36.6     -6.78213
36.9     -6.77787
37.2     -6.77169
37.5     -6.76779
37.8     -6.76141
38.1     -6.75489
38.4     -6.74857
38.7     -6.74483
39.0     -6.73919
39.3     -6.73349
39.6     -6.72916
39.9     -6.71908
40.2     -6.71684
40.5     -6.70861
40.8     -6.70261
41.1     -6.69862
41.4     -6.69034
41.7     -6.68767
42.0     -6.68142
42.3     -6.67675
42.6     -6.6701
42.9     -6.66232
43.2     -6.65747
43.5     -6.65172
43.8     -6.64556
44.1     -6.64048
44.4     -6.63207
44.7     -6.62557
45.0     -6.61746
45.3     -6.61
45.6     -6.6033
45.9     -6.59805
46.2     -6.59152
46.5     -6.58583
46.8     -6.57921
47.1     -6.57341
47.4     -6.56555
47.7     -6.55887
48.0     -6.54949
48.3     -6.54416
48.6     -6.53825
48.9     -6.52973
49.2     -6.52305
49.5     -6.51485
49.8     -6.5088
50.1     -6.50239
50.4     -6.49679
50.7     -6.48677
51.0     -6.48014
51.3     -6.47435
51.6     -6.467
51.9     -6.4607
52.2     -6.45167
52.5     -6.44135
52.8     -6.43758
53.1     -6.43027
53.4     -6.4215
53.7     -6.41165
54.0     -6.40517
54.3     -6.40011
54.6     -6.39613
54.9     -6.21955
55.2     -6.21402
55.5     -6.20471
55.8     -6.2024
56.1     -6.19262
56.4     -6.1869
56.7     -6.18376
57.0     -6.17701
57.3     -6.17129
57.6     -6.1625
57.9     -6.15701
58.2     -6.15002
58.5     -6.14447
58.8     -6.14008
59.1     -6.13377
59.4     -6.12639
59.7     -6.11921
60.0     -6.11282
60.3     -6.11007
60.6     -6.1
60.9     -6.09934
61.2     -6.08975
61.5     -6.08457
61.8     -6.07845
62.1     -6.0721
62.4     -6.06253
62.7     -6.06265
63.0     -6.05468
63.3     -6.05205
63.6     -6.0444
63.9     -6.03846
64.2     -6.03234
64.5     -6.02897
64.8     -6.01945
65.1     -6.01267
65.4     -6.00713
65.7     -6.00054
66.0     -5.99786
66.3     -5.98858
66.6     -5.98395
66.9     -5.97662
67.2     -5.97132
67.5     -5.96769
67.8     -5.95895
68.1     -5.95606
68.4     -5.94909
68.7     -5.93942
69.0     -5.934
69.3     -5.92888
69.6     -5.92459
69.9     -5.91767
70.2     -5.91127
70.5     -5.9045
70.8     -5.90198
71.1     -5.896
71.4     -5.88723
71.7     -5.88224
72.0     -5.87605
72.3     -5.87036
72.6     -5.86951
72.9     -5.85939
73.2     -5.85439
73.5     -5.84767
73.8     -5.84081
74.1     -5.83731
74.4     -5.83192
74.7     -5.8207
75.0     -5.81921
75.3     -5.81167
75.6     -5.80648
75.9     -5.80152
76.2     -5.79514
76.5     -5.78369
76.8     -5.78374
77.1     -5.77672
77.4     -5.77238
77.7     -5.76188
78.0     -5.75921
78.3     -5.75197
78.6     -5.7522
78.9     -5.73983
79.2     -5.73375
79.5     -5.72981
79.8     -5.72492
80.1     -5.72442
80.4     -5.71569
80.7     -5.71199
81.0     -5.70218
81.3     -5.70082
81.6     -5.68832
81.9     -5.68926
82.2     -5.67172
82.5     -5.67803
82.8     -5.67339
83.1     -5.66758
83.4     -5.66098
83.7     -5.66005
84.0     -5.64456
84.3     -5.64483
84.6     -5.63964
84.9     -5.63257
85.2     -5.62694
85.5     -5.62372
85.8     -5.62142
86.1     -5.61385
86.4     -5.61119
86.7     -5.60745
87.0     -5.59736
87.3     -5.5952
87.6     -5.58431
87.9     -5.58674
88.2     -5.57209
88.5     -5.57671
88.8     -5.56155
89.1     -5.56019
89.4     -5.55189
89.7     -5.55837
90.0     -5.54597
90.3     -5.5407
90.6     -5.54315
90.9     -5.54082
91.2     -5.52644
91.5     -5.5222
91.8     -5.52242
92.1     -5.51574
92.4     -5.50991
92.7     -5.50589
93.0     -5.50646
93.3     -5.4994
93.6     -5.45836
93.9     -5.51211
94.2     -5.52177
94.5     -5.52113
94.8     -5.52308
95.1     -5.5305
95.4     -5.53262
95.7     -5.53583
96.0     -5.54208
96.3     -5.53974
96.6     -5.54621
96.9     -5.54899
97.2     -5.56039
97.5     -5.5598
97.8     -5.5638
98.1     -5.55673
98.4     -5.57387
98.7     -5.56952
99.0     -5.57708
99.3     -5.58034
99.6     -5.57629
99.9     -5.58641
100.2     -5.59698
100.5     -5.60116
100.8     -5.59896
101.1     -5.59555
101.4     -5.60851
101.7     -5.61233
102.0     -5.60915
102.3     -5.61892
102.6     -5.62379
102.9     -5.6303
103.2     -5.63173
103.5     -5.6297
103.8     -5.64144
104.1     -5.64492
104.4     -5.6423
104.7     -5.65053
105.0     -5.65589
105.3     -5.65756
105.6     -5.66364
105.9     -5.66502
106.2     -5.66885
106.5     -5.66642
106.8     -5.67776
107.1     -5.68047
107.4     -5.68211
107.7     -5.69308
108.0     -5.69241
108.3     -5.69549
108.6     -5.6988
108.9     -5.70544
109.2     -5.70822
109.5     -5.71107
109.8     -5.72187
110.1     -5.72498
110.4     -5.72758
110.7     -5.73277
111.0     -5.73451
111.3     -5.73443
111.6     -5.7432
111.9     -5.73981
112.2     -5.73854
112.5     -5.74955
112.8     -5.75874
113.1     -5.75974
113.4     -5.75063
113.7     -5.75546
114.0     -5.75877
114.3     -5.77262
114.6     -5.77827
114.9     -5.78096
115.2     -5.77683
115.5     -5.78948
115.8     -5.79417
116.1     -5.79754
116.4     -5.80206
116.7     -5.79246
117.0     -5.80713
117.3     -5.81133
117.6     -5.81131
117.9     -5.81875
118.2     -5.82165
118.5     -5.82654
118.8     -5.83128
119.1     -5.83252
119.4     -5.83663
119.7     -5.84019
120.0     -5.84452
120.3     -5.8493
120.6     -5.84249
120.9     -5.84645
121.2     -5.85057
121.5     -5.8612
121.8     -5.86479
122.1     -5.86711
122.4     -5.86288
122.7     -5.87725
123.0     -5.87953
123.3     -5.88175
123.6     -5.88524
123.9     -5.88904
124.2     -5.89126
124.5     -5.89399
124.8     -5.89958
125.1     -5.90079
125.4     -5.90425
125.7     -5.908
126.0     -5.91113
126.3     -5.91495
126.6     -5.91855
126.9     -5.92165
127.2     -5.92419
127.5     -5.92844
127.8     -5.93108
128.1     -5.9342
128.4     -5.93874
128.7     -5.94026
129.0     -5.94397
129.3     -5.94683
129.6     -5.94866
129.9     -5.9547
130.2     -5.95618
130.5     -5.95951
130.8     -5.96145
131.1     -5.96448
131.4     -5.96818
131.7     -5.97083
132.0     -5.97405
132.3     -5.97739
132.6     -5.97988
132.9     -5.9822
133.2     -5.98615
133.5     -5.98948
133.8     -5.98647
134.1     -5.99557
134.4     -5.99798
134.7     -6.00041
135.0     -6.00291
135.3     -6.00504
135.6     -6.00951
135.9     -6.01191
136.2     -6.0134
136.5     -6.01819
136.8     -6.01904
137.1     -6.02296
137.4     -6.02543
137.7     -6.02815
138.0     -6.0302
138.3     -6.03353
138.6     -6.03564
138.9     -6.0389
139.2     -6.0421
139.5     -6.04503
139.8     -6.04712
140.1     -6.04895
140.4     -6.05181
140.7     -6.05388
141.0     -6.05689
141.3     -6.05886
141.6     -6.06183
141.9     -6.06557
142.2     -6.06694
142.5     -6.06942
142.8     -6.07113
143.1     -6.07404
143.4     -6.07612
143.7     -6.07851
144.0     -6.08152
144.3     -6.08396
144.6     -6.08528
144.9     -6.08828
145.2     -6.0895
145.5     -6.09247
145.8     -6.09479
146.1     -6.09552
146.4     -6.09956
146.7     -6.10143
147.0     -6.10395
147.3     -6.10635
147.6     -6.10764
147.9     -6.10986
148.2     -6.11085
148.5     -6.11401
148.8     -6.11578
149.1     -6.11832
149.4     -6.12049
149.7     -6.12211
150.0     -6.12325
150.3     -6.12563
150.6     -6.12797
150.9     -6.12919
151.2     -6.13145
151.5     -6.1338
151.8     -6.13598
152.1     -6.13744
152.4     -6.13931
152.7     -6.14022
153.0     -6.14275
153.3     -6.14458
153.6     -6.1462
153.9     -6.14755
154.2     -6.14924
154.5     -6.15222
154.8     -6.15371
155.1     -6.15382
155.4     -6.15517
155.7     -6.15748
156.0     -6.15918
156.3     -6.16037
156.6     -6.16114
156.9     -6.16231
157.2     -6.16518
157.5     -6.16681
157.8     -6.16823
158.1     -6.16783
158.4     -6.16992
158.7     -6.17073
159.0     -6.1734
159.3     -6.17387
159.6     -6.1749
159.9     -6.17683
160.2     -6.17779
160.5     -6.18043
160.8     -6.1799
161.1     -6.18173
161.4     -6.18308
161.7     -6.18358
162.0     -6.18468
162.3     -6.18499
162.6     -6.18637
162.9     -6.1871
163.2     -6.18815
163.5     -6.1891
163.8     -6.18905
164.1     -6.1903
164.4     -6.1909
164.7     -6.19271
165.0     -6.19251
165.3     -6.19395
165.6     -6.19488
165.9     -6.19442
166.2     -6.19594
166.5     -6.19664
166.8     -6.19764
167.1     -6.19756
167.4     -6.19931
167.7     -6.19862
168.0     -6.19965
168.3     -6.19933
168.6     -6.19893
168.9     -6.20122
169.2     -6.20117
169.5     -6.20222
169.8     -6.20178
170.1     -6.2021
170.4     -6.20303
170.7     -6.20124
171.0     -6.20312
171.3     -6.20266
171.6     -6.20364
171.9     -6.20313
172.2     -6.20362
172.5     -6.20283
172.8     -6.20237
173.1     -6.20263
173.4     -6.20411
173.7     -6.20359
174.0     -6.20249
174.3     -6.20301
174.6     -6.20335
174.9     -6.20246
175.2     -6.2005
175.5     -6.20113
175.8     -6.2
176.1     -6.19929
176.4     -6.19981
176.7     -6.19865
177.0     -6.19915
177.3     -6.19715
177.6     -6.19599
177.9     -6.19667
178.2     -6.19562
178.5     -6.19573
178.8     -6.19472
179.1     -6.19413
179.4     -6.19133
179.7     -6.19206
180.0     -6.18916
