0.3     -4.18895
0.6     -4.1752
0.9     -4.17538
1.2     -4.17398
1.5     -4.17467
1.8     -4.17375
2.1     -4.1705
2.4     -4.17128
2.7     -4.17134
3.0     -4.1692
3.3     -4.16901
3.6     -4.16735
3.9     -4.16832
4.2     -4.1657
4.5     -4.16604
4.8     -4.16399
5.1     -4.16405
5.4     -4.16218
5.7     -4.16245
6.0     -4.16221
6.3     -4.16297
6.6     -4.16211
6.9     -4.16071
7.2     -4.15975
7.5     -4.15662
7.8     -4.15986
8.1     -4.15879
8.4     -4.1585
8.7     -4.1681
9.0     -4.15755
9.3     -4.15769
9.6     -4.15794
9.9     -4.15652
10.2     -4.16048
10.5     -4.15607
10.8     -4.15653
11.1     -4.15566
11.4     -4.15785
11.7     -4.15783
12.0     -4.15527
12.3     -4.15816
12.6     -4.15503
12.9     -4.15803
13.2     -4.15697
13.5     -4.15865
13.8     -4.15835
14.1     -4.15788
14.4     -4.15856
14.7     -4.15961
15.0     -4.16163
15.3     -4.16133
15.6     -4.15923
15.9     -4.15971
16.2     -4.16221
16.5     -4.16213
16.8     -4.16412
17.1     -4.16339
17.4     -4.16311
17.7     -4.1604
18.0     -4.16419
18.3     -4.16578
18.6     -4.16516
18.9     -4.16641
19.2     -4.16859
19.5     -4.16903
19.8     -4.17122
20.1     -4.16934
20.4     -4.17393
20.7     -4.17038
21.0     -4.17272
21.3     -4.17526
21.6     -4.17722
21.9     -4.17913
22.2     -4.18123
22.5     -4.18041
22.8     -4.18008
23.1     -4.18099
23.4     -4.18235
23.7     -4.18116
24.0     -4.18425
24.3     -4.18743
24.6     -4.19036
24.9     -4.18822
25.2     -4.18985
25.5     -4.19103
25.8     -4.19233
26.1     -4.1946
26.4     -4.19441
26.7     -4.19915
27.0     -4.19604
27.3     -4.20408
27.6     -4.2018
27.9     -4.20656
28.2     -4.20504
28.5     -4.2053
28.8     -4.20933
29.1     -4.21049
29.4     -4.21379
29.7     -4.21354
30.0     -4.21656
30.3     -4.21752
30.6     -4.22142
30.9     -4.22035
31.2     -4.22214
31.5     -4.22729
31.8     -4.22635
32.1     -4.22819
32.4     -4.22947
32.7     -4.23019
33.0     -4.23068
33.3     -4.23716
33.6     -4.23618
33.9     -4.23672
34.2     -4.23972
34.5     -4.24081
34.8     -4.24339
35.1     -4.24352
35.4     -4.24993
35.7     -4.24857
36.0     -4.2526
36.3     -4.25309
36.6     -4.25533
36.9     -4.2614
37.2     -4.26347
37.5     -4.26223
37.8     -4.26705
38.1     -4.26546
38.4     -4.26815
38.7     -4.27274
39.0     -4.27673
39.3     -4.27908
39.6     -4.2801
39.9     -4.27999
40.2     -4.28603
40.5     -4.28657
40.8     -4.29102
41.1     -4.29258
41.4     -4.29696
41.7     -4.30038
42.0     -4.30233
42.3     -4.30648
42.6     -4.30622
42.9     -4.30862
43.2     -4.31155
43.5     -4.31284
43.8     -4.31795
44.1     -4.31991
44.4     -4.32316
44.7     -4.32701
45.0     -4.32874
45.3     -4.33063
45.6     -4.33208
45.9     -4.33462
46.2     -4.34306
46.5     -4.34503
46.8     -4.34692
47.1     -4.34447
47.4     -4.3506
47.7     -4.35272
48.0     -4.3562
48.3     -4.35752
48.6     -4.35942
48.9     -4.3661
49.2     -4.36867
49.5     -4.37192
49.8     -4.37067
50.1     -4.37656
50.4     -4.37689
50.7     -4.3836
51.0     -4.38664
51.3     -4.38875
51.6     -4.39091
51.9     -4.39213
52.2     -4.39527
52.5     -4.40122
52.8     -4.404
53.1     -4.40684
53.4     -4.4092
53.7     -4.41501
54.0     -4.42021
54.3     -4.42521
54.6     -4.42187
54.9     -4.72283
55.2     -4.72713
55.5     -4.73337
55.8     -4.73483
56.1     -4.74216
56.4     -4.7429
56.7     -4.74768
57.0     -4.74797
57.3     -4.75329
57.6     -4.76125
57.9     -4.76277
58.2     -4.7675
58.5     -4.77145
58.8     -4.77521
59.1     -4.77776
59.4     -4.78219
59.7     -4.78456
60.0     -4.78998
60.3     -4.79221
60.6     -4.79739
60.9     -4.79878
61.2     -4.80381
61.5     -4.80628
61.8     -4.81247
62.1     -4.81723
62.4     -4.82277
62.7     -4.82388
63.0     -4.82624
63.3     -4.82995
63.6     -4.83698
63.9     -4.83754
64.2     -4.84477
64.5     -4.84671
64.8     -4.84953
65.1     -4.85674
65.4     -4.85945
65.7     -4.86498
66.0     -4.86911
66.3     -4.872
66.6     -4.87521
66.9     -4.87914
67.2     -4.88646
67.5     -4.89002
67.8     -4.89168
68.1     -4.89906
68.4     -4.90298
68.7     -4.90683
69.0     -4.9119
69.3     -4.91419
69.6     -4.91801
69.9     -4.92081
70.2     -4.92687
70.5     -4.9327
70.8     -4.93576
71.1     -4.93859
71.4     -4.94753
71.7     -4.94969
72.0     -4.9556
72.3     -4.96026
72.6     -4.96793
72.9     -4.96706
73.2     -4.97455
73.5     -4.97577
73.8     -4.98256
74.1     -4.98929
74.4     -4.9924
74.7     -4.9962
75.0     -5.00045
75.3     -5.00705
75.6     -5.01026
75.9     -5.01776
76.2     -5.02119
76.5     -5.0241
76.8     -5.0307
77.1     -5.03679
77.4     -5.04077
77.7     -5.04506
78.0     -5.04951
78.3     -5.05546
78.6     -5.06415
78.9     -5.06404
79.2     -5.06763
79.5     -5.07748
79.8     -5.08314
80.1     -5.08918
80.4     -5.094
80.7     -5.09979
81.0     -5.10153
81.3     -5.11025
81.6     -5.11294
81.9     -5.12036
82.2     -5.12405
82.5     -5.13249
82.8     -5.13493
83.1     -5.14124
83.4     -5.14387
83.7     -5.15383
84.0     -5.16214
84.3     -5.16092
84.6     -5.17234
84.9     -5.17872
85.2     -5.18335
85.5     -5.18854
85.8     -5.19358
86.1     -5.19805
86.4     -5.20627
86.7     -5.21047
87.0     -5.21751
87.3     -5.22475
87.6     -5.23372
87.9     -5.23448
88.2     -5.24218
88.5     -5.24534
88.8     -5.25626
89.1     -5.25967
89.4     -5.26716
89.7     -5.27358
90.0     -5.28199
90.3     -5.28763
90.6     -5.29077
90.9     -5.29556
91.2     -5.30759
91.5     -5.31242
91.8     -5.3159
92.1     -5.32068
92.4     -5.32911
92.7     -5.32989
93.0     -5.33928
93.3     -5.3442
93.6     -5.40798
93.9     -5.36789
94.2     -5.35812
94.5     -5.35558
94.8     -5.35213
95.1     -5.3384
95.4     -5.33749
95.7     -5.33063
96.0     -5.32334
96.3     -5.31741
96.6     -5.30987
96.9     -5.30498
97.2     -5.29559
97.5     -5.29124
97.8     -5.28249
98.1     -5.28885
98.4     -5.26757
98.7     -5.27251
99.0     -5.25737
99.3     -5.25212
99.6     -5.25713
99.9     -5.24016
100.2     -5.23207
100.5     -5.22205
100.8     -5.22149
101.1     -5.22277
101.4     -5.20998
101.7     -5.20402
102.0     -5.2028
102.3     -5.19009
102.6     -5.18377
102.9     -5.17409
103.2     -5.17059
103.5     -5.16844
103.8     -5.15807
104.1     -5.15054
104.4     -5.14922
104.7     -5.14037
105.0     -5.13421
105.3     -5.1289
105.6     -5.1217
105.9     -5.11513
106.2     -5.11111
106.5     -5.11244
106.8     -5.09861
107.1     -5.0921
107.4     -5.09114
107.7     -5.07827
108.0     -5.07463
108.3     -5.06854
108.6     -5.06244
108.9     -5.05671
109.2     -5.04939
109.5     -5.0442
109.8     -5.03473
110.1     -5.02982
110.4     -5.02402
110.7     -5.01864
111.0     -5.01086
111.3     -5.00812
111.6     -5.0012
111.9     -5.00155
112.2     -4.99794
112.5     -4.98601
112.8     -4.97652
113.1     -4.97113
113.4     -4.97548
113.7     -4.97005
114.0     -4.96255
114.3     -4.95021
114.6     -4.94257
114.9     -4.93537
115.2     -4.93685
115.5     -4.92524
115.8     -4.91993
116.1     -4.9141
116.4     -4.90677
116.7     -4.91112
117.0     -4.89526
117.3     -4.89196
117.6     -4.88769
117.9     -4.87968
118.2     -4.87419
118.5     -4.86879
118.8     -4.86186
119.1     -4.85799
119.4     -4.85153
119.7     -4.84633
120.0     -4.84027
120.3     -4.83599
120.6     -4.8345
120.9     -4.83026
121.2     -4.8245
121.5     -4.81519
121.8     -4.80781
122.1     -4.80282
122.4     -4.80332
122.7     -4.79216
123.0     -4.78691
123.3     -4.78119
123.6     -4.77579
123.9     -4.77114
124.2     -4.76549
124.5     -4.76071
124.8     -4.75455
125.1     -4.74949
125.4     -4.74317
125.7     -4.73966
126.0     -4.73458
126.3     -4.73015
126.6     -4.72379
126.9     -4.71987
127.2     -4.71407
127.5     -4.70945
127.8     -4.70397
128.1     -4.6985
128.4     -4.69487
128.7     -4.68993
129.0     -4.68505
129.3     -4.68024
129.6     -4.67464
129.9     -4.67035
130.2     -4.66595
130.5     -4.66047
130.8     -4.65608
131.1     -4.6515
131.4     -4.64656
131.7     -4.64223
132.0     -4.63728
132.3     -4.63353
132.6     -4.62775
132.9     -4.62322
133.2     -4.61901
133.5     -4.61416
133.8     -4.61147
134.1     -4.60562
134.4     -4.59967
134.7     -4.59675
135.0     -4.59034
135.3     -4.58659
135.6     -4.58241
135.9     -4.57828
136.2     -4.57438
136.5     -4.57019
136.8     -4.56517
137.1     -4.56134
137.4     -4.55612
137.7     -4.55236
138.0     -4.54824
138.3     -4.54411
138.6     -4.54043
138.9     -4.53492
139.2     -4.53169
139.5     -4.52757
139.8     -4.52363
140.1     -4.51893
140.4     -4.51508
140.7     -4.51163
141.0     -4.50725
141.3     -4.50291
141.6     -4.49926
141.9     -4.49529
142.2     -4.49093
142.5     -4.48791
142.8     -4.48312
143.1     -4.48
143.4     -4.47588
143.7     -4.47227
144.0     -4.46837
144.3     -4.46478
144.6     -4.46084
144.9     -4.45759
145.2     -4.45357
145.5     -4.45046
145.8     -4.44699
146.1     -4.4423
146.4     -4.43904
146.7     -4.43621
147.0     -4.43273
147.3     -4.42937
147.6     -4.42591
147.9     -4.42181
148.2     -4.41793
148.5     -4.41518
148.8     -4.41215
149.1     -4.409
149.4     -4.40544
149.7     -4.40271
150.0     -4.39947
150.3     -4.39451
150.6     -4.39298
150.9     -4.38991
151.2     -4.38703
151.5     -4.38368
151.8     -4.38097
152.1     -4.37776
152.4     -4.37523
152.7     -4.37242
153.0     -4.36938
153.3     -4.36653
153.6     -4.36342
153.9     -4.36058
154.2     -4.35857
154.5     -4.35569
154.8     -4.35295
155.1     -4.3499
155.4     -4.34627
155.7     -4.34476
156.0     -4.34126
156.3     -4.33945
156.6     -4.33712
156.9     -4.33301
157.2     -4.3317
157.5     -4.32898
157.8     -4.32663
158.1     -4.32407
158.4     -4.32146
158.7     -4.31928
159.0     -4.31647
159.3     -4.31464
159.6     -4.31207
159.9     -4.30984
160.2     -4.30763
160.5     -4.30529
160.8     -4.30334
161.1     -4.3006
161.4     -4.29838
161.7     -4.29626
162.0     -4.29358
162.3     -4.29152
162.6     -4.28916
162.9     -4.28724
163.2     -4.28573
163.5     -4.2833
163.8     -4.28115
164.1     -4.27933
164.4     -4.27773
164.7     -4.27561
165.0     -4.27359
165.3     -4.27169
165.6     -4.26994
165.9     -4.26851
166.2     -4.26669
166.5     -4.26418
166.8     -4.26234
167.1     -4.26106
167.4     -4.25972
167.7     -4.2565
168.0     -4.25634
168.3     -4.25364
168.6     -4.25119
168.9     -4.25144
169.2     -4.25014
169.5     -4.24792
169.8     -4.2472
170.1     -4.24579
170.4     -4.24427
170.7     -4.24279
171.0     -4.24195
171.3     -4.24061
171.6     -4.23947
171.9     -4.23777
172.2     -4.23768
172.5     -4.23618
172.8     -4.23521
173.1     -4.23322
173.4     -4.23232
173.7     -4.23115
174.0     -4.22966
174.3     -4.22927
174.6     -4.22761
174.9     -4.22738
175.2     -4.22509
175.5     -4.22509
175.8     -4.22352
176.1     -4.22288
176.4     -4.2215
176.7     -4.2214
177.0     -4.22082
177.3     -4.22088
177.6     -4.21846
177.9     -4.21933
178.2     -4.21775
178.5     -4.21713
178.8     -4.21704
179.1     -4.21591
179.4     -4.2146
179.7     -4.21459
180.0     -4.21292
