  1.0   964.75000
  2.0  1773.25000
  3.0  1925.00000
  4.0  1519.25000
  5.0   792.50000
  6.0  1325.75000
  7.0   732.25000
  8.0   707.50000
  9.0   925.75000
 10.0  1316.00000
 11.0   805.75000
 12.0  1164.50000
 13.0  1744.00000
 14.0  1707.50000
 15.0  1623.75000
 16.0   891.75000
 17.0   258.25000
 18.0  1529.75000
 19.0  1227.00000
 20.0   845.00000
 21.0  1294.50000
 22.0   981.25000
 23.0  1821.25000
 24.0   396.25000
 25.0     0.00000
 26.0  1076.25000
 27.0   686.00000
 28.0  1715.75000
 29.0  1032.50000
 30.0  1306.00000
 31.0   663.50000
 32.0  1578.50000
 33.0     0.00000
 34.0   223.75000
 35.0   457.00000
 36.0   489.25000
 37.0  1357.25000
 38.0   845.75000
 39.0  1801.75000
 40.0   720.00000
 41.0  1573.25000
 42.0  1640.00000
 43.0  1399.25000
 44.0   572.25000
 45.0  1166.75000
 46.0   700.50000
 47.0  1062.00000
 48.0  1354.50000
 49.0  1268.50000
 50.0  1754.75000
 51.0  1021.00000
 52.0  1008.75000
 53.0  1724.00000
 54.0  1679.25000
 55.0  1988.25000
 56.0   909.00000
 57.0   549.00000
 58.0     0.00000
 59.0   461.75000
 60.0   691.75000
 61.0  1251.75000
 62.0   785.75000
 63.0   343.50000
 64.0  1247.50000
 65.0  1804.00000
 66.0  1990.25000
 67.0   981.00000
 68.0   647.00000
 69.0   734.25000
 70.0  1427.00000
 71.0   121.00000
 72.0   994.00000
 73.0  1479.50000
 74.0   723.00000
 75.0     0.00000
 76.0  1009.75000
 77.0  1947.00000
 78.0   329.50000
 79.0  1682.75000
 80.0  1657.00000
 81.0  1569.00000
 82.0  1176.00000
 83.0  1624.25000
 84.0   659.25000
 85.0  1007.00000
 86.0  1136.00000
 87.0  1032.00000
 88.0   688.75000
 89.0  1961.25000
 90.0     0.00000
 91.0  1112.75000
 92.0   967.75000
 93.0   902.00000
 94.0  1918.75000
 95.0  1387.00000
 96.0     0.00000
 97.0   409.50000
 98.0  1180.25000
 99.0  1395.00000
100.0   637.00000
101.0  1277.25000
102.0  1789.25000
103.0   756.25000
104.0  1380.25000
105.0  1862.00000
106.0     0.00000
107.0   328.00000
108.0  1003.25000
109.0   498.00000
110.0   912.50000
111.0  1621.00000
112.0  1502.25000
113.0   138.25000
114.0  1271.50000
115.0  1371.00000
116.0  1915.50000
117.0   915.75000
118.0  1376.00000
119.0  1166.75000
120.0  1859.75000
121.0  1080.00000
122.0  1255.00000
123.0   394.25000
124.0   714.50000
125.0  1297.75000
126.0  1214.00000
127.0  1238.25000
128.0  1611.25000
129.0     0.00000
130.0  1596.75000
131.0   955.00000
132.0   344.00000
133.0  1402.25000
134.0   534.00000
135.0   387.25000
136.0   899.75000
137.0   359.75000
138.0  1712.50000
139.0  1868.00000
140.0   941.00000
141.0   983.25000
142.0     0.00000
143.0  1833.75000
144.0  1080.00000
145.0   690.50000
146.0  1570.00000
147.0  1032.25000
148.0  1454.25000
149.0   742.50000
150.0   718.00000
151.0     0.00000
152.0  1032.75000
153.0  1378.50000
154.0   677.00000
155.0  1298.00000
156.0   869.75000
157.0   456.50000
158.0   448.75000
159.0  1063.00000
160.0  1438.50000
161.0   587.00000
162.0   405.00000
163.0  1615.25000
164.0     0.00000
165.0  1927.25000
166.0   556.25000
167.0   160.50000
168.0     0.00000
169.0   231.00000
170.0   189.75000
171.0  1458.00000
172.0  1217.00000
173.0   195.75000
174.0   615.00000
175.0  1908.25000
176.0   433.25000
177.0   650.75000
178.0   270.00000
179.0   143.50000
180.0   630.50000
181.0   268.25000
182.0   896.00000
183.0  1382.50000
184.0  1820.00000
185.0     0.00000
186.0  1231.00000
187.0     0.00000
188.0  1074.25000
189.0   975.25000
190.0  1150.25000
191.0  1204.00000
192.0    42.75000
193.0     0.00000
194.0  1213.00000
195.0  1685.50000
196.0   433.25000
197.0  1855.25000
198.0   378.75000
199.0  1200.75000
200.0  1454.75000
201.0   925.25000
202.0   262.50000
203.0     0.00000
204.0  1362.25000
205.0   573.25000
206.0   227.75000
207.0   974.00000
208.0   379.00000
209.0   576.25000
210.0  1843.75000
211.0   823.00000
212.0  1612.25000
213.0     0.00000
214.0  1210.50000
215.0  1852.50000
216.0   332.75000
217.0  1098.50000
218.0     0.00000
219.0   799.50000
220.0  1502.25000
221.0   636.00000
222.0   662.50000
223.0     0.00000
224.0  1130.75000
225.0   490.75000
226.0   578.00000
227.0   612.25000
228.0   491.00000
229.0   212.00000
230.0   616.00000
231.0     0.00000
232.0  1198.25000
233.0  1576.75000
234.0  1410.75000
235.0  1920.50000
236.0  1759.75000
237.0   952.50000
238.0  1256.00000
239.0  1629.00000
240.0   473.00000
241.0  1083.00000
242.0  1383.50000
243.0   466.25000
244.0  1292.00000
245.0  1181.00000
246.0  1799.50000
247.0  1579.25000
248.0   655.25000
249.0     0.00000
250.0  1467.00000
251.0   171.00000
252.0   791.00000
253.0     0.00000
254.0  1032.25000
255.0  1078.50000
256.0  1933.25000
257.0  1291.75000
258.0  1152.00000
259.0   162.75000
260.0     0.00000
261.0   757.50000
262.0     0.00000
263.0  1532.25000
264.0  1137.00000
265.0   814.00000
266.0   502.75000
267.0   200.50000
268.0   733.00000
269.0   787.50000
270.0   591.50000
271.0   565.50000
272.0   657.25000
273.0   561.75000
274.0     0.00000
275.0   644.00000
276.0  1924.25000
277.0  1097.50000
278.0   174.25000
279.0   413.75000
280.0  1255.50000
281.0  1901.50000
282.0     0.00000
283.0  1853.75000
284.0  1017.75000
285.0  1571.75000
286.0  1232.25000
287.0  1271.00000
288.0   289.25000
289.0   478.00000
290.0     0.00000
291.0  1560.25000
292.0  1119.25000
293.0   972.50000
294.0  1063.50000
295.0   839.00000
296.0  1580.25000
297.0  1284.25000
298.0     0.00000
299.0  1497.25000
300.0     0.00000
301.0  1577.75000
302.0   835.25000
303.0  1186.00000
304.0  1393.75000
305.0   680.75000
306.0  1222.50000
307.0  1486.50000
308.0     0.00000
309.0   595.50000
310.0  1083.00000
311.0     0.00000
312.0  1086.50000
313.0     0.00000
314.0     0.00000
315.0  1344.00000
316.0     0.00000
317.0   750.25000
318.0  1579.25000
319.0  1371.00000
320.0     0.00000
321.0   573.50000
322.0  1296.50000
323.0   845.25000
324.0   101.00000
325.0  1687.25000
326.0  1006.50000
327.0   228.00000
328.0  1956.25000
329.0   555.25000
330.0   789.75000
331.0  1653.25000
332.0  1201.50000
333.0  1506.75000
334.0  1376.25000
335.0  1902.75000
336.0     0.00000
337.0   790.00000
338.0   925.50000
339.0   697.50000
340.0  1609.75000
341.0  1680.50000
342.0  1760.00000
343.0  1104.25000
344.0  1275.25000
345.0   450.00000
346.0  1441.50000
347.0  1198.75000
348.0   988.25000
349.0   468.25000
350.0  1353.00000
351.0   498.00000
352.0   767.75000
353.0  1060.25000
354.0  1069.00000
355.0  1763.00000
356.0  1534.50000
357.0   747.25000
358.0  1085.00000
359.0   738.25000
360.0  1151.25000
361.0  1499.75000
362.0  1878.50000
363.0     0.00000
364.0    41.50000
365.0  1065.00000
366.0  1259.50000
367.0    85.50000
368.0   685.25000
369.0  1978.25000
370.0  1607.75000
371.0  1799.00000
372.0  1807.50000
373.0  1073.00000
374.0     0.00000
375.0   703.50000
376.0   866.00000
377.0  1137.25000
378.0  1593.25000
379.0   814.75000
380.0  1227.25000
381.0   783.50000
382.0   462.00000
383.0  1233.50000
384.0   847.00000
385.0   532.25000
386.0    51.25000
387.0   688.50000
388.0     0.00000
389.0   914.25000
390.0  1701.75000
391.0   170.00000
392.0    69.50000
393.0  1660.00000
394.0   752.25000
395.0     0.00000
396.0  1864.50000
397.0   589.75000
398.0   821.50000
399.0  1731.75000
400.0  1854.00000
401.0  1520.50000
402.0  1574.00000
403.0  1611.50000
404.0     0.00000
405.0   335.00000
406.0  1051.25000
407.0     0.00000
408.0  1596.25000
409.0   279.00000
410.0     0.00000
411.0  1950.75000
412.0   632.50000
413.0  1458.50000
414.0     0.00000
415.0     0.00000
416.0   922.50000
417.0   446.25000
418.0   751.75000
419.0   335.75000
420.0   638.00000
421.0  1375.75000
422.0  1730.25000
423.0   266.00000
424.0  1022.00000
425.0    42.75000
426.0  1362.25000
427.0  1575.50000
428.0    64.75000
429.0     0.00000
430.0   589.25000
431.0  1487.75000
432.0   268.50000
433.0     0.00000
434.0   752.50000
435.0  1428.00000
436.0  1091.75000
437.0   590.75000
438.0   714.25000
439.0  1610.75000
440.0  1658.50000
441.0  1939.50000
442.0   890.25000
443.0  1630.00000
444.0     0.00000
445.0   725.25000
446.0   329.75000
447.0  1477.25000
448.0  1227.00000
449.0  1836.25000
450.0   724.00000
451.0   886.50000
452.0   690.50000
453.0  1834.00000
454.0    84.75000
455.0   231.50000
456.0   395.25000
457.0   311.00000
458.0   855.50000
459.0   787.50000
460.0    75.75000
461.0     0.00000
462.0  1859.00000
463.0   174.75000
464.0     0.00000
465.0    40.50000
466.0  1973.25000
467.0   914.00000
468.0   470.75000
469.0     0.00000
470.0  1697.25000
471.0  1173.75000
472.0  1370.75000
473.0   536.75000
474.0  1297.75000
475.0   460.25000
476.0   799.00000
477.0  1242.00000
478.0   615.75000
479.0  1020.50000
480.0     0.00000
481.0  1290.00000
482.0  1948.25000
483.0   366.75000
484.0  1238.25000
485.0  1800.75000
486.0  1090.25000
487.0     0.00000
488.0     0.00000
489.0     0.00000
490.0  1256.25000
491.0     0.00000
492.0   188.50000
493.0  1272.00000
494.0   763.00000
495.0  1005.00000
496.0   549.75000
497.0     0.00000
498.0  1369.25000
499.0     0.00000
500.0  1557.75000
