  1.0   142.53062
  2.0   151.91434
  3.0   143.37946
  4.0   173.41926
  5.0   179.18580
  6.0   162.19305
  7.0   160.36684
  8.0   174.26238
  9.0   158.03945
 10.0   158.42848
 11.0   169.05733
 12.0   172.74716
 13.0   158.35012
 14.0   176.48182
 15.0   171.56094
 16.0   160.43755
 17.0   163.51472
 18.0   164.25721
 19.0   179.80577
 20.0   164.06288
 21.0   152.92031
 22.0   178.66585
 23.0   179.22860
 24.0   165.52231
 25.0   174.29393
 26.0   161.89806
 27.0   156.95264
 28.0   153.72638
 29.0   161.01483
 30.0   171.43758
 31.0   174.43553
 32.0   174.28324
 33.0   164.98824
 34.0   179.10049
 35.0   172.62311
 36.0   168.88265
 37.0   167.34010
 38.0   172.84530
 39.0   167.56528
 40.0   177.90561
 41.0   175.32230
 42.0   161.24166
 43.0   167.90703
 44.0   120.91952
 45.0   178.85844
 46.0   168.27453
 47.0   168.02921
 48.0   171.54180
 49.0   159.18940
 50.0   175.61453
 51.0   150.31244
 52.0   161.24922
 53.0   172.69224
 54.0   176.89235
 55.0   169.77489
 56.0   156.19196
 57.0   113.54790
 58.0   163.59635
 59.0   163.12976
 60.0   174.85936
 61.0   108.77887
 62.0   157.64818
 63.0   168.96419
 64.0   145.71214
 65.0   170.47181
 66.0   163.32689
 67.0   122.53199
 68.0   141.33215
 69.0   163.74397
 70.0   178.13783
 71.0   168.33526
 72.0   164.27053
 73.0   160.46612
 74.0   141.71071
 75.0   165.51366
 76.0   158.21101
 77.0   171.89004
 78.0   158.70566
 79.0   150.13207
 80.0   176.16834
 81.0   165.06794
 82.0   162.26093
 83.0   179.17098
 84.0   179.44849
 85.0   151.36494
 86.0   171.05041
 87.0   149.94543
 88.0   175.01450
 89.0   173.89688
 90.0   168.76740
 91.0   174.19809
 92.0   170.53414
 93.0   158.11549
 94.0   171.61822
 95.0   169.19058
 96.0   155.27511
 97.0   169.86097
 98.0   172.35419
 99.0   171.24617
100.0   159.36158
101.0   155.17456
102.0   166.45055
103.0   177.64453
104.0   177.27966
105.0   179.62959
106.0   164.07651
107.0   171.95976
108.0   150.24234
109.0   179.15731
110.0   179.81517
111.0   153.56364
112.0   168.37329
113.0   171.83029
114.0   169.91729
115.0   156.17482
116.0   166.98792
117.0   173.85492
118.0   170.51708
119.0   173.61456
120.0   160.34460
121.0   172.60017
122.0   172.26004
123.0   165.06356
124.0   172.01861
125.0   153.92948
126.0   178.48272
127.0   172.85663
128.0   157.95700
129.0   161.63118
130.0   177.77369
131.0   171.56465
132.0   176.90631
133.0   170.50590
134.0   176.65660
135.0   157.12642
136.0   172.69953
137.0   167.88213
138.0   170.37205
139.0   174.40789
140.0   124.03191
141.0   174.49018
142.0   167.65255
143.0   169.19298
144.0   179.81660
145.0   158.45519
146.0   176.35223
147.0   171.96012
148.0   165.37456
149.0   173.76445
150.0   167.87331
151.0   166.47137
152.0   170.94836
153.0   169.94558
154.0   130.61128
155.0   172.04541
156.0   151.95083
157.0   156.11394
158.0   160.26841
159.0   159.76356
160.0   141.13374
161.0   177.12218
162.0   168.07640
163.0   175.98868
164.0   174.59859
165.0   155.23759
166.0   171.97542
167.0   173.23562
168.0   173.27473
169.0   174.91988
170.0   177.95651
171.0   174.24549
172.0   166.29612
173.0   178.77276
174.0   174.84483
175.0   160.56690
176.0   175.28760
177.0   177.45806
178.0   163.11104
179.0   146.65410
180.0   152.12413
181.0   156.55752
182.0   153.10650
183.0   178.05284
184.0   176.13662
185.0   178.41067
186.0   164.02517
187.0   175.64563
188.0   166.12612
189.0   161.15531
190.0   160.95029
191.0   179.40529
192.0   169.15642
193.0   169.78208
194.0   175.40900
195.0   160.23353
196.0   167.54939
197.0   169.85161
198.0   170.65197
199.0   178.81424
200.0   163.60352
201.0   178.94112
202.0   167.10061
203.0   173.39052
204.0   174.04713
205.0   139.57589
206.0   170.36540
207.0   156.20599
208.0   169.85039
209.0   163.60986
210.0   165.90842
211.0   172.50482
212.0   178.20949
213.0   179.24658
214.0   161.40409
215.0   177.81038
216.0   149.24165
217.0   165.85764
218.0   145.55844
219.0   174.72061
220.0   158.75650
221.0   169.54506
222.0   162.35419
223.0   165.82778
224.0   149.01928
225.0   144.06473
226.0   134.63587
227.0   175.58015
228.0   144.45569
229.0   169.38058
230.0   166.79823
231.0   168.41387
232.0   151.15235
233.0   166.50448
234.0   177.00454
235.0   166.04683
236.0   172.39341
237.0   145.94511
238.0   163.50961
239.0   179.31514
240.0   151.71182
241.0   156.30303
242.0   175.71513
243.0   156.60028
244.0   145.91338
245.0   168.29158
246.0   171.78162
247.0   177.53180
248.0   161.74188
249.0   175.29309
250.0   175.00023
251.0   166.13749
252.0   150.28807
253.0   172.34353
254.0   171.87871
255.0   160.41498
256.0   170.40160
257.0   178.99080
258.0   179.19044
259.0   159.06485
260.0   174.90618
261.0   173.96941
262.0   161.41166
263.0   174.84471
264.0   140.54289
265.0   174.30540
266.0   178.14718
267.0   171.42226
268.0   170.53175
269.0   115.87257
270.0   178.03888
271.0   149.89837
272.0   168.76958
273.0   167.02855
274.0   163.73868
275.0   162.61032
276.0   172.03115
277.0   161.88293
278.0   154.04617
279.0   168.27427
280.0   175.25671
281.0   137.88700
282.0   179.00589
283.0   131.84357
284.0   171.46067
285.0   137.40948
286.0   178.12688
287.0   161.67064
288.0   156.23125
289.0   174.96789
290.0   176.93674
291.0   174.06552
292.0   165.12717
293.0   167.13972
294.0   157.36816
295.0   150.19318
296.0   170.69458
297.0   151.70533
298.0   176.71013
299.0   165.48270
300.0   143.78449
301.0   163.68785
302.0   156.65634
303.0   179.11055
304.0   169.92959
305.0   177.94539
306.0   140.71626
307.0   163.72296
308.0   176.32583
309.0   154.76748
310.0   155.39544
311.0   152.52086
312.0   152.92601
313.0   163.73219
314.0   168.26778
315.0   172.92578
316.0   165.55551
317.0   173.58549
318.0   144.24190
319.0   170.94065
320.0   126.73898
321.0   161.46005
322.0   158.61554
323.0   170.81697
324.0   175.22018
325.0   169.93791
326.0   172.02124
327.0   170.27440
328.0   179.77846
329.0   158.21254
330.0   178.78126
331.0   146.57270
332.0   158.49320
333.0   158.91184
334.0   179.70777
335.0   178.07615
336.0   149.54568
337.0   176.22564
338.0   170.09705
339.0   171.70866
340.0   160.52793
341.0   178.37216
342.0   165.19849
343.0   143.80541
344.0   174.42299
345.0   175.36391
346.0   179.58792
347.0   168.88570
348.0   169.41311
349.0   172.40608
350.0   168.95515
351.0   164.77187
352.0   173.43408
353.0   175.73613
354.0   169.69320
355.0   148.46201
356.0   179.90546
357.0   141.83558
358.0   163.04484
359.0   161.43450
360.0   170.35980
361.0   136.21239
362.0   159.16997
363.0   140.52417
364.0   165.52146
365.0   173.66450
366.0   170.56535
367.0   153.77340
368.0   171.90627
369.0   133.05925
370.0   175.06794
371.0   166.73537
372.0   151.67761
373.0   177.30161
374.0   175.45046
375.0   171.40529
376.0   168.47536
377.0   146.07829
378.0   175.13706
379.0   176.75036
380.0   174.55917
381.0   168.50445
382.0   173.83961
383.0   176.70157
384.0   145.14867
385.0   177.61760
386.0   178.97233
387.0   178.70063
388.0   160.07908
389.0   163.92734
390.0   152.92987
391.0   170.67148
392.0   169.59818
393.0   175.17514
394.0   176.47379
395.0   160.14001
396.0   155.42106
397.0   121.37778
398.0   159.22670
399.0   161.15172
400.0   157.75689
401.0   131.82639
402.0   175.17981
403.0   149.63509
404.0   162.08498
405.0   174.79606
406.0   164.92131
407.0   177.79915
408.0   172.84162
409.0   172.35396
410.0   173.38707
411.0   173.93946
412.0   158.00320
413.0   178.52642
414.0   163.55713
415.0   172.30949
416.0   176.78455
417.0   176.36565
418.0   149.81506
419.0   169.78012
420.0   167.62519
421.0   157.85160
422.0   151.04371
423.0   151.15574
424.0   170.13371
425.0   175.23616
426.0   145.14847
427.0   155.68766
428.0   172.14624
429.0   179.79097
430.0   176.40490
431.0   157.16133
432.0   174.79976
433.0   178.02727
434.0   173.67095
435.0   162.88635
436.0   147.36384
437.0   166.98730
438.0   164.11110
439.0   162.83361
440.0   166.99106
441.0   178.65821
442.0   177.16587
443.0   178.12231
444.0   169.05645
445.0   167.71671
446.0   175.73677
447.0   153.62803
448.0   169.37678
449.0   151.85532
450.0   111.53681
451.0   169.33810
452.0   166.68780
453.0   177.07112
454.0   174.85209
455.0   178.96708
456.0   163.57342
457.0   171.24349
458.0   175.69081
459.0   162.96362
460.0   167.44173
461.0   154.90483
462.0   167.26014
463.0   166.20199
464.0   152.47682
465.0   177.82188
466.0   148.80836
467.0   160.49933
468.0   149.35950
469.0   156.39807
470.0   167.18818
471.0   156.64785
472.0   146.60905
473.0   157.88573
474.0   157.13649
475.0   172.36696
476.0   168.80658
477.0   166.82125
478.0   174.40093
479.0   165.51441
480.0   172.23660
481.0   168.24434
482.0   175.90263
483.0   177.36436
484.0   167.70191
485.0   122.25701
486.0   175.02355
487.0   177.32149
488.0   178.21636
489.0   178.87021
490.0   155.12734
491.0   175.18924
492.0   172.48857
493.0   150.40185
494.0   176.60280
495.0   173.82856
496.0   142.18255
497.0   163.93723
498.0   163.10816
499.0   173.93869
500.0   128.58314
