  2.0    89.47144
  6.0   101.90660
  8.0    79.06033
 11.0    82.45513
 12.0    85.00583
 13.0    61.04816
 15.0    75.38714
 16.0    82.82514
 19.0    69.72938
 20.0    88.47226
 21.0    93.65501
 22.0    82.25528
 23.0    85.52953
 27.0    85.02347
 29.0    88.95939
 31.0    97.51731
 32.0    98.18803
 33.0    84.25247
 36.0    84.29949
 37.0    82.49860
 39.0    87.33077
 40.0    84.31797
 41.0    78.24418
 42.0    73.38109
 44.0    87.49842
 46.0    93.31325
 48.0    74.32337
 49.0    89.53880
 50.0    88.51486
 51.0    57.41286
 52.0    55.11725
 53.0    65.03734
 55.0    81.66006
 56.0    87.87288
 59.0    86.26946
 60.0    89.68332
 61.0    80.10382
 62.0    57.98263
 64.0    77.60471
 65.0    77.07852
 67.0    82.43282
 69.0    96.02682
 72.0    82.91347
 74.0    88.37104
 77.0    62.83701
 81.0    87.45236
 82.0    63.83565
 86.0    95.04551
 93.0    73.92723
 96.0    83.72709
 97.0   102.92523
 98.0    99.39108
 99.0    77.13020
101.0    86.69414
102.0    64.75608
105.0    79.94026
106.0    84.52715
108.0    82.55712
109.0    85.44680
112.0    74.81820
114.0    86.40597
115.0    64.56311
118.0   102.85601
119.0    88.09341
121.0   103.44163
122.0    61.90896
125.0    84.09160
126.0    89.23651
129.0    69.35940
130.0    55.35104
131.0    87.37602
133.0    63.64798
135.0    81.83499
136.0    82.38885
137.0    87.37906
138.0    86.36094
140.0    76.77518
141.0    74.18368
145.0    84.85324
146.0    61.13624
147.0    91.55801
149.0    87.66071
150.0    91.65673
152.0    85.10247
153.0    76.71269
154.0    77.68745
156.0    52.88832
158.0    81.20935
159.0    79.56199
163.0    92.10176
164.0    84.40363
167.0    89.39817
168.0    95.35861
169.0    88.82138
170.0    82.67329
171.0    83.63009
174.0    74.77751
175.0    82.45178
179.0    82.10284
183.0    75.45884
184.0    66.83180
185.0    61.05331
186.0    86.92867
189.0    88.98924
190.0    90.96596
192.0    92.02298
194.0    69.81941
196.0    83.30837
197.0    81.10166
198.0    76.92976
199.0    79.73010
200.0    77.69570
201.0    86.15284
203.0    72.93455
204.0    73.55564
206.0    87.92531
207.0    66.36049
208.0    48.33772
210.0    82.78325
212.0    91.30863
213.0    81.56808
215.0    89.29733
218.0    71.70969
221.0    57.67961
222.0    68.07129
223.0    79.90842
227.0    83.73785
228.0    68.24983
229.0    95.31008
230.0    52.63650
232.0    71.86786
234.0    98.35468
235.0    79.91130
236.0    70.97067
237.0    80.53150
239.0    76.21570
241.0    82.20031
243.0    92.84651
244.0    61.95521
246.0    66.47206
247.0    71.39467
251.0    75.65692
253.0    70.92305
254.0    36.05563
255.0    82.70862
258.0    74.34384
261.0    83.42660
263.0    76.58415
265.0    65.92010
266.0    94.40305
268.0    84.29529
269.0    84.20455
271.0    82.56323
276.0    87.77747
277.0    92.71221
278.0    80.06420
279.0    44.72180
281.0    84.98859
283.0    68.05019
284.0    45.96515
288.0    65.55335
289.0    37.34808
290.0    86.43524
291.0    90.83141
292.0    85.25048
293.0    50.67467
297.0   101.60213
299.0    98.63140
303.0    76.93032
306.0    78.51764
307.0    87.61402
308.0    60.18697
312.0    94.36107
316.0    84.88389
317.0    71.96574
319.0    65.35626
320.0    73.61403
321.0    72.11640
322.0    68.34526
323.0    88.42429
324.0    89.80016
327.0    88.60643
328.0    65.49801
332.0    62.92701
335.0    61.83392
337.0    78.99500
338.0    50.07010
339.0    87.18457
342.0    90.10614
343.0    88.43857
344.0    79.90347
345.0    67.78613
346.0    77.64036
349.0    85.69307
350.0    53.96543
351.0    79.93469
352.0    82.70691
353.0    77.94196
355.0    90.99588
357.0    87.06883
359.0    70.64448
360.0    74.31606
361.0    80.78706
362.0    59.75588
364.0    80.54336
366.0    85.23955
367.0    68.13973
368.0    69.19512
370.0    96.73164
372.0    88.76273
377.0    87.72778
383.0    77.80396
384.0    79.47342
386.0    97.75571
387.0    62.08867
389.0    82.67827
390.0    76.83538
391.0    60.66220
393.0    70.01430
395.0    91.57591
399.0    53.13123
400.0    65.90340
401.0    88.16377
402.0    88.67032
403.0    44.45765
405.0    90.07395
409.0    84.16412
410.0    76.09281
412.0    81.80360
413.0    87.71926
414.0    66.84495
416.0    63.85098
418.0    88.00736
420.0    87.80855
421.0    81.63452
423.0    90.56626
424.0    85.15010
427.0    49.36051
428.0    64.45935
429.0    53.89562
431.0    87.90874
433.0    84.45146
434.0    64.86044
437.0    88.29329
441.0    84.23404
444.0    55.43507
446.0    79.82224
447.0    88.04095
449.0    92.47090
452.0    78.80849
455.0    75.14197
458.0    83.17341
459.0    78.00517
460.0    94.45177
461.0    89.83452
462.0    74.46786
464.0    75.73386
468.0    63.82812
469.0    81.99479
474.0    88.58369
475.0    86.00651
480.0    65.68845
484.0    91.68348
487.0    94.05716
488.0    86.66601
491.0    78.86406
492.0    84.82949
497.0    86.15842
498.0    91.01671
499.0    92.41947
500.0    88.76290
