  2.0   167.75000
  6.0   154.00000
  8.0   260.50000
 11.0    68.75000
 12.0    63.75000
 13.0    91.75000
 15.0    20.50000
 16.0    32.50000
 19.0   133.75000
 20.0   176.25000
 21.0   130.00000
 22.0    59.00000
 23.0   196.50000
 27.0    45.75000
 29.0    55.50000
 31.0   316.50000
 32.0   224.75000
 33.0    35.25000
 36.0    52.25000
 37.0    57.25000
 39.0   259.25000
 40.0    42.00000
 41.0   163.00000
 42.0   170.25000
 44.0    50.75000
 46.0   251.00000
 48.0   132.00000
 49.0   120.00000
 50.0    49.50000
 51.0    73.00000
 52.0    98.00000
 53.0   136.50000
 55.0   114.50000
 56.0    47.75000
 59.0    48.50000
 60.0   114.00000
 61.0    47.00000
 62.0    82.25000
 64.0    64.00000
 65.0   150.50000
 67.0    72.75000
 69.0    51.50000
 72.0    60.75000
 74.0    52.25000
 77.0    21.75000
 81.0    43.00000
 82.0    80.00000
 86.0   164.50000
 93.0   108.50000
 96.0    52.75000
 97.0   222.50000
 98.0   235.50000
 99.0   195.50000
101.0    38.50000
102.0    74.25000
105.0    39.00000
106.0    49.50000
108.0    25.25000
109.0   248.00000
112.0   142.50000
114.0    39.25000
115.0    61.75000
118.0   240.75000
119.0   241.50000
121.0   365.25000
122.0   177.75000
125.0    48.75000
126.0    50.75000
129.0    48.25000
130.0    80.50000
131.0    49.25000
133.0    70.50000
135.0   134.25000
136.0    47.75000
137.0   140.75000
138.0    39.25000
140.0    34.25000
141.0    69.25000
145.0    43.25000
146.0    72.00000
147.0   183.75000
149.0    50.00000
150.0   127.25000
152.0    22.25000
153.0    74.00000
154.0    79.25000
156.0    63.75000
158.0    25.75000
159.0    64.25000
163.0   143.25000
164.0    51.75000
167.0   150.75000
168.0   152.00000
169.0    61.50000
170.0    35.75000
171.0   145.25000
174.0    41.50000
175.0    78.50000
179.0    42.50000
183.0    84.00000
184.0   138.25000
185.0   103.00000
186.0    62.25000
189.0    52.00000
190.0   231.75000
192.0   244.50000
194.0   124.00000
196.0    54.50000
197.0    36.75000
198.0    31.25000
199.0    32.75000
200.0   131.25000
201.0    81.00000
203.0   249.00000
204.0   300.25000
206.0    40.75000
207.0    79.00000
208.0   100.75000
210.0   120.75000
212.0    46.75000
213.0    45.50000
215.0    43.50000
218.0    69.50000
221.0    84.75000
222.0   103.00000
223.0   122.50000
227.0    37.50000
228.0    78.75000
229.0   169.50000
230.0    99.00000
232.0   105.25000
234.0   270.25000
235.0   123.50000
236.0    64.00000
237.0    31.50000
239.0   255.25000
241.0    47.75000
243.0   171.25000
244.0   112.50000
246.0   117.00000
247.0    56.25000
251.0    52.75000
253.0   194.25000
254.0   167.25000
255.0    67.50000
258.0   193.75000
261.0    46.75000
263.0   167.50000
265.0    85.25000
266.0   238.75000
268.0    44.50000
269.0    39.25000
271.0    35.00000
276.0   163.50000
277.0   157.50000
278.0    69.25000
279.0    78.75000
281.0    59.25000
283.0    67.25000
284.0    97.75000
288.0    81.25000
289.0   101.25000
290.0    74.75000
291.0    64.75000
292.0    29.75000
293.0    88.25000
297.0   273.00000
299.0   261.50000
303.0    50.25000
306.0   122.75000
307.0   231.25000
308.0   173.25000
312.0   185.75000
316.0    58.50000
317.0    49.75000
319.0    54.50000
320.0   170.50000
321.0   153.25000
322.0    58.50000
323.0    41.75000
324.0   141.00000
327.0   220.00000
328.0    86.75000
332.0   101.25000
335.0    90.50000
337.0   169.50000
338.0   268.25000
339.0   134.25000
342.0   194.50000
343.0    32.50000
344.0   127.50000
345.0   142.50000
346.0    57.75000
349.0    25.00000
350.0    85.00000
351.0    60.50000
352.0    40.75000
353.0    78.25000
355.0    53.25000
357.0    43.00000
359.0   192.50000
360.0   121.75000
361.0    36.25000
362.0   167.75000
364.0    44.00000
366.0    48.50000
367.0    68.00000
368.0   276.00000
370.0   197.75000
372.0   227.00000
377.0    54.00000
383.0   160.50000
384.0   111.00000
386.0   263.50000
387.0   162.75000
389.0    45.50000
390.0   275.75000
391.0    68.75000
393.0   101.75000
395.0   247.50000
399.0   106.25000
400.0   279.00000
401.0   243.75000
402.0    68.00000
403.0    91.00000
405.0   241.25000
409.0    34.75000
410.0    32.25000
412.0    65.50000
413.0   188.25000
414.0   102.75000
416.0   113.75000
418.0   146.75000
420.0    49.75000
421.0    29.75000
423.0    50.50000
424.0    69.25000
427.0    85.75000
428.0    91.50000
429.0    81.00000
431.0    29.00000
433.0    53.25000
434.0    50.00000
437.0   282.25000
441.0    54.00000
444.0    56.25000
446.0    58.25000
447.0    38.50000
449.0    35.50000
452.0    82.50000
455.0    74.25000
458.0    44.50000
459.0    46.75000
460.0   269.75000
461.0    51.50000
462.0    32.50000
464.0   268.00000
468.0   151.00000
469.0    37.50000
474.0    86.50000
475.0    47.25000
480.0    77.25000
484.0   189.00000
487.0   346.75000
488.0    34.25000
491.0   252.50000
492.0    51.50000
497.0    47.00000
498.0   266.00000
499.0    36.00000
500.0    57.75000
