  1.0    98.01926
  3.0    88.70264
  4.0    85.67111
  5.0    90.51488
  7.0    98.13730
  9.0    88.24563
 10.0   116.83632
 14.0    89.69553
 17.0    89.42785
 18.0   102.30901
 24.0    90.40713
 25.0    97.56470
 26.0    86.09516
 28.0   129.11015
 30.0   145.65313
 34.0    89.72625
 35.0    93.23012
 38.0    86.47189
 43.0    92.27331
 45.0    88.25482
 47.0   100.56254
 54.0    95.94057
 57.0   154.80172
 58.0   127.12157
 63.0   103.03937
 66.0   105.69847
 68.0    88.45316
 70.0    81.81034
 71.0    85.46732
 73.0   115.24751
 75.0    82.94370
 76.0    92.33957
 78.0    96.88224
 79.0    86.10346
 80.0    90.49904
 83.0    89.76133
 84.0    98.56255
 85.0    84.38596
 87.0   113.59225
 88.0    93.14423
 89.0    92.27614
 90.0     6.68298
 91.0    86.78714
 92.0    92.98930
 94.0    83.16799
 95.0    85.41276
100.0    85.59539
103.0    86.60982
104.0    85.54746
107.0    84.25811
110.0    84.89346
111.0   118.19613
113.0    99.51005
116.0    87.25681
117.0    88.60053
120.0    89.52761
123.0    82.72926
124.0    84.46900
127.0    87.41665
128.0    98.56287
132.0    86.95680
134.0    87.04534
139.0    83.90091
142.0    91.77417
143.0   101.24081
144.0    89.54340
148.0    92.68573
151.0    85.38554
155.0    85.54153
157.0    87.91943
160.0    84.65404
161.0    83.39330
162.0    84.60809
165.0    89.79224
166.0    91.60467
172.0    86.58642
173.0    84.51872
176.0    86.43982
177.0    85.21684
178.0    97.01408
180.0   102.23866
181.0    81.92041
182.0    90.58365
187.0   113.07573
188.0    78.17809
191.0    87.89166
193.0   106.31554
195.0    93.90871
202.0    82.93129
205.0    84.84571
209.0   108.29713
211.0    82.85027
214.0    85.82791
216.0   111.48469
217.0   108.28849
219.0   135.66134
220.0    84.40256
224.0    79.39384
225.0    81.77028
226.0    91.88641
231.0   100.72212
233.0    84.43720
238.0    86.65994
240.0   107.97524
242.0    92.11417
245.0    88.12302
248.0    88.31612
249.0    87.89157
250.0    87.88685
252.0    81.81302
256.0    97.67304
257.0   106.65246
259.0    76.37749
260.0    87.49370
262.0    94.49060
264.0    75.49436
267.0    95.60194
270.0    87.55452
272.0    98.75584
273.0    97.79931
274.0    89.86210
275.0    91.05581
280.0    90.00612
282.0   109.42515
285.0    94.10285
286.0   122.89635
287.0    88.18265
294.0    90.89324
295.0    88.97244
296.0    86.68678
298.0    88.67448
300.0    89.48025
301.0    82.31207
302.0    87.81105
304.0    87.28170
305.0    92.43631
309.0    84.85942
311.0   110.05200
313.0    85.04578
314.0    88.07369
315.0    85.70214
318.0    92.05454
325.0   102.97400
326.0   114.10724
329.0    86.04358
330.0    76.99131
331.0    80.96151
333.0    94.87855
334.0    87.38484
336.0    88.67626
340.0    86.12125
341.0    86.59574
347.0    89.06803
348.0    88.10715
354.0    88.63296
356.0    91.44848
358.0    93.20268
363.0    87.93189
365.0    83.47482
369.0    95.66698
371.0    91.26906
373.0    86.59448
374.0    83.73750
375.0    90.88209
376.0    82.98622
378.0    95.88008
379.0    83.77167
380.0    93.21425
381.0    83.38423
382.0    92.88943
385.0   100.18273
388.0    82.56540
392.0    94.27919
394.0    84.29466
396.0    92.77389
397.0    87.64688
398.0    86.57142
404.0    87.38194
406.0    86.67260
407.0    93.05028
408.0    99.25369
411.0    83.10863
415.0   100.79221
417.0    89.05268
419.0    93.20064
422.0    97.62290
425.0    90.68524
426.0    81.83865
430.0   119.76784
432.0    85.71908
435.0    83.43670
436.0    99.55686
438.0   103.31313
439.0    88.44568
440.0    86.43670
442.0    85.15598
443.0    87.05120
445.0    90.70282
448.0    88.70671
450.0    78.18450
451.0    91.97142
453.0    94.96334
454.0    91.93444
456.0    88.61800
457.0    85.29655
463.0    82.29568
465.0    83.37161
466.0    93.51662
467.0    90.02235
470.0    79.39656
471.0    91.09530
472.0    83.16572
473.0    85.94567
476.0    90.12095
477.0    94.84452
478.0    86.30163
479.0    87.39489
481.0    81.97004
482.0    86.15345
483.0    84.93802
485.0    96.33223
486.0    88.64789
489.0    82.33119
490.0    82.92984
493.0   106.99499
494.0    96.33322
495.0    94.07769
496.0    90.29243
