  1.0   338.50000
  3.0   218.00000
  4.0    31.25000
  5.0    21.50000
  7.0   234.00000
  9.0   126.50000
 10.0   299.50000
 14.0    23.25000
 17.0   130.00000
 18.0   180.75000
 24.0    27.00000
 25.0    37.00000
 26.0    23.50000
 28.0   528.25000
 30.0   505.00000
 34.0    22.25000
 35.0   122.50000
 38.0    27.75000
 43.0   125.00000
 45.0    24.25000
 47.0   269.75000
 54.0   202.25000
 57.0   386.75000
 58.0   394.50000
 63.0   219.00000
 66.0   133.00000
 68.0   119.75000
 70.0    27.00000
 71.0    31.50000
 73.0   318.25000
 75.0    27.50000
 76.0    42.25000
 78.0   265.50000
 79.0   114.00000
 80.0    27.50000
 83.0    24.25000
 84.0    29.25000
 85.0    34.25000
 87.0   398.00000
 88.0   216.75000
 89.0   128.50000
 90.0   216.50000
 91.0    23.75000
 92.0    41.50000
 94.0    30.50000
 95.0    27.50000
100.0    27.00000
103.0    32.00000
104.0    28.25000
107.0    32.00000
110.0    30.50000
111.0   193.00000
113.0   377.50000
116.0    30.00000
117.0   115.25000
120.0    30.50000
123.0    35.50000
124.0    21.50000
127.0   131.00000
128.0   158.25000
132.0    27.00000
134.0    29.25000
139.0    35.75000
142.0   219.00000
143.0   363.75000
144.0   126.25000
148.0    28.00000
151.0    26.25000
155.0    29.25000
157.0    24.00000
160.0    29.75000
161.0    28.75000
162.0    23.50000
165.0    29.50000
166.0    25.25000
172.0    24.00000
173.0    28.50000
176.0   208.00000
177.0    25.25000
178.0    44.75000
180.0    97.75000
181.0    29.75000
182.0    28.75000
187.0   208.75000
188.0   119.25000
191.0    23.75000
193.0   145.25000
195.0    51.25000
202.0    27.25000
205.0    25.00000
209.0   434.25000
211.0    27.25000
214.0    28.00000
216.0   203.25000
217.0   354.00000
219.0   410.75000
220.0    40.25000
224.0   203.50000
225.0    23.25000
226.0   222.25000
231.0   383.50000
233.0    26.50000
238.0    28.75000
240.0   319.50000
242.0   211.50000
245.0    31.50000
248.0   202.75000
249.0    26.00000
250.0    35.25000
252.0   117.50000
256.0   202.25000
257.0    42.75000
259.0    32.25000
260.0    23.50000
262.0    37.75000
264.0   822.75000
267.0   274.25000
270.0    29.75000
272.0   234.50000
273.0   142.50000
274.0   195.25000
275.0   120.75000
280.0    64.00000
282.0   256.50000
285.0    50.00000
286.0   643.25000
287.0    27.25000
294.0   119.25000
295.0   126.50000
296.0    26.00000
298.0   216.50000
300.0    44.00000
301.0    28.25000
302.0    24.00000
304.0    24.00000
305.0   220.50000
309.0    21.50000
311.0   316.50000
313.0    31.50000
314.0    24.50000
315.0    30.00000
318.0   284.75000
325.0   289.00000
326.0   354.75000
329.0   230.75000
330.0    20.75000
331.0   119.75000
333.0    31.25000
334.0    23.75000
336.0    26.75000
340.0    27.00000
341.0    26.25000
347.0   210.25000
348.0    33.50000
354.0    24.00000
356.0    43.00000
358.0   125.00000
363.0    25.50000
365.0    28.75000
369.0   345.75000
371.0    29.00000
373.0    29.50000
374.0    35.00000
375.0    50.00000
376.0    45.00000
378.0    35.00000
379.0    29.25000
380.0    26.00000
381.0    26.75000
382.0    83.75000
385.0   119.00000
388.0    29.75000
392.0   124.50000
394.0    39.75000
396.0   186.25000
397.0    30.00000
398.0    35.50000
404.0    89.25000
406.0   211.75000
407.0    31.75000
408.0   196.50000
411.0    23.75000
415.0   306.50000
417.0    21.50000
419.0   216.25000
422.0   203.50000
425.0    32.75000
426.0    30.50000
430.0   223.75000
432.0    26.00000
435.0    25.75000
436.0    34.25000
438.0   261.50000
439.0    24.00000
440.0    29.25000
442.0   113.75000
443.0    25.75000
445.0   216.00000
448.0    28.75000
450.0    26.00000
451.0    23.50000
453.0   110.00000
454.0   208.75000
456.0    32.00000
457.0    23.00000
463.0    30.75000
465.0    29.50000
466.0   284.25000
467.0    23.75000
470.0    24.25000
471.0    31.00000
472.0    25.25000
473.0   115.75000
476.0   123.00000
477.0    45.50000
478.0   106.75000
479.0    24.00000
481.0    24.00000
482.0   114.00000
483.0    41.75000
485.0    32.75000
486.0    24.75000
489.0    36.25000
490.0    21.50000
493.0   217.25000
494.0    55.75000
495.0   174.50000
496.0   206.00000
