  8.0    85.00527
 10.0    94.79771
 11.0    75.89216
 13.0    88.91848
 14.0    75.58246
 15.0    90.27794
 18.0    88.27861
 23.0    69.93295
 25.0    96.34486
 30.0    94.26028
 32.0    85.87393
 34.0    89.84341
 35.0    91.10404
 36.0    90.54078
 37.0    42.08234
 38.0    92.50615
 41.0    81.61541
 42.0    65.92787
 44.0    72.59265
 46.0    76.59642
 48.0    87.22405
 49.0    61.40816
 51.0    94.77126
 52.0    79.80668
 54.0    91.77248
 56.0    82.97128
 57.0    76.78677
 58.0    87.41689
 59.0    86.01545
 60.0    86.92475
 61.0    80.54279
 63.0    87.06760
 65.0    85.54838
 69.0    85.31194
 71.0    77.18806
 72.0    89.90776
 75.0    52.40378
 77.0    56.74860
 78.0    80.79825
 79.0    88.40784
 80.0    50.21652
 81.0    85.52389
 82.0    84.82037
 86.0    86.71226
 88.0    82.28642
 90.0    89.28802
 91.0    84.95103
 92.0    90.72139
 94.0    92.24039
 96.0    95.52940
 99.0    88.97734
100.0    92.89030
102.0    73.43235
103.0    90.50857
107.0    88.70222
108.0    77.84742
110.0    48.55025
112.0    86.47898
113.0    91.49280
114.0    87.39060
117.0    85.14988
120.0    89.18273
121.0    81.25164
122.0    58.51844
123.0    72.12474
124.0    91.16863
126.0    73.74431
127.0    66.01696
128.0    86.95538
130.0    88.91976
131.0    65.06337
132.0    85.30421
133.0    99.10325
136.0    85.30086
137.0    63.71843
138.0    82.26769
140.0    93.25168
144.0    90.45005
146.0    84.36010
147.0    88.91131
148.0    85.47472
151.0    57.76206
153.0    85.78111
154.0    87.92293
157.0    83.07748
158.0    93.21542
159.0    53.82976
162.0    72.82616
163.0    71.83648
165.0    83.34622
167.0    78.50687
169.0    80.59878
170.0    82.52504
171.0    92.60509
173.0    62.27759
174.0    75.62382
175.0    84.08459
178.0    79.34471
179.0    88.73768
184.0    87.73929
189.0    84.83166
190.0    85.30469
191.0    95.47850
192.0    55.41800
196.0    93.82042
202.0    87.55230
203.0    57.39766
204.0    69.65559
206.0    65.02326
208.0    95.37718
212.0    88.05301
214.0    91.04027
215.0    85.68719
217.0    77.52498
219.0    80.30044
222.0    87.83477
225.0    85.67948
226.0    79.00323
227.0    50.51969
229.0    86.69008
230.0    84.21895
233.0    56.58929
235.0    63.99879
237.0    59.89736
238.0    90.41857
239.0    69.62900
240.0    87.64150
241.0    86.51948
242.0    86.64733
244.0    86.08152
245.0    88.78847
246.0    63.52717
247.0    87.47419
250.0    83.61373
254.0   104.64972
255.0    93.61487
256.0    93.70258
260.0    90.20361
265.0    86.90625
266.0    90.73344
268.0    86.98031
269.0    87.78161
270.0    84.53378
272.0    78.36175
273.0    76.59905
277.0    61.19898
279.0    73.81121
280.0    67.93015
281.0    77.13036
282.0    95.75314
285.0    68.99364
286.0    82.28392
287.0    68.16707
292.0    82.37645
294.0    87.23392
295.0    81.16678
300.0    82.23707
301.0    72.19338
303.0    88.91359
304.0    90.36068
305.0    79.99012
307.0    99.73050
308.0    85.14222
309.0    86.40984
315.0    80.33482
320.0    88.39346
321.0    86.65953
325.0    86.68537
326.0    72.35441
328.0    98.00871
329.0    82.24327
331.0    88.86038
333.0    91.52873
334.0    89.17032
336.0    88.17672
337.0    77.50396
338.0    84.78016
344.0    72.00255
346.0    94.30243
347.0    83.73567
348.0    87.79008
349.0    85.15634
352.0    88.84597
353.0    89.50072
354.0    57.38938
356.0    74.35502
357.0    81.09009
358.0    90.38593
359.0    82.06704
360.0    92.12499
363.0    79.72005
367.0    88.50559
368.0    62.48901
370.0    50.07802
373.0    71.07311
375.0    86.02613
376.0    79.02553
381.0    62.53595
382.0    88.24635
383.0    87.13817
385.0    80.30652
386.0    61.01587
387.0    76.17260
390.0    76.91997
392.0    87.84398
393.0    78.76299
394.0    86.79402
397.0    71.20619
399.0    88.29087
401.0    50.90843
404.0    81.13141
405.0    83.81432
406.0    50.76195
407.0    62.91376
408.0   104.08498
409.0    81.32878
411.0    54.22832
412.0    90.81984
413.0    52.00949
414.0    86.65349
416.0    83.14861
417.0    62.97403
418.0    75.35612
421.0    94.17469
423.0    86.71837
426.0    42.18651
427.0    87.12791
428.0   102.59781
429.0    83.39123
434.0    71.42365
435.0    79.62209
439.0    77.12332
440.0    84.40611
442.0    84.36366
443.0    83.88067
445.0    84.17728
450.0    95.20584
451.0    90.10596
453.0    64.08781
455.0    71.09162
456.0    77.70505
457.0    68.28056
458.0    57.44871
463.0    79.93876
464.0    96.64055
466.0    92.13635
467.0    88.94601
469.0    86.11799
470.0    88.30405
471.0    87.88587
472.0    66.23681
473.0    85.26356
476.0    75.12701
477.0    86.04321
478.0    60.49380
479.0    62.73429
483.0    57.33091
485.0    69.13142
488.0    69.56333
490.0    81.55575
491.0   102.61840
493.0    85.90476
496.0    91.19808
497.0    80.44833
498.0    86.54735
499.0    84.51200
500.0    88.84630
