  8.0    44.50000
 10.0    44.75000
 11.0    77.00000
 13.0    54.75000
 14.0    56.25000
 15.0   235.75000
 18.0    35.00000
 23.0   208.00000
 25.0   168.00000
 30.0   125.00000
 32.0   138.00000
 34.0    29.00000
 35.0   143.00000
 36.0    45.75000
 37.0    93.75000
 38.0   132.00000
 41.0    46.75000
 42.0   208.75000
 44.0   179.75000
 46.0    34.50000
 48.0    41.75000
 49.0    56.00000
 51.0    55.50000
 52.0    55.25000
 54.0    52.25000
 56.0   135.75000
 57.0    54.25000
 58.0    63.50000
 59.0    36.25000
 60.0    52.50000
 61.0    49.75000
 63.0   208.75000
 65.0    57.25000
 69.0    27.00000
 71.0   134.25000
 72.0    50.75000
 75.0    66.75000
 77.0    76.50000
 78.0    34.75000
 79.0    52.75000
 80.0   106.00000
 81.0   163.50000
 82.0   151.25000
 86.0    54.25000
 88.0   144.50000
 90.0   203.50000
 91.0    68.00000
 92.0   141.50000
 94.0   158.50000
 96.0    38.75000
 99.0   188.25000
100.0    44.25000
102.0   192.00000
103.0    59.25000
107.0    46.75000
108.0    58.50000
110.0   101.00000
112.0    25.75000
113.0    58.75000
114.0   138.00000
117.0   118.50000
120.0    58.00000
121.0   227.25000
122.0    60.75000
123.0    53.00000
124.0   149.25000
126.0    61.25000
127.0    87.25000
128.0    47.00000
130.0    53.50000
131.0    79.50000
132.0    58.75000
133.0   316.75000
136.0    42.25000
137.0    59.25000
138.0    44.50000
140.0    63.50000
144.0    45.50000
146.0   184.50000
147.0    54.00000
148.0    79.00000
151.0    76.75000
153.0   180.00000
154.0    36.25000
157.0   141.25000
158.0   134.50000
159.0    87.50000
162.0    94.50000
163.0   120.75000
165.0    69.25000
167.0   207.50000
169.0   138.75000
170.0    61.25000
171.0   121.50000
173.0   114.50000
174.0    25.00000
175.0    53.50000
178.0   131.50000
179.0    59.50000
184.0    53.75000
189.0    54.00000
190.0   219.00000
191.0   157.50000
192.0    98.75000
196.0    52.00000
202.0   155.75000
203.0    84.75000
204.0    65.50000
206.0    82.25000
208.0    52.00000
212.0   142.50000
214.0   196.50000
215.0    24.25000
217.0    49.25000
219.0    65.50000
222.0    45.25000
225.0    67.25000
226.0    47.00000
227.0   124.50000
229.0    54.75000
230.0    37.25000
233.0   117.00000
235.0    52.00000
237.0    75.00000
238.0   162.75000
239.0    56.75000
240.0    42.00000
241.0    37.25000
242.0   159.25000
244.0    37.00000
245.0    45.75000
246.0    79.50000
247.0    42.00000
250.0    52.00000
254.0   231.00000
255.0   271.00000
256.0   298.00000
260.0   274.75000
265.0   217.75000
266.0   209.00000
268.0    44.75000
269.0    54.75000
270.0    46.00000
272.0    79.25000
273.0   149.50000
277.0    68.50000
279.0    53.50000
280.0    55.25000
281.0    65.75000
282.0   237.50000
285.0   124.25000
286.0    40.25000
287.0    58.50000
292.0    35.50000
294.0   138.75000
295.0   156.75000
300.0    75.00000
301.0    37.75000
303.0   211.75000
304.0    62.75000
305.0   144.75000
307.0   151.75000
308.0   164.75000
309.0    49.00000
315.0    56.50000
320.0    24.00000
321.0    41.50000
325.0   147.50000
326.0    45.25000
328.0   205.50000
329.0    89.00000
331.0    46.75000
333.0    46.50000
334.0   137.00000
336.0    83.50000
337.0    51.25000
338.0    49.25000
344.0    65.00000
346.0   121.75000
347.0    40.25000
348.0    43.25000
349.0    50.50000
352.0   163.75000
353.0   349.75000
354.0   154.00000
356.0   229.75000
357.0    44.25000
358.0    46.00000
359.0   112.75000
360.0    58.00000
363.0    50.75000
367.0   252.75000
368.0   178.50000
370.0    99.50000
373.0    49.00000
375.0    62.25000
376.0   298.25000
381.0   102.50000
382.0   178.00000
383.0    41.25000
385.0    71.25000
386.0    75.00000
387.0   122.25000
390.0   144.00000
392.0   142.50000
393.0    32.25000
394.0    70.25000
397.0    59.25000
399.0    50.00000
401.0    77.50000
404.0    61.25000
405.0    59.00000
406.0   172.75000
407.0    88.00000
408.0   164.50000
409.0   141.25000
411.0   228.50000
412.0    53.00000
413.0    69.50000
414.0    48.25000
416.0   155.75000
417.0   122.75000
418.0    51.75000
421.0    47.00000
423.0   137.75000
426.0   185.75000
427.0    49.25000
428.0   297.00000
429.0    26.25000
434.0    61.00000
435.0    65.75000
439.0    24.75000
440.0   144.50000
442.0    48.75000
443.0    98.50000
445.0   147.25000
450.0   613.50000
451.0    43.50000
453.0    84.50000
455.0   192.25000
456.0    60.00000
457.0    95.25000
458.0    73.50000
463.0    31.50000
464.0   133.00000
466.0   123.25000
467.0    57.25000
469.0    39.75000
470.0    33.75000
471.0    40.25000
472.0   109.75000
473.0   139.25000
476.0   145.50000
477.0   172.50000
478.0   119.00000
479.0    90.75000
483.0    94.50000
485.0   170.25000
488.0    66.75000
490.0   136.25000
491.0   604.00000
493.0   160.00000
496.0   132.00000
497.0    56.75000
498.0    51.25000
499.0   168.75000
500.0    61.50000
