  1.0   150.50000
  2.0    42.25000
  3.0   169.50000
  4.0    30.25000
  5.0    76.25000
  6.0    43.25000
  7.0   112.75000
  9.0    45.75000
 12.0    27.50000
 16.0   119.25000
 17.0   206.50000
 19.0   165.25000
 20.0    39.25000
 21.0    27.50000
 22.0   131.25000
 24.0    31.00000
 26.0    24.75000
 27.0    25.75000
 28.0   230.00000
 29.0    29.00000
 31.0   187.75000
 33.0   116.75000
 39.0    28.50000
 40.0    27.00000
 43.0    24.50000
 45.0   200.50000
 47.0     0.00000
 50.0    79.75000
 53.0    31.50000
 55.0   285.00000
 62.0    33.75000
 64.0    26.75000
 66.0    29.25000
 67.0   149.00000
 68.0    28.75000
 70.0    26.25000
 73.0   127.50000
 74.0    23.50000
 76.0    26.50000
 83.0    31.75000
 84.0   200.25000
 85.0    28.25000
 87.0   145.50000
 89.0   126.25000
 93.0    36.75000
 95.0   217.25000
 97.0    25.50000
 98.0    25.50000
101.0    31.00000
104.0    22.50000
105.0   129.00000
106.0    24.25000
109.0   599.00000
111.0    30.50000
115.0    42.00000
116.0    87.75000
118.0    23.50000
119.0   301.25000
125.0   145.75000
129.0    32.25000
134.0    25.50000
135.0   260.25000
139.0    33.25000
141.0   144.00000
142.0   176.25000
143.0   131.25000
145.0    37.25000
149.0    29.75000
150.0    30.75000
152.0    28.75000
155.0    26.75000
156.0    25.00000
160.0    37.75000
161.0    24.75000
164.0    24.75000
166.0    23.00000
168.0   188.25000
172.0    30.75000
176.0    32.50000
177.0   126.75000
180.0   250.50000
181.0    23.75000
182.0   142.25000
183.0    36.75000
185.0    27.50000
186.0   175.25000
187.0    26.00000
188.0   182.75000
193.0    27.25000
194.0   122.50000
195.0    26.00000
197.0    36.50000
198.0    30.75000
199.0    30.25000
200.0    32.25000
201.0    52.25000
205.0    29.25000
207.0   128.50000
209.0    28.25000
210.0    37.00000
211.0    28.25000
213.0    26.50000
216.0    25.25000
218.0    28.25000
220.0    58.25000
221.0    29.25000
223.0    32.00000
224.0    25.75000
228.0    25.00000
231.0    52.25000
232.0   322.75000
234.0   126.00000
236.0    27.25000
243.0    26.25000
248.0    78.25000
249.0    39.75000
251.0   137.25000
252.0    29.50000
253.0   378.75000
257.0    25.25000
258.0   141.50000
259.0    31.50000
261.0   125.75000
262.0    39.75000
263.0    33.25000
264.0    39.00000
267.0    61.25000
271.0   131.50000
274.0   128.50000
275.0   295.00000
276.0    28.25000
278.0    25.25000
283.0    25.75000
284.0    30.00000
288.0    35.75000
289.0   344.75000
290.0   122.50000
291.0    28.25000
293.0    29.00000
296.0    26.50000
297.0    35.00000
298.0    21.75000
299.0   133.25000
302.0    24.75000
306.0   133.75000
310.0   142.00000
311.0   360.00000
312.0    38.00000
313.0    32.25000
314.0    25.50000
316.0   197.75000
317.0   119.25000
318.0    26.75000
319.0   154.00000
322.0    24.75000
323.0    36.00000
324.0   376.50000
327.0   202.75000
330.0    30.50000
332.0    33.25000
335.0   142.75000
339.0   194.00000
340.0    22.75000
341.0    25.75000
342.0    27.00000
343.0    26.75000
345.0    24.50000
350.0   132.25000
351.0    30.50000
355.0    35.75000
361.0    36.25000
362.0    37.00000
364.0   158.75000
365.0    32.25000
366.0    53.50000
369.0   126.25000
371.0    40.25000
372.0    25.75000
374.0    22.75000
377.0   149.00000
378.0   202.75000
379.0    85.25000
380.0   190.75000
384.0    25.75000
388.0    28.50000
389.0    24.75000
391.0    30.00000
395.0    23.50000
396.0   256.75000
398.0   162.00000
400.0    36.50000
402.0    20.75000
403.0    51.25000
410.0    61.75000
415.0    30.50000
419.0   133.75000
420.0    60.75000
422.0    25.00000
424.0   251.50000
425.0    31.00000
430.0    48.50000
431.0   459.75000
432.0    27.25000
433.0   187.00000
436.0    27.75000
437.0    41.25000
438.0    25.25000
441.0   131.25000
444.0   737.75000
446.0    46.00000
447.0   131.75000
448.0   133.50000
449.0   305.75000
452.0   211.75000
454.0   325.75000
459.0   126.25000
460.0    23.50000
461.0   136.25000
462.0    29.50000
465.0    35.75000
468.0    47.25000
474.0   541.75000
475.0    34.00000
480.0    33.50000
481.0    29.00000
482.0    27.50000
484.0    37.25000
486.0   131.25000
487.0    26.50000
489.0   149.25000
492.0   103.00000
494.0   247.75000
495.0    26.00000
