  1.0    98.70456
  2.0   100.44559
  3.0    96.71297
  4.0    82.56995
  5.0    93.01054
  6.0    88.75902
  7.0    78.74694
  9.0   101.26462
 12.0    82.75894
 16.0    95.18399
 17.0    94.35771
 19.0    97.58554
 20.0    89.10070
 21.0    89.32935
 22.0    90.68738
 24.0    86.70067
 26.0    81.23407
 27.0    83.70344
 28.0    89.36637
 29.0    86.27219
 31.0    92.75733
 33.0   101.37376
 39.0    85.66534
 40.0    85.93494
 43.0    88.79951
 45.0    89.47243
 47.0    44.52268
 50.0    89.98979
 53.0    87.44346
 55.0   123.02270
 62.0    82.03317
 64.0    90.78926
 66.0    87.91465
 67.0    89.44795
 68.0    86.38520
 70.0    87.96786
 73.0    89.29951
 74.0    87.20120
 76.0    88.22488
 83.0    84.50908
 84.0    90.68023
 85.0    83.37513
 87.0    93.04625
 89.0    87.61597
 93.0    99.91828
 95.0    92.86348
 97.0    83.13272
 98.0    78.34573
101.0    86.68918
104.0    79.23839
105.0    84.51659
106.0    91.02149
109.0    99.90946
111.0    88.75580
115.0    96.02483
116.0   102.79560
118.0    85.62810
119.0   104.17079
125.0   102.33487
129.0    83.30097
134.0    86.25231
135.0    83.28442
139.0    88.65884
141.0   103.35649
142.0    99.71048
143.0    91.34752
145.0    93.47877
149.0    81.63859
150.0    83.52258
152.0    84.08675
155.0    80.52768
156.0    86.96857
160.0    86.57562
161.0    87.37554
164.0    93.72468
166.0    87.11256
168.0    90.89042
172.0    83.39186
176.0    86.72289
177.0    88.22840
180.0   117.41716
181.0    83.56681
182.0    92.03917
183.0    93.59935
185.0    90.37840
186.0    89.43225
187.0    85.31052
188.0    94.78479
193.0    81.61235
194.0    88.62417
195.0    88.03644
197.0    87.18236
198.0    84.34453
199.0    84.69344
200.0    94.10320
201.0    88.46124
205.0    87.23699
207.0    93.20911
209.0    84.66962
210.0    89.82836
211.0    88.04195
213.0    89.17576
216.0    80.63556
218.0    85.57327
220.0    96.01801
221.0    82.29531
223.0    93.19594
224.0    86.87130
228.0    81.59557
231.0    94.65442
232.0   117.53402
234.0    93.04991
236.0    97.16877
243.0    84.60137
248.0    98.83272
249.0    88.96516
251.0    94.83900
252.0    87.13227
253.0   156.94344
257.0    84.09293
258.0    86.78982
259.0    84.25706
261.0    95.64969
262.0    94.64866
263.0    82.14826
264.0    86.45287
267.0   105.17824
271.0    86.27932
274.0    90.08538
275.0    82.19072
276.0    87.77604
278.0    86.00227
283.0    83.87502
284.0    86.55251
288.0   102.23848
289.0    92.16893
290.0    94.73602
291.0    85.18641
293.0    83.25154
296.0    83.64445
297.0    86.89649
298.0    80.65939
299.0    97.41573
302.0    86.10087
306.0    94.94580
310.0   107.95269
311.0    97.39158
312.0    87.35745
313.0    84.67752
314.0    90.41748
316.0    95.75561
317.0    95.37767
318.0    86.68397
319.0   108.59834
322.0    86.13069
323.0    79.99765
324.0   103.49365
327.0    91.79240
330.0    84.48530
332.0    85.21278
335.0    85.10816
339.0    92.78033
340.0    91.64709
341.0    87.09458
342.0    87.42340
343.0    88.43931
345.0    87.74653
350.0    93.01603
351.0    83.90275
355.0   104.28386
361.0    88.81530
362.0    82.57429
364.0    90.87048
365.0    82.52624
366.0    95.89891
369.0    89.90301
371.0    86.43007
372.0    83.43078
374.0    82.05197
377.0    99.78596
378.0    92.55011
379.0    96.16342
380.0    93.36729
384.0    86.66169
388.0    84.47179
389.0    89.32646
391.0    83.45236
395.0    90.45651
396.0    93.17756
398.0    84.31642
400.0    89.28384
402.0    89.41807
403.0    95.38919
410.0    95.83342
415.0    84.31011
419.0    97.57840
420.0    89.73644
422.0    85.77185
424.0   100.44926
425.0    87.32743
430.0    90.10756
431.0   132.73734
432.0    85.58251
433.0    92.57244
436.0    87.81177
437.0    89.51406
438.0    82.08563
441.0    93.70332
444.0    92.10367
446.0    81.55633
447.0    93.30741
448.0    88.99948
449.0   111.03995
452.0    92.58650
454.0   110.53351
459.0    96.46359
460.0    87.56622
461.0    96.33881
462.0    87.34937
465.0    99.73370
468.0    88.92630
474.0   143.13601
475.0   103.42380
480.0    87.22666
481.0    87.74896
482.0    84.52018
484.0    89.44955
486.0    91.10217
487.0    88.27238
489.0   103.47692
492.0    97.04671
494.0   105.60017
495.0    86.76124
