  7.0   446.25000
 10.0   321.50000
 13.0   395.00000
 18.0   300.50000
 23.0   280.25000
 25.0   323.75000
 28.0   381.50000
 30.0   346.75000
 32.0   429.00000
 33.0   271.50000
 40.0   464.25000
 43.0   365.25000
 44.0   231.75000
 46.0   285.25000
 48.0   347.75000
 54.0   272.00000
 57.0   311.75000
 68.0   271.25000
 72.0   481.25000
 73.0   275.25000
 75.0   553.50000
 82.0   539.00000
 87.0   289.75000
 89.0   522.50000
 93.0   329.50000
 94.0   497.00000
100.0   596.75000
103.0   348.50000
104.0   531.50000
107.0   401.00000
109.0   386.00000
113.0   213.00000
118.0   384.50000
122.0   263.75000
126.0   282.00000
127.0   320.50000
128.0   311.00000
131.0     0.00000
135.0   390.75000
137.0   311.25000
141.0   333.25000
143.0   466.75000
145.0   301.00000
151.0   245.75000
153.0   265.75000
155.0   395.75000
156.0   255.25000
158.0   266.50000
164.0   417.00000
167.0   422.75000
172.0   359.50000
173.0   309.75000
183.0   448.00000
184.0   393.25000
196.0   252.75000
197.0   302.75000
198.0   340.50000
199.0   471.75000
201.0   356.75000
202.0   261.50000
205.0   431.25000
207.0   269.75000
211.0   342.75000
212.0   325.50000
213.0   313.75000
214.0   293.50000
217.0   431.75000
220.0   325.25000
225.0   265.75000
231.0   329.00000
233.0   270.25000
236.0   169.25000
237.0   388.75000
240.0   396.25000
241.0   367.75000
246.0   262.50000
253.0   450.75000
255.0   399.75000
258.0   312.00000
259.0   293.50000
261.0   432.25000
265.0   280.50000
267.0   399.25000
275.0   389.00000
276.0   261.25000
278.0   406.75000
281.0   302.75000
282.0   335.75000
284.0   215.25000
288.0   422.00000
289.0   262.50000
292.0   252.50000
295.0   255.75000
296.0   217.00000
299.0   561.00000
304.0   446.00000
311.0   312.50000
316.0   149.00000
318.0   320.00000
324.0   393.25000
325.0   210.50000
326.0   315.00000
330.0   426.00000
336.0   356.75000
347.0   270.75000
348.0   467.75000
352.0   489.50000
353.0   351.00000
356.0   544.75000
357.0   908.50000
367.0   957.00000
368.0   358.25000
375.0   509.25000
378.0   355.75000
379.0   357.50000
386.0   494.00000
390.0   380.25000
391.0   312.25000
392.0   210.25000
395.0   394.00000
397.0   323.75000
398.0   318.25000
403.0   319.25000
405.0   325.25000
407.0   463.25000
409.0   163.75000
411.0   449.75000
421.0   344.00000
422.0   474.25000
427.0   337.50000
434.0   272.75000
436.0   259.50000
440.0   155.00000
448.0   320.50000
449.0   292.25000
451.0   458.00000
461.0   215.25000
462.0   272.75000
464.0   253.50000
465.0   362.50000
473.0   216.00000
474.0   333.50000
478.0   362.25000
479.0   316.00000
484.0   368.75000
486.0   221.25000
491.0   568.00000
492.0   428.00000
494.0   915.50000
496.0   430.50000
