  7.0    98.70210
 10.0    96.46888
 13.0    90.42796
 18.0    94.98704
 23.0   103.00048
 25.0   102.13235
 28.0    98.28793
 30.0   100.04243
 32.0    93.72541
 33.0    97.29031
 40.0    89.53711
 43.0    96.63787
 44.0    95.02460
 46.0    93.72756
 48.0    92.71265
 54.0    99.02952
 57.0    94.27687
 68.0   101.50169
 72.0   105.00668
 73.0    85.65878
 75.0   101.51921
 82.0    89.87270
 87.0    95.25306
 89.0    98.03600
 93.0    94.22811
 94.0    89.74038
100.0    96.24342
103.0    95.14726
104.0    60.16436
107.0    98.48194
109.0    83.79073
113.0    97.04839
118.0    82.26700
122.0   104.12494
126.0    96.35595
127.0    82.02824
128.0    91.60240
131.0    30.59212
135.0    83.16005
137.0    94.59226
141.0    55.89938
143.0    76.83878
145.0    96.02346
151.0    90.93581
153.0   100.83906
155.0    88.92819
156.0    94.06261
158.0    97.52942
164.0    76.87430
167.0    81.99381
172.0    84.95479
173.0    94.88708
183.0    96.01858
184.0    98.82747
196.0    99.36712
197.0    93.16287
198.0    90.78344
199.0    92.40048
201.0   101.63975
202.0    94.08571
205.0    95.32002
207.0    97.91875
211.0    95.09635
212.0    81.58825
213.0   101.75766
214.0   100.63214
217.0    85.80963
220.0    77.06006
225.0    93.04700
231.0    96.60612
233.0    96.05046
236.0   106.46877
237.0   105.72050
240.0    80.26441
241.0    93.89610
246.0    96.90397
253.0    94.11035
255.0    94.27954
258.0    91.71052
259.0    92.45942
261.0    89.86518
265.0    93.19989
267.0    98.20641
275.0   106.32239
276.0    95.98586
278.0    94.51081
281.0    96.00335
282.0    93.99665
284.0    99.85803
288.0   112.08517
289.0    90.36078
292.0    93.30703
295.0    95.44146
296.0   101.59055
299.0    86.40687
304.0    97.69026
311.0    95.00967
316.0   102.25561
318.0    61.21403
324.0    95.81635
325.0   101.80004
326.0    99.23372
330.0    87.92114
336.0    93.73379
347.0    90.90773
348.0    97.88944
352.0    90.63016
353.0    88.35556
356.0    82.45051
357.0   102.41663
367.0    93.59883
368.0   100.04203
375.0    97.33064
378.0   104.67933
379.0    90.78456
386.0    93.89558
390.0    92.45179
391.0    95.40161
392.0   101.81627
395.0    88.08534
397.0    95.51331
398.0    95.15795
403.0    97.51078
405.0    94.39156
407.0    99.82151
409.0   100.19104
411.0    92.02134
421.0    90.25466
422.0    98.94283
427.0    88.98514
434.0   100.90378
436.0   100.29051
440.0   101.93066
448.0    90.51179
449.0    93.16776
451.0   105.09374
461.0    88.86985
462.0    98.64649
464.0    89.41324
465.0    76.57997
473.0    93.41494
474.0    92.18570
478.0    98.92773
479.0    91.40982
484.0    74.60633
486.0    91.98706
491.0    95.33172
492.0    86.42203
494.0    90.02148
496.0    88.68636
