  1.0    91.51092
  2.0   109.67224
  3.0   112.17384
  4.0   110.43238
  5.0    98.07661
  6.0   120.81495
  8.0   106.76150
  9.0   109.79111
 11.0    97.71698
 12.0   146.65218
 14.0    97.85267
 15.0    96.93074
 16.0    98.06947
 17.0   111.30897
 19.0   103.44045
 20.0   110.88683
 21.0   106.75129
 22.0   100.86062
 24.0    95.03540
 26.0    95.86070
 27.0   117.65954
 29.0    93.37101
 31.0   112.77661
 34.0   107.73551
 35.0   112.62608
 36.0   104.38332
 37.0    97.15555
 38.0   108.89638
 39.0   108.24907
 41.0   105.70492
 42.0   109.20091
 45.0   104.03206
 47.0   104.13783
 49.0   110.89350
 50.0   101.02418
 51.0    95.55136
 52.0   104.26315
 53.0   106.49443
 55.0   141.74422
 56.0   102.14245
 58.0    98.54801
 59.0   122.62834
 60.0   105.53031
 61.0   103.57791
 62.0   130.37161
 63.0    96.11536
 64.0   111.57828
 65.0   114.91373
 66.0   108.98942
 67.0   117.40028
 69.0   108.89326
 70.0   107.52823
 71.0   109.54224
 74.0   108.09421
 76.0   105.18679
 77.0   104.92585
 78.0   102.28744
 79.0   103.40260
 80.0   120.54963
 81.0   118.85026
 83.0    96.26599
 84.0   103.94712
 85.0   115.83254
 86.0   106.09550
 88.0    96.02799
 90.0   100.96868
 91.0    98.52207
 92.0   101.47558
 95.0   124.12600
 96.0   120.72786
 97.0    96.38148
 98.0   102.46669
 99.0   104.91046
101.0    97.46537
102.0   121.71951
105.0    95.08701
106.0   111.81713
108.0   134.01136
110.0   106.70712
111.0    92.95610
112.0   108.83826
114.0   100.48906
115.0   100.52126
116.0   111.92631
117.0   109.75394
119.0    96.33703
120.0   127.05253
121.0    96.18372
123.0   124.53121
124.0    99.60597
125.0    96.16811
129.0    99.85430
130.0   110.76515
132.0   108.79215
133.0    98.48552
134.0    96.11693
136.0   109.67886
138.0   108.60151
139.0   111.11477
140.0   110.89123
142.0   112.72587
144.0   107.96190
146.0   113.97207
147.0    95.14312
148.0   122.44507
149.0   114.78711
150.0   107.84574
152.0   104.02129
154.0   121.60823
157.0   119.06508
159.0    92.96005
160.0   114.59010
161.0    91.65711
162.0   101.42039
163.0    95.14448
165.0   116.77056
166.0    95.27612
168.0    99.91483
169.0    93.73057
170.0   114.65441
171.0   113.29456
174.0   117.23292
175.0   100.40357
176.0   104.04425
177.0   122.93103
178.0    95.24048
179.0   111.63968
180.0    98.95431
181.0   125.62422
182.0   129.96078
185.0   120.55651
186.0    96.54599
187.0    90.27005
188.0   100.18061
189.0   101.79082
190.0   113.39547
191.0    89.28658
192.0    97.97869
193.0   102.51711
194.0   126.75113
195.0   108.12757
200.0   102.09305
203.0    93.93648
204.0   110.53371
206.0   104.90198
208.0   104.00442
209.0   104.36636
210.0   131.63286
215.0   109.88404
216.0   136.94906
218.0    98.08496
219.0   118.63934
221.0   104.06204
222.0   110.58695
223.0   143.29198
224.0    95.99999
226.0   116.59736
227.0   103.95940
228.0   122.34961
229.0   115.14874
230.0   120.16515
232.0   123.85342
234.0   104.49115
235.0   164.83746
238.0   113.30978
239.0   113.65064
242.0   126.37630
243.0   104.67660
244.0   121.34105
245.0   106.22002
247.0   127.25112
248.0   130.23738
249.0   100.82396
250.0   104.51628
251.0   124.75693
252.0   108.82475
254.0    98.88492
256.0   101.73344
257.0    95.25368
260.0   104.98115
262.0   113.20654
263.0   125.22968
264.0   106.53037
266.0    93.82913
268.0   112.49716
269.0    96.55934
270.0   100.21089
271.0   115.41975
272.0   109.39778
273.0    96.73154
274.0   108.34662
277.0   112.12786
279.0   109.66183
280.0   117.06546
283.0   108.52773
285.0   107.89356
286.0   116.67540
287.0   111.56115
290.0    96.83873
291.0   110.09513
293.0   108.38287
294.0    99.82065
297.0   101.85247
298.0   101.15294
300.0    95.65067
301.0   109.15534
302.0   114.57679
303.0    98.05531
305.0    96.86972
306.0   116.68493
307.0   109.16502
308.0   105.78584
309.0    96.64487
310.0   102.93650
312.0   115.91584
313.0   157.18444
314.0   111.69955
315.0   106.60170
317.0   111.42882
319.0   123.28175
320.0   120.01613
321.0   100.43889
322.0   126.36420
323.0    97.44616
327.0   129.65891
328.0   102.60550
329.0   106.20802
331.0   105.56790
332.0   118.81841
333.0   129.24867
334.0   107.55757
335.0   100.86139
337.0   115.60915
338.0   125.06512
339.0    98.35043
340.0   112.91090
341.0   109.18391
342.0   113.32354
343.0   104.58341
344.0   119.13728
345.0    97.67574
346.0    97.35284
349.0   107.37002
350.0   111.95143
351.0   101.89994
354.0   111.41124
355.0   120.84289
358.0   127.97179
359.0   105.86318
360.0   101.71152
361.0    96.72379
362.0    97.88654
363.0   106.41353
364.0   107.03140
365.0   118.66085
366.0   106.37898
369.0   105.30114
370.0   112.20392
371.0    99.91016
372.0   103.72639
373.0   105.18900
374.0   112.14785
376.0   106.82129
377.0   100.19764
380.0    98.30678
381.0   104.30984
382.0   106.10299
383.0   101.28250
384.0   113.22392
385.0   103.82267
387.0   101.94510
388.0   104.94672
389.0   113.33746
393.0   131.43368
394.0   109.63537
396.0   106.97470
399.0   110.09508
400.0   135.96193
401.0   115.84703
402.0    98.44586
404.0   118.17850
406.0   104.84822
408.0   120.19524
410.0    93.42480
412.0    99.48469
413.0   122.86194
414.0   113.12388
415.0   115.69218
416.0    95.25687
417.0    95.74104
418.0   116.88285
419.0   100.71004
420.0   100.90919
423.0   104.20790
424.0   119.71381
425.0   102.65964
426.0   125.14026
428.0   109.26457
429.0    98.65550
430.0    95.72392
431.0   103.48664
432.0   100.94252
433.0    88.51746
435.0    88.70842
437.0   109.06838
438.0   101.77245
439.0   108.49597
441.0   101.22726
442.0    97.02233
443.0    93.31688
444.0   120.16957
445.0    99.17868
446.0   111.19362
447.0   100.44137
450.0   100.03504
452.0   104.66115
453.0   110.35671
454.0    98.78943
455.0   130.39466
456.0   103.51183
457.0   107.15973
458.0   108.17715
459.0    95.94946
460.0   127.28252
463.0   106.96391
466.0   127.38417
467.0   138.85597
468.0   118.05636
469.0   120.10651
470.0   110.82150
471.0   119.06612
472.0   105.47696
475.0   110.34441
476.0   111.46951
477.0   109.54599
480.0   123.80488
481.0   110.64594
482.0   115.29303
483.0    97.69843
485.0   114.42708
487.0    93.06774
488.0    98.12421
489.0   100.38548
490.0   108.90658
493.0   101.57811
495.0   106.75504
497.0   108.67835
498.0   117.39272
499.0   123.88408
500.0   102.53746
