  1.0   329.75000
  2.0   186.00000
  3.0   445.50000
  4.0   332.75000
  5.0   406.75000
  6.0   185.50000
  8.0   388.25000
  9.0   391.25000
 11.0   303.50000
 12.0    87.25000
 14.0   403.50000
 15.0   278.00000
 16.0   480.25000
 17.0   740.25000
 19.0   258.50000
 20.0   289.25000
 21.0   547.50000
 22.0   421.25000
 24.0   287.25000
 26.0   332.50000
 27.0   438.25000
 29.0   326.00000
 31.0   312.75000
 34.0   362.50000
 35.0   328.50000
 36.0   189.00000
 37.0   357.25000
 38.0   351.75000
 39.0   331.00000
 41.0   214.25000
 42.0   360.50000
 45.0   435.00000
 47.0   268.00000
 49.0   416.75000
 50.0   283.75000
 51.0   427.00000
 52.0   493.00000
 53.0   389.75000
 55.0    77.75000
 56.0   264.00000
 58.0   272.25000
 59.0   433.25000
 60.0   335.25000
 61.0   331.50000
 62.0    54.75000
 63.0   276.25000
 64.0   279.00000
 65.0   395.00000
 66.0   260.00000
 67.0   280.75000
 69.0   263.00000
 70.0   437.25000
 71.0   738.75000
 74.0   245.00000
 76.0   272.50000
 77.0   284.00000
 78.0   660.50000
 79.0   364.75000
 80.0   451.25000
 81.0   420.25000
 83.0   280.50000
 84.0   239.50000
 85.0   382.50000
 86.0   466.50000
 88.0   411.75000
 90.0   232.00000
 91.0   296.00000
 92.0   290.00000
 95.0   744.75000
 96.0   861.50000
 97.0   363.50000
 98.0   295.75000
 99.0   786.00000
101.0   314.75000
102.0   268.50000
105.0   491.75000
106.0   225.00000
108.0    67.00000
110.0   650.50000
111.0   347.50000
112.0   417.75000
114.0   272.25000
115.0   186.50000
116.0   427.75000
117.0   375.25000
119.0   328.75000
120.0   184.00000
121.0   775.25000
123.0   421.50000
124.0   287.25000
125.0   479.50000
129.0   444.50000
130.0   301.00000
132.0   451.75000
133.0   364.75000
134.0   355.00000
136.0   271.00000
138.0   342.25000
139.0   284.00000
140.0   441.75000
142.0   972.00000
144.0   371.25000
146.0   519.75000
147.0   350.50000
148.0   431.50000
149.0   385.25000
150.0   314.25000
152.0   778.50000
154.0   550.50000
157.0   526.00000
159.0   435.00000
160.0   664.50000
161.0   283.25000
162.0   273.00000
163.0   406.75000
165.0   489.00000
166.0   329.00000
168.0   324.75000
169.0   306.25000
170.0   348.00000
171.0   210.00000
174.0   214.75000
175.0   227.50000
176.0   305.50000
177.0   402.75000
178.0   357.00000
179.0   396.50000
180.0   175.25000
181.0   538.00000
182.0   585.75000
185.0   336.00000
186.0   705.00000
187.0   407.00000
188.0   262.00000
189.0   428.00000
190.0   491.50000
191.0   346.00000
192.0   568.50000
193.0   419.75000
194.0   202.75000
195.0   653.75000
200.0   681.50000
203.0   377.75000
204.0   302.50000
206.0   446.00000
208.0   225.00000
209.0   427.75000
210.0   896.75000
215.0   408.75000
216.0   245.25000
218.0   364.25000
219.0   237.75000
221.0   300.75000
222.0   259.75000
223.0   676.25000
224.0   420.75000
226.0   357.00000
227.0   347.25000
228.0   192.25000
229.0   487.75000
230.0   367.25000
232.0   459.75000
234.0   434.75000
235.0    92.25000
238.0   620.25000
239.0   596.75000
242.0   464.50000
243.0   278.75000
244.0   245.25000
245.0   438.75000
247.0   739.75000
248.0   205.25000
249.0   467.50000
250.0   270.75000
251.0   352.75000
252.0   301.75000
254.0   429.00000
256.0   475.75000
257.0   374.50000
260.0   470.50000
262.0   134.00000
263.0   204.25000
264.0   373.50000
266.0   277.50000
268.0   595.25000
269.0   483.25000
270.0   479.25000
271.0   457.00000
272.0   313.75000
273.0   303.50000
274.0   259.25000
277.0   464.00000
279.0   259.00000
280.0   278.50000
283.0   307.25000
285.0   282.00000
286.0   480.25000
287.0   292.50000
290.0   311.75000
291.0   322.25000
293.0   360.50000
294.0   177.00000
297.0   331.25000
298.0   272.50000
300.0   376.00000
301.0   255.50000
302.0   472.75000
303.0   510.50000
305.0   294.75000
306.0   388.75000
307.0   300.75000
308.0   208.25000
309.0   507.50000
310.0   366.00000
312.0   228.75000
313.0   197.75000
314.0   347.25000
315.0   718.75000
317.0   362.75000
319.0   393.75000
320.0   615.25000
321.0   426.00000
322.0   380.50000
323.0   240.00000
327.0    82.25000
328.0   271.50000
329.0   384.50000
331.0   293.75000
332.0   243.50000
333.0   190.75000
334.0   221.75000
335.0   222.25000
337.0   409.75000
338.0   173.25000
339.0   451.25000
340.0   334.75000
341.0   266.00000
342.0   455.00000
343.0   344.00000
344.0   521.75000
345.0   311.75000
346.0   294.25000
349.0   353.25000
350.0   599.50000
351.0   299.50000
354.0   392.25000
355.0   390.75000
358.0   480.50000
359.0   179.50000
360.0   256.75000
361.0   296.50000
362.0   330.25000
363.0   316.25000
364.0   288.25000
365.0   307.00000
366.0   346.50000
369.0   437.00000
370.0   276.25000
371.0   597.25000
372.0   441.00000
373.0   314.50000
374.0   456.50000
376.0   232.50000
377.0   280.50000
380.0   319.00000
381.0   314.50000
382.0   315.50000
383.0   320.00000
384.0   295.75000
385.0   298.75000
387.0   220.75000
388.0   228.25000
389.0   284.25000
393.0   521.00000
394.0   316.50000
396.0   175.75000
399.0   424.50000
400.0   110.00000
401.0   312.75000
402.0   424.25000
404.0   535.25000
406.0   513.50000
408.0   256.50000
410.0   181.75000
412.0   337.50000
413.0   493.00000
414.0   184.00000
415.0   168.25000
416.0   305.50000
417.0   355.75000
418.0   207.75000
419.0   521.25000
420.0   371.25000
423.0   437.50000
424.0   558.00000
425.0   397.75000
426.0    54.25000
428.0   475.75000
429.0   578.25000
430.0   390.25000
431.0   210.50000
432.0   449.75000
433.0   377.50000
435.0   300.00000
437.0   449.50000
438.0   299.75000
439.0   275.75000
441.0   358.25000
442.0   513.75000
443.0   268.25000
444.0    67.75000
445.0   438.00000
446.0   420.50000
447.0   299.00000
450.0   367.75000
452.0   364.50000
453.0   259.50000
454.0   351.00000
455.0   468.25000
456.0   160.25000
457.0   266.75000
458.0   290.75000
459.0   483.00000
460.0   244.00000
463.0   312.75000
466.0   206.50000
467.0   612.75000
468.0   277.00000
469.0   310.25000
470.0   325.50000
471.0   285.25000
472.0   195.75000
475.0   293.00000
476.0   344.50000
477.0   464.25000
480.0   252.50000
481.0   614.75000
482.0   525.25000
483.0   606.00000
485.0   207.50000
487.0   328.50000
488.0   489.25000
489.0   272.00000
490.0   523.75000
493.0   272.50000
495.0   654.75000
497.0   224.50000
498.0   315.75000
499.0    56.75000
500.0   364.25000
