0.25     0.0
0.5     0.0
0.75     0.0
1.0     0.0
1.25     0.0
1.5     0.0
1.75     0.0
2.0     0.0
2.25     0.0
2.5     0.0
2.75     0.0
3.0     0.0
3.25     0.0
3.5     0.0
3.75     0.0
4.0     0.0
4.25     0.0
4.5     0.0
4.75     0.0
5.0     0.0
5.25     0.0
5.5     0.0
5.75     0.0
6.0     0.0
6.25     0.0
6.5     0.0
6.75     0.0
7.0     0.0
7.25     0.0
7.5     0.0
7.75     0.0
8.0     0.0
8.25     0.0
8.5     0.0
8.75     0.0
9.0     0.0
9.25     0.0
9.5     0.0
9.75     0.0
10.0     0.0
10.25     0.0
10.5     0.0
10.75     0.0
11.0     0.0
11.25     0.0
11.5     0.0
11.75     0.0
12.0     0.0
12.25     0.0
12.5     0.0
12.75     0.0
13.0     0.0
13.25     0.0
13.5     0.0
13.75     0.0
14.0     0.0
14.25     0.0
14.5     0.0
14.75     0.0
15.0     0.0
15.25     0.0
15.5     0.0
15.75     0.0
16.0     0.0
16.25     0.0
16.5     0.0
16.75     0.0
17.0     0.0
17.25     0.0
17.5     0.0
17.75     0.002
18.0     0.002
18.25     0.002
18.5     0.002
18.75     0.002
19.0     0.002
19.25     0.002
19.5     0.004
19.75     0.004
20.0     0.004
20.25     0.004
20.5     0.006
20.75     0.006
21.0     0.008
21.25     0.008
21.5     0.008
21.75     0.008
22.0     0.008
22.25     0.01
22.5     0.012
22.75     0.012
23.0     0.016
23.25     0.016
23.5     0.018
23.75     0.022
24.0     0.024
24.25     0.024
24.5     0.028
24.75     0.03
25.0     0.032
25.25     0.034
25.5     0.038
25.75     0.044
26.0     0.052
26.25     0.06
26.5     0.064
26.75     0.072
27.0     0.08
27.25     0.088
27.5     0.09
27.75     0.09
28.0     0.1
28.25     0.114
28.5     0.116
28.75     0.12
29.0     0.116
29.25     0.122
29.5     0.128
29.75     0.148
30.0     0.15
30.25     0.158
30.5     0.162
30.75     0.166
31.0     0.174
31.25     0.184
31.5     0.182
31.75     0.186
32.0     0.186
32.25     0.19
32.5     0.196
32.75     0.208
33.0     0.212
33.25     0.214
33.5     0.214
33.75     0.218
34.0     0.218
34.25     0.222
34.5     0.234
34.75     0.238
35.0     0.236
35.25     0.24
35.5     0.246
35.75     0.248
36.0     0.256
36.25     0.262
36.5     0.264
36.75     0.264
37.0     0.266
37.25     0.274
37.5     0.28
37.75     0.28
38.0     0.282
38.25     0.282
38.5     0.282
38.75     0.282
39.0     0.284
39.25     0.286
39.5     0.286
39.75     0.286
40.0     0.286
40.25     0.29
40.5     0.294
40.75     0.296
41.0     0.296
41.25     0.296
41.5     0.298
41.75     0.3
42.0     0.306
42.25     0.306
42.5     0.312
42.75     0.312
43.0     0.316
43.25     0.32
43.5     0.32
43.75     0.326
44.0     0.33
44.25     0.332
44.5     0.336
44.75     0.336
45.0     0.34
45.25     0.344
45.5     0.344
45.75     0.344
46.0     0.346
46.25     0.348
46.5     0.35
46.75     0.352
47.0     0.354
47.25     0.356
47.5     0.356
47.75     0.36
48.0     0.362
48.25     0.364
48.5     0.366
48.75     0.366
49.0     0.366
49.25     0.366
49.5     0.366
49.75     0.368
50.0     0.368
50.25     0.372
50.5     0.372
50.75     0.376
51.0     0.378
51.25     0.384
51.5     0.384
51.75     0.388
52.0     0.386
52.25     0.39
52.5     0.392
52.75     0.394
53.0     0.394
53.25     0.394
53.5     0.396
53.75     0.398
54.0     0.398
54.25     0.4
54.5     0.4
54.75     0.402
55.0     0.41
55.25     0.416
55.5     0.42
55.75     0.422
56.0     0.424
56.25     0.424
56.5     0.426
56.75     0.43
57.0     0.432
57.25     0.436
57.5     0.44
57.75     0.44
58.0     0.44
58.25     0.44
58.5     0.44
58.75     0.442
59.0     0.442
59.25     0.442
59.5     0.442
59.75     0.444
60.0     0.444
60.25     0.444
60.5     0.444
60.75     0.444
61.0     0.444
61.25     0.444
61.5     0.444
61.75     0.448
62.0     0.448
62.25     0.452
62.5     0.454
62.75     0.454
63.0     0.454
63.25     0.454
63.5     0.454
63.75     0.454
64.0     0.456
64.25     0.458
64.5     0.458
64.75     0.458
65.0     0.458
65.25     0.458
65.5     0.458
65.75     0.458
66.0     0.458
66.25     0.46
66.5     0.46
66.75     0.462
67.0     0.462
67.25     0.464
67.5     0.466
67.75     0.47
68.0     0.47
68.25     0.47
68.5     0.47
68.75     0.47
69.0     0.472
69.25     0.472
69.5     0.472
69.75     0.472
70.0     0.472
70.25     0.474
70.5     0.474
70.75     0.474
71.0     0.476
71.25     0.476
71.5     0.476
71.75     0.476
72.0     0.478
72.25     0.478
72.5     0.478
72.75     0.478
73.0     0.478
73.25     0.478
73.5     0.478
73.75     0.478
74.0     0.48
74.25     0.482
74.5     0.482
74.75     0.484
75.0     0.484
75.25     0.486
75.5     0.488
75.75     0.488
76.0     0.488
76.25     0.49
76.5     0.492
76.75     0.492
77.0     0.492
77.25     0.494
77.5     0.494
77.75     0.496
78.0     0.496
78.25     0.498
78.5     0.498
78.75     0.5
79.0     0.502
79.25     0.502
79.5     0.502
79.75     0.502
80.0     0.504
80.25     0.504
80.5     0.504
80.75     0.504
81.0     0.504
81.25     0.504
81.5     0.504
81.75     0.506
82.0     0.508
82.25     0.51
82.5     0.51
82.75     0.51
83.0     0.514
83.25     0.514
83.5     0.514
83.75     0.514
84.0     0.516
84.25     0.516
84.5     0.518
84.75     0.518
85.0     0.518
85.25     0.518
85.5     0.518
85.75     0.52
86.0     0.52
86.25     0.52
86.5     0.522
86.75     0.522
87.0     0.522
87.25     0.522
87.5     0.522
87.75     0.524
88.0     0.526
88.25     0.528
88.5     0.528
88.75     0.528
89.0     0.528
89.25     0.528
89.5     0.528
89.75     0.53
90.0     0.532
90.25     0.534
90.5     0.534
90.75     0.536
91.0     0.538
91.25     0.538
91.5     0.54
91.75     0.54
92.0     0.54
92.25     0.542
92.5     0.542
92.75     0.544
93.0     0.544
93.25     0.544
93.5     0.546
93.75     0.548
94.0     0.55
94.25     0.55
94.5     0.552
94.75     0.552
95.0     0.554
95.25     0.554
95.5     0.554
95.75     0.554
96.0     0.554
96.25     0.554
96.5     0.554
96.75     0.554
97.0     0.554
97.25     0.558
97.5     0.56
97.75     0.56
98.0     0.56
98.25     0.56
98.5     0.56
98.75     0.56
99.0     0.56
99.25     0.56
99.5     0.56
99.75     0.56
100.0     0.56
100.25     0.562
100.5     0.562
100.75     0.564
101.0     0.564
101.25     0.566
101.5     0.566
101.75     0.566
102.0     0.566
102.25     0.564
102.5     0.564
102.75     0.568
103.0     0.57
103.25     0.57
103.5     0.572
103.75     0.572
104.0     0.574
104.25     0.574
104.5     0.576
104.75     0.576
105.0     0.576
105.25     0.576
105.5     0.576
105.75     0.578
106.0     0.58
106.25     0.58
106.5     0.582
106.75     0.582
107.0     0.584
107.25     0.584
107.5     0.584
107.75     0.584
108.0     0.584
108.25     0.584
108.5     0.586
108.75     0.586
109.0     0.586
109.25     0.586
109.5     0.588
109.75     0.588
110.0     0.588
110.25     0.588
110.5     0.588
110.75     0.588
111.0     0.588
111.25     0.588
111.5     0.594
111.75     0.594
112.0     0.594
112.25     0.594
112.5     0.594
112.75     0.596
113.0     0.596
113.25     0.598
113.5     0.598
113.75     0.6
114.0     0.6
114.25     0.6
114.5     0.6
114.75     0.6
115.0     0.602
115.25     0.604
115.5     0.604
115.75     0.604
116.0     0.604
116.25     0.604
116.5     0.606
116.75     0.606
117.0     0.606
117.25     0.606
117.5     0.606
117.75     0.604
118.0     0.604
118.25     0.604
118.5     0.604
118.75     0.604
119.0     0.604
119.25     0.604
119.5     0.604
119.75     0.606
120.0     0.606
120.25     0.606
120.5     0.606
120.75     0.606
121.0     0.606
121.25     0.608
121.5     0.61
121.75     0.61
122.0     0.608
122.25     0.608
122.5     0.608
122.75     0.61
123.0     0.614
123.25     0.618
123.5     0.62
123.75     0.62
124.0     0.62
124.25     0.622
124.5     0.622
124.75     0.624
125.0     0.624
125.25     0.624
125.5     0.624
125.75     0.624
126.0     0.624
126.25     0.624
126.5     0.63
126.75     0.632
127.0     0.634
127.25     0.636
127.5     0.636
127.75     0.64
128.0     0.64
128.25     0.642
128.5     0.644
128.75     0.644
129.0     0.646
129.25     0.652
129.5     0.652
129.75     0.654
130.0     0.654
130.25     0.654
130.5     0.654
130.75     0.654
131.0     0.654
131.25     0.654
131.5     0.654
131.75     0.656
132.0     0.656
132.25     0.656
132.5     0.656
132.75     0.66
133.0     0.66
133.25     0.66
133.5     0.66
133.75     0.66
134.0     0.66
134.25     0.66
134.5     0.66
134.75     0.66
135.0     0.66
135.25     0.66
135.5     0.66
135.75     0.66
136.0     0.66
136.25     0.662
136.5     0.664
136.75     0.664
137.0     0.664
137.25     0.664
137.5     0.664
137.75     0.664
138.0     0.664
138.25     0.666
138.5     0.668
138.75     0.67
139.0     0.67
139.25     0.67
139.5     0.67
139.75     0.67
140.0     0.67
140.25     0.672
140.5     0.672
140.75     0.674
141.0     0.674
141.25     0.678
141.5     0.678
141.75     0.678
142.0     0.678
142.25     0.678
142.5     0.68
142.75     0.68
143.0     0.68
143.25     0.684
143.5     0.684
143.75     0.684
144.0     0.686
144.25     0.686
144.5     0.686
144.75     0.686
145.0     0.688
145.25     0.688
145.5     0.69
145.75     0.692
146.0     0.692
146.25     0.692
146.5     0.692
146.75     0.692
147.0     0.694
147.25     0.698
147.5     0.698
147.75     0.698
148.0     0.698
148.25     0.698
148.5     0.698
148.75     0.698
149.0     0.698
149.25     0.698
149.5     0.7
149.75     0.7
150.0     0.7
150.25     0.7
150.5     0.7
150.75     0.7
151.0     0.702
151.25     0.702
151.5     0.702
151.75     0.702
152.0     0.702
152.25     0.702
152.5     0.702
152.75     0.702
153.0     0.706
153.25     0.708
153.5     0.708
153.75     0.71
154.0     0.71
154.25     0.71
154.5     0.71
154.75     0.71
155.0     0.712
155.25     0.714
155.5     0.716
155.75     0.716
156.0     0.718
156.25     0.72
156.5     0.718
156.75     0.718
157.0     0.718
157.25     0.718
157.5     0.718
157.75     0.718
158.0     0.718
158.25     0.718
158.5     0.718
158.75     0.718
159.0     0.718
159.25     0.718
159.5     0.72
159.75     0.72
160.0     0.72
160.25     0.72
160.5     0.72
160.75     0.72
161.0     0.72
161.25     0.72
161.5     0.72
161.75     0.72
162.0     0.72
162.25     0.72
162.5     0.72
162.75     0.72
163.0     0.72
163.25     0.72
163.5     0.72
163.75     0.72
164.0     0.72
164.25     0.72
164.5     0.72
164.75     0.72
165.0     0.72
165.25     0.72
165.5     0.72
165.75     0.722
166.0     0.722
166.25     0.722
166.5     0.724
166.75     0.724
167.0     0.724
167.25     0.724
167.5     0.726
167.75     0.728
168.0     0.728
168.25     0.728
168.5     0.728
168.75     0.728
169.0     0.728
169.25     0.728
169.5     0.728
169.75     0.728
170.0     0.728
170.25     0.728
170.5     0.728
170.75     0.728
171.0     0.73
171.25     0.73
171.5     0.73
171.75     0.73
172.0     0.73
172.25     0.73
172.5     0.73
172.75     0.73
173.0     0.732
173.25     0.732
173.5     0.732
173.75     0.732
174.0     0.732
174.25     0.732
174.5     0.732
174.75     0.732
175.0     0.732
175.25     0.732
175.5     0.734
175.75     0.734
176.0     0.734
176.25     0.734
176.5     0.734
176.75     0.734
177.0     0.734
177.25     0.734
177.5     0.734
177.75     0.734
178.0     0.734
178.25     0.734
178.5     0.734
178.75     0.734
179.0     0.734
179.25     0.734
179.5     0.734
179.75     0.734
180.0     0.734
180.25     0.734
180.5     0.734
180.75     0.736
181.0     0.736
181.25     0.736
181.5     0.736
181.75     0.736
182.0     0.736
182.25     0.736
182.5     0.736
182.75     0.736
183.0     0.738
183.25     0.738
183.5     0.738
183.75     0.738
184.0     0.738
184.25     0.738
184.5     0.738
184.75     0.738
185.0     0.74
185.25     0.74
185.5     0.74
185.75     0.74
186.0     0.74
186.25     0.74
186.5     0.74
186.75     0.74
187.0     0.74
187.25     0.74
187.5     0.74
187.75     0.74
188.0     0.74
188.25     0.74
188.5     0.742
188.75     0.742
189.0     0.742
189.25     0.742
189.5     0.742
189.75     0.742
190.0     0.742
190.25     0.744
190.5     0.744
190.75     0.744
191.0     0.744
191.25     0.744
191.5     0.744
191.75     0.744
192.0     0.744
192.25     0.744
192.5     0.746
192.75     0.746
193.0     0.746
193.25     0.746
193.5     0.746
193.75     0.746
194.0     0.746
194.25     0.748
194.5     0.75
194.75     0.75
195.0     0.75
195.25     0.752
195.5     0.754
195.75     0.754
196.0     0.754
196.25     0.756
196.5     0.756
196.75     0.756
197.0     0.756
197.25     0.758
197.5     0.758
197.75     0.758
198.0     0.76
198.25     0.762
198.5     0.762
198.75     0.762
199.0     0.762
199.25     0.764
199.5     0.766
199.75     0.766
200.0     0.766
200.25     0.766
200.5     0.766
200.75     0.766
201.0     0.768
201.25     0.77
201.5     0.77
201.75     0.768
202.0     0.768
202.25     0.772
202.5     0.772
202.75     0.774
203.0     0.774
203.25     0.774
203.5     0.774
203.75     0.774
204.0     0.774
204.25     0.774
204.5     0.774
204.75     0.776
205.0     0.776
205.25     0.776
205.5     0.78
205.75     0.78
206.0     0.78
206.25     0.78
206.5     0.78
206.75     0.78
207.0     0.78
207.25     0.78
207.5     0.78
207.75     0.782
208.0     0.784
208.25     0.782
208.5     0.782
208.75     0.782
209.0     0.786
209.25     0.786
209.5     0.788
209.75     0.788
210.0     0.788
210.25     0.788
210.5     0.788
210.75     0.788
211.0     0.788
211.25     0.79
211.5     0.79
211.75     0.79
212.0     0.792
212.25     0.792
212.5     0.792
212.75     0.794
213.0     0.794
213.25     0.796
213.5     0.798
213.75     0.798
214.0     0.798
214.25     0.798
214.5     0.798
214.75     0.8
215.0     0.8
215.25     0.8
215.5     0.8
215.75     0.8
216.0     0.802
216.25     0.806
216.5     0.806
216.75     0.806
217.0     0.806
217.25     0.806
217.5     0.808
217.75     0.81
218.0     0.81
218.25     0.812
218.5     0.812
218.75     0.812
219.0     0.812
219.25     0.812
219.5     0.812
219.75     0.812
220.0     0.812
220.25     0.812
220.5     0.812
220.75     0.812
221.0     0.812
221.25     0.812
221.5     0.812
221.75     0.812
222.0     0.81
222.25     0.81
222.5     0.81
222.75     0.81
223.0     0.81
223.25     0.81
223.5     0.812
223.75     0.812
224.0     0.812
224.25     0.812
224.5     0.812
224.75     0.812
225.0     0.812
225.25     0.814
225.5     0.814
225.75     0.814
226.0     0.812
226.25     0.816
226.5     0.816
226.75     0.816
227.0     0.816
227.25     0.816
227.5     0.816
227.75     0.816
228.0     0.818
228.25     0.818
228.5     0.818
228.75     0.818
229.0     0.818
229.25     0.818
229.5     0.818
229.75     0.818
230.0     0.818
230.25     0.818
230.5     0.818
230.75     0.818
231.0     0.818
231.25     0.818
231.5     0.818
231.75     0.818
232.0     0.82
232.25     0.822
232.5     0.822
232.75     0.822
233.0     0.822
233.25     0.824
233.5     0.824
233.75     0.826
234.0     0.828
234.25     0.828
234.5     0.828
234.75     0.828
235.0     0.83
235.25     0.83
235.5     0.83
235.75     0.83
236.0     0.83
236.25     0.83
236.5     0.832
236.75     0.832
237.0     0.832
237.25     0.832
237.5     0.832
237.75     0.832
238.0     0.834
238.25     0.834
238.5     0.836
238.75     0.836
239.0     0.836
239.25     0.836
239.5     0.836
239.75     0.836
240.0     0.836
240.25     0.836
240.5     0.838
240.75     0.838
241.0     0.838
241.25     0.838
241.5     0.84
241.75     0.842
242.0     0.842
242.25     0.844
242.5     0.844
242.75     0.844
243.0     0.844
243.25     0.844
243.5     0.844
243.75     0.844
244.0     0.844
244.25     0.846
244.5     0.846
244.75     0.846
245.0     0.846
245.25     0.846
245.5     0.846
245.75     0.846
246.0     0.846
246.25     0.846
246.5     0.846
246.75     0.846
247.0     0.846
247.25     0.848
247.5     0.848
247.75     0.848
248.0     0.848
248.25     0.848
248.5     0.848
248.75     0.848
249.0     0.848
249.25     0.848
249.5     0.848
249.75     0.848
250.0     0.85
250.25     0.85
250.5     0.852
250.75     0.852
251.0     0.852
251.25     0.852
251.5     0.85
251.75     0.85
252.0     0.85
252.25     0.85
252.5     0.852
252.75     0.852
253.0     0.854
253.25     0.854
253.5     0.854
253.75     0.856
254.0     0.858
254.25     0.86
254.5     0.86
254.75     0.86
255.0     0.86
255.25     0.86
255.5     0.86
255.75     0.862
256.0     0.862
256.25     0.862
256.5     0.862
256.75     0.862
257.0     0.864
257.25     0.864
257.5     0.864
257.75     0.864
258.0     0.864
258.25     0.864
258.5     0.864
258.75     0.864
259.0     0.864
259.25     0.864
259.5     0.864
259.75     0.864
260.0     0.864
260.25     0.864
260.5     0.864
260.75     0.864
261.0     0.864
261.25     0.864
261.5     0.866
261.75     0.866
262.0     0.866
262.25     0.866
262.5     0.868
262.75     0.868
263.0     0.868
263.25     0.868
263.5     0.868
263.75     0.87
264.0     0.87
264.25     0.87
264.5     0.87
264.75     0.87
265.0     0.87
265.25     0.87
265.5     0.87
265.75     0.87
266.0     0.87
266.25     0.872
266.5     0.874
266.75     0.874
267.0     0.874
267.25     0.874
267.5     0.874
267.75     0.874
268.0     0.876
268.25     0.876
268.5     0.878
268.75     0.878
269.0     0.878
269.25     0.878
269.5     0.878
269.75     0.88
270.0     0.88
270.25     0.882
270.5     0.882
270.75     0.882
271.0     0.882
271.25     0.882
271.5     0.882
271.75     0.882
272.0     0.882
272.25     0.884
272.5     0.884
272.75     0.884
273.0     0.886
273.25     0.886
273.5     0.886
273.75     0.886
274.0     0.886
274.25     0.888
274.5     0.888
274.75     0.888
275.0     0.89
275.25     0.89
275.5     0.892
275.75     0.89
276.0     0.888
276.25     0.888
276.5     0.888
276.75     0.89
277.0     0.89
277.25     0.89
277.5     0.892
277.75     0.892
278.0     0.894
278.25     0.898
278.5     0.9
278.75     0.902
279.0     0.902
279.25     0.902
279.5     0.902
279.75     0.902
280.0     0.902
280.25     0.902
280.5     0.902
280.75     0.902
281.0     0.906
281.25     0.908
281.5     0.908
281.75     0.908
282.0     0.906
282.25     0.906
282.5     0.906
282.75     0.906
283.0     0.908
283.25     0.908
283.5     0.908
283.75     0.91
284.0     0.91
284.25     0.91
284.5     0.912
284.75     0.912
285.0     0.912
285.25     0.912
285.5     0.912
285.75     0.912
286.0     0.912
286.25     0.912
286.5     0.914
286.75     0.914
287.0     0.914
287.25     0.914
287.5     0.914
287.75     0.914
288.0     0.916
288.25     0.916
288.5     0.916
288.75     0.918
289.0     0.918
289.25     0.92
289.5     0.918
289.75     0.918
290.0     0.918
290.25     0.918
290.5     0.918
290.75     0.918
291.0     0.918
291.25     0.92
291.5     0.92
291.75     0.92
292.0     0.92
292.25     0.92
292.5     0.92
292.75     0.92
293.0     0.92
293.25     0.92
293.5     0.92
293.75     0.92
294.0     0.92
294.25     0.92
294.5     0.92
294.75     0.922
295.0     0.922
295.25     0.922
295.5     0.924
295.75     0.924
296.0     0.926
296.25     0.926
296.5     0.926
296.75     0.926
297.0     0.926
297.25     0.926
297.5     0.928
297.75     0.928
298.0     0.93
298.25     0.93
298.5     0.93
298.75     0.93
299.0     0.93
299.25     0.93
299.5     0.93
299.75     0.93
300.0     0.93
300.25     0.93
300.5     0.932
300.75     0.934
301.0     0.934
301.25     0.934
301.5     0.934
301.75     0.936
302.0     0.936
302.25     0.936
302.5     0.936
302.75     0.936
303.0     0.936
303.25     0.936
303.5     0.936
303.75     0.936
304.0     0.936
304.25     0.936
304.5     0.936
304.75     0.936
305.0     0.936
305.25     0.936
305.5     0.936
305.75     0.936
306.0     0.936
306.25     0.936
306.5     0.936
306.75     0.936
307.0     0.936
307.25     0.936
307.5     0.936
307.75     0.936
308.0     0.936
308.25     0.936
308.5     0.936
308.75     0.936
309.0     0.936
309.25     0.936
309.5     0.936
309.75     0.936
310.0     0.936
310.25     0.936
310.5     0.936
310.75     0.936
311.0     0.936
311.25     0.936
311.5     0.936
311.75     0.936
312.0     0.938
312.25     0.938
312.5     0.938
312.75     0.938
313.0     0.938
313.25     0.938
313.5     0.942
313.75     0.942
314.0     0.942
314.25     0.942
314.5     0.94
314.75     0.94
315.0     0.94
315.25     0.94
315.5     0.94
315.75     0.94
316.0     0.94
316.25     0.94
316.5     0.94
316.75     0.94
317.0     0.94
317.25     0.94
317.5     0.94
317.75     0.94
318.0     0.94
318.25     0.94
318.5     0.942
318.75     0.942
319.0     0.942
319.25     0.944
319.5     0.942
319.75     0.942
320.0     0.942
320.25     0.944
320.5     0.944
320.75     0.944
321.0     0.944
321.25     0.944
321.5     0.946
321.75     0.946
322.0     0.948
322.25     0.948
322.5     0.948
322.75     0.948
323.0     0.95
323.25     0.95
323.5     0.95
323.75     0.95
324.0     0.95
324.25     0.95
324.5     0.95
324.75     0.95
325.0     0.95
325.25     0.95
325.5     0.95
325.75     0.95
326.0     0.95
326.25     0.95
326.5     0.95
326.75     0.95
327.0     0.95
327.25     0.95
327.5     0.95
327.75     0.95
328.0     0.95
328.25     0.95
328.5     0.95
328.75     0.95
329.0     0.95
329.25     0.95
329.5     0.95
329.75     0.95
330.0     0.95
330.25     0.95
330.5     0.95
330.75     0.95
331.0     0.95
331.25     0.95
331.5     0.95
331.75     0.95
332.0     0.95
332.25     0.95
332.5     0.95
332.75     0.95
333.0     0.95
333.25     0.95
333.5     0.95
333.75     0.95
334.0     0.95
334.25     0.95
334.5     0.95
334.75     0.95
335.0     0.95
335.25     0.95
335.5     0.95
335.75     0.95
336.0     0.95
336.25     0.95
336.5     0.95
336.75     0.95
337.0     0.95
337.25     0.95
337.5     0.95
337.75     0.95
338.0     0.95
338.25     0.95
338.5     0.95
338.75     0.95
339.0     0.95
339.25     0.95
339.5     0.95
339.75     0.95
340.0     0.95
340.25     0.95
340.5     0.95
340.75     0.95
341.0     0.95
341.25     0.95
341.5     0.95
341.75     0.95
342.0     0.95
342.25     0.952
342.5     0.952
342.75     0.952
343.0     0.952
343.25     0.952
343.5     0.952
343.75     0.952
344.0     0.952
344.25     0.952
344.5     0.952
344.75     0.952
345.0     0.952
345.25     0.954
345.5     0.954
345.75     0.954
346.0     0.954
346.25     0.954
346.5     0.954
346.75     0.954
347.0     0.954
347.25     0.954
347.5     0.954
347.75     0.954
348.0     0.954
348.25     0.954
348.5     0.954
348.75     0.954
349.0     0.954
349.25     0.954
349.5     0.954
349.75     0.954
350.0     0.954
350.25     0.954
350.5     0.954
350.75     0.954
351.0     0.954
351.25     0.954
351.5     0.954
351.75     0.954
352.0     0.954
352.25     0.954
352.5     0.954
352.75     0.954
353.0     0.954
353.25     0.954
353.5     0.954
353.75     0.954
354.0     0.954
354.25     0.954
354.5     0.954
354.75     0.954
355.0     0.954
355.25     0.954
355.5     0.954
355.75     0.954
356.0     0.954
356.25     0.954
356.5     0.954
356.75     0.954
357.0     0.954
357.25     0.954
357.5     0.954
357.75     0.954
358.0     0.954
358.25     0.954
358.5     0.954
358.75     0.954
359.0     0.954
359.25     0.954
359.5     0.954
359.75     0.954
360.0     0.954
360.25     0.954
360.5     0.954
360.75     0.956
361.0     0.956
361.25     0.956
361.5     0.956
361.75     0.956
362.0     0.956
362.25     0.956
362.5     0.956
362.75     0.956
363.0     0.956
363.25     0.956
363.5     0.956
363.75     0.956
364.0     0.956
364.25     0.956
364.5     0.956
364.75     0.956
365.0     0.956
365.25     0.956
365.5     0.956
365.75     0.956
366.0     0.956
366.25     0.958
366.5     0.958
366.75     0.958
367.0     0.958
367.25     0.958
367.5     0.958
367.75     0.958
368.0     0.958
368.25     0.958
368.5     0.958
368.75     0.958
369.0     0.958
369.25     0.958
369.5     0.958
369.75     0.958
370.0     0.958
370.25     0.958
370.5     0.958
370.75     0.958
371.0     0.958
371.25     0.958
371.5     0.958
371.75     0.958
372.0     0.958
372.25     0.96
372.5     0.96
372.75     0.96
373.0     0.96
373.25     0.96
373.5     0.96
373.75     0.96
374.0     0.96
374.25     0.96
374.5     0.96
374.75     0.96
375.0     0.96
375.25     0.96
375.5     0.96
375.75     0.96
376.0     0.96
376.25     0.96
376.5     0.96
376.75     0.96
377.0     0.962
377.25     0.962
377.5     0.962
377.75     0.962
378.0     0.962
378.25     0.962
378.5     0.964
378.75     0.964
379.0     0.964
379.25     0.964
379.5     0.964
379.75     0.964
380.0     0.964
380.25     0.964
380.5     0.962
380.75     0.962
381.0     0.962
381.25     0.962
381.5     0.962
381.75     0.962
382.0     0.964
382.25     0.964
382.5     0.964
382.75     0.964
383.0     0.964
383.25     0.964
383.5     0.964
383.75     0.964
384.0     0.964
384.25     0.964
384.5     0.964
384.75     0.964
385.0     0.964
385.25     0.964
385.5     0.964
385.75     0.964
386.0     0.964
386.25     0.964
386.5     0.964
386.75     0.964
387.0     0.964
387.25     0.964
387.5     0.964
387.75     0.964
388.0     0.964
388.25     0.964
388.5     0.964
388.75     0.964
389.0     0.964
389.25     0.964
389.5     0.964
389.75     0.964
390.0     0.964
390.25     0.964
390.5     0.964
390.75     0.964
391.0     0.964
391.25     0.964
391.5     0.964
391.75     0.964
392.0     0.964
392.25     0.964
392.5     0.964
392.75     0.964
393.0     0.964
393.25     0.966
393.5     0.966
393.75     0.966
394.0     0.966
394.25     0.966
394.5     0.966
394.75     0.966
395.0     0.966
395.25     0.966
395.5     0.966
395.75     0.966
396.0     0.966
396.25     0.966
396.5     0.966
396.75     0.966
397.0     0.972
397.25     0.972
397.5     0.972
397.75     0.972
398.0     0.972
398.25     0.972
398.5     0.972
398.75     0.972
399.0     0.972
399.25     0.972
399.5     0.972
399.75     0.972
400.0     0.972
400.25     0.972
400.5     0.972
400.75     0.972
401.0     0.972
401.25     0.972
401.5     0.972
401.75     0.972
402.0     0.972
402.25     0.972
402.5     0.972
402.75     0.972
403.0     0.972
403.25     0.972
403.5     0.972
403.75     0.972
404.0     0.972
404.25     0.972
404.5     0.972
404.75     0.972
405.0     0.972
405.25     0.972
405.5     0.972
405.75     0.972
406.0     0.972
406.25     0.972
406.5     0.972
406.75     0.972
407.0     0.972
407.25     0.972
407.5     0.972
407.75     0.972
408.0     0.972
408.25     0.972
408.5     0.972
408.75     0.972
409.0     0.972
409.25     0.974
409.5     0.974
409.75     0.974
410.0     0.974
410.25     0.974
410.5     0.974
410.75     0.974
411.0     0.974
411.25     0.974
411.5     0.974
411.75     0.974
412.0     0.974
412.25     0.974
412.5     0.974
412.75     0.974
413.0     0.974
413.25     0.974
413.5     0.974
413.75     0.974
414.0     0.974
414.25     0.974
414.5     0.974
414.75     0.974
415.0     0.974
415.25     0.974
415.5     0.974
415.75     0.974
416.0     0.974
416.25     0.974
416.5     0.974
416.75     0.974
417.0     0.974
417.25     0.974
417.5     0.974
417.75     0.974
418.0     0.974
418.25     0.974
418.5     0.974
418.75     0.976
419.0     0.976
419.25     0.976
419.5     0.976
419.75     0.976
420.0     0.976
420.25     0.976
420.5     0.976
420.75     0.976
421.0     0.976
421.25     0.976
421.5     0.976
421.75     0.976
422.0     0.976
422.25     0.976
422.5     0.976
422.75     0.976
423.0     0.976
423.25     0.976
423.5     0.976
423.75     0.976
424.0     0.976
424.25     0.976
424.5     0.976
424.75     0.976
425.0     0.976
425.25     0.976
425.5     0.976
425.75     0.976
426.0     0.978
426.25     0.978
426.5     0.978
426.75     0.978
427.0     0.978
427.25     0.978
427.5     0.978
427.75     0.978
428.0     0.978
428.25     0.978
428.5     0.978
428.75     0.978
429.0     0.978
429.25     0.978
429.5     0.978
429.75     0.978
430.0     0.978
430.25     0.978
430.5     0.98
430.75     0.98
431.0     0.98
431.25     0.98
431.5     0.98
431.75     0.98
432.0     0.98
432.25     0.98
432.5     0.98
432.75     0.98
433.0     0.98
433.25     0.982
433.5     0.982
433.75     0.982
434.0     0.982
434.25     0.982
434.5     0.982
434.75     0.982
435.0     0.984
435.25     0.984
435.5     0.984
435.75     0.984
436.0     0.984
436.25     0.984
436.5     0.984
436.75     0.984
437.0     0.986
437.25     0.986
437.5     0.986
437.75     0.986
438.0     0.986
438.25     0.986
438.5     0.986
438.75     0.986
439.0     0.986
439.25     0.986
439.5     0.986
439.75     0.986
440.0     0.986
440.25     0.986
440.5     0.986
440.75     0.986
441.0     0.986
441.25     0.986
441.5     0.986
441.75     0.986
442.0     0.986
442.25     0.986
442.5     0.986
442.75     0.986
443.0     0.986
443.25     0.986
443.5     0.986
443.75     0.986
444.0     0.988
444.25     0.988
444.5     0.988
444.75     0.988
445.0     0.988
445.25     0.988
445.5     0.988
445.75     0.988
446.0     0.988
446.25     0.988
446.5     0.988
446.75     0.988
447.0     0.988
447.25     0.988
447.5     0.988
447.75     0.988
448.0     0.988
448.25     0.988
448.5     0.988
448.75     0.988
449.0     0.988
449.25     0.988
449.5     0.988
449.75     0.988
450.0     0.988
450.25     0.988
450.5     0.99
450.75     0.99
451.0     0.99
451.25     0.99
451.5     0.99
451.75     0.99
452.0     0.99
452.25     0.99
452.5     0.99
452.75     0.99
453.0     0.99
453.25     0.99
453.5     0.99
453.75     0.99
454.0     0.99
454.25     0.99
454.5     0.99
454.75     0.99
455.0     0.99
455.25     0.99
455.5     0.99
455.75     0.99
456.0     0.99
456.25     0.99
456.5     0.99
456.75     0.99
457.0     0.99
457.25     0.99
457.5     0.99
457.75     0.99
458.0     0.99
458.25     0.99
458.5     0.99
458.75     0.99
459.0     0.99
459.25     0.99
459.5     0.99
459.75     0.99
460.0     0.99
460.25     0.99
460.5     0.99
460.75     0.992
461.0     0.992
461.25     0.992
461.5     0.992
461.75     0.992
462.0     0.992
462.25     0.992
462.5     0.992
462.75     0.992
463.0     0.992
463.25     0.992
463.5     0.992
463.75     0.992
464.0     0.992
464.25     0.992
464.5     0.992
464.75     0.992
465.0     0.992
465.25     0.992
465.5     0.992
465.75     0.992
466.0     0.992
466.25     0.992
466.5     0.992
466.75     0.992
467.0     0.992
467.25     0.992
467.5     0.992
467.75     0.992
468.0     0.992
468.25     0.992
468.5     0.992
468.75     0.992
469.0     0.992
469.25     0.992
469.5     0.992
469.75     0.992
470.0     0.992
470.25     0.992
470.5     0.992
470.75     0.992
471.0     0.992
471.25     0.992
471.5     0.992
471.75     0.992
472.0     0.992
472.25     0.992
472.5     0.992
472.75     0.992
473.0     0.992
473.25     0.992
473.5     0.992
473.75     0.992
474.0     0.992
474.25     0.992
474.5     0.992
474.75     0.992
475.0     0.992
475.25     0.992
475.5     0.992
475.75     0.992
476.0     0.992
476.25     0.992
476.5     0.992
476.75     0.992
477.0     0.992
477.25     0.992
477.5     0.992
477.75     0.992
478.0     0.992
478.25     0.992
478.5     0.992
478.75     0.992
479.0     0.992
479.25     0.992
479.5     0.992
479.75     0.992
480.0     0.992
480.25     0.992
480.5     0.992
480.75     0.992
481.0     0.992
481.25     0.992
481.5     0.992
481.75     0.992
482.0     0.992
482.25     0.992
482.5     0.992
482.75     0.992
483.0     0.992
483.25     0.992
483.5     0.992
483.75     0.992
484.0     0.992
484.25     0.992
484.5     0.992
484.75     0.992
485.0     0.992
485.25     0.992
485.5     0.992
485.75     0.992
486.0     0.992
486.25     0.992
486.5     0.992
486.75     0.992
487.0     0.992
487.25     0.992
487.5     0.992
487.75     0.992
488.0     0.992
488.25     0.992
488.5     0.992
488.75     0.992
489.0     0.992
489.25     0.992
489.5     0.992
489.75     0.992
490.0     0.992
490.25     0.992
490.5     0.992
490.75     0.992
491.0     0.992
491.25     0.992
491.5     0.992
491.75     0.992
492.0     0.992
492.25     0.992
492.5     0.992
492.75     0.992
493.0     0.992
493.25     0.992
493.5     0.992
493.75     0.992
494.0     0.992
494.25     0.992
494.5     0.992
494.75     0.992
495.0     0.992
495.25     0.992
495.5     0.992
495.75     0.992
496.0     0.992
496.25     0.992
496.5     0.992
496.75     0.992
497.0     0.992
497.25     0.992
497.5     0.992
497.75     0.992
498.0     0.992
498.25     0.992
498.5     0.992
498.75     0.992
499.0     0.992
499.25     0.992
499.5     0.992
499.75     0.992
500.0     0.992
500.25     0.992
500.5     0.992
500.75     0.992
501.0     0.992
501.25     0.992
501.5     0.992
501.75     0.992
502.0     0.992
502.25     0.992
502.5     0.994
502.75     0.994
503.0     0.994
503.25     0.994
503.5     0.994
503.75     0.994
504.0     0.994
504.25     0.994
504.5     0.994
504.75     0.994
505.0     0.994
505.25     0.994
505.5     0.994
505.75     0.994
506.0     0.994
506.25     0.994
506.5     0.994
506.75     0.994
507.0     0.994
507.25     0.994
507.5     0.994
507.75     0.994
508.0     0.994
508.25     0.994
508.5     0.994
508.75     0.994
509.0     0.994
509.25     0.994
509.5     0.994
509.75     0.996
510.0     0.996
510.25     0.996
510.5     0.996
510.75     0.996
511.0     0.996
511.25     0.996
511.5     0.996
511.75     0.996
512.0     0.996
512.25     0.996
512.5     0.996
512.75     0.996
513.0     0.996
513.25     0.996
513.5     0.996
513.75     0.996
514.0     0.996
514.25     0.996
514.5     0.996
514.75     0.996
515.0     0.996
515.25     0.996
515.5     0.996
515.75     0.996
516.0     0.996
516.25     0.996
516.5     0.996
516.75     0.996
517.0     0.996
517.25     0.996
517.5     0.996
517.75     0.996
518.0     0.996
518.25     0.996
518.5     0.996
518.75     0.996
519.0     0.996
519.25     0.996
519.5     0.996
519.75     0.996
520.0     0.996
520.25     0.996
520.5     0.996
520.75     0.996
521.0     0.996
521.25     0.996
521.5     0.996
521.75     0.996
522.0     0.996
522.25     0.996
522.5     0.996
522.75     0.996
523.0     0.996
523.25     0.996
523.5     0.996
523.75     0.996
524.0     0.996
524.25     0.996
524.5     0.996
524.75     0.996
525.0     0.996
525.25     0.996
525.5     0.996
525.75     0.996
526.0     0.996
526.25     0.996
526.5     0.996
526.75     0.996
527.0     0.996
527.25     0.996
527.5     0.996
527.75     0.996
528.0     0.996
528.25     0.996
528.5     0.996
528.75     0.996
529.0     0.996
529.25     0.996
529.5     0.996
529.75     0.996
530.0     0.996
530.25     0.996
530.5     0.996
530.75     0.996
531.0     0.996
531.25     0.996
531.5     0.996
531.75     0.996
532.0     0.996
532.25     0.996
532.5     0.996
532.75     0.996
533.0     0.996
533.25     0.996
533.5     0.996
533.75     0.996
534.0     0.996
534.25     0.996
534.5     0.996
534.75     0.996
535.0     0.996
535.25     0.996
535.5     0.996
535.75     0.996
536.0     0.996
536.25     0.996
536.5     0.996
536.75     0.996
537.0     0.996
537.25     0.996
537.5     0.996
537.75     0.996
538.0     0.996
538.25     0.996
538.5     0.996
538.75     0.996
539.0     0.996
539.25     0.996
539.5     0.996
539.75     0.996
540.0     0.996
540.25     0.996
540.5     0.996
540.75     0.996
541.0     0.996
541.25     0.996
541.5     0.996
541.75     0.996
542.0     0.996
542.25     0.996
542.5     0.996
542.75     0.996
543.0     0.996
543.25     0.996
543.5     0.996
543.75     0.996
544.0     0.996
544.25     0.996
544.5     0.996
544.75     0.996
545.0     0.996
545.25     0.996
545.5     0.996
545.75     0.996
546.0     0.996
546.25     0.996
546.5     0.996
546.75     0.996
547.0     0.998
547.25     0.998
547.5     0.998
547.75     0.998
548.0     0.998
548.25     0.998
548.5     0.998
548.75     0.998
549.0     0.998
549.25     0.998
549.5     0.998
549.75     0.998
550.0     0.998
550.25     0.998
550.5     0.998
550.75     0.998
551.0     0.998
551.25     0.998
551.5     0.998
551.75     0.998
552.0     0.998
552.25     0.998
552.5     0.998
552.75     0.998
553.0     0.998
553.25     0.998
553.5     0.998
553.75     0.998
554.0     0.998
554.25     0.998
554.5     0.998
554.75     0.998
555.0     0.998
555.25     0.998
555.5     0.998
555.75     0.998
556.0     0.998
556.25     0.998
556.5     0.998
556.75     0.998
557.0     0.998
557.25     0.998
557.5     0.998
557.75     0.998
558.0     0.998
558.25     0.998
558.5     0.998
558.75     0.998
559.0     0.998
559.25     0.998
559.5     0.998
559.75     0.998
560.0     0.998
560.25     0.998
560.5     0.998
560.75     0.998
561.0     0.998
561.25     0.998
561.5     0.998
561.75     0.998
562.0     0.998
562.25     0.998
562.5     0.998
562.75     0.998
563.0     0.998
563.25     0.998
563.5     0.998
563.75     0.998
564.0     0.998
564.25     0.998
564.5     0.998
564.75     0.998
565.0     0.998
565.25     0.998
565.5     0.998
565.75     0.998
566.0     0.998
566.25     0.998
566.5     0.998
566.75     0.998
567.0     0.998
567.25     0.998
567.5     0.998
567.75     0.998
568.0     0.998
568.25     0.998
568.5     0.998
568.75     0.998
569.0     0.998
569.25     0.998
569.5     0.998
569.75     0.998
570.0     0.998
570.25     0.998
570.5     0.998
570.75     0.998
571.0     0.998
571.25     0.998
571.5     0.998
571.75     0.998
572.0     0.998
572.25     0.998
572.5     0.998
572.75     0.998
573.0     0.998
573.25     0.998
573.5     0.998
573.75     0.998
574.0     0.998
574.25     0.998
574.5     0.998
574.75     0.998
575.0     0.998
575.25     0.998
575.5     0.998
575.75     0.998
576.0     0.998
576.25     0.998
576.5     0.998
576.75     0.998
577.0     0.998
577.25     0.998
577.5     0.998
577.75     0.998
578.0     0.998
578.25     0.998
578.5     0.998
578.75     0.998
579.0     0.998
579.25     1.0
579.5     1.0
579.75     1.0
580.0     1.0
580.25     1.0
580.5     1.0
580.75     1.0
581.0     1.0
581.25     1.0
581.5     1.0
581.75     1.0
582.0     1.0
582.25     1.0
582.5     1.0
582.75     1.0
583.0     1.0
583.25     1.0
583.5     1.0
583.75     1.0
584.0     1.0
584.25     1.0
584.5     1.0
584.75     1.0
585.0     1.0
585.25     1.0
585.5     1.0
585.75     1.0
586.0     1.0
586.25     1.0
586.5     1.0
586.75     1.0
587.0     1.0
587.25     1.0
587.5     1.0
587.75     1.0
588.0     1.0
588.25     1.0
588.5     1.0
588.75     1.0
589.0     1.0
589.25     1.0
589.5     1.0
589.75     1.0
590.0     1.0
590.25     1.0
590.5     1.0
590.75     1.0
591.0     1.0
591.25     1.0
591.5     1.0
591.75     1.0
592.0     1.0
592.25     1.0
592.5     1.0
592.75     1.0
593.0     1.0
593.25     1.0
593.5     1.0
593.75     1.0
594.0     1.0
594.25     1.0
594.5     1.0
594.75     1.0
595.0     1.0
595.25     1.0
595.5     1.0
595.75     1.0
596.0     1.0
596.25     1.0
596.5     1.0
596.75     1.0
597.0     1.0
597.25     1.0
597.5     1.0
597.75     1.0
598.0     1.0
598.25     1.0
598.5     1.0
598.75     1.0
599.0     1.0
599.25     1.0
599.5     1.0
599.75     1.0
600.0     1.0
600.25     1.0
600.5     1.0
600.75     1.0
601.0     1.0
601.25     1.0
601.5     1.0
601.75     1.0
602.0     1.0
602.25     1.0
602.5     1.0
602.75     1.0
603.0     1.0
603.25     1.0
603.5     1.0
603.75     1.0
604.0     1.0
604.25     1.0
604.5     1.0
604.75     1.0
605.0     1.0
605.25     1.0
605.5     1.0
605.75     1.0
606.0     1.0
606.25     1.0
606.5     1.0
606.75     1.0
607.0     1.0
607.25     1.0
607.5     1.0
607.75     1.0
608.0     1.0
608.25     1.0
608.5     1.0
608.75     1.0
609.0     1.0
609.25     1.0
609.5     1.0
609.75     1.0
610.0     1.0
610.25     1.0
610.5     1.0
610.75     1.0
611.0     1.0
611.25     1.0
611.5     1.0
611.75     1.0
612.0     1.0
612.25     1.0
612.5     1.0
612.75     1.0
613.0     1.0
613.25     1.0
613.5     1.0
613.75     1.0
614.0     1.0
614.25     1.0
614.5     1.0
614.75     1.0
615.0     1.0
615.25     1.0
615.5     1.0
615.75     1.0
616.0     1.0
616.25     1.0
616.5     1.0
616.75     1.0
617.0     1.0
617.25     1.0
617.5     1.0
617.75     1.0
618.0     1.0
618.25     1.0
618.5     1.0
618.75     1.0
619.0     1.0
619.25     1.0
619.5     1.0
619.75     1.0
620.0     1.0
620.25     1.0
620.5     1.0
620.75     1.0
621.0     1.0
621.25     1.0
621.5     1.0
621.75     1.0
622.0     1.0
622.25     1.0
622.5     1.0
622.75     1.0
623.0     1.0
623.25     1.0
623.5     1.0
623.75     1.0
624.0     1.0
624.25     1.0
624.5     1.0
624.75     1.0
625.0     1.0
625.25     1.0
625.5     1.0
625.75     1.0
626.0     1.0
626.25     1.0
626.5     1.0
626.75     1.0
627.0     1.0
627.25     1.0
627.5     1.0
627.75     1.0
628.0     1.0
628.25     1.0
628.5     1.0
628.75     1.0
629.0     1.0
629.25     1.0
629.5     1.0
629.75     1.0
630.0     1.0
630.25     1.0
630.5     1.0
630.75     1.0
631.0     1.0
631.25     1.0
631.5     1.0
631.75     1.0
632.0     1.0
632.25     1.0
632.5     1.0
632.75     1.0
633.0     1.0
633.25     1.0
633.5     1.0
633.75     1.0
634.0     1.0
634.25     1.0
634.5     1.0
634.75     1.0
635.0     1.0
635.25     1.0
635.5     1.0
635.75     1.0
636.0     1.0
636.25     1.0
636.5     1.0
636.75     1.0
637.0     1.0
637.25     1.0
637.5     1.0
637.75     1.0
638.0     1.0
638.25     1.0
638.5     1.0
638.75     1.0
639.0     1.0
639.25     1.0
639.5     1.0
639.75     1.0
640.0     1.0
640.25     1.0
640.5     1.0
640.75     1.0
641.0     1.0
641.25     1.0
641.5     1.0
641.75     1.0
642.0     1.0
642.25     1.0
642.5     1.0
642.75     1.0
643.0     1.0
643.25     1.0
643.5     1.0
643.75     1.0
644.0     1.0
644.25     1.0
644.5     1.0
644.75     1.0
645.0     1.0
645.25     1.0
645.5     1.0
645.75     1.0
646.0     1.0
646.25     1.0
646.5     1.0
646.75     1.0
647.0     1.0
647.25     1.0
647.5     1.0
647.75     1.0
648.0     1.0
648.25     1.0
648.5     1.0
648.75     1.0
649.0     1.0
649.25     1.0
649.5     1.0
649.75     1.0
650.0     1.0
650.25     1.0
650.5     1.0
650.75     1.0
651.0     1.0
651.25     1.0
651.5     1.0
651.75     1.0
652.0     1.0
652.25     1.0
652.5     1.0
652.75     1.0
653.0     1.0
653.25     1.0
653.5     1.0
653.75     1.0
654.0     1.0
654.25     1.0
654.5     1.0
654.75     1.0
655.0     1.0
655.25     1.0
655.5     1.0
655.75     1.0
656.0     1.0
656.25     1.0
656.5     1.0
656.75     1.0
657.0     1.0
657.25     1.0
657.5     1.0
657.75     1.0
658.0     1.0
658.25     1.0
658.5     1.0
658.75     1.0
659.0     1.0
659.25     1.0
659.5     1.0
659.75     1.0
660.0     1.0
660.25     1.0
660.5     1.0
660.75     1.0
661.0     1.0
661.25     1.0
661.5     1.0
661.75     1.0
662.0     1.0
662.25     1.0
662.5     1.0
662.75     1.0
663.0     1.0
663.25     1.0
663.5     1.0
663.75     1.0
664.0     1.0
664.25     1.0
664.5     1.0
664.75     1.0
665.0     1.0
665.25     1.0
665.5     1.0
665.75     1.0
666.0     1.0
666.25     1.0
666.5     1.0
666.75     1.0
667.0     1.0
667.25     1.0
667.5     1.0
667.75     1.0
668.0     1.0
668.25     1.0
668.5     1.0
668.75     1.0
669.0     1.0
669.25     1.0
669.5     1.0
669.75     1.0
670.0     1.0
670.25     1.0
670.5     1.0
670.75     1.0
671.0     1.0
671.25     1.0
671.5     1.0
671.75     1.0
672.0     1.0
672.25     1.0
672.5     1.0
672.75     1.0
673.0     1.0
673.25     1.0
673.5     1.0
673.75     1.0
674.0     1.0
674.25     1.0
674.5     1.0
674.75     1.0
675.0     1.0
675.25     1.0
675.5     1.0
675.75     1.0
676.0     1.0
676.25     1.0
676.5     1.0
676.75     1.0
677.0     1.0
677.25     1.0
677.5     1.0
677.75     1.0
678.0     1.0
678.25     1.0
678.5     1.0
678.75     1.0
679.0     1.0
679.25     1.0
679.5     1.0
679.75     1.0
680.0     1.0
680.25     1.0
680.5     1.0
680.75     1.0
681.0     1.0
681.25     1.0
681.5     1.0
681.75     1.0
682.0     1.0
682.25     1.0
682.5     1.0
682.75     1.0
683.0     1.0
683.25     1.0
683.5     1.0
683.75     1.0
684.0     1.0
684.25     1.0
684.5     1.0
684.75     1.0
685.0     1.0
685.25     1.0
685.5     1.0
685.75     1.0
686.0     1.0
686.25     1.0
686.5     1.0
686.75     1.0
687.0     1.0
687.25     1.0
687.5     1.0
687.75     1.0
688.0     1.0
688.25     1.0
688.5     1.0
688.75     1.0
689.0     1.0
689.25     1.0
689.5     1.0
689.75     1.0
690.0     1.0
690.25     1.0
690.5     1.0
690.75     1.0
691.0     1.0
691.25     1.0
691.5     1.0
691.75     1.0
692.0     1.0
692.25     1.0
692.5     1.0
692.75     1.0
693.0     1.0
693.25     1.0
693.5     1.0
693.75     1.0
694.0     1.0
694.25     1.0
694.5     1.0
694.75     1.0
695.0     1.0
695.25     1.0
695.5     1.0
695.75     1.0
696.0     1.0
696.25     1.0
696.5     1.0
696.75     1.0
697.0     1.0
697.25     1.0
697.5     1.0
697.75     1.0
698.0     1.0
698.25     1.0
698.5     1.0
698.75     1.0
699.0     1.0
699.25     1.0
699.5     1.0
699.75     1.0
700.0     1.0
700.25     1.0
700.5     1.0
700.75     1.0
701.0     1.0
701.25     1.0
701.5     1.0
701.75     1.0
702.0     1.0
702.25     1.0
702.5     1.0
702.75     1.0
703.0     1.0
703.25     1.0
703.5     1.0
703.75     1.0
704.0     1.0
704.25     1.0
704.5     1.0
704.75     1.0
705.0     1.0
705.25     1.0
705.5     1.0
705.75     1.0
706.0     1.0
706.25     1.0
706.5     1.0
706.75     1.0
707.0     1.0
707.25     1.0
707.5     1.0
707.75     1.0
708.0     1.0
708.25     1.0
708.5     1.0
708.75     1.0
709.0     1.0
709.25     1.0
709.5     1.0
709.75     1.0
710.0     1.0
710.25     1.0
710.5     1.0
710.75     1.0
711.0     1.0
711.25     1.0
711.5     1.0
711.75     1.0
712.0     1.0
712.25     1.0
712.5     1.0
712.75     1.0
713.0     1.0
713.25     1.0
713.5     1.0
713.75     1.0
714.0     1.0
714.25     1.0
714.5     1.0
714.75     1.0
715.0     1.0
715.25     1.0
715.5     1.0
715.75     1.0
716.0     1.0
716.25     1.0
716.5     1.0
716.75     1.0
717.0     1.0
717.25     1.0
717.5     1.0
717.75     1.0
718.0     1.0
718.25     1.0
718.5     1.0
718.75     1.0
719.0     1.0
719.25     1.0
719.5     1.0
719.75     1.0
720.0     1.0
720.25     1.0
720.5     1.0
720.75     1.0
721.0     1.0
721.25     1.0
721.5     1.0
721.75     1.0
722.0     1.0
722.25     1.0
722.5     1.0
722.75     1.0
723.0     1.0
723.25     1.0
723.5     1.0
723.75     1.0
724.0     1.0
724.25     1.0
724.5     1.0
724.75     1.0
725.0     1.0
725.25     1.0
725.5     1.0
725.75     1.0
726.0     1.0
726.25     1.0
726.5     1.0
726.75     1.0
727.0     1.0
727.25     1.0
727.5     1.0
727.75     1.0
728.0     1.0
728.25     1.0
728.5     1.0
728.75     1.0
729.0     1.0
729.25     1.0
729.5     1.0
729.75     1.0
730.0     1.0
730.25     1.0
730.5     1.0
730.75     1.0
731.0     1.0
731.25     1.0
731.5     1.0
731.75     1.0
732.0     1.0
732.25     1.0
732.5     1.0
732.75     1.0
733.0     1.0
733.25     1.0
733.5     1.0
733.75     1.0
734.0     1.0
734.25     1.0
734.5     1.0
734.75     1.0
735.0     1.0
735.25     1.0
735.5     1.0
735.75     1.0
736.0     1.0
736.25     1.0
736.5     1.0
736.75     1.0
737.0     1.0
737.25     1.0
737.5     1.0
737.75     1.0
738.0     1.0
738.25     1.0
738.5     1.0
738.75     1.0
739.0     1.0
739.25     1.0
739.5     1.0
739.75     1.0
740.0     1.0
740.25     1.0
740.5     1.0
740.75     1.0
741.0     1.0
741.25     1.0
741.5     1.0
741.75     1.0
742.0     1.0
742.25     1.0
742.5     1.0
742.75     1.0
743.0     1.0
743.25     1.0
743.5     1.0
743.75     1.0
744.0     1.0
744.25     1.0
744.5     1.0
744.75     1.0
745.0     1.0
745.25     1.0
745.5     1.0
745.75     1.0
746.0     1.0
746.25     1.0
746.5     1.0
746.75     1.0
747.0     1.0
747.25     1.0
747.5     1.0
747.75     1.0
748.0     1.0
748.25     1.0
748.5     1.0
748.75     1.0
749.0     1.0
749.25     1.0
749.5     1.0
749.75     1.0
750.0     1.0
750.25     1.0
750.5     1.0
750.75     1.0
751.0     1.0
751.25     1.0
751.5     1.0
751.75     1.0
752.0     1.0
752.25     1.0
752.5     1.0
752.75     1.0
753.0     1.0
753.25     1.0
753.5     1.0
753.75     1.0
754.0     1.0
754.25     1.0
754.5     1.0
754.75     1.0
755.0     1.0
755.25     1.0
755.5     1.0
755.75     1.0
756.0     1.0
756.25     1.0
756.5     1.0
756.75     1.0
757.0     1.0
757.25     1.0
757.5     1.0
757.75     1.0
758.0     1.0
758.25     1.0
758.5     1.0
758.75     1.0
759.0     1.0
759.25     1.0
759.5     1.0
759.75     1.0
760.0     1.0
760.25     1.0
760.5     1.0
760.75     1.0
761.0     1.0
761.25     1.0
761.5     1.0
761.75     1.0
762.0     1.0
762.25     1.0
762.5     1.0
762.75     1.0
763.0     1.0
763.25     1.0
763.5     1.0
763.75     1.0
764.0     1.0
764.25     1.0
764.5     1.0
764.75     1.0
765.0     1.0
765.25     1.0
765.5     1.0
765.75     1.0
766.0     1.0
766.25     1.0
766.5     1.0
766.75     1.0
767.0     1.0
767.25     1.0
767.5     1.0
767.75     1.0
768.0     1.0
768.25     1.0
768.5     1.0
768.75     1.0
769.0     1.0
769.25     1.0
769.5     1.0
769.75     1.0
770.0     1.0
770.25     1.0
770.5     1.0
770.75     1.0
771.0     1.0
771.25     1.0
771.5     1.0
771.75     1.0
772.0     1.0
772.25     1.0
772.5     1.0
772.75     1.0
773.0     1.0
773.25     1.0
773.5     1.0
773.75     1.0
774.0     1.0
774.25     1.0
774.5     1.0
774.75     1.0
775.0     1.0
775.25     1.0
775.5     1.0
775.75     1.0
776.0     1.0
776.25     1.0
776.5     1.0
776.75     1.0
777.0     1.0
777.25     1.0
777.5     1.0
777.75     1.0
778.0     1.0
778.25     1.0
778.5     1.0
778.75     1.0
779.0     1.0
779.25     1.0
779.5     1.0
779.75     1.0
780.0     1.0
780.25     1.0
780.5     1.0
780.75     1.0
781.0     1.0
781.25     1.0
781.5     1.0
781.75     1.0
782.0     1.0
782.25     1.0
782.5     1.0
782.75     1.0
783.0     1.0
783.25     1.0
783.5     1.0
783.75     1.0
784.0     1.0
784.25     1.0
784.5     1.0
784.75     1.0
785.0     1.0
785.25     1.0
785.5     1.0
785.75     1.0
786.0     1.0
786.25     1.0
786.5     1.0
786.75     1.0
787.0     1.0
787.25     1.0
787.5     1.0
787.75     1.0
788.0     1.0
788.25     1.0
788.5     1.0
788.75     1.0
789.0     1.0
789.25     1.0
789.5     1.0
789.75     1.0
790.0     1.0
790.25     1.0
790.5     1.0
790.75     1.0
791.0     1.0
791.25     1.0
791.5     1.0
791.75     1.0
792.0     1.0
792.25     1.0
792.5     1.0
792.75     1.0
793.0     1.0
793.25     1.0
793.5     1.0
793.75     1.0
794.0     1.0
794.25     1.0
794.5     1.0
794.75     1.0
795.0     1.0
795.25     1.0
795.5     1.0
795.75     1.0
796.0     1.0
796.25     1.0
796.5     1.0
796.75     1.0
797.0     1.0
797.25     1.0
797.5     1.0
797.75     1.0
798.0     1.0
798.25     1.0
798.5     1.0
798.75     1.0
799.0     1.0
799.25     1.0
799.5     1.0
799.75     1.0
800.0     1.0
800.25     1.0
800.5     1.0
800.75     1.0
801.0     1.0
801.25     1.0
801.5     1.0
801.75     1.0
802.0     1.0
802.25     1.0
802.5     1.0
802.75     1.0
803.0     1.0
803.25     1.0
803.5     1.0
803.75     1.0
804.0     1.0
804.25     1.0
804.5     1.0
804.75     1.0
805.0     1.0
805.25     1.0
805.5     1.0
805.75     1.0
806.0     1.0
806.25     1.0
806.5     1.0
806.75     1.0
807.0     1.0
807.25     1.0
807.5     1.0
807.75     1.0
808.0     1.0
808.25     1.0
808.5     1.0
808.75     1.0
809.0     1.0
809.25     1.0
809.5     1.0
809.75     1.0
810.0     1.0
810.25     1.0
810.5     1.0
810.75     1.0
811.0     1.0
811.25     1.0
811.5     1.0
811.75     1.0
812.0     1.0
812.25     1.0
812.5     1.0
812.75     1.0
813.0     1.0
813.25     1.0
813.5     1.0
813.75     1.0
814.0     1.0
814.25     1.0
814.5     1.0
814.75     1.0
815.0     1.0
815.25     1.0
815.5     1.0
815.75     1.0
816.0     1.0
816.25     1.0
816.5     1.0
816.75     1.0
817.0     1.0
817.25     1.0
817.5     1.0
817.75     1.0
818.0     1.0
818.25     1.0
818.5     1.0
818.75     1.0
819.0     1.0
819.25     1.0
819.5     1.0
819.75     1.0
820.0     1.0
820.25     1.0
820.5     1.0
820.75     1.0
821.0     1.0
821.25     1.0
821.5     1.0
821.75     1.0
822.0     1.0
822.25     1.0
822.5     1.0
822.75     1.0
823.0     1.0
823.25     1.0
823.5     1.0
823.75     1.0
824.0     1.0
824.25     1.0
824.5     1.0
824.75     1.0
825.0     1.0
825.25     1.0
825.5     1.0
825.75     1.0
826.0     1.0
826.25     1.0
826.5     1.0
826.75     1.0
827.0     1.0
827.25     1.0
827.5     1.0
827.75     1.0
828.0     1.0
828.25     1.0
828.5     1.0
828.75     1.0
829.0     1.0
829.25     1.0
829.5     1.0
829.75     1.0
830.0     1.0
830.25     1.0
830.5     1.0
830.75     1.0
831.0     1.0
831.25     1.0
831.5     1.0
831.75     1.0
832.0     1.0
832.25     1.0
832.5     1.0
832.75     1.0
833.0     1.0
833.25     1.0
833.5     1.0
833.75     1.0
834.0     1.0
834.25     1.0
834.5     1.0
834.75     1.0
835.0     1.0
835.25     1.0
835.5     1.0
835.75     1.0
836.0     1.0
836.25     1.0
836.5     1.0
836.75     1.0
837.0     1.0
837.25     1.0
837.5     1.0
837.75     1.0
838.0     1.0
838.25     1.0
838.5     1.0
838.75     1.0
839.0     1.0
839.25     1.0
839.5     1.0
839.75     1.0
840.0     1.0
840.25     1.0
840.5     1.0
840.75     1.0
841.0     1.0
841.25     1.0
841.5     1.0
841.75     1.0
842.0     1.0
842.25     1.0
842.5     1.0
842.75     1.0
843.0     1.0
843.25     1.0
843.5     1.0
843.75     1.0
844.0     1.0
844.25     1.0
844.5     1.0
844.75     1.0
845.0     1.0
845.25     1.0
845.5     1.0
845.75     1.0
846.0     1.0
846.25     1.0
846.5     1.0
846.75     1.0
847.0     1.0
847.25     1.0
847.5     1.0
847.75     1.0
848.0     1.0
848.25     1.0
848.5     1.0
848.75     1.0
849.0     1.0
849.25     1.0
849.5     1.0
849.75     1.0
850.0     1.0
850.25     1.0
850.5     1.0
850.75     1.0
851.0     1.0
851.25     1.0
851.5     1.0
851.75     1.0
852.0     1.0
852.25     1.0
852.5     1.0
852.75     1.0
853.0     1.0
853.25     1.0
853.5     1.0
853.75     1.0
854.0     1.0
854.25     1.0
854.5     1.0
854.75     1.0
855.0     1.0
855.25     1.0
855.5     1.0
855.75     1.0
856.0     1.0
856.25     1.0
856.5     1.0
856.75     1.0
857.0     1.0
857.25     1.0
857.5     1.0
857.75     1.0
858.0     1.0
858.25     1.0
858.5     1.0
858.75     1.0
859.0     1.0
859.25     1.0
859.5     1.0
859.75     1.0
860.0     1.0
860.25     1.0
860.5     1.0
860.75     1.0
861.0     1.0
861.25     1.0
861.5     1.0
861.75     1.0
862.0     1.0
862.25     1.0
862.5     1.0
862.75     1.0
863.0     1.0
863.25     1.0
863.5     1.0
863.75     1.0
864.0     1.0
864.25     1.0
864.5     1.0
864.75     1.0
865.0     1.0
865.25     1.0
865.5     1.0
865.75     1.0
866.0     1.0
866.25     1.0
866.5     1.0
866.75     1.0
867.0     1.0
867.25     1.0
867.5     1.0
867.75     1.0
868.0     1.0
868.25     1.0
868.5     1.0
868.75     1.0
869.0     1.0
869.25     1.0
869.5     1.0
869.75     1.0
870.0     1.0
870.25     1.0
870.5     1.0
870.75     1.0
871.0     1.0
871.25     1.0
871.5     1.0
871.75     1.0
872.0     1.0
872.25     1.0
872.5     1.0
872.75     1.0
873.0     1.0
873.25     1.0
873.5     1.0
873.75     1.0
874.0     1.0
874.25     1.0
874.5     1.0
874.75     1.0
875.0     1.0
875.25     1.0
875.5     1.0
875.75     1.0
876.0     1.0
876.25     1.0
876.5     1.0
876.75     1.0
877.0     1.0
877.25     1.0
877.5     1.0
877.75     1.0
878.0     1.0
878.25     1.0
878.5     1.0
878.75     1.0
879.0     1.0
879.25     1.0
879.5     1.0
879.75     1.0
880.0     1.0
880.25     1.0
880.5     1.0
880.75     1.0
881.0     1.0
881.25     1.0
881.5     1.0
881.75     1.0
882.0     1.0
882.25     1.0
882.5     1.0
882.75     1.0
883.0     1.0
883.25     1.0
883.5     1.0
883.75     1.0
884.0     1.0
884.25     1.0
884.5     1.0
884.75     1.0
885.0     1.0
885.25     1.0
885.5     1.0
885.75     1.0
886.0     1.0
886.25     1.0
886.5     1.0
886.75     1.0
887.0     1.0
887.25     1.0
887.5     1.0
887.75     1.0
888.0     1.0
888.25     1.0
888.5     1.0
888.75     1.0
889.0     1.0
889.25     1.0
889.5     1.0
889.75     1.0
890.0     1.0
890.25     1.0
890.5     1.0
890.75     1.0
891.0     1.0
891.25     1.0
891.5     1.0
891.75     1.0
892.0     1.0
892.25     1.0
892.5     1.0
892.75     1.0
893.0     1.0
893.25     1.0
893.5     1.0
893.75     1.0
894.0     1.0
894.25     1.0
894.5     1.0
894.75     1.0
895.0     1.0
895.25     1.0
895.5     1.0
895.75     1.0
896.0     1.0
896.25     1.0
896.5     1.0
896.75     1.0
897.0     1.0
897.25     1.0
897.5     1.0
897.75     1.0
898.0     1.0
898.25     1.0
898.5     1.0
898.75     1.0
899.0     1.0
899.25     1.0
899.5     1.0
899.75     1.0
900.0     1.0
900.25     1.0
900.5     1.0
900.75     1.0
901.0     1.0
901.25     1.0
901.5     1.0
901.75     1.0
902.0     1.0
902.25     1.0
902.5     1.0
902.75     1.0
903.0     1.0
903.25     1.0
903.5     1.0
903.75     1.0
904.0     1.0
904.25     1.0
904.5     1.0
904.75     1.0
905.0     1.0
905.25     1.0
905.5     1.0
905.75     1.0
906.0     1.0
906.25     1.0
906.5     1.0
906.75     1.0
907.0     1.0
907.25     1.0
907.5     1.0
907.75     1.0
908.0     1.0
908.25     1.0
908.5     1.0
908.75     1.0
909.0     1.0
909.25     1.0
909.5     1.0
909.75     1.0
910.0     1.0
910.25     1.0
910.5     1.0
910.75     1.0
911.0     1.0
911.25     1.0
911.5     1.0
911.75     1.0
912.0     1.0
912.25     1.0
912.5     1.0
912.75     1.0
913.0     1.0
913.25     1.0
913.5     1.0
913.75     1.0
914.0     1.0
914.25     1.0
914.5     1.0
914.75     1.0
915.0     1.0
915.25     1.0
915.5     1.0
915.75     1.0
916.0     1.0
916.25     1.0
916.5     1.0
916.75     1.0
917.0     1.0
917.25     1.0
917.5     1.0
917.75     1.0
918.0     1.0
918.25     1.0
918.5     1.0
918.75     1.0
919.0     1.0
919.25     1.0
919.5     1.0
919.75     1.0
920.0     1.0
920.25     1.0
920.5     1.0
920.75     1.0
921.0     1.0
921.25     1.0
921.5     1.0
921.75     1.0
922.0     1.0
922.25     1.0
922.5     1.0
922.75     1.0
923.0     1.0
923.25     1.0
923.5     1.0
923.75     1.0
924.0     1.0
924.25     1.0
924.5     1.0
924.75     1.0
925.0     1.0
925.25     1.0
925.5     1.0
925.75     1.0
926.0     1.0
926.25     1.0
926.5     1.0
926.75     1.0
927.0     1.0
927.25     1.0
927.5     1.0
927.75     1.0
928.0     1.0
928.25     1.0
928.5     1.0
928.75     1.0
929.0     1.0
929.25     1.0
929.5     1.0
929.75     1.0
930.0     1.0
930.25     1.0
930.5     1.0
930.75     1.0
931.0     1.0
931.25     1.0
931.5     1.0
931.75     1.0
932.0     1.0
932.25     1.0
932.5     1.0
932.75     1.0
933.0     1.0
933.25     1.0
933.5     1.0
933.75     1.0
934.0     1.0
934.25     1.0
934.5     1.0
934.75     1.0
935.0     1.0
935.25     1.0
935.5     1.0
935.75     1.0
936.0     1.0
936.25     1.0
936.5     1.0
936.75     1.0
937.0     1.0
937.25     1.0
937.5     1.0
937.75     1.0
938.0     1.0
938.25     1.0
938.5     1.0
938.75     1.0
939.0     1.0
939.25     1.0
939.5     1.0
939.75     1.0
940.0     1.0
940.25     1.0
940.5     1.0
940.75     1.0
941.0     1.0
941.25     1.0
941.5     1.0
941.75     1.0
942.0     1.0
942.25     1.0
942.5     1.0
942.75     1.0
943.0     1.0
943.25     1.0
943.5     1.0
943.75     1.0
944.0     1.0
944.25     1.0
944.5     1.0
944.75     1.0
945.0     1.0
945.25     1.0
945.5     1.0
945.75     1.0
946.0     1.0
946.25     1.0
946.5     1.0
946.75     1.0
947.0     1.0
947.25     1.0
947.5     1.0
947.75     1.0
948.0     1.0
948.25     1.0
948.5     1.0
948.75     1.0
949.0     1.0
949.25     1.0
949.5     1.0
949.75     1.0
950.0     1.0
950.25     1.0
950.5     1.0
950.75     1.0
951.0     1.0
951.25     1.0
951.5     1.0
951.75     1.0
952.0     1.0
952.25     1.0
952.5     1.0
952.75     1.0
953.0     1.0
953.25     1.0
953.5     1.0
953.75     1.0
954.0     1.0
954.25     1.0
954.5     1.0
954.75     1.0
955.0     1.0
955.25     1.0
955.5     1.0
955.75     1.0
956.0     1.0
956.25     1.0
956.5     1.0
956.75     1.0
957.0     1.0
957.25     1.0
957.5     1.0
957.75     1.0
958.0     1.0
958.25     1.0
958.5     1.0
958.75     1.0
959.0     1.0
959.25     1.0
959.5     1.0
959.75     1.0
960.0     1.0
960.25     1.0
960.5     1.0
960.75     1.0
961.0     1.0
961.25     1.0
961.5     1.0
961.75     1.0
962.0     1.0
962.25     1.0
962.5     1.0
962.75     1.0
963.0     1.0
963.25     1.0
963.5     1.0
963.75     1.0
964.0     1.0
964.25     1.0
964.5     1.0
964.75     1.0
965.0     1.0
965.25     1.0
965.5     1.0
965.75     1.0
966.0     1.0
966.25     1.0
966.5     1.0
966.75     1.0
967.0     1.0
967.25     1.0
967.5     1.0
967.75     1.0
968.0     1.0
968.25     1.0
968.5     1.0
968.75     1.0
969.0     1.0
969.25     1.0
969.5     1.0
969.75     1.0
970.0     1.0
970.25     1.0
970.5     1.0
970.75     1.0
971.0     1.0
971.25     1.0
971.5     1.0
971.75     1.0
972.0     1.0
972.25     1.0
972.5     1.0
972.75     1.0
973.0     1.0
973.25     1.0
973.5     1.0
973.75     1.0
974.0     1.0
974.25     1.0
974.5     1.0
974.75     1.0
975.0     1.0
975.25     1.0
975.5     1.0
975.75     1.0
976.0     1.0
976.25     1.0
976.5     1.0
976.75     1.0
977.0     1.0
977.25     1.0
977.5     1.0
977.75     1.0
978.0     1.0
978.25     1.0
978.5     1.0
978.75     1.0
979.0     1.0
979.25     1.0
979.5     1.0
979.75     1.0
980.0     1.0
980.25     1.0
980.5     1.0
980.75     1.0
981.0     1.0
981.25     1.0
981.5     1.0
981.75     1.0
982.0     1.0
982.25     1.0
982.5     1.0
982.75     1.0
983.0     1.0
983.25     1.0
983.5     1.0
983.75     1.0
984.0     1.0
984.25     1.0
984.5     1.0
984.75     1.0
985.0     1.0
985.25     1.0
985.5     1.0
985.75     1.0
986.0     1.0
986.25     1.0
986.5     1.0
986.75     1.0
987.0     1.0
987.25     1.0
987.5     1.0
987.75     1.0
988.0     1.0
988.25     1.0
988.5     1.0
988.75     1.0
989.0     1.0
989.25     1.0
989.5     1.0
989.75     1.0
990.0     1.0
990.25     1.0
990.5     1.0
990.75     1.0
991.0     1.0
991.25     1.0
991.5     1.0
991.75     1.0
992.0     1.0
992.25     1.0
992.5     1.0
992.75     1.0
993.0     1.0
993.25     1.0
993.5     1.0
993.75     1.0
994.0     1.0
994.25     1.0
994.5     1.0
994.75     1.0
995.0     1.0
995.25     1.0
995.5     1.0
995.75     1.0
996.0     1.0
996.25     1.0
996.5     1.0
996.75     1.0
997.0     1.0
997.25     1.0
997.5     1.0
997.75     1.0
998.0     1.0
998.25     1.0
998.5     1.0
998.75     1.0
999.0     1.0
999.25     1.0
999.5     1.0
999.75     1.0
1000.0     1.0
