0.25     1.0
0.5     1.0
0.75     1.0
1.0     1.0
1.25     1.0
1.5     1.0
1.75     1.0
2.0     1.0
2.25     1.0
2.5     1.0
2.75     1.0
3.0     1.0
3.25     1.0
3.5     1.0
3.75     1.0
4.0     1.0
4.25     1.0
4.5     1.0
4.75     1.0
5.0     1.0
5.25     1.0
5.5     1.0
5.75     1.0
6.0     1.0
6.25     1.0
6.5     1.0
6.75     1.0
7.0     1.0
7.25     1.0
7.5     1.0
7.75     1.0
8.0     1.0
8.25     1.0
8.5     1.0
8.75     1.0
9.0     1.0
9.25     1.0
9.5     1.0
9.75     1.0
10.0     1.0
10.25     1.0
10.5     1.0
10.75     1.0
11.0     1.0
11.25     1.0
11.5     1.0
11.75     1.0
12.0     1.0
12.25     1.0
12.5     1.0
12.75     1.0
13.0     1.0
13.25     1.0
13.5     1.0
13.75     1.0
14.0     1.0
14.25     1.0
14.5     1.0
14.75     1.0
15.0     1.0
15.25     1.0
15.5     1.0
15.75     1.0
16.0     1.0
16.25     1.0
16.5     1.0
16.75     1.0
17.0     1.0
17.25     1.0
17.5     1.0
17.75     0.998
18.0     0.998
18.25     0.998
18.5     0.998
18.75     0.998
19.0     0.998
19.25     0.998
19.5     0.996
19.75     0.996
20.0     0.996
20.25     0.996
20.5     0.994
20.75     0.994
21.0     0.992
21.25     0.992
21.5     0.992
21.75     0.992
22.0     0.992
22.25     0.99
22.5     0.988
22.75     0.988
23.0     0.984
23.25     0.984
23.5     0.982
23.75     0.978
24.0     0.976
24.25     0.976
24.5     0.972
24.75     0.97
25.0     0.968
25.25     0.966
25.5     0.962
25.75     0.956
26.0     0.948
26.25     0.94
26.5     0.936
26.75     0.928
27.0     0.92
27.25     0.912
27.5     0.91
27.75     0.91
28.0     0.9
28.25     0.886
28.5     0.884
28.75     0.88
29.0     0.884
29.25     0.878
29.5     0.872
29.75     0.852
30.0     0.85
30.25     0.842
30.5     0.838
30.75     0.834
31.0     0.826
31.25     0.816
31.5     0.818
31.75     0.814
32.0     0.814
32.25     0.81
32.5     0.804
32.75     0.792
33.0     0.788
33.25     0.786
33.5     0.786
33.75     0.782
34.0     0.782
34.25     0.778
34.5     0.766
34.75     0.762
35.0     0.764
35.25     0.76
35.5     0.754
35.75     0.752
36.0     0.744
36.25     0.738
36.5     0.736
36.75     0.736
37.0     0.734
37.25     0.726
37.5     0.72
37.75     0.72
38.0     0.718
38.25     0.718
38.5     0.718
38.75     0.718
39.0     0.716
39.25     0.714
39.5     0.714
39.75     0.714
40.0     0.714
40.25     0.71
40.5     0.706
40.75     0.704
41.0     0.704
41.25     0.704
41.5     0.702
41.75     0.7
42.0     0.694
42.25     0.694
42.5     0.688
42.75     0.688
43.0     0.684
43.25     0.68
43.5     0.68
43.75     0.674
44.0     0.67
44.25     0.668
44.5     0.664
44.75     0.664
45.0     0.66
45.25     0.656
45.5     0.656
45.75     0.656
46.0     0.654
46.25     0.652
46.5     0.65
46.75     0.648
47.0     0.646
47.25     0.644
47.5     0.644
47.75     0.64
48.0     0.638
48.25     0.636
48.5     0.634
48.75     0.634
49.0     0.634
49.25     0.634
49.5     0.634
49.75     0.632
50.0     0.632
50.25     0.628
50.5     0.628
50.75     0.624
51.0     0.622
51.25     0.616
51.5     0.616
51.75     0.612
52.0     0.614
52.25     0.61
52.5     0.608
52.75     0.606
53.0     0.606
53.25     0.606
53.5     0.604
53.75     0.602
54.0     0.602
54.25     0.6
54.5     0.6
54.75     0.598
55.0     0.59
55.25     0.584
55.5     0.58
55.75     0.578
56.0     0.576
56.25     0.576
56.5     0.574
56.75     0.57
57.0     0.568
57.25     0.564
57.5     0.56
57.75     0.56
58.0     0.56
58.25     0.56
58.5     0.56
58.75     0.558
59.0     0.558
59.25     0.558
59.5     0.558
59.75     0.556
60.0     0.556
60.25     0.556
60.5     0.556
60.75     0.556
61.0     0.556
61.25     0.556
61.5     0.556
61.75     0.552
62.0     0.552
62.25     0.548
62.5     0.546
62.75     0.546
63.0     0.546
63.25     0.546
63.5     0.546
63.75     0.546
64.0     0.544
64.25     0.542
64.5     0.542
64.75     0.542
65.0     0.542
65.25     0.542
65.5     0.542
65.75     0.542
66.0     0.542
66.25     0.54
66.5     0.54
66.75     0.538
67.0     0.538
67.25     0.536
67.5     0.534
67.75     0.53
68.0     0.53
68.25     0.53
68.5     0.53
68.75     0.53
69.0     0.528
69.25     0.528
69.5     0.528
69.75     0.528
70.0     0.528
70.25     0.526
70.5     0.526
70.75     0.526
71.0     0.524
71.25     0.524
71.5     0.524
71.75     0.524
72.0     0.522
72.25     0.522
72.5     0.522
72.75     0.522
73.0     0.522
73.25     0.522
73.5     0.522
73.75     0.522
74.0     0.52
74.25     0.518
74.5     0.518
74.75     0.516
75.0     0.516
75.25     0.514
75.5     0.512
75.75     0.512
76.0     0.512
76.25     0.51
76.5     0.508
76.75     0.508
77.0     0.508
77.25     0.506
77.5     0.506
77.75     0.504
78.0     0.504
78.25     0.502
78.5     0.502
78.75     0.5
79.0     0.498
79.25     0.498
79.5     0.498
79.75     0.498
80.0     0.496
80.25     0.496
80.5     0.496
80.75     0.496
81.0     0.496
81.25     0.496
81.5     0.496
81.75     0.494
82.0     0.492
82.25     0.49
82.5     0.49
82.75     0.49
83.0     0.486
83.25     0.486
83.5     0.486
83.75     0.486
84.0     0.484
84.25     0.484
84.5     0.482
84.75     0.482
85.0     0.482
85.25     0.482
85.5     0.482
85.75     0.48
86.0     0.48
86.25     0.48
86.5     0.478
86.75     0.478
87.0     0.478
87.25     0.478
87.5     0.478
87.75     0.476
88.0     0.474
88.25     0.472
88.5     0.472
88.75     0.472
89.0     0.472
89.25     0.472
89.5     0.472
89.75     0.47
90.0     0.468
90.25     0.466
90.5     0.466
90.75     0.464
91.0     0.462
91.25     0.462
91.5     0.46
91.75     0.46
92.0     0.46
92.25     0.458
92.5     0.458
92.75     0.456
93.0     0.456
93.25     0.456
93.5     0.454
93.75     0.452
94.0     0.45
94.25     0.45
94.5     0.448
94.75     0.448
95.0     0.446
95.25     0.446
95.5     0.446
95.75     0.446
96.0     0.446
96.25     0.446
96.5     0.446
96.75     0.446
97.0     0.446
97.25     0.442
97.5     0.44
97.75     0.44
98.0     0.44
98.25     0.44
98.5     0.44
98.75     0.44
99.0     0.44
99.25     0.44
99.5     0.44
99.75     0.44
100.0     0.44
100.25     0.438
100.5     0.438
100.75     0.436
101.0     0.436
101.25     0.434
101.5     0.434
101.75     0.434
102.0     0.434
102.25     0.436
102.5     0.436
102.75     0.432
103.0     0.43
103.25     0.43
103.5     0.428
103.75     0.428
104.0     0.426
104.25     0.426
104.5     0.424
104.75     0.424
105.0     0.424
105.25     0.424
105.5     0.424
105.75     0.422
106.0     0.42
106.25     0.42
106.5     0.418
106.75     0.418
107.0     0.416
107.25     0.416
107.5     0.416
107.75     0.416
108.0     0.416
108.25     0.416
108.5     0.414
108.75     0.414
109.0     0.414
109.25     0.414
109.5     0.412
109.75     0.412
110.0     0.412
110.25     0.412
110.5     0.412
110.75     0.412
111.0     0.412
111.25     0.412
111.5     0.406
111.75     0.406
112.0     0.406
112.25     0.406
112.5     0.406
112.75     0.404
113.0     0.404
113.25     0.402
113.5     0.402
113.75     0.4
114.0     0.4
114.25     0.4
114.5     0.4
114.75     0.4
115.0     0.398
115.25     0.396
115.5     0.396
115.75     0.396
116.0     0.396
116.25     0.396
116.5     0.394
116.75     0.394
117.0     0.394
117.25     0.394
117.5     0.394
117.75     0.396
118.0     0.396
118.25     0.396
118.5     0.396
118.75     0.396
119.0     0.396
119.25     0.396
119.5     0.396
119.75     0.394
120.0     0.394
120.25     0.394
120.5     0.394
120.75     0.394
121.0     0.394
121.25     0.392
121.5     0.39
121.75     0.39
122.0     0.392
122.25     0.392
122.5     0.392
122.75     0.39
123.0     0.386
123.25     0.382
123.5     0.38
123.75     0.38
124.0     0.38
124.25     0.378
124.5     0.378
124.75     0.376
125.0     0.376
125.25     0.376
125.5     0.376
125.75     0.376
126.0     0.376
126.25     0.376
126.5     0.37
126.75     0.368
127.0     0.366
127.25     0.364
127.5     0.364
127.75     0.36
128.0     0.36
128.25     0.358
128.5     0.356
128.75     0.356
129.0     0.354
129.25     0.348
129.5     0.348
129.75     0.346
130.0     0.346
130.25     0.346
130.5     0.346
130.75     0.346
131.0     0.346
131.25     0.346
131.5     0.346
131.75     0.344
132.0     0.344
132.25     0.344
132.5     0.344
132.75     0.34
133.0     0.34
133.25     0.34
133.5     0.34
133.75     0.34
134.0     0.34
134.25     0.34
134.5     0.34
134.75     0.34
135.0     0.34
135.25     0.34
135.5     0.34
135.75     0.34
136.0     0.34
136.25     0.338
136.5     0.336
136.75     0.336
137.0     0.336
137.25     0.336
137.5     0.336
137.75     0.336
138.0     0.336
138.25     0.334
138.5     0.332
138.75     0.33
139.0     0.33
139.25     0.33
139.5     0.33
139.75     0.33
140.0     0.33
140.25     0.328
140.5     0.328
140.75     0.326
141.0     0.326
141.25     0.322
141.5     0.322
141.75     0.322
142.0     0.322
142.25     0.322
142.5     0.32
142.75     0.32
143.0     0.32
143.25     0.316
143.5     0.316
143.75     0.316
144.0     0.314
144.25     0.314
144.5     0.314
144.75     0.314
145.0     0.312
145.25     0.312
145.5     0.31
145.75     0.308
146.0     0.308
146.25     0.308
146.5     0.308
146.75     0.308
147.0     0.306
147.25     0.302
147.5     0.302
147.75     0.302
148.0     0.302
148.25     0.302
148.5     0.302
148.75     0.302
149.0     0.302
149.25     0.302
149.5     0.3
149.75     0.3
150.0     0.3
150.25     0.3
150.5     0.3
150.75     0.3
151.0     0.298
151.25     0.298
151.5     0.298
151.75     0.298
152.0     0.298
152.25     0.298
152.5     0.298
152.75     0.298
153.0     0.294
153.25     0.292
153.5     0.292
153.75     0.29
154.0     0.29
154.25     0.29
154.5     0.29
154.75     0.29
155.0     0.288
155.25     0.286
155.5     0.284
155.75     0.284
156.0     0.282
156.25     0.28
156.5     0.282
156.75     0.282
157.0     0.282
157.25     0.282
157.5     0.282
157.75     0.282
158.0     0.282
158.25     0.282
158.5     0.282
158.75     0.282
159.0     0.282
159.25     0.282
159.5     0.28
159.75     0.28
160.0     0.28
160.25     0.28
160.5     0.28
160.75     0.28
161.0     0.28
161.25     0.28
161.5     0.28
161.75     0.28
162.0     0.28
162.25     0.28
162.5     0.28
162.75     0.28
163.0     0.28
163.25     0.28
163.5     0.28
163.75     0.28
164.0     0.28
164.25     0.28
164.5     0.28
164.75     0.28
165.0     0.28
165.25     0.28
165.5     0.28
165.75     0.278
166.0     0.278
166.25     0.278
166.5     0.276
166.75     0.276
167.0     0.276
167.25     0.276
167.5     0.274
167.75     0.272
168.0     0.272
168.25     0.272
168.5     0.272
168.75     0.272
169.0     0.272
169.25     0.272
169.5     0.272
169.75     0.272
170.0     0.272
170.25     0.272
170.5     0.272
170.75     0.272
171.0     0.27
171.25     0.27
171.5     0.27
171.75     0.27
172.0     0.27
172.25     0.27
172.5     0.27
172.75     0.27
173.0     0.268
173.25     0.268
173.5     0.268
173.75     0.268
174.0     0.268
174.25     0.268
174.5     0.268
174.75     0.268
175.0     0.268
175.25     0.268
175.5     0.266
175.75     0.266
176.0     0.266
176.25     0.266
176.5     0.266
176.75     0.266
177.0     0.266
177.25     0.266
177.5     0.266
177.75     0.266
178.0     0.266
178.25     0.266
178.5     0.266
178.75     0.266
179.0     0.266
179.25     0.266
179.5     0.266
179.75     0.266
180.0     0.266
180.25     0.266
180.5     0.266
180.75     0.264
181.0     0.264
181.25     0.264
181.5     0.264
181.75     0.264
182.0     0.264
182.25     0.264
182.5     0.264
182.75     0.264
183.0     0.262
183.25     0.262
183.5     0.262
183.75     0.262
184.0     0.262
184.25     0.262
184.5     0.262
184.75     0.262
185.0     0.26
185.25     0.26
185.5     0.26
185.75     0.26
186.0     0.26
186.25     0.26
186.5     0.26
186.75     0.26
187.0     0.26
187.25     0.26
187.5     0.26
187.75     0.26
188.0     0.26
188.25     0.26
188.5     0.258
188.75     0.258
189.0     0.258
189.25     0.258
189.5     0.258
189.75     0.258
190.0     0.258
190.25     0.256
190.5     0.256
190.75     0.256
191.0     0.256
191.25     0.256
191.5     0.256
191.75     0.256
192.0     0.256
192.25     0.256
192.5     0.254
192.75     0.254
193.0     0.254
193.25     0.254
193.5     0.254
193.75     0.254
194.0     0.254
194.25     0.252
194.5     0.25
194.75     0.25
195.0     0.25
195.25     0.248
195.5     0.246
195.75     0.246
196.0     0.246
196.25     0.244
196.5     0.244
196.75     0.244
197.0     0.244
197.25     0.242
197.5     0.242
197.75     0.242
198.0     0.24
198.25     0.238
198.5     0.238
198.75     0.238
199.0     0.238
199.25     0.236
199.5     0.234
199.75     0.234
200.0     0.234
200.25     0.234
200.5     0.234
200.75     0.234
201.0     0.232
201.25     0.23
201.5     0.23
201.75     0.232
202.0     0.232
202.25     0.228
202.5     0.228
202.75     0.226
203.0     0.226
203.25     0.226
203.5     0.226
203.75     0.226
204.0     0.226
204.25     0.226
204.5     0.226
204.75     0.224
205.0     0.224
205.25     0.224
205.5     0.22
205.75     0.22
206.0     0.22
206.25     0.22
206.5     0.22
206.75     0.22
207.0     0.22
207.25     0.22
207.5     0.22
207.75     0.218
208.0     0.216
208.25     0.218
208.5     0.218
208.75     0.218
209.0     0.214
209.25     0.214
209.5     0.212
209.75     0.212
210.0     0.212
210.25     0.212
210.5     0.212
210.75     0.212
211.0     0.212
211.25     0.21
211.5     0.21
211.75     0.21
212.0     0.208
212.25     0.208
212.5     0.208
212.75     0.206
213.0     0.206
213.25     0.204
213.5     0.202
213.75     0.202
214.0     0.202
214.25     0.202
214.5     0.202
214.75     0.2
215.0     0.2
215.25     0.2
215.5     0.2
215.75     0.2
216.0     0.198
216.25     0.194
216.5     0.194
216.75     0.194
217.0     0.194
217.25     0.194
217.5     0.192
217.75     0.19
218.0     0.19
218.25     0.188
218.5     0.188
218.75     0.188
219.0     0.188
219.25     0.188
219.5     0.188
219.75     0.188
220.0     0.188
220.25     0.188
220.5     0.188
220.75     0.188
221.0     0.188
221.25     0.188
221.5     0.188
221.75     0.188
222.0     0.19
222.25     0.19
222.5     0.19
222.75     0.19
223.0     0.19
223.25     0.19
223.5     0.188
223.75     0.188
224.0     0.188
224.25     0.188
224.5     0.188
224.75     0.188
225.0     0.188
225.25     0.186
225.5     0.186
225.75     0.186
226.0     0.188
226.25     0.184
226.5     0.184
226.75     0.184
227.0     0.184
227.25     0.184
227.5     0.184
227.75     0.184
228.0     0.182
228.25     0.182
228.5     0.182
228.75     0.182
229.0     0.182
229.25     0.182
229.5     0.182
229.75     0.182
230.0     0.182
230.25     0.182
230.5     0.182
230.75     0.182
231.0     0.182
231.25     0.182
231.5     0.182
231.75     0.182
232.0     0.18
232.25     0.178
232.5     0.178
232.75     0.178
233.0     0.178
233.25     0.176
233.5     0.176
233.75     0.174
234.0     0.172
234.25     0.172
234.5     0.172
234.75     0.172
235.0     0.17
235.25     0.17
235.5     0.17
235.75     0.17
236.0     0.17
236.25     0.17
236.5     0.168
236.75     0.168
237.0     0.168
237.25     0.168
237.5     0.168
237.75     0.168
238.0     0.166
238.25     0.166
238.5     0.164
238.75     0.164
239.0     0.164
239.25     0.164
239.5     0.164
239.75     0.164
240.0     0.164
240.25     0.164
240.5     0.162
240.75     0.162
241.0     0.162
241.25     0.162
241.5     0.16
241.75     0.158
242.0     0.158
242.25     0.156
242.5     0.156
242.75     0.156
243.0     0.156
243.25     0.156
243.5     0.156
243.75     0.156
244.0     0.156
244.25     0.154
244.5     0.154
244.75     0.154
245.0     0.154
245.25     0.154
245.5     0.154
245.75     0.154
246.0     0.154
246.25     0.154
246.5     0.154
246.75     0.154
247.0     0.154
247.25     0.152
247.5     0.152
247.75     0.152
248.0     0.152
248.25     0.152
248.5     0.152
248.75     0.152
249.0     0.152
249.25     0.152
249.5     0.152
249.75     0.152
250.0     0.15
250.25     0.15
250.5     0.148
250.75     0.148
251.0     0.148
251.25     0.148
251.5     0.15
251.75     0.15
252.0     0.15
252.25     0.15
252.5     0.148
252.75     0.148
253.0     0.146
253.25     0.146
253.5     0.146
253.75     0.144
254.0     0.142
254.25     0.14
254.5     0.14
254.75     0.14
255.0     0.14
255.25     0.14
255.5     0.14
255.75     0.138
256.0     0.138
256.25     0.138
256.5     0.138
256.75     0.138
257.0     0.136
257.25     0.136
257.5     0.136
257.75     0.136
258.0     0.136
258.25     0.136
258.5     0.136
258.75     0.136
259.0     0.136
259.25     0.136
259.5     0.136
259.75     0.136
260.0     0.136
260.25     0.136
260.5     0.136
260.75     0.136
261.0     0.136
261.25     0.136
261.5     0.134
261.75     0.134
262.0     0.134
262.25     0.134
262.5     0.132
262.75     0.132
263.0     0.132
263.25     0.132
263.5     0.132
263.75     0.13
264.0     0.13
264.25     0.13
264.5     0.13
264.75     0.13
265.0     0.13
265.25     0.13
265.5     0.13
265.75     0.13
266.0     0.13
266.25     0.128
266.5     0.126
266.75     0.126
267.0     0.126
267.25     0.126
267.5     0.126
267.75     0.126
268.0     0.124
268.25     0.124
268.5     0.122
268.75     0.122
269.0     0.122
269.25     0.122
269.5     0.122
269.75     0.12
270.0     0.12
270.25     0.118
270.5     0.118
270.75     0.118
271.0     0.118
271.25     0.118
271.5     0.118
271.75     0.118
272.0     0.118
272.25     0.116
272.5     0.116
272.75     0.116
273.0     0.114
273.25     0.114
273.5     0.114
273.75     0.114
274.0     0.114
274.25     0.112
274.5     0.112
274.75     0.112
275.0     0.11
275.25     0.11
275.5     0.108
275.75     0.11
276.0     0.112
276.25     0.112
276.5     0.112
276.75     0.11
277.0     0.11
277.25     0.11
277.5     0.108
277.75     0.108
278.0     0.106
278.25     0.102
278.5     0.1
278.75     0.098
279.0     0.098
279.25     0.098
279.5     0.098
279.75     0.098
280.0     0.098
280.25     0.098
280.5     0.098
280.75     0.098
281.0     0.094
281.25     0.092
281.5     0.092
281.75     0.092
282.0     0.094
282.25     0.094
282.5     0.094
282.75     0.094
283.0     0.092
283.25     0.092
283.5     0.092
283.75     0.09
284.0     0.09
284.25     0.09
284.5     0.088
284.75     0.088
285.0     0.088
285.25     0.088
285.5     0.088
285.75     0.088
286.0     0.088
286.25     0.088
286.5     0.086
286.75     0.086
287.0     0.086
287.25     0.086
287.5     0.086
287.75     0.086
288.0     0.084
288.25     0.084
288.5     0.084
288.75     0.082
289.0     0.082
289.25     0.08
289.5     0.082
289.75     0.082
290.0     0.082
290.25     0.082
290.5     0.082
290.75     0.082
291.0     0.082
291.25     0.08
291.5     0.08
291.75     0.08
292.0     0.08
292.25     0.08
292.5     0.08
292.75     0.08
293.0     0.08
293.25     0.08
293.5     0.08
293.75     0.08
294.0     0.08
294.25     0.08
294.5     0.08
294.75     0.078
295.0     0.078
295.25     0.078
295.5     0.076
295.75     0.076
296.0     0.074
296.25     0.074
296.5     0.074
296.75     0.074
297.0     0.074
297.25     0.074
297.5     0.072
297.75     0.072
298.0     0.07
298.25     0.07
298.5     0.07
298.75     0.07
299.0     0.07
299.25     0.07
299.5     0.07
299.75     0.07
300.0     0.07
300.25     0.07
300.5     0.068
300.75     0.066
301.0     0.066
301.25     0.066
301.5     0.066
301.75     0.064
302.0     0.064
302.25     0.064
302.5     0.064
302.75     0.064
303.0     0.064
303.25     0.064
303.5     0.064
303.75     0.064
304.0     0.064
304.25     0.064
304.5     0.064
304.75     0.064
305.0     0.064
305.25     0.064
305.5     0.064
305.75     0.064
306.0     0.064
306.25     0.064
306.5     0.064
306.75     0.064
307.0     0.064
307.25     0.064
307.5     0.064
307.75     0.064
308.0     0.064
308.25     0.064
308.5     0.064
308.75     0.064
309.0     0.064
309.25     0.064
309.5     0.064
309.75     0.064
310.0     0.064
310.25     0.064
310.5     0.064
310.75     0.064
311.0     0.064
311.25     0.064
311.5     0.064
311.75     0.064
312.0     0.062
312.25     0.062
312.5     0.062
312.75     0.062
313.0     0.062
313.25     0.062
313.5     0.058
313.75     0.058
314.0     0.058
314.25     0.058
314.5     0.06
314.75     0.06
315.0     0.06
315.25     0.06
315.5     0.06
315.75     0.06
316.0     0.06
316.25     0.06
316.5     0.06
316.75     0.06
317.0     0.06
317.25     0.06
317.5     0.06
317.75     0.06
318.0     0.06
318.25     0.06
318.5     0.058
318.75     0.058
319.0     0.058
319.25     0.056
319.5     0.058
319.75     0.058
320.0     0.058
320.25     0.056
320.5     0.056
320.75     0.056
321.0     0.056
321.25     0.056
321.5     0.054
321.75     0.054
322.0     0.052
322.25     0.052
322.5     0.052
322.75     0.052
323.0     0.05
323.25     0.05
323.5     0.05
323.75     0.05
324.0     0.05
324.25     0.05
324.5     0.05
324.75     0.05
325.0     0.05
325.25     0.05
325.5     0.05
325.75     0.05
326.0     0.05
326.25     0.05
326.5     0.05
326.75     0.05
327.0     0.05
327.25     0.05
327.5     0.05
327.75     0.05
328.0     0.05
328.25     0.05
328.5     0.05
328.75     0.05
329.0     0.05
329.25     0.05
329.5     0.05
329.75     0.05
330.0     0.05
330.25     0.05
330.5     0.05
330.75     0.05
331.0     0.05
331.25     0.05
331.5     0.05
331.75     0.05
332.0     0.05
332.25     0.05
332.5     0.05
332.75     0.05
333.0     0.05
333.25     0.05
333.5     0.05
333.75     0.05
334.0     0.05
334.25     0.05
334.5     0.05
334.75     0.05
335.0     0.05
335.25     0.05
335.5     0.05
335.75     0.05
336.0     0.05
336.25     0.05
336.5     0.05
336.75     0.05
337.0     0.05
337.25     0.05
337.5     0.05
337.75     0.05
338.0     0.05
338.25     0.05
338.5     0.05
338.75     0.05
339.0     0.05
339.25     0.05
339.5     0.05
339.75     0.05
340.0     0.05
340.25     0.05
340.5     0.05
340.75     0.05
341.0     0.05
341.25     0.05
341.5     0.05
341.75     0.05
342.0     0.05
342.25     0.048
342.5     0.048
342.75     0.048
343.0     0.048
343.25     0.048
343.5     0.048
343.75     0.048
344.0     0.048
344.25     0.048
344.5     0.048
344.75     0.048
345.0     0.048
345.25     0.046
345.5     0.046
345.75     0.046
346.0     0.046
346.25     0.046
346.5     0.046
346.75     0.046
347.0     0.046
347.25     0.046
347.5     0.046
347.75     0.046
348.0     0.046
348.25     0.046
348.5     0.046
348.75     0.046
349.0     0.046
349.25     0.046
349.5     0.046
349.75     0.046
350.0     0.046
350.25     0.046
350.5     0.046
350.75     0.046
351.0     0.046
351.25     0.046
351.5     0.046
351.75     0.046
352.0     0.046
352.25     0.046
352.5     0.046
352.75     0.046
353.0     0.046
353.25     0.046
353.5     0.046
353.75     0.046
354.0     0.046
354.25     0.046
354.5     0.046
354.75     0.046
355.0     0.046
355.25     0.046
355.5     0.046
355.75     0.046
356.0     0.046
356.25     0.046
356.5     0.046
356.75     0.046
357.0     0.046
357.25     0.046
357.5     0.046
357.75     0.046
358.0     0.046
358.25     0.046
358.5     0.046
358.75     0.046
359.0     0.046
359.25     0.046
359.5     0.046
359.75     0.046
360.0     0.046
360.25     0.046
360.5     0.046
360.75     0.044
361.0     0.044
361.25     0.044
361.5     0.044
361.75     0.044
362.0     0.044
362.25     0.044
362.5     0.044
362.75     0.044
363.0     0.044
363.25     0.044
363.5     0.044
363.75     0.044
364.0     0.044
364.25     0.044
364.5     0.044
364.75     0.044
365.0     0.044
365.25     0.044
365.5     0.044
365.75     0.044
366.0     0.044
366.25     0.042
366.5     0.042
366.75     0.042
367.0     0.042
367.25     0.042
367.5     0.042
367.75     0.042
368.0     0.042
368.25     0.042
368.5     0.042
368.75     0.042
369.0     0.042
369.25     0.042
369.5     0.042
369.75     0.042
370.0     0.042
370.25     0.042
370.5     0.042
370.75     0.042
371.0     0.042
371.25     0.042
371.5     0.042
371.75     0.042
372.0     0.042
372.25     0.04
372.5     0.04
372.75     0.04
373.0     0.04
373.25     0.04
373.5     0.04
373.75     0.04
374.0     0.04
374.25     0.04
374.5     0.04
374.75     0.04
375.0     0.04
375.25     0.04
375.5     0.04
375.75     0.04
376.0     0.04
376.25     0.04
376.5     0.04
376.75     0.04
377.0     0.038
377.25     0.038
377.5     0.038
377.75     0.038
378.0     0.038
378.25     0.038
378.5     0.036
378.75     0.036
379.0     0.036
379.25     0.036
379.5     0.036
379.75     0.036
380.0     0.036
380.25     0.036
380.5     0.038
380.75     0.038
381.0     0.038
381.25     0.038
381.5     0.038
381.75     0.038
382.0     0.036
382.25     0.036
382.5     0.036
382.75     0.036
383.0     0.036
383.25     0.036
383.5     0.036
383.75     0.036
384.0     0.036
384.25     0.036
384.5     0.036
384.75     0.036
385.0     0.036
385.25     0.036
385.5     0.036
385.75     0.036
386.0     0.036
386.25     0.036
386.5     0.036
386.75     0.036
387.0     0.036
387.25     0.036
387.5     0.036
387.75     0.036
388.0     0.036
388.25     0.036
388.5     0.036
388.75     0.036
389.0     0.036
389.25     0.036
389.5     0.036
389.75     0.036
390.0     0.036
390.25     0.036
390.5     0.036
390.75     0.036
391.0     0.036
391.25     0.036
391.5     0.036
391.75     0.036
392.0     0.036
392.25     0.036
392.5     0.036
392.75     0.036
393.0     0.036
393.25     0.034
393.5     0.034
393.75     0.034
394.0     0.034
394.25     0.034
394.5     0.034
394.75     0.034
395.0     0.034
395.25     0.034
395.5     0.034
395.75     0.034
396.0     0.034
396.25     0.034
396.5     0.034
396.75     0.034
397.0     0.028
397.25     0.028
397.5     0.028
397.75     0.028
398.0     0.028
398.25     0.028
398.5     0.028
398.75     0.028
399.0     0.028
399.25     0.028
399.5     0.028
399.75     0.028
400.0     0.028
400.25     0.028
400.5     0.028
400.75     0.028
401.0     0.028
401.25     0.028
401.5     0.028
401.75     0.028
402.0     0.028
402.25     0.028
402.5     0.028
402.75     0.028
403.0     0.028
403.25     0.028
403.5     0.028
403.75     0.028
404.0     0.028
404.25     0.028
404.5     0.028
404.75     0.028
405.0     0.028
405.25     0.028
405.5     0.028
405.75     0.028
406.0     0.028
406.25     0.028
406.5     0.028
406.75     0.028
407.0     0.028
407.25     0.028
407.5     0.028
407.75     0.028
408.0     0.028
408.25     0.028
408.5     0.028
408.75     0.028
409.0     0.028
409.25     0.026
409.5     0.026
409.75     0.026
410.0     0.026
410.25     0.026
410.5     0.026
410.75     0.026
411.0     0.026
411.25     0.026
411.5     0.026
411.75     0.026
412.0     0.026
412.25     0.026
412.5     0.026
412.75     0.026
413.0     0.026
413.25     0.026
413.5     0.026
413.75     0.026
414.0     0.026
414.25     0.026
414.5     0.026
414.75     0.026
415.0     0.026
415.25     0.026
415.5     0.026
415.75     0.026
416.0     0.026
416.25     0.026
416.5     0.026
416.75     0.026
417.0     0.026
417.25     0.026
417.5     0.026
417.75     0.026
418.0     0.026
418.25     0.026
418.5     0.026
418.75     0.024
419.0     0.024
419.25     0.024
419.5     0.024
419.75     0.024
420.0     0.024
420.25     0.024
420.5     0.024
420.75     0.024
421.0     0.024
421.25     0.024
421.5     0.024
421.75     0.024
422.0     0.024
422.25     0.024
422.5     0.024
422.75     0.024
423.0     0.024
423.25     0.024
423.5     0.024
423.75     0.024
424.0     0.024
424.25     0.024
424.5     0.024
424.75     0.024
425.0     0.024
425.25     0.024
425.5     0.024
425.75     0.024
426.0     0.022
426.25     0.022
426.5     0.022
426.75     0.022
427.0     0.022
427.25     0.022
427.5     0.022
427.75     0.022
428.0     0.022
428.25     0.022
428.5     0.022
428.75     0.022
429.0     0.022
429.25     0.022
429.5     0.022
429.75     0.022
430.0     0.022
430.25     0.022
430.5     0.02
430.75     0.02
431.0     0.02
431.25     0.02
431.5     0.02
431.75     0.02
432.0     0.02
432.25     0.02
432.5     0.02
432.75     0.02
433.0     0.02
433.25     0.018
433.5     0.018
433.75     0.018
434.0     0.018
434.25     0.018
434.5     0.018
434.75     0.018
435.0     0.016
435.25     0.016
435.5     0.016
435.75     0.016
436.0     0.016
436.25     0.016
436.5     0.016
436.75     0.016
437.0     0.014
437.25     0.014
437.5     0.014
437.75     0.014
438.0     0.014
438.25     0.014
438.5     0.014
438.75     0.014
439.0     0.014
439.25     0.014
439.5     0.014
439.75     0.014
440.0     0.014
440.25     0.014
440.5     0.014
440.75     0.014
441.0     0.014
441.25     0.014
441.5     0.014
441.75     0.014
442.0     0.014
442.25     0.014
442.5     0.014
442.75     0.014
443.0     0.014
443.25     0.014
443.5     0.014
443.75     0.014
444.0     0.012
444.25     0.012
444.5     0.012
444.75     0.012
445.0     0.012
445.25     0.012
445.5     0.012
445.75     0.012
446.0     0.012
446.25     0.012
446.5     0.012
446.75     0.012
447.0     0.012
447.25     0.012
447.5     0.012
447.75     0.012
448.0     0.012
448.25     0.012
448.5     0.012
448.75     0.012
449.0     0.012
449.25     0.012
449.5     0.012
449.75     0.012
450.0     0.012
450.25     0.012
450.5     0.01
450.75     0.01
451.0     0.01
451.25     0.01
451.5     0.01
451.75     0.01
452.0     0.01
452.25     0.01
452.5     0.01
452.75     0.01
453.0     0.01
453.25     0.01
453.5     0.01
453.75     0.01
454.0     0.01
454.25     0.01
454.5     0.01
454.75     0.01
455.0     0.01
455.25     0.01
455.5     0.01
455.75     0.01
456.0     0.01
456.25     0.01
456.5     0.01
456.75     0.01
457.0     0.01
457.25     0.01
457.5     0.01
457.75     0.01
458.0     0.01
458.25     0.01
458.5     0.01
458.75     0.01
459.0     0.01
459.25     0.01
459.5     0.01
459.75     0.01
460.0     0.01
460.25     0.01
460.5     0.01
460.75     0.008
461.0     0.008
461.25     0.008
461.5     0.008
461.75     0.008
462.0     0.008
462.25     0.008
462.5     0.008
462.75     0.008
463.0     0.008
463.25     0.008
463.5     0.008
463.75     0.008
464.0     0.008
464.25     0.008
464.5     0.008
464.75     0.008
465.0     0.008
465.25     0.008
465.5     0.008
465.75     0.008
466.0     0.008
466.25     0.008
466.5     0.008
466.75     0.008
467.0     0.008
467.25     0.008
467.5     0.008
467.75     0.008
468.0     0.008
468.25     0.008
468.5     0.008
468.75     0.008
469.0     0.008
469.25     0.008
469.5     0.008
469.75     0.008
470.0     0.008
470.25     0.008
470.5     0.008
470.75     0.008
471.0     0.008
471.25     0.008
471.5     0.008
471.75     0.008
472.0     0.008
472.25     0.008
472.5     0.008
472.75     0.008
473.0     0.008
473.25     0.008
473.5     0.008
473.75     0.008
474.0     0.008
474.25     0.008
474.5     0.008
474.75     0.008
475.0     0.008
475.25     0.008
475.5     0.008
475.75     0.008
476.0     0.008
476.25     0.008
476.5     0.008
476.75     0.008
477.0     0.008
477.25     0.008
477.5     0.008
477.75     0.008
478.0     0.008
478.25     0.008
478.5     0.008
478.75     0.008
479.0     0.008
479.25     0.008
479.5     0.008
479.75     0.008
480.0     0.008
480.25     0.008
480.5     0.008
480.75     0.008
481.0     0.008
481.25     0.008
481.5     0.008
481.75     0.008
482.0     0.008
482.25     0.008
482.5     0.008
482.75     0.008
483.0     0.008
483.25     0.008
483.5     0.008
483.75     0.008
484.0     0.008
484.25     0.008
484.5     0.008
484.75     0.008
485.0     0.008
485.25     0.008
485.5     0.008
485.75     0.008
486.0     0.008
486.25     0.008
486.5     0.008
486.75     0.008
487.0     0.008
487.25     0.008
487.5     0.008
487.75     0.008
488.0     0.008
488.25     0.008
488.5     0.008
488.75     0.008
489.0     0.008
489.25     0.008
489.5     0.008
489.75     0.008
490.0     0.008
490.25     0.008
490.5     0.008
490.75     0.008
491.0     0.008
491.25     0.008
491.5     0.008
491.75     0.008
492.0     0.008
492.25     0.008
492.5     0.008
492.75     0.008
493.0     0.008
493.25     0.008
493.5     0.008
493.75     0.008
494.0     0.008
494.25     0.008
494.5     0.008
494.75     0.008
495.0     0.008
495.25     0.008
495.5     0.008
495.75     0.008
496.0     0.008
496.25     0.008
496.5     0.008
496.75     0.008
497.0     0.008
497.25     0.008
497.5     0.008
497.75     0.008
498.0     0.008
498.25     0.008
498.5     0.008
498.75     0.008
499.0     0.008
499.25     0.008
499.5     0.008
499.75     0.008
500.0     0.008
500.25     0.008
500.5     0.008
500.75     0.008
501.0     0.008
501.25     0.008
501.5     0.008
501.75     0.008
502.0     0.008
502.25     0.008
502.5     0.006
502.75     0.006
503.0     0.006
503.25     0.006
503.5     0.006
503.75     0.006
504.0     0.006
504.25     0.006
504.5     0.006
504.75     0.006
505.0     0.006
505.25     0.006
505.5     0.006
505.75     0.006
506.0     0.006
506.25     0.006
506.5     0.006
506.75     0.006
507.0     0.006
507.25     0.006
507.5     0.006
507.75     0.006
508.0     0.006
508.25     0.006
508.5     0.006
508.75     0.006
509.0     0.006
509.25     0.006
509.5     0.006
509.75     0.004
510.0     0.004
510.25     0.004
510.5     0.004
510.75     0.004
511.0     0.004
511.25     0.004
511.5     0.004
511.75     0.004
512.0     0.004
512.25     0.004
512.5     0.004
512.75     0.004
513.0     0.004
513.25     0.004
513.5     0.004
513.75     0.004
514.0     0.004
514.25     0.004
514.5     0.004
514.75     0.004
515.0     0.004
515.25     0.004
515.5     0.004
515.75     0.004
516.0     0.004
516.25     0.004
516.5     0.004
516.75     0.004
517.0     0.004
517.25     0.004
517.5     0.004
517.75     0.004
518.0     0.004
518.25     0.004
518.5     0.004
518.75     0.004
519.0     0.004
519.25     0.004
519.5     0.004
519.75     0.004
520.0     0.004
520.25     0.004
520.5     0.004
520.75     0.004
521.0     0.004
521.25     0.004
521.5     0.004
521.75     0.004
522.0     0.004
522.25     0.004
522.5     0.004
522.75     0.004
523.0     0.004
523.25     0.004
523.5     0.004
523.75     0.004
524.0     0.004
524.25     0.004
524.5     0.004
524.75     0.004
525.0     0.004
525.25     0.004
525.5     0.004
525.75     0.004
526.0     0.004
526.25     0.004
526.5     0.004
526.75     0.004
527.0     0.004
527.25     0.004
527.5     0.004
527.75     0.004
528.0     0.004
528.25     0.004
528.5     0.004
528.75     0.004
529.0     0.004
529.25     0.004
529.5     0.004
529.75     0.004
530.0     0.004
530.25     0.004
530.5     0.004
530.75     0.004
531.0     0.004
531.25     0.004
531.5     0.004
531.75     0.004
532.0     0.004
532.25     0.004
532.5     0.004
532.75     0.004
533.0     0.004
533.25     0.004
533.5     0.004
533.75     0.004
534.0     0.004
534.25     0.004
534.5     0.004
534.75     0.004
535.0     0.004
535.25     0.004
535.5     0.004
535.75     0.004
536.0     0.004
536.25     0.004
536.5     0.004
536.75     0.004
537.0     0.004
537.25     0.004
537.5     0.004
537.75     0.004
538.0     0.004
538.25     0.004
538.5     0.004
538.75     0.004
539.0     0.004
539.25     0.004
539.5     0.004
539.75     0.004
540.0     0.004
540.25     0.004
540.5     0.004
540.75     0.004
541.0     0.004
541.25     0.004
541.5     0.004
541.75     0.004
542.0     0.004
542.25     0.004
542.5     0.004
542.75     0.004
543.0     0.004
543.25     0.004
543.5     0.004
543.75     0.004
544.0     0.004
544.25     0.004
544.5     0.004
544.75     0.004
545.0     0.004
545.25     0.004
545.5     0.004
545.75     0.004
546.0     0.004
546.25     0.004
546.5     0.004
546.75     0.004
547.0     0.002
547.25     0.002
547.5     0.002
547.75     0.002
548.0     0.002
548.25     0.002
548.5     0.002
548.75     0.002
549.0     0.002
549.25     0.002
549.5     0.002
549.75     0.002
550.0     0.002
550.25     0.002
550.5     0.002
550.75     0.002
551.0     0.002
551.25     0.002
551.5     0.002
551.75     0.002
552.0     0.002
552.25     0.002
552.5     0.002
552.75     0.002
553.0     0.002
553.25     0.002
553.5     0.002
553.75     0.002
554.0     0.002
554.25     0.002
554.5     0.002
554.75     0.002
555.0     0.002
555.25     0.002
555.5     0.002
555.75     0.002
556.0     0.002
556.25     0.002
556.5     0.002
556.75     0.002
557.0     0.002
557.25     0.002
557.5     0.002
557.75     0.002
558.0     0.002
558.25     0.002
558.5     0.002
558.75     0.002
559.0     0.002
559.25     0.002
559.5     0.002
559.75     0.002
560.0     0.002
560.25     0.002
560.5     0.002
560.75     0.002
561.0     0.002
561.25     0.002
561.5     0.002
561.75     0.002
562.0     0.002
562.25     0.002
562.5     0.002
562.75     0.002
563.0     0.002
563.25     0.002
563.5     0.002
563.75     0.002
564.0     0.002
564.25     0.002
564.5     0.002
564.75     0.002
565.0     0.002
565.25     0.002
565.5     0.002
565.75     0.002
566.0     0.002
566.25     0.002
566.5     0.002
566.75     0.002
567.0     0.002
567.25     0.002
567.5     0.002
567.75     0.002
568.0     0.002
568.25     0.002
568.5     0.002
568.75     0.002
569.0     0.002
569.25     0.002
569.5     0.002
569.75     0.002
570.0     0.002
570.25     0.002
570.5     0.002
570.75     0.002
571.0     0.002
571.25     0.002
571.5     0.002
571.75     0.002
572.0     0.002
572.25     0.002
572.5     0.002
572.75     0.002
573.0     0.002
573.25     0.002
573.5     0.002
573.75     0.002
574.0     0.002
574.25     0.002
574.5     0.002
574.75     0.002
575.0     0.002
575.25     0.002
575.5     0.002
575.75     0.002
576.0     0.002
576.25     0.002
576.5     0.002
576.75     0.002
577.0     0.002
577.25     0.002
577.5     0.002
577.75     0.002
578.0     0.002
578.25     0.002
578.5     0.002
578.75     0.002
579.0     0.002
579.25     0.0
579.5     0.0
579.75     0.0
580.0     0.0
580.25     0.0
580.5     0.0
580.75     0.0
581.0     0.0
581.25     0.0
581.5     0.0
581.75     0.0
582.0     0.0
582.25     0.0
582.5     0.0
582.75     0.0
583.0     0.0
583.25     0.0
583.5     0.0
583.75     0.0
584.0     0.0
584.25     0.0
584.5     0.0
584.75     0.0
585.0     0.0
585.25     0.0
585.5     0.0
585.75     0.0
586.0     0.0
586.25     0.0
586.5     0.0
586.75     0.0
587.0     0.0
587.25     0.0
587.5     0.0
587.75     0.0
588.0     0.0
588.25     0.0
588.5     0.0
588.75     0.0
589.0     0.0
589.25     0.0
589.5     0.0
589.75     0.0
590.0     0.0
590.25     0.0
590.5     0.0
590.75     0.0
591.0     0.0
591.25     0.0
591.5     0.0
591.75     0.0
592.0     0.0
592.25     0.0
592.5     0.0
592.75     0.0
593.0     0.0
593.25     0.0
593.5     0.0
593.75     0.0
594.0     0.0
594.25     0.0
594.5     0.0
594.75     0.0
595.0     0.0
595.25     0.0
595.5     0.0
595.75     0.0
596.0     0.0
596.25     0.0
596.5     0.0
596.75     0.0
597.0     0.0
597.25     0.0
597.5     0.0
597.75     0.0
598.0     0.0
598.25     0.0
598.5     0.0
598.75     0.0
599.0     0.0
599.25     0.0
599.5     0.0
599.75     0.0
600.0     0.0
600.25     0.0
600.5     0.0
600.75     0.0
601.0     0.0
601.25     0.0
601.5     0.0
601.75     0.0
602.0     0.0
602.25     0.0
602.5     0.0
602.75     0.0
603.0     0.0
603.25     0.0
603.5     0.0
603.75     0.0
604.0     0.0
604.25     0.0
604.5     0.0
604.75     0.0
605.0     0.0
605.25     0.0
605.5     0.0
605.75     0.0
606.0     0.0
606.25     0.0
606.5     0.0
606.75     0.0
607.0     0.0
607.25     0.0
607.5     0.0
607.75     0.0
608.0     0.0
608.25     0.0
608.5     0.0
608.75     0.0
609.0     0.0
609.25     0.0
609.5     0.0
609.75     0.0
610.0     0.0
610.25     0.0
610.5     0.0
610.75     0.0
611.0     0.0
611.25     0.0
611.5     0.0
611.75     0.0
612.0     0.0
612.25     0.0
612.5     0.0
612.75     0.0
613.0     0.0
613.25     0.0
613.5     0.0
613.75     0.0
614.0     0.0
614.25     0.0
614.5     0.0
614.75     0.0
615.0     0.0
615.25     0.0
615.5     0.0
615.75     0.0
616.0     0.0
616.25     0.0
616.5     0.0
616.75     0.0
617.0     0.0
617.25     0.0
617.5     0.0
617.75     0.0
618.0     0.0
618.25     0.0
618.5     0.0
618.75     0.0
619.0     0.0
619.25     0.0
619.5     0.0
619.75     0.0
620.0     0.0
620.25     0.0
620.5     0.0
620.75     0.0
621.0     0.0
621.25     0.0
621.5     0.0
621.75     0.0
622.0     0.0
622.25     0.0
622.5     0.0
622.75     0.0
623.0     0.0
623.25     0.0
623.5     0.0
623.75     0.0
624.0     0.0
624.25     0.0
624.5     0.0
624.75     0.0
625.0     0.0
625.25     0.0
625.5     0.0
625.75     0.0
626.0     0.0
626.25     0.0
626.5     0.0
626.75     0.0
627.0     0.0
627.25     0.0
627.5     0.0
627.75     0.0
628.0     0.0
628.25     0.0
628.5     0.0
628.75     0.0
629.0     0.0
629.25     0.0
629.5     0.0
629.75     0.0
630.0     0.0
630.25     0.0
630.5     0.0
630.75     0.0
631.0     0.0
631.25     0.0
631.5     0.0
631.75     0.0
632.0     0.0
632.25     0.0
632.5     0.0
632.75     0.0
633.0     0.0
633.25     0.0
633.5     0.0
633.75     0.0
634.0     0.0
634.25     0.0
634.5     0.0
634.75     0.0
635.0     0.0
635.25     0.0
635.5     0.0
635.75     0.0
636.0     0.0
636.25     0.0
636.5     0.0
636.75     0.0
637.0     0.0
637.25     0.0
637.5     0.0
637.75     0.0
638.0     0.0
638.25     0.0
638.5     0.0
638.75     0.0
639.0     0.0
639.25     0.0
639.5     0.0
639.75     0.0
640.0     0.0
640.25     0.0
640.5     0.0
640.75     0.0
641.0     0.0
641.25     0.0
641.5     0.0
641.75     0.0
642.0     0.0
642.25     0.0
642.5     0.0
642.75     0.0
643.0     0.0
643.25     0.0
643.5     0.0
643.75     0.0
644.0     0.0
644.25     0.0
644.5     0.0
644.75     0.0
645.0     0.0
645.25     0.0
645.5     0.0
645.75     0.0
646.0     0.0
646.25     0.0
646.5     0.0
646.75     0.0
647.0     0.0
647.25     0.0
647.5     0.0
647.75     0.0
648.0     0.0
648.25     0.0
648.5     0.0
648.75     0.0
649.0     0.0
649.25     0.0
649.5     0.0
649.75     0.0
650.0     0.0
650.25     0.0
650.5     0.0
650.75     0.0
651.0     0.0
651.25     0.0
651.5     0.0
651.75     0.0
652.0     0.0
652.25     0.0
652.5     0.0
652.75     0.0
653.0     0.0
653.25     0.0
653.5     0.0
653.75     0.0
654.0     0.0
654.25     0.0
654.5     0.0
654.75     0.0
655.0     0.0
655.25     0.0
655.5     0.0
655.75     0.0
656.0     0.0
656.25     0.0
656.5     0.0
656.75     0.0
657.0     0.0
657.25     0.0
657.5     0.0
657.75     0.0
658.0     0.0
658.25     0.0
658.5     0.0
658.75     0.0
659.0     0.0
659.25     0.0
659.5     0.0
659.75     0.0
660.0     0.0
660.25     0.0
660.5     0.0
660.75     0.0
661.0     0.0
661.25     0.0
661.5     0.0
661.75     0.0
662.0     0.0
662.25     0.0
662.5     0.0
662.75     0.0
663.0     0.0
663.25     0.0
663.5     0.0
663.75     0.0
664.0     0.0
664.25     0.0
664.5     0.0
664.75     0.0
665.0     0.0
665.25     0.0
665.5     0.0
665.75     0.0
666.0     0.0
666.25     0.0
666.5     0.0
666.75     0.0
667.0     0.0
667.25     0.0
667.5     0.0
667.75     0.0
668.0     0.0
668.25     0.0
668.5     0.0
668.75     0.0
669.0     0.0
669.25     0.0
669.5     0.0
669.75     0.0
670.0     0.0
670.25     0.0
670.5     0.0
670.75     0.0
671.0     0.0
671.25     0.0
671.5     0.0
671.75     0.0
672.0     0.0
672.25     0.0
672.5     0.0
672.75     0.0
673.0     0.0
673.25     0.0
673.5     0.0
673.75     0.0
674.0     0.0
674.25     0.0
674.5     0.0
674.75     0.0
675.0     0.0
675.25     0.0
675.5     0.0
675.75     0.0
676.0     0.0
676.25     0.0
676.5     0.0
676.75     0.0
677.0     0.0
677.25     0.0
677.5     0.0
677.75     0.0
678.0     0.0
678.25     0.0
678.5     0.0
678.75     0.0
679.0     0.0
679.25     0.0
679.5     0.0
679.75     0.0
680.0     0.0
680.25     0.0
680.5     0.0
680.75     0.0
681.0     0.0
681.25     0.0
681.5     0.0
681.75     0.0
682.0     0.0
682.25     0.0
682.5     0.0
682.75     0.0
683.0     0.0
683.25     0.0
683.5     0.0
683.75     0.0
684.0     0.0
684.25     0.0
684.5     0.0
684.75     0.0
685.0     0.0
685.25     0.0
685.5     0.0
685.75     0.0
686.0     0.0
686.25     0.0
686.5     0.0
686.75     0.0
687.0     0.0
687.25     0.0
687.5     0.0
687.75     0.0
688.0     0.0
688.25     0.0
688.5     0.0
688.75     0.0
689.0     0.0
689.25     0.0
689.5     0.0
689.75     0.0
690.0     0.0
690.25     0.0
690.5     0.0
690.75     0.0
691.0     0.0
691.25     0.0
691.5     0.0
691.75     0.0
692.0     0.0
692.25     0.0
692.5     0.0
692.75     0.0
693.0     0.0
693.25     0.0
693.5     0.0
693.75     0.0
694.0     0.0
694.25     0.0
694.5     0.0
694.75     0.0
695.0     0.0
695.25     0.0
695.5     0.0
695.75     0.0
696.0     0.0
696.25     0.0
696.5     0.0
696.75     0.0
697.0     0.0
697.25     0.0
697.5     0.0
697.75     0.0
698.0     0.0
698.25     0.0
698.5     0.0
698.75     0.0
699.0     0.0
699.25     0.0
699.5     0.0
699.75     0.0
700.0     0.0
700.25     0.0
700.5     0.0
700.75     0.0
701.0     0.0
701.25     0.0
701.5     0.0
701.75     0.0
702.0     0.0
702.25     0.0
702.5     0.0
702.75     0.0
703.0     0.0
703.25     0.0
703.5     0.0
703.75     0.0
704.0     0.0
704.25     0.0
704.5     0.0
704.75     0.0
705.0     0.0
705.25     0.0
705.5     0.0
705.75     0.0
706.0     0.0
706.25     0.0
706.5     0.0
706.75     0.0
707.0     0.0
707.25     0.0
707.5     0.0
707.75     0.0
708.0     0.0
708.25     0.0
708.5     0.0
708.75     0.0
709.0     0.0
709.25     0.0
709.5     0.0
709.75     0.0
710.0     0.0
710.25     0.0
710.5     0.0
710.75     0.0
711.0     0.0
711.25     0.0
711.5     0.0
711.75     0.0
712.0     0.0
712.25     0.0
712.5     0.0
712.75     0.0
713.0     0.0
713.25     0.0
713.5     0.0
713.75     0.0
714.0     0.0
714.25     0.0
714.5     0.0
714.75     0.0
715.0     0.0
715.25     0.0
715.5     0.0
715.75     0.0
716.0     0.0
716.25     0.0
716.5     0.0
716.75     0.0
717.0     0.0
717.25     0.0
717.5     0.0
717.75     0.0
718.0     0.0
718.25     0.0
718.5     0.0
718.75     0.0
719.0     0.0
719.25     0.0
719.5     0.0
719.75     0.0
720.0     0.0
720.25     0.0
720.5     0.0
720.75     0.0
721.0     0.0
721.25     0.0
721.5     0.0
721.75     0.0
722.0     0.0
722.25     0.0
722.5     0.0
722.75     0.0
723.0     0.0
723.25     0.0
723.5     0.0
723.75     0.0
724.0     0.0
724.25     0.0
724.5     0.0
724.75     0.0
725.0     0.0
725.25     0.0
725.5     0.0
725.75     0.0
726.0     0.0
726.25     0.0
726.5     0.0
726.75     0.0
727.0     0.0
727.25     0.0
727.5     0.0
727.75     0.0
728.0     0.0
728.25     0.0
728.5     0.0
728.75     0.0
729.0     0.0
729.25     0.0
729.5     0.0
729.75     0.0
730.0     0.0
730.25     0.0
730.5     0.0
730.75     0.0
731.0     0.0
731.25     0.0
731.5     0.0
731.75     0.0
732.0     0.0
732.25     0.0
732.5     0.0
732.75     0.0
733.0     0.0
733.25     0.0
733.5     0.0
733.75     0.0
734.0     0.0
734.25     0.0
734.5     0.0
734.75     0.0
735.0     0.0
735.25     0.0
735.5     0.0
735.75     0.0
736.0     0.0
736.25     0.0
736.5     0.0
736.75     0.0
737.0     0.0
737.25     0.0
737.5     0.0
737.75     0.0
738.0     0.0
738.25     0.0
738.5     0.0
738.75     0.0
739.0     0.0
739.25     0.0
739.5     0.0
739.75     0.0
740.0     0.0
740.25     0.0
740.5     0.0
740.75     0.0
741.0     0.0
741.25     0.0
741.5     0.0
741.75     0.0
742.0     0.0
742.25     0.0
742.5     0.0
742.75     0.0
743.0     0.0
743.25     0.0
743.5     0.0
743.75     0.0
744.0     0.0
744.25     0.0
744.5     0.0
744.75     0.0
745.0     0.0
745.25     0.0
745.5     0.0
745.75     0.0
746.0     0.0
746.25     0.0
746.5     0.0
746.75     0.0
747.0     0.0
747.25     0.0
747.5     0.0
747.75     0.0
748.0     0.0
748.25     0.0
748.5     0.0
748.75     0.0
749.0     0.0
749.25     0.0
749.5     0.0
749.75     0.0
750.0     0.0
750.25     0.0
750.5     0.0
750.75     0.0
751.0     0.0
751.25     0.0
751.5     0.0
751.75     0.0
752.0     0.0
752.25     0.0
752.5     0.0
752.75     0.0
753.0     0.0
753.25     0.0
753.5     0.0
753.75     0.0
754.0     0.0
754.25     0.0
754.5     0.0
754.75     0.0
755.0     0.0
755.25     0.0
755.5     0.0
755.75     0.0
756.0     0.0
756.25     0.0
756.5     0.0
756.75     0.0
757.0     0.0
757.25     0.0
757.5     0.0
757.75     0.0
758.0     0.0
758.25     0.0
758.5     0.0
758.75     0.0
759.0     0.0
759.25     0.0
759.5     0.0
759.75     0.0
760.0     0.0
760.25     0.0
760.5     0.0
760.75     0.0
761.0     0.0
761.25     0.0
761.5     0.0
761.75     0.0
762.0     0.0
762.25     0.0
762.5     0.0
762.75     0.0
763.0     0.0
763.25     0.0
763.5     0.0
763.75     0.0
764.0     0.0
764.25     0.0
764.5     0.0
764.75     0.0
765.0     0.0
765.25     0.0
765.5     0.0
765.75     0.0
766.0     0.0
766.25     0.0
766.5     0.0
766.75     0.0
767.0     0.0
767.25     0.0
767.5     0.0
767.75     0.0
768.0     0.0
768.25     0.0
768.5     0.0
768.75     0.0
769.0     0.0
769.25     0.0
769.5     0.0
769.75     0.0
770.0     0.0
770.25     0.0
770.5     0.0
770.75     0.0
771.0     0.0
771.25     0.0
771.5     0.0
771.75     0.0
772.0     0.0
772.25     0.0
772.5     0.0
772.75     0.0
773.0     0.0
773.25     0.0
773.5     0.0
773.75     0.0
774.0     0.0
774.25     0.0
774.5     0.0
774.75     0.0
775.0     0.0
775.25     0.0
775.5     0.0
775.75     0.0
776.0     0.0
776.25     0.0
776.5     0.0
776.75     0.0
777.0     0.0
777.25     0.0
777.5     0.0
777.75     0.0
778.0     0.0
778.25     0.0
778.5     0.0
778.75     0.0
779.0     0.0
779.25     0.0
779.5     0.0
779.75     0.0
780.0     0.0
780.25     0.0
780.5     0.0
780.75     0.0
781.0     0.0
781.25     0.0
781.5     0.0
781.75     0.0
782.0     0.0
782.25     0.0
782.5     0.0
782.75     0.0
783.0     0.0
783.25     0.0
783.5     0.0
783.75     0.0
784.0     0.0
784.25     0.0
784.5     0.0
784.75     0.0
785.0     0.0
785.25     0.0
785.5     0.0
785.75     0.0
786.0     0.0
786.25     0.0
786.5     0.0
786.75     0.0
787.0     0.0
787.25     0.0
787.5     0.0
787.75     0.0
788.0     0.0
788.25     0.0
788.5     0.0
788.75     0.0
789.0     0.0
789.25     0.0
789.5     0.0
789.75     0.0
790.0     0.0
790.25     0.0
790.5     0.0
790.75     0.0
791.0     0.0
791.25     0.0
791.5     0.0
791.75     0.0
792.0     0.0
792.25     0.0
792.5     0.0
792.75     0.0
793.0     0.0
793.25     0.0
793.5     0.0
793.75     0.0
794.0     0.0
794.25     0.0
794.5     0.0
794.75     0.0
795.0     0.0
795.25     0.0
795.5     0.0
795.75     0.0
796.0     0.0
796.25     0.0
796.5     0.0
796.75     0.0
797.0     0.0
797.25     0.0
797.5     0.0
797.75     0.0
798.0     0.0
798.25     0.0
798.5     0.0
798.75     0.0
799.0     0.0
799.25     0.0
799.5     0.0
799.75     0.0
800.0     0.0
800.25     0.0
800.5     0.0
800.75     0.0
801.0     0.0
801.25     0.0
801.5     0.0
801.75     0.0
802.0     0.0
802.25     0.0
802.5     0.0
802.75     0.0
803.0     0.0
803.25     0.0
803.5     0.0
803.75     0.0
804.0     0.0
804.25     0.0
804.5     0.0
804.75     0.0
805.0     0.0
805.25     0.0
805.5     0.0
805.75     0.0
806.0     0.0
806.25     0.0
806.5     0.0
806.75     0.0
807.0     0.0
807.25     0.0
807.5     0.0
807.75     0.0
808.0     0.0
808.25     0.0
808.5     0.0
808.75     0.0
809.0     0.0
809.25     0.0
809.5     0.0
809.75     0.0
810.0     0.0
810.25     0.0
810.5     0.0
810.75     0.0
811.0     0.0
811.25     0.0
811.5     0.0
811.75     0.0
812.0     0.0
812.25     0.0
812.5     0.0
812.75     0.0
813.0     0.0
813.25     0.0
813.5     0.0
813.75     0.0
814.0     0.0
814.25     0.0
814.5     0.0
814.75     0.0
815.0     0.0
815.25     0.0
815.5     0.0
815.75     0.0
816.0     0.0
816.25     0.0
816.5     0.0
816.75     0.0
817.0     0.0
817.25     0.0
817.5     0.0
817.75     0.0
818.0     0.0
818.25     0.0
818.5     0.0
818.75     0.0
819.0     0.0
819.25     0.0
819.5     0.0
819.75     0.0
820.0     0.0
820.25     0.0
820.5     0.0
820.75     0.0
821.0     0.0
821.25     0.0
821.5     0.0
821.75     0.0
822.0     0.0
822.25     0.0
822.5     0.0
822.75     0.0
823.0     0.0
823.25     0.0
823.5     0.0
823.75     0.0
824.0     0.0
824.25     0.0
824.5     0.0
824.75     0.0
825.0     0.0
825.25     0.0
825.5     0.0
825.75     0.0
826.0     0.0
826.25     0.0
826.5     0.0
826.75     0.0
827.0     0.0
827.25     0.0
827.5     0.0
827.75     0.0
828.0     0.0
828.25     0.0
828.5     0.0
828.75     0.0
829.0     0.0
829.25     0.0
829.5     0.0
829.75     0.0
830.0     0.0
830.25     0.0
830.5     0.0
830.75     0.0
831.0     0.0
831.25     0.0
831.5     0.0
831.75     0.0
832.0     0.0
832.25     0.0
832.5     0.0
832.75     0.0
833.0     0.0
833.25     0.0
833.5     0.0
833.75     0.0
834.0     0.0
834.25     0.0
834.5     0.0
834.75     0.0
835.0     0.0
835.25     0.0
835.5     0.0
835.75     0.0
836.0     0.0
836.25     0.0
836.5     0.0
836.75     0.0
837.0     0.0
837.25     0.0
837.5     0.0
837.75     0.0
838.0     0.0
838.25     0.0
838.5     0.0
838.75     0.0
839.0     0.0
839.25     0.0
839.5     0.0
839.75     0.0
840.0     0.0
840.25     0.0
840.5     0.0
840.75     0.0
841.0     0.0
841.25     0.0
841.5     0.0
841.75     0.0
842.0     0.0
842.25     0.0
842.5     0.0
842.75     0.0
843.0     0.0
843.25     0.0
843.5     0.0
843.75     0.0
844.0     0.0
844.25     0.0
844.5     0.0
844.75     0.0
845.0     0.0
845.25     0.0
845.5     0.0
845.75     0.0
846.0     0.0
846.25     0.0
846.5     0.0
846.75     0.0
847.0     0.0
847.25     0.0
847.5     0.0
847.75     0.0
848.0     0.0
848.25     0.0
848.5     0.0
848.75     0.0
849.0     0.0
849.25     0.0
849.5     0.0
849.75     0.0
850.0     0.0
850.25     0.0
850.5     0.0
850.75     0.0
851.0     0.0
851.25     0.0
851.5     0.0
851.75     0.0
852.0     0.0
852.25     0.0
852.5     0.0
852.75     0.0
853.0     0.0
853.25     0.0
853.5     0.0
853.75     0.0
854.0     0.0
854.25     0.0
854.5     0.0
854.75     0.0
855.0     0.0
855.25     0.0
855.5     0.0
855.75     0.0
856.0     0.0
856.25     0.0
856.5     0.0
856.75     0.0
857.0     0.0
857.25     0.0
857.5     0.0
857.75     0.0
858.0     0.0
858.25     0.0
858.5     0.0
858.75     0.0
859.0     0.0
859.25     0.0
859.5     0.0
859.75     0.0
860.0     0.0
860.25     0.0
860.5     0.0
860.75     0.0
861.0     0.0
861.25     0.0
861.5     0.0
861.75     0.0
862.0     0.0
862.25     0.0
862.5     0.0
862.75     0.0
863.0     0.0
863.25     0.0
863.5     0.0
863.75     0.0
864.0     0.0
864.25     0.0
864.5     0.0
864.75     0.0
865.0     0.0
865.25     0.0
865.5     0.0
865.75     0.0
866.0     0.0
866.25     0.0
866.5     0.0
866.75     0.0
867.0     0.0
867.25     0.0
867.5     0.0
867.75     0.0
868.0     0.0
868.25     0.0
868.5     0.0
868.75     0.0
869.0     0.0
869.25     0.0
869.5     0.0
869.75     0.0
870.0     0.0
870.25     0.0
870.5     0.0
870.75     0.0
871.0     0.0
871.25     0.0
871.5     0.0
871.75     0.0
872.0     0.0
872.25     0.0
872.5     0.0
872.75     0.0
873.0     0.0
873.25     0.0
873.5     0.0
873.75     0.0
874.0     0.0
874.25     0.0
874.5     0.0
874.75     0.0
875.0     0.0
875.25     0.0
875.5     0.0
875.75     0.0
876.0     0.0
876.25     0.0
876.5     0.0
876.75     0.0
877.0     0.0
877.25     0.0
877.5     0.0
877.75     0.0
878.0     0.0
878.25     0.0
878.5     0.0
878.75     0.0
879.0     0.0
879.25     0.0
879.5     0.0
879.75     0.0
880.0     0.0
880.25     0.0
880.5     0.0
880.75     0.0
881.0     0.0
881.25     0.0
881.5     0.0
881.75     0.0
882.0     0.0
882.25     0.0
882.5     0.0
882.75     0.0
883.0     0.0
883.25     0.0
883.5     0.0
883.75     0.0
884.0     0.0
884.25     0.0
884.5     0.0
884.75     0.0
885.0     0.0
885.25     0.0
885.5     0.0
885.75     0.0
886.0     0.0
886.25     0.0
886.5     0.0
886.75     0.0
887.0     0.0
887.25     0.0
887.5     0.0
887.75     0.0
888.0     0.0
888.25     0.0
888.5     0.0
888.75     0.0
889.0     0.0
889.25     0.0
889.5     0.0
889.75     0.0
890.0     0.0
890.25     0.0
890.5     0.0
890.75     0.0
891.0     0.0
891.25     0.0
891.5     0.0
891.75     0.0
892.0     0.0
892.25     0.0
892.5     0.0
892.75     0.0
893.0     0.0
893.25     0.0
893.5     0.0
893.75     0.0
894.0     0.0
894.25     0.0
894.5     0.0
894.75     0.0
895.0     0.0
895.25     0.0
895.5     0.0
895.75     0.0
896.0     0.0
896.25     0.0
896.5     0.0
896.75     0.0
897.0     0.0
897.25     0.0
897.5     0.0
897.75     0.0
898.0     0.0
898.25     0.0
898.5     0.0
898.75     0.0
899.0     0.0
899.25     0.0
899.5     0.0
899.75     0.0
900.0     0.0
900.25     0.0
900.5     0.0
900.75     0.0
901.0     0.0
901.25     0.0
901.5     0.0
901.75     0.0
902.0     0.0
902.25     0.0
902.5     0.0
902.75     0.0
903.0     0.0
903.25     0.0
903.5     0.0
903.75     0.0
904.0     0.0
904.25     0.0
904.5     0.0
904.75     0.0
905.0     0.0
905.25     0.0
905.5     0.0
905.75     0.0
906.0     0.0
906.25     0.0
906.5     0.0
906.75     0.0
907.0     0.0
907.25     0.0
907.5     0.0
907.75     0.0
908.0     0.0
908.25     0.0
908.5     0.0
908.75     0.0
909.0     0.0
909.25     0.0
909.5     0.0
909.75     0.0
910.0     0.0
910.25     0.0
910.5     0.0
910.75     0.0
911.0     0.0
911.25     0.0
911.5     0.0
911.75     0.0
912.0     0.0
912.25     0.0
912.5     0.0
912.75     0.0
913.0     0.0
913.25     0.0
913.5     0.0
913.75     0.0
914.0     0.0
914.25     0.0
914.5     0.0
914.75     0.0
915.0     0.0
915.25     0.0
915.5     0.0
915.75     0.0
916.0     0.0
916.25     0.0
916.5     0.0
916.75     0.0
917.0     0.0
917.25     0.0
917.5     0.0
917.75     0.0
918.0     0.0
918.25     0.0
918.5     0.0
918.75     0.0
919.0     0.0
919.25     0.0
919.5     0.0
919.75     0.0
920.0     0.0
920.25     0.0
920.5     0.0
920.75     0.0
921.0     0.0
921.25     0.0
921.5     0.0
921.75     0.0
922.0     0.0
922.25     0.0
922.5     0.0
922.75     0.0
923.0     0.0
923.25     0.0
923.5     0.0
923.75     0.0
924.0     0.0
924.25     0.0
924.5     0.0
924.75     0.0
925.0     0.0
925.25     0.0
925.5     0.0
925.75     0.0
926.0     0.0
926.25     0.0
926.5     0.0
926.75     0.0
927.0     0.0
927.25     0.0
927.5     0.0
927.75     0.0
928.0     0.0
928.25     0.0
928.5     0.0
928.75     0.0
929.0     0.0
929.25     0.0
929.5     0.0
929.75     0.0
930.0     0.0
930.25     0.0
930.5     0.0
930.75     0.0
931.0     0.0
931.25     0.0
931.5     0.0
931.75     0.0
932.0     0.0
932.25     0.0
932.5     0.0
932.75     0.0
933.0     0.0
933.25     0.0
933.5     0.0
933.75     0.0
934.0     0.0
934.25     0.0
934.5     0.0
934.75     0.0
935.0     0.0
935.25     0.0
935.5     0.0
935.75     0.0
936.0     0.0
936.25     0.0
936.5     0.0
936.75     0.0
937.0     0.0
937.25     0.0
937.5     0.0
937.75     0.0
938.0     0.0
938.25     0.0
938.5     0.0
938.75     0.0
939.0     0.0
939.25     0.0
939.5     0.0
939.75     0.0
940.0     0.0
940.25     0.0
940.5     0.0
940.75     0.0
941.0     0.0
941.25     0.0
941.5     0.0
941.75     0.0
942.0     0.0
942.25     0.0
942.5     0.0
942.75     0.0
943.0     0.0
943.25     0.0
943.5     0.0
943.75     0.0
944.0     0.0
944.25     0.0
944.5     0.0
944.75     0.0
945.0     0.0
945.25     0.0
945.5     0.0
945.75     0.0
946.0     0.0
946.25     0.0
946.5     0.0
946.75     0.0
947.0     0.0
947.25     0.0
947.5     0.0
947.75     0.0
948.0     0.0
948.25     0.0
948.5     0.0
948.75     0.0
949.0     0.0
949.25     0.0
949.5     0.0
949.75     0.0
950.0     0.0
950.25     0.0
950.5     0.0
950.75     0.0
951.0     0.0
951.25     0.0
951.5     0.0
951.75     0.0
952.0     0.0
952.25     0.0
952.5     0.0
952.75     0.0
953.0     0.0
953.25     0.0
953.5     0.0
953.75     0.0
954.0     0.0
954.25     0.0
954.5     0.0
954.75     0.0
955.0     0.0
955.25     0.0
955.5     0.0
955.75     0.0
956.0     0.0
956.25     0.0
956.5     0.0
956.75     0.0
957.0     0.0
957.25     0.0
957.5     0.0
957.75     0.0
958.0     0.0
958.25     0.0
958.5     0.0
958.75     0.0
959.0     0.0
959.25     0.0
959.5     0.0
959.75     0.0
960.0     0.0
960.25     0.0
960.5     0.0
960.75     0.0
961.0     0.0
961.25     0.0
961.5     0.0
961.75     0.0
962.0     0.0
962.25     0.0
962.5     0.0
962.75     0.0
963.0     0.0
963.25     0.0
963.5     0.0
963.75     0.0
964.0     0.0
964.25     0.0
964.5     0.0
964.75     0.0
965.0     0.0
965.25     0.0
965.5     0.0
965.75     0.0
966.0     0.0
966.25     0.0
966.5     0.0
966.75     0.0
967.0     0.0
967.25     0.0
967.5     0.0
967.75     0.0
968.0     0.0
968.25     0.0
968.5     0.0
968.75     0.0
969.0     0.0
969.25     0.0
969.5     0.0
969.75     0.0
970.0     0.0
970.25     0.0
970.5     0.0
970.75     0.0
971.0     0.0
971.25     0.0
971.5     0.0
971.75     0.0
972.0     0.0
972.25     0.0
972.5     0.0
972.75     0.0
973.0     0.0
973.25     0.0
973.5     0.0
973.75     0.0
974.0     0.0
974.25     0.0
974.5     0.0
974.75     0.0
975.0     0.0
975.25     0.0
975.5     0.0
975.75     0.0
976.0     0.0
976.25     0.0
976.5     0.0
976.75     0.0
977.0     0.0
977.25     0.0
977.5     0.0
977.75     0.0
978.0     0.0
978.25     0.0
978.5     0.0
978.75     0.0
979.0     0.0
979.25     0.0
979.5     0.0
979.75     0.0
980.0     0.0
980.25     0.0
980.5     0.0
980.75     0.0
981.0     0.0
981.25     0.0
981.5     0.0
981.75     0.0
982.0     0.0
982.25     0.0
982.5     0.0
982.75     0.0
983.0     0.0
983.25     0.0
983.5     0.0
983.75     0.0
984.0     0.0
984.25     0.0
984.5     0.0
984.75     0.0
985.0     0.0
985.25     0.0
985.5     0.0
985.75     0.0
986.0     0.0
986.25     0.0
986.5     0.0
986.75     0.0
987.0     0.0
987.25     0.0
987.5     0.0
987.75     0.0
988.0     0.0
988.25     0.0
988.5     0.0
988.75     0.0
989.0     0.0
989.25     0.0
989.5     0.0
989.75     0.0
990.0     0.0
990.25     0.0
990.5     0.0
990.75     0.0
991.0     0.0
991.25     0.0
991.5     0.0
991.75     0.0
992.0     0.0
992.25     0.0
992.5     0.0
992.75     0.0
993.0     0.0
993.25     0.0
993.5     0.0
993.75     0.0
994.0     0.0
994.25     0.0
994.5     0.0
994.75     0.0
995.0     0.0
995.25     0.0
995.5     0.0
995.75     0.0
996.0     0.0
996.25     0.0
996.5     0.0
996.75     0.0
997.0     0.0
997.25     0.0
997.5     0.0
997.75     0.0
998.0     0.0
998.25     0.0
998.5     0.0
998.75     0.0
999.0     0.0
999.25     0.0
999.5     0.0
999.75     0.0
1000.0     0.0
