0.25     0.0
0.5     0.0
0.75     0.0
1.0     0.0
1.25     0.0
1.5     0.0
1.75     0.0
2.0     0.0
2.25     0.0
2.5     0.0
2.75     0.0
3.0     0.0
3.25     0.0
3.5     0.0
3.75     0.0
4.0     0.0
4.25     0.0
4.5     0.0
4.75     0.0
5.0     0.0
5.25     0.0
5.5     0.0
5.75     0.0
6.0     0.0
6.25     0.0
6.5     0.0
6.75     0.0
7.0     0.0
7.25     0.0
7.5     0.0
7.75     0.0
8.0     0.0
8.25     0.0
8.5     0.0
8.75     0.0
9.0     0.0
9.25     0.0
9.5     0.0
9.75     0.0
10.0     0.0
10.25     0.0
10.5     0.0
10.75     0.0
11.0     0.0
11.25     0.0
11.5     0.0
11.75     0.0
12.0     0.0
12.25     0.0
12.5     0.0
12.75     0.0
13.0     0.0
13.25     0.0
13.5     0.0
13.75     0.0
14.0     0.0
14.25     0.0
14.5     0.0
14.75     0.0
15.0     0.0
15.25     0.0
15.5     0.0
15.75     0.0
16.0     0.0
16.25     0.0
16.5     0.0
16.75     0.0
17.0     0.0
17.25     0.0
17.5     0.0
17.75     0.0
18.0     0.0
18.25     0.0
18.5     0.0
18.75     0.0
19.0     0.0
19.25     0.0
19.5     0.002
19.75     0.0
20.0     0.0
20.25     0.0
20.5     0.0
20.75     0.002
21.0     0.002
21.25     0.002
21.5     0.004
21.75     0.006
22.0     0.006
22.25     0.008
22.5     0.008
22.75     0.014
23.0     0.016
23.25     0.016
23.5     0.022
23.75     0.024
24.0     0.026
24.25     0.03
24.5     0.034
24.75     0.044
25.0     0.054
25.25     0.062
25.5     0.07
25.75     0.084
26.0     0.092
26.25     0.098
26.5     0.108
26.75     0.116
27.0     0.116
27.25     0.12
27.5     0.128
27.75     0.128
28.0     0.128
28.25     0.14
28.5     0.144
28.75     0.148
29.0     0.154
29.25     0.162
29.5     0.166
29.75     0.168
30.0     0.172
30.25     0.174
30.5     0.184
30.75     0.186
31.0     0.194
31.25     0.194
31.5     0.202
31.75     0.204
32.0     0.202
32.25     0.212
32.5     0.212
32.75     0.212
33.0     0.212
33.25     0.218
33.5     0.22
33.75     0.224
34.0     0.224
34.25     0.226
34.5     0.23
34.75     0.232
35.0     0.236
35.25     0.232
35.5     0.236
35.75     0.244
36.0     0.246
36.25     0.256
36.5     0.26
36.75     0.264
37.0     0.27
37.25     0.278
37.5     0.282
37.75     0.288
38.0     0.288
38.25     0.288
38.5     0.288
38.75     0.29
39.0     0.292
39.25     0.298
39.5     0.298
39.75     0.302
40.0     0.302
40.25     0.31
40.5     0.308
40.75     0.308
41.0     0.308
41.25     0.312
41.5     0.316
41.75     0.314
42.0     0.32
42.25     0.324
42.5     0.324
42.75     0.324
43.0     0.324
43.25     0.33
43.5     0.334
43.75     0.334
44.0     0.334
44.25     0.336
44.5     0.338
44.75     0.34
45.0     0.338
45.25     0.342
45.5     0.344
45.75     0.35
46.0     0.358
46.25     0.358
46.5     0.36
46.75     0.366
47.0     0.372
47.25     0.374
47.5     0.374
47.75     0.374
48.0     0.374
48.25     0.378
48.5     0.38
48.75     0.382
49.0     0.386
49.25     0.392
49.5     0.392
49.75     0.394
50.0     0.396
50.25     0.396
50.5     0.398
50.75     0.402
51.0     0.402
51.25     0.408
51.5     0.408
51.75     0.41
52.0     0.42
52.25     0.426
52.5     0.426
52.75     0.428
53.0     0.432
53.25     0.434
53.5     0.442
53.75     0.444
54.0     0.448
54.25     0.45
54.5     0.45
54.75     0.454
55.0     0.454
55.25     0.46
55.5     0.462
55.75     0.462
56.0     0.464
56.25     0.466
56.5     0.468
56.75     0.474
57.0     0.474
57.25     0.48
57.5     0.48
57.75     0.48
58.0     0.484
58.25     0.486
58.5     0.49
58.75     0.494
59.0     0.496
59.25     0.504
59.5     0.504
59.75     0.504
60.0     0.506
60.25     0.506
60.5     0.506
60.75     0.51
61.0     0.512
61.25     0.518
61.5     0.52
61.75     0.522
62.0     0.522
62.25     0.524
62.5     0.524
62.75     0.526
63.0     0.526
63.25     0.526
63.5     0.53
63.75     0.53
64.0     0.53
64.25     0.53
64.5     0.53
64.75     0.53
65.0     0.532
65.25     0.532
65.5     0.536
65.75     0.54
66.0     0.54
66.25     0.54
66.5     0.54
66.75     0.544
67.0     0.544
67.25     0.546
67.5     0.546
67.75     0.546
68.0     0.548
68.25     0.548
68.5     0.55
68.75     0.55
69.0     0.552
69.25     0.554
69.5     0.556
69.75     0.556
70.0     0.556
70.25     0.558
70.5     0.558
70.75     0.556
71.0     0.556
71.25     0.558
71.5     0.558
71.75     0.558
72.0     0.558
72.25     0.558
72.5     0.558
72.75     0.558
73.0     0.558
73.25     0.56
73.5     0.562
73.75     0.562
74.0     0.562
74.25     0.562
74.5     0.562
74.75     0.562
75.0     0.568
75.25     0.568
75.5     0.568
75.75     0.568
76.0     0.568
76.25     0.572
76.5     0.572
76.75     0.574
77.0     0.576
77.25     0.576
77.5     0.578
77.75     0.578
78.0     0.578
78.25     0.58
78.5     0.58
78.75     0.58
79.0     0.582
79.25     0.584
79.5     0.588
79.75     0.588
80.0     0.588
80.25     0.588
80.5     0.588
80.75     0.588
81.0     0.588
81.25     0.588
81.5     0.588
81.75     0.588
82.0     0.588
82.25     0.59
82.5     0.59
82.75     0.59
83.0     0.59
83.25     0.59
83.5     0.592
83.75     0.592
84.0     0.592
84.25     0.592
84.5     0.594
84.75     0.596
85.0     0.596
85.25     0.596
85.5     0.596
85.75     0.596
86.0     0.596
86.25     0.596
86.5     0.596
86.75     0.596
87.0     0.596
87.25     0.598
87.5     0.6
87.75     0.602
88.0     0.604
88.25     0.604
88.5     0.604
88.75     0.604
89.0     0.606
89.25     0.606
89.5     0.604
89.75     0.606
90.0     0.606
90.25     0.604
90.5     0.606
90.75     0.606
91.0     0.606
91.25     0.606
91.5     0.608
91.75     0.608
92.0     0.61
92.25     0.61
92.5     0.61
92.75     0.61
93.0     0.61
93.25     0.61
93.5     0.61
93.75     0.612
94.0     0.612
94.25     0.612
94.5     0.618
94.75     0.618
95.0     0.618
95.25     0.62
95.5     0.62
95.75     0.62
96.0     0.62
96.25     0.62
96.5     0.62
96.75     0.62
97.0     0.62
97.25     0.618
97.5     0.618
97.75     0.618
98.0     0.618
98.25     0.618
98.5     0.62
98.75     0.622
99.0     0.622
99.25     0.622
99.5     0.624
99.75     0.624
100.0     0.624
100.25     0.624
100.5     0.624
100.75     0.624
101.0     0.626
101.25     0.626
101.5     0.626
101.75     0.626
102.0     0.626
102.25     0.626
102.5     0.628
102.75     0.628
103.0     0.632
103.25     0.634
103.5     0.634
103.75     0.634
104.0     0.634
104.25     0.634
104.5     0.634
104.75     0.634
105.0     0.634
105.25     0.634
105.5     0.634
105.75     0.634
106.0     0.636
106.25     0.636
106.5     0.636
106.75     0.636
107.0     0.636
107.25     0.636
107.5     0.636
107.75     0.636
108.0     0.636
108.25     0.636
108.5     0.636
108.75     0.636
109.0     0.636
109.25     0.636
109.5     0.636
109.75     0.638
110.0     0.638
110.25     0.638
110.5     0.638
110.75     0.638
111.0     0.638
111.25     0.638
111.5     0.638
111.75     0.638
112.0     0.638
112.25     0.638
112.5     0.638
112.75     0.642
113.0     0.642
113.25     0.644
113.5     0.644
113.75     0.644
114.0     0.644
114.25     0.644
114.5     0.646
114.75     0.646
115.0     0.644
115.25     0.644
115.5     0.644
115.75     0.644
116.0     0.644
116.25     0.644
116.5     0.644
116.75     0.646
117.0     0.648
117.25     0.648
117.5     0.648
117.75     0.648
118.0     0.648
118.25     0.65
118.5     0.652
118.75     0.652
119.0     0.654
119.25     0.658
119.5     0.658
119.75     0.658
120.0     0.658
120.25     0.66
120.5     0.658
120.75     0.658
121.0     0.658
121.25     0.658
121.5     0.66
121.75     0.662
122.0     0.662
122.25     0.664
122.5     0.666
122.75     0.67
123.0     0.67
123.25     0.672
123.5     0.672
123.75     0.672
124.0     0.672
124.25     0.674
124.5     0.678
124.75     0.678
125.0     0.68
125.25     0.68
125.5     0.68
125.75     0.682
126.0     0.684
126.25     0.69
126.5     0.688
126.75     0.69
127.0     0.688
127.25     0.688
127.5     0.69
127.75     0.69
128.0     0.688
128.25     0.688
128.5     0.692
128.75     0.692
129.0     0.694
129.25     0.694
129.5     0.694
129.75     0.694
130.0     0.694
130.25     0.694
130.5     0.692
130.75     0.692
131.0     0.692
131.25     0.7
131.5     0.704
131.75     0.704
132.0     0.708
132.25     0.71
132.5     0.71
132.75     0.71
133.0     0.712
133.25     0.714
133.5     0.716
133.75     0.718
134.0     0.718
134.25     0.722
134.5     0.724
134.75     0.724
135.0     0.726
135.25     0.726
135.5     0.726
135.75     0.728
136.0     0.728
136.25     0.732
136.5     0.732
136.75     0.732
137.0     0.734
137.25     0.738
137.5     0.738
137.75     0.74
138.0     0.744
138.25     0.744
138.5     0.744
138.75     0.748
139.0     0.748
139.25     0.75
139.5     0.75
139.75     0.75
140.0     0.75
140.25     0.75
140.5     0.75
140.75     0.75
141.0     0.75
141.25     0.754
141.5     0.758
141.75     0.758
142.0     0.758
142.25     0.76
142.5     0.764
142.75     0.766
143.0     0.768
143.25     0.768
143.5     0.768
143.75     0.768
144.0     0.772
144.25     0.772
144.5     0.776
144.75     0.78
145.0     0.78
145.25     0.78
145.5     0.784
145.75     0.784
146.0     0.784
146.25     0.784
146.5     0.784
146.75     0.784
147.0     0.784
147.25     0.786
147.5     0.788
147.75     0.788
148.0     0.788
148.25     0.79
148.5     0.788
148.75     0.788
149.0     0.792
149.25     0.796
149.5     0.798
149.75     0.798
150.0     0.798
150.25     0.798
150.5     0.8
150.75     0.8
151.0     0.8
151.25     0.804
151.5     0.806
151.75     0.808
152.0     0.806
152.25     0.806
152.5     0.806
152.75     0.806
153.0     0.806
153.25     0.806
153.5     0.806
153.75     0.806
154.0     0.81
154.25     0.81
154.5     0.81
154.75     0.812
155.0     0.812
155.25     0.812
155.5     0.812
155.75     0.816
156.0     0.816
156.25     0.816
156.5     0.816
156.75     0.818
157.0     0.818
157.25     0.818
157.5     0.82
157.75     0.82
158.0     0.82
158.25     0.822
158.5     0.824
158.75     0.826
159.0     0.826
159.25     0.828
159.5     0.828
159.75     0.828
160.0     0.83
160.25     0.83
160.5     0.83
160.75     0.83
161.0     0.83
161.25     0.83
161.5     0.83
161.75     0.83
162.0     0.832
162.25     0.832
162.5     0.832
162.75     0.834
163.0     0.834
163.25     0.834
163.5     0.836
163.75     0.838
164.0     0.838
164.25     0.838
164.5     0.84
164.75     0.842
165.0     0.842
165.25     0.844
165.5     0.844
165.75     0.844
166.0     0.844
166.25     0.844
166.5     0.844
166.75     0.844
167.0     0.844
167.25     0.844
167.5     0.844
167.75     0.846
168.0     0.848
168.25     0.848
168.5     0.846
168.75     0.848
169.0     0.848
169.25     0.848
169.5     0.85
169.75     0.85
170.0     0.85
170.25     0.852
170.5     0.852
170.75     0.852
171.0     0.852
171.25     0.852
171.5     0.852
171.75     0.852
172.0     0.852
172.25     0.852
172.5     0.854
172.75     0.856
173.0     0.856
173.25     0.856
173.5     0.856
173.75     0.856
174.0     0.856
174.25     0.856
174.5     0.856
174.75     0.856
175.0     0.856
175.25     0.858
175.5     0.856
175.75     0.856
176.0     0.856
176.25     0.858
176.5     0.858
176.75     0.858
177.0     0.858
177.25     0.858
177.5     0.858
177.75     0.858
178.0     0.86
178.25     0.86
178.5     0.864
178.75     0.864
179.0     0.862
179.25     0.862
179.5     0.862
179.75     0.864
180.0     0.866
180.25     0.866
180.5     0.866
180.75     0.866
181.0     0.866
181.25     0.866
181.5     0.866
181.75     0.866
182.0     0.866
182.25     0.866
182.5     0.866
182.75     0.868
183.0     0.868
183.25     0.868
183.5     0.868
183.75     0.868
184.0     0.868
184.25     0.868
184.5     0.87
184.75     0.87
185.0     0.87
185.25     0.87
185.5     0.87
185.75     0.872
186.0     0.872
186.25     0.872
186.5     0.872
186.75     0.872
187.0     0.874
187.25     0.874
187.5     0.876
187.75     0.878
188.0     0.876
188.25     0.88
188.5     0.88
188.75     0.88
189.0     0.88
189.25     0.88
189.5     0.88
189.75     0.88
190.0     0.88
190.25     0.88
190.5     0.88
190.75     0.882
191.0     0.882
191.25     0.882
191.5     0.882
191.75     0.882
192.0     0.884
192.25     0.886
192.5     0.886
192.75     0.886
193.0     0.886
193.25     0.886
193.5     0.886
193.75     0.886
194.0     0.888
194.25     0.888
194.5     0.888
194.75     0.888
195.0     0.888
195.25     0.888
195.5     0.888
195.75     0.888
196.0     0.888
196.25     0.888
196.5     0.89
196.75     0.89
197.0     0.89
197.25     0.89
197.5     0.89
197.75     0.892
198.0     0.892
198.25     0.892
198.5     0.892
198.75     0.892
199.0     0.894
199.25     0.892
199.5     0.892
199.75     0.892
200.0     0.892
200.25     0.894
200.5     0.896
200.75     0.896
201.0     0.896
201.25     0.896
201.5     0.896
201.75     0.896
202.0     0.896
202.25     0.896
202.5     0.896
202.75     0.9
203.0     0.9
203.25     0.9
203.5     0.902
203.75     0.902
204.0     0.902
204.25     0.902
204.5     0.902
204.75     0.902
205.0     0.902
205.25     0.902
205.5     0.904
205.75     0.904
206.0     0.904
206.25     0.904
206.5     0.906
206.75     0.906
207.0     0.906
207.25     0.906
207.5     0.908
207.75     0.908
208.0     0.91
208.25     0.91
208.5     0.91
208.75     0.914
209.0     0.916
209.25     0.916
209.5     0.916
209.75     0.916
210.0     0.916
210.25     0.916
210.5     0.916
210.75     0.916
211.0     0.916
211.25     0.916
211.5     0.916
211.75     0.922
212.0     0.922
212.25     0.922
212.5     0.922
212.75     0.92
213.0     0.92
213.25     0.92
213.5     0.92
213.75     0.92
214.0     0.92
214.25     0.918
214.5     0.918
214.75     0.918
215.0     0.918
215.25     0.918
215.5     0.918
215.75     0.918
216.0     0.918
216.25     0.918
216.5     0.918
216.75     0.918
217.0     0.918
217.25     0.92
217.5     0.92
217.75     0.922
218.0     0.922
218.25     0.922
218.5     0.922
218.75     0.922
219.0     0.924
219.25     0.924
219.5     0.924
219.75     0.924
220.0     0.924
220.25     0.924
220.5     0.924
220.75     0.924
221.0     0.924
221.25     0.924
221.5     0.924
221.75     0.924
222.0     0.924
222.25     0.924
222.5     0.924
222.75     0.924
223.0     0.924
223.25     0.924
223.5     0.924
223.75     0.926
224.0     0.926
224.25     0.926
224.5     0.926
224.75     0.926
225.0     0.926
225.25     0.926
225.5     0.926
225.75     0.926
226.0     0.926
226.25     0.926
226.5     0.926
226.75     0.926
227.0     0.926
227.25     0.93
227.5     0.93
227.75     0.932
228.0     0.932
228.25     0.932
228.5     0.934
228.75     0.934
229.0     0.934
229.25     0.932
229.5     0.932
229.75     0.934
230.0     0.936
230.25     0.936
230.5     0.936
230.75     0.936
231.0     0.938
231.25     0.938
231.5     0.938
231.75     0.938
232.0     0.938
232.25     0.938
232.5     0.938
232.75     0.938
233.0     0.938
233.25     0.938
233.5     0.938
233.75     0.938
234.0     0.938
234.25     0.938
234.5     0.938
234.75     0.938
235.0     0.938
235.25     0.938
235.5     0.938
235.75     0.94
236.0     0.94
236.25     0.94
236.5     0.94
236.75     0.94
237.0     0.94
237.25     0.94
237.5     0.942
237.75     0.942
238.0     0.942
238.25     0.942
238.5     0.942
238.75     0.942
239.0     0.942
239.25     0.942
239.5     0.942
239.75     0.942
240.0     0.942
240.25     0.942
240.5     0.942
240.75     0.942
241.0     0.942
241.25     0.942
241.5     0.942
241.75     0.942
242.0     0.942
242.25     0.942
242.5     0.942
242.75     0.942
243.0     0.942
243.25     0.942
243.5     0.942
243.75     0.942
244.0     0.942
244.25     0.942
244.5     0.942
244.75     0.942
245.0     0.942
245.25     0.942
245.5     0.942
245.75     0.942
246.0     0.942
246.25     0.942
246.5     0.942
246.75     0.942
247.0     0.942
247.25     0.942
247.5     0.942
247.75     0.944
248.0     0.944
248.25     0.946
248.5     0.946
248.75     0.946
249.0     0.944
249.25     0.944
249.5     0.944
249.75     0.944
250.0     0.944
250.25     0.944
250.5     0.946
250.75     0.946
251.0     0.946
251.25     0.946
251.5     0.948
251.75     0.948
252.0     0.948
252.25     0.948
252.5     0.948
252.75     0.95
253.0     0.95
253.25     0.95
253.5     0.95
253.75     0.95
254.0     0.95
254.25     0.95
254.5     0.95
254.75     0.95
255.0     0.95
255.25     0.95
255.5     0.95
255.75     0.95
256.0     0.95
256.25     0.95
256.5     0.95
256.75     0.952
257.0     0.952
257.25     0.952
257.5     0.952
257.75     0.952
258.0     0.952
258.25     0.952
258.5     0.952
258.75     0.952
259.0     0.952
259.25     0.952
259.5     0.952
259.75     0.952
260.0     0.952
260.25     0.954
260.5     0.956
260.75     0.956
261.0     0.956
261.25     0.956
261.5     0.956
261.75     0.956
262.0     0.956
262.25     0.954
262.5     0.954
262.75     0.954
263.0     0.954
263.25     0.954
263.5     0.954
263.75     0.954
264.0     0.954
264.25     0.954
264.5     0.954
264.75     0.954
265.0     0.954
265.25     0.954
265.5     0.954
265.75     0.954
266.0     0.952
266.25     0.952
266.5     0.952
266.75     0.952
267.0     0.952
267.25     0.952
267.5     0.952
267.75     0.952
268.0     0.952
268.25     0.952
268.5     0.952
268.75     0.952
269.0     0.952
269.25     0.952
269.5     0.952
269.75     0.952
270.0     0.952
270.25     0.952
270.5     0.952
270.75     0.952
271.0     0.954
271.25     0.956
271.5     0.956
271.75     0.956
272.0     0.956
272.25     0.956
272.5     0.956
272.75     0.956
273.0     0.956
273.25     0.956
273.5     0.956
273.75     0.956
274.0     0.956
274.25     0.956
274.5     0.956
274.75     0.958
275.0     0.958
275.25     0.958
275.5     0.958
275.75     0.96
276.0     0.958
276.25     0.958
276.5     0.958
276.75     0.958
277.0     0.958
277.25     0.958
277.5     0.958
277.75     0.958
278.0     0.958
278.25     0.958
278.5     0.958
278.75     0.958
279.0     0.958
279.25     0.958
279.5     0.958
279.75     0.958
280.0     0.958
280.25     0.958
280.5     0.958
280.75     0.96
281.0     0.958
281.25     0.954
281.5     0.954
281.75     0.954
282.0     0.954
282.25     0.954
282.5     0.954
282.75     0.954
283.0     0.954
283.25     0.954
283.5     0.954
283.75     0.956
284.0     0.956
284.25     0.956
284.5     0.958
284.75     0.958
285.0     0.958
285.25     0.958
285.5     0.956
285.75     0.958
286.0     0.958
286.25     0.958
286.5     0.956
286.75     0.956
287.0     0.956
287.25     0.956
287.5     0.956
287.75     0.956
288.0     0.956
288.25     0.956
288.5     0.956
288.75     0.956
289.0     0.956
289.25     0.956
289.5     0.956
289.75     0.956
290.0     0.956
290.25     0.956
290.5     0.956
290.75     0.956
291.0     0.956
291.25     0.956
291.5     0.956
291.75     0.956
292.0     0.956
292.25     0.956
292.5     0.956
292.75     0.956
293.0     0.956
293.25     0.956
293.5     0.956
293.75     0.956
294.0     0.956
294.25     0.956
294.5     0.956
294.75     0.956
295.0     0.958
295.25     0.958
295.5     0.958
295.75     0.958
296.0     0.958
296.25     0.96
296.5     0.96
296.75     0.96
297.0     0.962
297.25     0.962
297.5     0.962
297.75     0.962
298.0     0.962
298.25     0.964
298.5     0.964
298.75     0.964
299.0     0.964
299.25     0.964
299.5     0.964
299.75     0.964
300.0     0.964
300.25     0.964
300.5     0.964
300.75     0.964
301.0     0.964
301.25     0.966
301.5     0.966
301.75     0.966
302.0     0.966
302.25     0.966
302.5     0.966
302.75     0.966
303.0     0.966
303.25     0.966
303.5     0.966
303.75     0.966
304.0     0.966
304.25     0.966
304.5     0.966
304.75     0.966
305.0     0.966
305.25     0.966
305.5     0.966
305.75     0.968
306.0     0.968
306.25     0.968
306.5     0.968
306.75     0.968
307.0     0.968
307.25     0.968
307.5     0.968
307.75     0.968
308.0     0.968
308.25     0.968
308.5     0.968
308.75     0.968
309.0     0.968
309.25     0.968
309.5     0.968
309.75     0.968
310.0     0.968
310.25     0.968
310.5     0.97
310.75     0.97
311.0     0.97
311.25     0.97
311.5     0.968
311.75     0.968
312.0     0.968
312.25     0.968
312.5     0.968
312.75     0.97
313.0     0.968
313.25     0.968
313.5     0.968
313.75     0.968
314.0     0.968
314.25     0.968
314.5     0.968
314.75     0.968
315.0     0.968
315.25     0.968
315.5     0.97
315.75     0.97
316.0     0.968
316.25     0.968
316.5     0.968
316.75     0.97
317.0     0.97
317.25     0.97
317.5     0.97
317.75     0.97
318.0     0.97
318.25     0.97
318.5     0.97
318.75     0.97
319.0     0.97
319.25     0.972
319.5     0.972
319.75     0.972
320.0     0.972
320.25     0.972
320.5     0.972
320.75     0.972
321.0     0.972
321.25     0.972
321.5     0.972
321.75     0.972
322.0     0.972
322.25     0.972
322.5     0.972
322.75     0.974
323.0     0.974
323.25     0.974
323.5     0.974
323.75     0.974
324.0     0.974
324.25     0.974
324.5     0.974
324.75     0.974
325.0     0.974
325.25     0.974
325.5     0.974
325.75     0.976
326.0     0.976
326.25     0.976
326.5     0.976
326.75     0.976
327.0     0.976
327.25     0.976
327.5     0.976
327.75     0.976
328.0     0.976
328.25     0.976
328.5     0.976
328.75     0.976
329.0     0.976
329.25     0.976
329.5     0.976
329.75     0.976
330.0     0.976
330.25     0.976
330.5     0.976
330.75     0.976
331.0     0.976
331.25     0.976
331.5     0.976
331.75     0.976
332.0     0.976
332.25     0.976
332.5     0.976
332.75     0.976
333.0     0.976
333.25     0.976
333.5     0.976
333.75     0.976
334.0     0.976
334.25     0.976
334.5     0.976
334.75     0.976
335.0     0.976
335.25     0.976
335.5     0.976
335.75     0.976
336.0     0.976
336.25     0.976
336.5     0.976
336.75     0.976
337.0     0.976
337.25     0.976
337.5     0.976
337.75     0.976
338.0     0.976
338.25     0.976
338.5     0.976
338.75     0.976
339.0     0.976
339.25     0.976
339.5     0.976
339.75     0.976
340.0     0.976
340.25     0.976
340.5     0.976
340.75     0.976
341.0     0.976
341.25     0.976
341.5     0.976
341.75     0.976
342.0     0.976
342.25     0.976
342.5     0.976
342.75     0.976
343.0     0.976
343.25     0.976
343.5     0.976
343.75     0.976
344.0     0.976
344.25     0.976
344.5     0.976
344.75     0.978
345.0     0.978
345.25     0.978
345.5     0.978
345.75     0.978
346.0     0.978
346.25     0.978
346.5     0.978
346.75     0.978
347.0     0.978
347.25     0.978
347.5     0.978
347.75     0.978
348.0     0.978
348.25     0.978
348.5     0.978
348.75     0.978
349.0     0.978
349.25     0.978
349.5     0.978
349.75     0.98
350.0     0.98
350.25     0.98
350.5     0.98
350.75     0.98
351.0     0.98
351.25     0.98
351.5     0.98
351.75     0.98
352.0     0.98
352.25     0.98
352.5     0.98
352.75     0.98
353.0     0.98
353.25     0.98
353.5     0.98
353.75     0.98
354.0     0.98
354.25     0.98
354.5     0.98
354.75     0.98
355.0     0.98
355.25     0.98
355.5     0.98
355.75     0.98
356.0     0.98
356.25     0.98
356.5     0.98
356.75     0.98
357.0     0.98
357.25     0.98
357.5     0.98
357.75     0.98
358.0     0.98
358.25     0.98
358.5     0.98
358.75     0.98
359.0     0.98
359.25     0.98
359.5     0.98
359.75     0.98
360.0     0.982
360.25     0.982
360.5     0.982
360.75     0.982
361.0     0.982
361.25     0.982
361.5     0.982
361.75     0.982
362.0     0.982
362.25     0.982
362.5     0.982
362.75     0.982
363.0     0.982
363.25     0.982
363.5     0.982
363.75     0.982
364.0     0.982
364.25     0.982
364.5     0.982
364.75     0.982
365.0     0.982
365.25     0.982
365.5     0.982
365.75     0.982
366.0     0.982
366.25     0.982
366.5     0.982
366.75     0.982
367.0     0.982
367.25     0.982
367.5     0.982
367.75     0.982
368.0     0.982
368.25     0.982
368.5     0.982
368.75     0.982
369.0     0.982
369.25     0.982
369.5     0.982
369.75     0.982
370.0     0.982
370.25     0.982
370.5     0.982
370.75     0.982
371.0     0.982
371.25     0.982
371.5     0.982
371.75     0.982
372.0     0.982
372.25     0.982
372.5     0.982
372.75     0.982
373.0     0.982
373.25     0.982
373.5     0.982
373.75     0.982
374.0     0.982
374.25     0.982
374.5     0.982
374.75     0.982
375.0     0.982
375.25     0.982
375.5     0.982
375.75     0.982
376.0     0.982
376.25     0.982
376.5     0.984
376.75     0.984
377.0     0.984
377.25     0.984
377.5     0.984
377.75     0.984
378.0     0.984
378.25     0.984
378.5     0.984
378.75     0.986
379.0     0.986
379.25     0.986
379.5     0.986
379.75     0.986
380.0     0.986
380.25     0.986
380.5     0.986
380.75     0.986
381.0     0.986
381.25     0.986
381.5     0.986
381.75     0.986
382.0     0.986
382.25     0.986
382.5     0.986
382.75     0.986
383.0     0.986
383.25     0.986
383.5     0.986
383.75     0.986
384.0     0.986
384.25     0.986
384.5     0.986
384.75     0.986
385.0     0.986
385.25     0.986
385.5     0.986
385.75     0.986
386.0     0.986
386.25     0.986
386.5     0.986
386.75     0.986
387.0     0.986
387.25     0.986
387.5     0.986
387.75     0.986
388.0     0.986
388.25     0.986
388.5     0.986
388.75     0.986
389.0     0.986
389.25     0.986
389.5     0.986
389.75     0.986
390.0     0.986
390.25     0.986
390.5     0.986
390.75     0.986
391.0     0.986
391.25     0.986
391.5     0.986
391.75     0.986
392.0     0.986
392.25     0.986
392.5     0.986
392.75     0.986
393.0     0.986
393.25     0.986
393.5     0.986
393.75     0.986
394.0     0.986
394.25     0.986
394.5     0.986
394.75     0.986
395.0     0.986
395.25     0.986
395.5     0.986
395.75     0.986
396.0     0.986
396.25     0.986
396.5     0.986
396.75     0.986
397.0     0.986
397.25     0.986
397.5     0.986
397.75     0.986
398.0     0.986
398.25     0.986
398.5     0.986
398.75     0.986
399.0     0.986
399.25     0.986
399.5     0.986
399.75     0.986
400.0     0.986
400.25     0.986
400.5     0.986
400.75     0.986
401.0     0.986
401.25     0.986
401.5     0.986
401.75     0.986
402.0     0.986
402.25     0.986
402.5     0.986
402.75     0.986
403.0     0.986
403.25     0.986
403.5     0.986
403.75     0.986
404.0     0.986
404.25     0.986
404.5     0.986
404.75     0.986
405.0     0.986
405.25     0.986
405.5     0.986
405.75     0.986
406.0     0.986
406.25     0.986
406.5     0.986
406.75     0.986
407.0     0.986
407.25     0.986
407.5     0.986
407.75     0.986
408.0     0.986
408.25     0.986
408.5     0.986
408.75     0.986
409.0     0.986
409.25     0.986
409.5     0.986
409.75     0.986
410.0     0.986
410.25     0.986
410.5     0.986
410.75     0.986
411.0     0.986
411.25     0.986
411.5     0.986
411.75     0.986
412.0     0.986
412.25     0.986
412.5     0.986
412.75     0.986
413.0     0.986
413.25     0.986
413.5     0.986
413.75     0.986
414.0     0.986
414.25     0.986
414.5     0.986
414.75     0.986
415.0     0.986
415.25     0.986
415.5     0.986
415.75     0.986
416.0     0.986
416.25     0.986
416.5     0.986
416.75     0.986
417.0     0.986
417.25     0.986
417.5     0.986
417.75     0.986
418.0     0.986
418.25     0.986
418.5     0.986
418.75     0.986
419.0     0.986
419.25     0.986
419.5     0.986
419.75     0.986
420.0     0.986
420.25     0.986
420.5     0.986
420.75     0.986
421.0     0.986
421.25     0.986
421.5     0.986
421.75     0.986
422.0     0.986
422.25     0.986
422.5     0.986
422.75     0.986
423.0     0.986
423.25     0.986
423.5     0.986
423.75     0.986
424.0     0.986
424.25     0.986
424.5     0.986
424.75     0.986
425.0     0.986
425.25     0.986
425.5     0.986
425.75     0.986
426.0     0.986
426.25     0.986
426.5     0.986
426.75     0.986
427.0     0.986
427.25     0.986
427.5     0.986
427.75     0.986
428.0     0.986
428.25     0.986
428.5     0.986
428.75     0.986
429.0     0.986
429.25     0.986
429.5     0.986
429.75     0.986
430.0     0.986
430.25     0.986
430.5     0.986
430.75     0.986
431.0     0.986
431.25     0.986
431.5     0.986
431.75     0.986
432.0     0.986
432.25     0.986
432.5     0.986
432.75     0.986
433.0     0.986
433.25     0.986
433.5     0.986
433.75     0.986
434.0     0.986
434.25     0.986
434.5     0.986
434.75     0.986
435.0     0.986
435.25     0.986
435.5     0.986
435.75     0.986
436.0     0.986
436.25     0.986
436.5     0.986
436.75     0.986
437.0     0.986
437.25     0.986
437.5     0.986
437.75     0.986
438.0     0.986
438.25     0.986
438.5     0.986
438.75     0.986
439.0     0.986
439.25     0.986
439.5     0.986
439.75     0.986
440.0     0.986
440.25     0.986
440.5     0.986
440.75     0.986
441.0     0.986
441.25     0.986
441.5     0.986
441.75     0.986
442.0     0.986
442.25     0.986
442.5     0.986
442.75     0.986
443.0     0.986
443.25     0.986
443.5     0.986
443.75     0.986
444.0     0.986
444.25     0.986
444.5     0.986
444.75     0.986
445.0     0.986
445.25     0.986
445.5     0.986
445.75     0.986
446.0     0.986
446.25     0.986
446.5     0.986
446.75     0.986
447.0     0.986
447.25     0.986
447.5     0.986
447.75     0.986
448.0     0.986
448.25     0.986
448.5     0.986
448.75     0.986
449.0     0.986
449.25     0.986
449.5     0.986
449.75     0.986
450.0     0.986
450.25     0.986
450.5     0.986
450.75     0.986
451.0     0.986
451.25     0.986
451.5     0.986
451.75     0.986
452.0     0.986
452.25     0.986
452.5     0.986
452.75     0.986
453.0     0.986
453.25     0.986
453.5     0.986
453.75     0.986
454.0     0.986
454.25     0.986
454.5     0.986
454.75     0.986
455.0     0.986
455.25     0.986
455.5     0.986
455.75     0.986
456.0     0.986
456.25     0.986
456.5     0.986
456.75     0.986
457.0     0.986
457.25     0.986
457.5     0.986
457.75     0.986
458.0     0.986
458.25     0.986
458.5     0.986
458.75     0.986
459.0     0.986
459.25     0.986
459.5     0.986
459.75     0.988
460.0     0.988
460.25     0.988
460.5     0.988
460.75     0.988
461.0     0.988
461.25     0.988
461.5     0.988
461.75     0.988
462.0     0.988
462.25     0.988
462.5     0.988
462.75     0.988
463.0     0.988
463.25     0.988
463.5     0.988
463.75     0.988
464.0     0.988
464.25     0.988
464.5     0.988
464.75     0.988
465.0     0.988
465.25     0.988
465.5     0.988
465.75     0.988
466.0     0.988
466.25     0.988
466.5     0.988
466.75     0.988
467.0     0.988
467.25     0.988
467.5     0.988
467.75     0.988
468.0     0.988
468.25     0.988
468.5     0.988
468.75     0.988
469.0     0.988
469.25     0.988
469.5     0.988
469.75     0.988
470.0     0.988
470.25     0.988
470.5     0.988
470.75     0.988
471.0     0.988
471.25     0.988
471.5     0.988
471.75     0.988
472.0     0.988
472.25     0.988
472.5     0.988
472.75     0.988
473.0     0.988
473.25     0.988
473.5     0.988
473.75     0.988
474.0     0.988
474.25     0.988
474.5     0.988
474.75     0.988
475.0     0.988
475.25     0.988
475.5     0.988
475.75     0.988
476.0     0.988
476.25     0.988
476.5     0.988
476.75     0.988
477.0     0.988
477.25     0.988
477.5     0.988
477.75     0.988
478.0     0.988
478.25     0.988
478.5     0.988
478.75     0.988
479.0     0.988
479.25     0.988
479.5     0.988
479.75     0.988
480.0     0.988
480.25     0.988
480.5     0.988
480.75     0.988
481.0     0.988
481.25     0.988
481.5     0.988
481.75     0.988
482.0     0.988
482.25     0.988
482.5     0.988
482.75     0.988
483.0     0.988
483.25     0.988
483.5     0.988
483.75     0.988
484.0     0.988
484.25     0.988
484.5     0.988
484.75     0.988
485.0     0.988
485.25     0.988
485.5     0.988
485.75     0.988
486.0     0.988
486.25     0.988
486.5     0.988
486.75     0.988
487.0     0.988
487.25     0.988
487.5     0.988
487.75     0.988
488.0     0.988
488.25     0.988
488.5     0.988
488.75     0.988
489.0     0.988
489.25     0.988
489.5     0.988
489.75     0.988
490.0     0.988
490.25     0.988
490.5     0.988
490.75     0.988
491.0     0.988
491.25     0.988
491.5     0.988
491.75     0.988
492.0     0.988
492.25     0.988
492.5     0.988
492.75     0.988
493.0     0.988
493.25     0.988
493.5     0.988
493.75     0.988
494.0     0.988
494.25     0.988
494.5     0.988
494.75     0.988
495.0     0.988
495.25     0.988
495.5     0.988
495.75     0.988
496.0     0.988
496.25     0.988
496.5     0.988
496.75     0.988
497.0     0.988
497.25     0.988
497.5     0.988
497.75     0.988
498.0     0.988
498.25     0.988
498.5     0.99
498.75     0.99
499.0     0.99
499.25     0.99
499.5     0.988
499.75     0.988
500.0     0.988
500.25     0.988
500.5     0.988
500.75     0.988
501.0     0.988
501.25     0.988
501.5     0.988
501.75     0.988
502.0     0.988
502.25     0.988
502.5     0.988
502.75     0.988
503.0     0.988
503.25     0.988
503.5     0.988
503.75     0.988
504.0     0.988
504.25     0.988
504.5     0.988
504.75     0.988
505.0     0.988
505.25     0.988
505.5     0.988
505.75     0.988
506.0     0.988
506.25     0.988
506.5     0.988
506.75     0.988
507.0     0.988
507.25     0.988
507.5     0.988
507.75     0.988
508.0     0.988
508.25     0.988
508.5     0.988
508.75     0.988
509.0     0.988
509.25     0.988
509.5     0.988
509.75     0.988
510.0     0.988
510.25     0.988
510.5     0.988
510.75     0.988
511.0     0.988
511.25     0.988
511.5     0.988
511.75     0.988
512.0     0.988
512.25     0.988
512.5     0.988
512.75     0.988
513.0     0.988
513.25     0.986
513.5     0.986
513.75     0.986
514.0     0.986
514.25     0.986
514.5     0.986
514.75     0.986
515.0     0.986
515.25     0.986
515.5     0.986
515.75     0.986
516.0     0.986
516.25     0.986
516.5     0.986
516.75     0.986
517.0     0.986
517.25     0.986
517.5     0.986
517.75     0.986
518.0     0.986
518.25     0.986
518.5     0.986
518.75     0.986
519.0     0.986
519.25     0.986
519.5     0.986
519.75     0.986
520.0     0.986
520.25     0.986
520.5     0.986
520.75     0.986
521.0     0.986
521.25     0.986
521.5     0.986
521.75     0.986
522.0     0.986
522.25     0.986
522.5     0.986
522.75     0.986
523.0     0.986
523.25     0.986
523.5     0.986
523.75     0.986
524.0     0.986
524.25     0.986
524.5     0.986
524.75     0.986
525.0     0.986
525.25     0.986
525.5     0.986
525.75     0.986
526.0     0.986
526.25     0.986
526.5     0.986
526.75     0.986
527.0     0.986
527.25     0.986
527.5     0.986
527.75     0.986
528.0     0.986
528.25     0.986
528.5     0.986
528.75     0.986
529.0     0.986
529.25     0.986
529.5     0.986
529.75     0.986
530.0     0.986
530.25     0.986
530.5     0.986
530.75     0.986
531.0     0.986
531.25     0.986
531.5     0.986
531.75     0.986
532.0     0.986
532.25     0.986
532.5     0.986
532.75     0.986
533.0     0.986
533.25     0.986
533.5     0.986
533.75     0.986
534.0     0.986
534.25     0.986
534.5     0.986
534.75     0.986
535.0     0.986
535.25     0.986
535.5     0.986
535.75     0.986
536.0     0.986
536.25     0.986
536.5     0.986
536.75     0.986
537.0     0.986
537.25     0.986
537.5     0.986
537.75     0.986
538.0     0.986
538.25     0.986
538.5     0.986
538.75     0.986
539.0     0.986
539.25     0.986
539.5     0.986
539.75     0.986
540.0     0.986
540.25     0.986
540.5     0.986
540.75     0.986
541.0     0.986
541.25     0.986
541.5     0.986
541.75     0.988
542.0     0.988
542.25     0.988
542.5     0.988
542.75     0.988
543.0     0.988
543.25     0.988
543.5     0.988
543.75     0.988
544.0     0.988
544.25     0.988
544.5     0.988
544.75     0.988
545.0     0.988
545.25     0.988
545.5     0.988
545.75     0.988
546.0     0.988
546.25     0.988
546.5     0.988
546.75     0.988
547.0     0.988
547.25     0.988
547.5     0.988
547.75     0.988
548.0     0.988
548.25     0.988
548.5     0.988
548.75     0.988
549.0     0.988
549.25     0.988
549.5     0.988
549.75     0.988
550.0     0.988
550.25     0.988
550.5     0.988
550.75     0.988
551.0     0.988
551.25     0.988
551.5     0.988
551.75     0.988
552.0     0.988
552.25     0.988
552.5     0.99
552.75     0.99
553.0     0.99
553.25     0.99
553.5     0.99
553.75     0.99
554.0     0.99
554.25     0.99
554.5     0.99
554.75     0.99
555.0     0.99
555.25     0.99
555.5     0.99
555.75     0.99
556.0     0.99
556.25     0.99
556.5     0.99
556.75     0.99
557.0     0.99
557.25     0.99
557.5     0.99
557.75     0.99
558.0     0.99
558.25     0.99
558.5     0.99
558.75     0.99
559.0     0.99
559.25     0.99
559.5     0.99
559.75     0.99
560.0     0.99
560.25     0.99
560.5     0.99
560.75     0.99
561.0     0.99
561.25     0.99
561.5     0.99
561.75     0.99
562.0     0.99
562.25     0.99
562.5     0.99
562.75     0.99
563.0     0.99
563.25     0.99
563.5     0.99
563.75     0.99
564.0     0.99
564.25     0.99
564.5     0.99
564.75     0.99
565.0     0.99
565.25     0.99
565.5     0.99
565.75     0.99
566.0     0.99
566.25     0.99
566.5     0.99
566.75     0.99
567.0     0.99
567.25     0.99
567.5     0.99
567.75     0.99
568.0     0.99
568.25     0.99
568.5     0.99
568.75     0.99
569.0     0.99
569.25     0.99
569.5     0.99
569.75     0.99
570.0     0.99
570.25     0.99
570.5     0.99
570.75     0.99
571.0     0.99
571.25     0.99
571.5     0.99
571.75     0.99
572.0     0.99
572.25     0.99
572.5     0.99
572.75     0.99
573.0     0.99
573.25     0.99
573.5     0.99
573.75     0.99
574.0     0.99
574.25     0.99
574.5     0.99
574.75     0.99
575.0     0.99
575.25     0.99
575.5     0.99
575.75     0.99
576.0     0.99
576.25     0.99
576.5     0.99
576.75     0.99
577.0     0.99
577.25     0.99
577.5     0.99
577.75     0.99
578.0     0.99
578.25     0.99
578.5     0.99
578.75     0.99
579.0     0.99
579.25     0.99
579.5     0.99
579.75     0.99
580.0     0.99
580.25     0.99
580.5     0.99
580.75     0.99
581.0     0.99
581.25     0.99
581.5     0.99
581.75     0.99
582.0     0.99
582.25     0.99
582.5     0.99
582.75     0.99
583.0     0.99
583.25     0.99
583.5     0.99
583.75     0.99
584.0     0.99
584.25     0.99
584.5     0.99
584.75     0.99
585.0     0.99
585.25     0.99
585.5     0.99
585.75     0.99
586.0     0.99
586.25     0.99
586.5     0.99
586.75     0.99
587.0     0.99
587.25     0.99
587.5     0.99
587.75     0.99
588.0     0.99
588.25     0.99
588.5     0.99
588.75     0.99
589.0     0.99
589.25     0.99
589.5     0.99
589.75     0.99
590.0     0.99
590.25     0.99
590.5     0.99
590.75     0.99
591.0     0.99
591.25     0.99
591.5     0.99
591.75     0.99
592.0     0.99
592.25     0.99
592.5     0.99
592.75     0.99
593.0     0.99
593.25     0.99
593.5     0.99
593.75     0.99
594.0     0.99
594.25     0.99
594.5     0.99
594.75     0.99
595.0     0.99
595.25     0.99
595.5     0.99
595.75     0.99
596.0     0.99
596.25     0.99
596.5     0.99
596.75     0.99
597.0     0.99
597.25     0.99
597.5     0.99
597.75     0.99
598.0     0.99
598.25     0.99
598.5     0.99
598.75     0.99
599.0     0.992
599.25     0.992
599.5     0.992
599.75     0.992
600.0     0.992
600.25     0.992
600.5     0.992
600.75     0.992
601.0     0.992
601.25     0.992
601.5     0.992
601.75     0.992
602.0     0.992
602.25     0.992
602.5     0.992
602.75     0.992
603.0     0.992
603.25     0.992
603.5     0.992
603.75     0.992
604.0     0.994
604.25     0.994
604.5     0.994
604.75     0.994
605.0     0.994
605.25     0.994
605.5     0.994
605.75     0.994
606.0     0.994
606.25     0.994
606.5     0.994
606.75     0.994
607.0     0.994
607.25     0.994
607.5     0.994
607.75     0.994
608.0     0.994
608.25     0.994
608.5     0.994
608.75     0.994
609.0     0.994
609.25     0.994
609.5     0.994
609.75     0.994
610.0     0.994
610.25     0.994
610.5     0.996
610.75     0.996
611.0     0.996
611.25     0.996
611.5     0.996
611.75     0.996
612.0     0.996
612.25     0.996
612.5     0.996
612.75     0.996
613.0     0.996
613.25     0.996
613.5     0.998
613.75     0.998
614.0     0.998
614.25     0.998
614.5     0.998
614.75     0.998
615.0     0.998
615.25     0.998
615.5     0.998
615.75     0.998
616.0     0.998
616.25     0.998
616.5     0.998
616.75     0.998
617.0     0.998
617.25     0.998
617.5     0.998
617.75     0.998
618.0     0.998
618.25     0.998
618.5     0.998
618.75     0.998
619.0     0.998
619.25     0.998
619.5     0.998
619.75     0.998
620.0     0.998
620.25     0.998
620.5     0.998
620.75     0.998
621.0     0.998
621.25     0.998
621.5     0.998
621.75     0.998
622.0     0.998
622.25     0.998
622.5     0.998
622.75     0.998
623.0     0.998
623.25     0.998
623.5     0.998
623.75     0.998
624.0     0.996
624.25     0.996
624.5     0.996
624.75     0.996
625.0     0.996
625.25     0.996
625.5     0.996
625.75     0.996
626.0     0.996
626.25     0.996
626.5     0.996
626.75     0.996
627.0     0.996
627.25     0.996
627.5     0.996
627.75     0.996
628.0     0.996
628.25     0.996
628.5     0.996
628.75     0.996
629.0     0.996
629.25     0.996
629.5     0.996
629.75     0.996
630.0     0.996
630.25     0.996
630.5     0.996
630.75     0.996
631.0     0.996
631.25     0.996
631.5     0.996
631.75     0.996
632.0     0.996
632.25     0.996
632.5     0.996
632.75     0.996
633.0     0.996
633.25     0.996
633.5     0.996
633.75     0.996
634.0     0.996
634.25     0.996
634.5     0.996
634.75     0.996
635.0     0.996
635.25     0.996
635.5     0.996
635.75     0.996
636.0     0.996
636.25     0.996
636.5     0.996
636.75     0.996
637.0     0.996
637.25     0.996
637.5     0.996
637.75     0.996
638.0     0.996
638.25     0.996
638.5     0.996
638.75     0.996
639.0     0.996
639.25     0.996
639.5     0.996
639.75     0.996
640.0     0.998
640.25     0.998
640.5     0.998
640.75     0.998
641.0     0.998
641.25     0.998
641.5     0.998
641.75     0.998
642.0     0.998
642.25     0.998
642.5     0.998
642.75     0.998
643.0     0.998
643.25     0.998
643.5     0.998
643.75     0.998
644.0     0.998
644.25     0.998
644.5     0.998
644.75     0.998
645.0     0.998
645.25     0.998
645.5     0.998
645.75     0.998
646.0     0.998
646.25     0.998
646.5     0.998
646.75     0.998
647.0     0.998
647.25     0.998
647.5     0.996
647.75     0.996
648.0     0.996
648.25     0.996
648.5     0.996
648.75     0.996
649.0     0.996
649.25     0.996
649.5     0.996
649.75     0.996
650.0     0.996
650.25     0.996
650.5     0.996
650.75     0.996
651.0     0.996
651.25     0.996
651.5     0.996
651.75     0.996
652.0     0.996
652.25     0.996
652.5     0.996
652.75     0.996
653.0     0.996
653.25     0.996
653.5     0.996
653.75     0.996
654.0     0.996
654.25     0.996
654.5     0.996
654.75     0.996
655.0     0.996
655.25     0.996
655.5     0.996
655.75     0.996
656.0     0.996
656.25     0.996
656.5     0.996
656.75     0.996
657.0     0.996
657.25     0.996
657.5     0.996
657.75     0.996
658.0     0.996
658.25     0.996
658.5     0.996
658.75     0.996
659.0     0.996
659.25     0.996
659.5     0.996
659.75     0.996
660.0     0.996
660.25     0.996
660.5     0.996
660.75     0.996
661.0     0.996
661.25     0.996
661.5     0.996
661.75     0.996
662.0     0.996
662.25     0.996
662.5     0.996
662.75     0.996
663.0     0.996
663.25     0.996
663.5     0.996
663.75     0.996
664.0     0.996
664.25     0.996
664.5     0.996
664.75     0.996
665.0     0.996
665.25     0.996
665.5     0.996
665.75     0.996
666.0     0.996
666.25     0.996
666.5     0.996
666.75     0.996
667.0     0.996
667.25     0.996
667.5     0.996
667.75     0.996
668.0     0.996
668.25     0.996
668.5     0.996
668.75     0.996
669.0     0.996
669.25     0.996
669.5     0.996
669.75     0.996
670.0     0.996
670.25     0.996
670.5     0.996
670.75     0.996
671.0     0.996
671.25     0.996
671.5     0.996
671.75     0.996
672.0     0.996
672.25     0.996
672.5     0.996
672.75     0.996
673.0     0.996
673.25     0.996
673.5     0.996
673.75     0.996
674.0     0.996
674.25     0.996
674.5     0.996
674.75     0.996
675.0     0.996
675.25     0.996
675.5     0.996
675.75     0.996
676.0     0.996
676.25     0.996
676.5     0.996
676.75     0.996
677.0     0.996
677.25     0.996
677.5     0.996
677.75     0.996
678.0     0.996
678.25     0.996
678.5     0.996
678.75     0.996
679.0     0.996
679.25     0.996
679.5     0.996
679.75     0.996
680.0     0.996
680.25     0.996
680.5     0.996
680.75     0.996
681.0     0.996
681.25     0.996
681.5     0.996
681.75     0.996
682.0     0.996
682.25     0.996
682.5     0.996
682.75     0.996
683.0     0.996
683.25     0.996
683.5     0.996
683.75     0.996
684.0     0.996
684.25     0.996
684.5     0.996
684.75     0.996
685.0     0.996
685.25     0.996
685.5     0.996
685.75     0.996
686.0     0.996
686.25     0.996
686.5     0.996
686.75     0.996
687.0     0.996
687.25     0.996
687.5     0.996
687.75     0.996
688.0     0.996
688.25     0.996
688.5     0.996
688.75     0.996
689.0     0.996
689.25     0.996
689.5     0.996
689.75     0.996
690.0     0.996
690.25     0.996
690.5     0.996
690.75     0.996
691.0     0.996
691.25     0.996
691.5     0.996
691.75     0.996
692.0     0.996
692.25     0.996
692.5     0.996
692.75     0.996
693.0     0.996
693.25     0.996
693.5     0.996
693.75     0.996
694.0     0.996
694.25     0.996
694.5     0.996
694.75     0.996
695.0     0.996
695.25     0.996
695.5     0.996
695.75     0.996
696.0     0.996
696.25     0.996
696.5     0.996
696.75     0.996
697.0     0.996
697.25     0.996
697.5     0.996
697.75     0.996
698.0     0.996
698.25     0.996
698.5     0.996
698.75     0.996
699.0     0.996
699.25     0.996
699.5     0.996
699.75     0.996
700.0     0.996
700.25     0.996
700.5     0.996
700.75     0.996
701.0     0.996
701.25     0.996
701.5     0.996
701.75     0.996
702.0     0.996
702.25     0.996
702.5     0.996
702.75     0.996
703.0     0.996
703.25     0.996
703.5     0.996
703.75     0.996
704.0     0.996
704.25     0.996
704.5     0.996
704.75     0.996
705.0     0.996
705.25     0.996
705.5     0.996
705.75     0.996
706.0     0.996
706.25     0.996
706.5     0.996
706.75     0.996
707.0     0.996
707.25     0.996
707.5     0.996
707.75     0.996
708.0     0.996
708.25     0.996
708.5     0.996
708.75     0.996
709.0     0.996
709.25     0.996
709.5     0.996
709.75     0.996
710.0     0.996
710.25     0.996
710.5     0.996
710.75     0.996
711.0     0.996
711.25     0.996
711.5     0.996
711.75     0.996
712.0     0.996
712.25     0.996
712.5     0.996
712.75     0.996
713.0     0.996
713.25     0.996
713.5     0.996
713.75     0.996
714.0     0.996
714.25     0.996
714.5     0.996
714.75     0.996
715.0     0.996
715.25     0.996
715.5     0.996
715.75     0.996
716.0     0.996
716.25     0.996
716.5     0.996
716.75     0.996
717.0     0.996
717.25     0.996
717.5     0.996
717.75     0.996
718.0     0.996
718.25     0.996
718.5     0.996
718.75     0.996
719.0     0.996
719.25     0.996
719.5     0.996
719.75     0.996
720.0     0.996
720.25     0.996
720.5     0.996
720.75     0.996
721.0     0.996
721.25     0.996
721.5     0.996
721.75     0.996
722.0     0.996
722.25     0.996
722.5     0.996
722.75     0.996
723.0     0.996
723.25     0.996
723.5     0.996
723.75     0.996
724.0     0.996
724.25     0.996
724.5     0.996
724.75     0.996
725.0     0.996
725.25     0.996
725.5     0.996
725.75     0.996
726.0     0.996
726.25     0.996
726.5     0.996
726.75     0.996
727.0     0.996
727.25     0.996
727.5     0.996
727.75     0.996
728.0     0.996
728.25     0.996
728.5     0.996
728.75     0.996
729.0     0.996
729.25     0.996
729.5     0.996
729.75     0.996
730.0     0.996
730.25     0.996
730.5     0.996
730.75     0.996
731.0     0.996
731.25     0.996
731.5     0.996
731.75     0.996
732.0     0.996
732.25     0.996
732.5     0.996
732.75     0.996
733.0     0.996
733.25     0.996
733.5     0.996
733.75     0.996
734.0     0.996
734.25     0.996
734.5     0.996
734.75     0.996
735.0     0.996
735.25     0.996
735.5     0.996
735.75     0.996
736.0     0.996
736.25     0.996
736.5     0.996
736.75     0.996
737.0     0.996
737.25     0.996
737.5     0.996
737.75     0.998
738.0     0.998
738.25     0.998
738.5     0.998
738.75     0.998
739.0     0.998
739.25     0.998
739.5     0.998
739.75     0.998
740.0     0.998
740.25     0.998
740.5     0.998
740.75     0.998
741.0     0.998
741.25     0.998
741.5     0.998
741.75     0.998
742.0     0.998
742.25     0.998
742.5     0.998
742.75     0.998
743.0     0.998
743.25     0.998
743.5     0.998
743.75     0.998
744.0     0.998
744.25     0.998
744.5     0.998
744.75     0.998
745.0     0.998
745.25     0.998
745.5     0.998
745.75     0.998
746.0     0.998
746.25     0.998
746.5     0.998
746.75     0.998
747.0     0.998
747.25     0.998
747.5     0.998
747.75     0.998
748.0     0.998
748.25     0.998
748.5     0.998
748.75     0.998
749.0     0.998
749.25     0.998
749.5     0.998
749.75     0.998
750.0     0.998
750.25     0.998
750.5     0.998
750.75     0.998
751.0     0.998
751.25     0.998
751.5     0.998
751.75     0.998
752.0     0.998
752.25     0.998
752.5     0.998
752.75     0.998
753.0     0.998
753.25     0.998
753.5     0.998
753.75     0.998
754.0     0.998
754.25     0.998
754.5     0.998
754.75     0.998
755.0     0.998
755.25     0.998
755.5     0.998
755.75     0.998
756.0     0.998
756.25     0.998
756.5     0.998
756.75     0.998
757.0     0.998
757.25     0.998
757.5     0.998
757.75     0.998
758.0     0.998
758.25     0.998
758.5     0.998
758.75     0.998
759.0     0.998
759.25     0.998
759.5     0.998
759.75     0.998
760.0     0.998
760.25     0.998
760.5     0.998
760.75     0.998
761.0     0.998
761.25     0.998
761.5     0.998
761.75     0.998
762.0     0.998
762.25     0.998
762.5     0.998
762.75     0.998
763.0     0.998
763.25     0.998
763.5     0.998
763.75     1.0
764.0     0.998
764.25     0.998
764.5     0.998
764.75     0.998
765.0     0.998
765.25     0.998
765.5     0.998
765.75     0.998
766.0     0.998
766.25     0.998
766.5     0.998
766.75     0.998
767.0     0.998
767.25     0.998
767.5     0.998
767.75     0.998
768.0     0.998
768.25     0.998
768.5     0.998
768.75     0.998
769.0     0.998
769.25     0.998
769.5     0.998
769.75     0.998
770.0     0.998
770.25     0.998
770.5     0.998
770.75     0.998
771.0     0.998
771.25     0.998
771.5     0.998
771.75     0.998
772.0     0.998
772.25     0.998
772.5     0.998
772.75     0.998
773.0     0.998
773.25     0.998
773.5     0.998
773.75     0.998
774.0     0.998
774.25     0.998
774.5     0.998
774.75     0.998
775.0     0.998
775.25     0.998
775.5     0.998
775.75     0.998
776.0     0.998
776.25     0.998
776.5     0.998
776.75     0.998
777.0     0.998
777.25     0.998
777.5     0.998
777.75     0.998
778.0     0.998
778.25     0.998
778.5     0.998
778.75     0.998
779.0     0.998
779.25     0.998
779.5     0.998
779.75     0.998
780.0     0.998
780.25     0.998
780.5     0.998
780.75     0.998
781.0     0.998
781.25     0.998
781.5     0.998
781.75     0.998
782.0     0.998
782.25     0.998
782.5     0.998
782.75     0.998
783.0     0.998
783.25     0.998
783.5     0.998
783.75     0.998
784.0     0.998
784.25     0.998
784.5     0.998
784.75     0.998
785.0     0.998
785.25     0.998
785.5     0.998
785.75     0.998
786.0     0.998
786.25     0.998
786.5     0.998
786.75     0.998
787.0     0.998
787.25     0.998
787.5     0.998
787.75     0.998
788.0     0.998
788.25     0.998
788.5     0.998
788.75     0.998
789.0     0.998
789.25     0.998
789.5     0.998
789.75     0.998
790.0     0.998
790.25     0.998
790.5     0.998
790.75     0.998
791.0     0.998
791.25     0.998
791.5     0.998
791.75     0.998
792.0     0.998
792.25     0.998
792.5     0.998
792.75     0.998
793.0     0.998
793.25     0.998
793.5     0.998
793.75     0.998
794.0     0.998
794.25     0.998
794.5     0.998
794.75     0.998
795.0     0.998
795.25     0.998
795.5     0.998
795.75     0.998
796.0     0.998
796.25     0.998
796.5     0.998
796.75     0.998
797.0     0.998
797.25     0.998
797.5     0.998
797.75     0.998
798.0     0.998
798.25     0.998
798.5     0.998
798.75     0.998
799.0     0.998
799.25     0.998
799.5     0.998
799.75     0.998
800.0     0.998
800.25     0.998
800.5     0.998
800.75     0.998
801.0     0.998
801.25     0.998
801.5     0.998
801.75     0.998
802.0     0.998
802.25     0.998
802.5     0.998
802.75     0.998
803.0     0.998
803.25     0.998
803.5     0.998
803.75     0.998
804.0     0.998
804.25     0.998
804.5     0.998
804.75     0.998
805.0     0.998
805.25     0.998
805.5     0.998
805.75     0.998
806.0     0.998
806.25     0.998
806.5     0.998
806.75     0.998
807.0     0.998
807.25     0.998
807.5     0.998
807.75     0.998
808.0     0.998
808.25     0.998
808.5     0.998
808.75     0.998
809.0     0.998
809.25     0.998
809.5     0.998
809.75     0.998
810.0     0.998
810.25     0.998
810.5     0.998
810.75     0.998
811.0     0.998
811.25     0.998
811.5     0.998
811.75     0.998
812.0     0.998
812.25     0.998
812.5     0.998
812.75     0.998
813.0     0.998
813.25     0.998
813.5     0.998
813.75     0.998
814.0     0.998
814.25     0.998
814.5     0.998
814.75     0.998
815.0     0.998
815.25     0.998
815.5     0.998
815.75     0.998
816.0     0.998
816.25     0.998
816.5     0.998
816.75     0.998
817.0     0.998
817.25     0.998
817.5     0.998
817.75     0.998
818.0     0.998
818.25     0.998
818.5     0.998
818.75     0.998
819.0     0.998
819.25     0.998
819.5     0.998
819.75     0.998
820.0     0.998
820.25     0.998
820.5     0.998
820.75     0.998
821.0     0.998
821.25     0.998
821.5     0.998
821.75     0.998
822.0     0.998
822.25     0.998
822.5     0.998
822.75     0.998
823.0     0.998
823.25     0.998
823.5     0.998
823.75     0.998
824.0     0.998
824.25     0.998
824.5     0.998
824.75     0.998
825.0     0.998
825.25     0.998
825.5     0.998
825.75     0.998
826.0     0.998
826.25     0.998
826.5     0.998
826.75     0.998
827.0     0.998
827.25     0.998
827.5     0.998
827.75     0.998
828.0     0.998
828.25     0.998
828.5     0.998
828.75     0.998
829.0     0.998
829.25     0.998
829.5     0.998
829.75     0.998
830.0     0.998
830.25     0.998
830.5     0.998
830.75     0.998
831.0     0.998
831.25     0.998
831.5     0.998
831.75     0.998
832.0     0.998
832.25     0.998
832.5     0.998
832.75     0.998
833.0     0.998
833.25     0.998
833.5     0.998
833.75     0.998
834.0     0.998
834.25     0.998
834.5     0.998
834.75     0.998
835.0     0.998
835.25     0.998
835.5     0.998
835.75     0.998
836.0     0.998
836.25     0.998
836.5     0.998
836.75     0.998
837.0     0.998
837.25     0.998
837.5     0.998
837.75     0.998
838.0     0.998
838.25     0.998
838.5     0.998
838.75     0.998
839.0     0.998
839.25     0.998
839.5     0.998
839.75     0.998
840.0     0.998
840.25     0.998
840.5     0.998
840.75     0.998
841.0     0.998
841.25     0.998
841.5     0.998
841.75     0.998
842.0     0.998
842.25     0.998
842.5     0.998
842.75     0.998
843.0     0.998
843.25     0.998
843.5     0.998
843.75     0.998
844.0     0.998
844.25     0.998
844.5     0.998
844.75     0.998
845.0     0.998
845.25     0.998
845.5     0.998
845.75     0.998
846.0     0.998
846.25     0.998
846.5     0.998
846.75     0.998
847.0     0.998
847.25     0.998
847.5     0.998
847.75     0.998
848.0     0.998
848.25     0.998
848.5     0.998
848.75     0.998
849.0     0.998
849.25     0.998
849.5     0.998
849.75     0.998
850.0     0.998
850.25     0.998
850.5     0.998
850.75     0.998
851.0     0.998
851.25     0.998
851.5     0.998
851.75     0.998
852.0     0.998
852.25     0.998
852.5     0.998
852.75     0.998
853.0     0.998
853.25     0.998
853.5     0.998
853.75     0.998
854.0     0.998
854.25     0.998
854.5     0.998
854.75     0.998
855.0     0.998
855.25     0.998
855.5     0.998
855.75     0.998
856.0     0.998
856.25     0.998
856.5     0.998
856.75     0.998
857.0     0.998
857.25     0.998
857.5     0.998
857.75     0.998
858.0     0.998
858.25     0.998
858.5     0.998
858.75     0.998
859.0     0.998
859.25     0.998
859.5     0.998
859.75     0.998
860.0     0.998
860.25     0.998
860.5     0.998
860.75     0.998
861.0     0.998
861.25     0.998
861.5     0.998
861.75     0.998
862.0     0.998
862.25     0.998
862.5     0.998
862.75     0.998
863.0     0.998
863.25     0.998
863.5     0.998
863.75     0.998
864.0     0.998
864.25     0.998
864.5     0.998
864.75     0.998
865.0     0.998
865.25     0.998
865.5     0.998
865.75     0.998
866.0     0.998
866.25     0.998
866.5     0.998
866.75     0.998
867.0     0.998
867.25     0.998
867.5     0.998
867.75     0.998
868.0     0.998
868.25     0.998
868.5     0.998
868.75     0.998
869.0     0.998
869.25     0.998
869.5     0.998
869.75     0.998
870.0     0.998
870.25     0.998
870.5     0.998
870.75     0.998
871.0     0.998
871.25     0.998
871.5     0.998
871.75     0.998
872.0     0.998
872.25     0.998
872.5     0.998
872.75     0.998
873.0     0.998
873.25     0.998
873.5     0.998
873.75     0.998
874.0     0.998
874.25     0.998
874.5     0.998
874.75     0.998
875.0     0.998
875.25     0.998
875.5     0.998
875.75     0.998
876.0     0.998
876.25     0.998
876.5     0.998
876.75     0.998
877.0     0.998
877.25     0.998
877.5     0.998
877.75     0.998
878.0     0.998
878.25     0.998
878.5     0.998
878.75     0.998
879.0     0.998
879.25     0.998
879.5     0.998
879.75     0.998
880.0     0.998
880.25     0.998
880.5     0.998
880.75     0.998
881.0     0.998
881.25     0.998
881.5     0.998
881.75     0.998
882.0     0.998
882.25     0.998
882.5     0.998
882.75     0.998
883.0     0.998
883.25     0.998
883.5     0.998
883.75     0.998
884.0     0.998
884.25     0.998
884.5     0.998
884.75     0.998
885.0     0.998
885.25     0.998
885.5     0.998
885.75     0.998
886.0     0.998
886.25     0.998
886.5     0.998
886.75     0.998
887.0     0.998
887.25     0.998
887.5     0.998
887.75     0.998
888.0     0.998
888.25     0.998
888.5     0.998
888.75     0.998
889.0     0.998
889.25     0.998
889.5     0.998
889.75     0.998
890.0     0.998
890.25     0.998
890.5     0.998
890.75     0.998
891.0     0.998
891.25     0.998
891.5     0.998
891.75     0.998
892.0     0.998
892.25     0.998
892.5     0.998
892.75     0.998
893.0     0.998
893.25     0.998
893.5     0.998
893.75     0.998
894.0     0.998
894.25     0.998
894.5     0.998
894.75     0.998
895.0     0.998
895.25     0.998
895.5     0.998
895.75     0.998
896.0     0.998
896.25     0.998
896.5     0.998
896.75     0.998
897.0     0.998
897.25     0.998
897.5     0.998
897.75     0.998
898.0     0.998
898.25     0.998
898.5     0.998
898.75     0.998
899.0     0.998
899.25     0.998
899.5     0.998
899.75     0.998
900.0     0.998
900.25     0.998
900.5     0.998
900.75     0.998
901.0     0.998
901.25     0.998
901.5     0.998
901.75     0.998
902.0     0.998
902.25     0.998
902.5     0.998
902.75     0.998
903.0     0.998
903.25     0.998
903.5     0.998
903.75     0.998
904.0     0.998
904.25     0.998
904.5     0.998
904.75     0.998
905.0     0.998
905.25     0.998
905.5     0.998
905.75     0.998
906.0     0.998
906.25     0.998
906.5     0.998
906.75     0.998
907.0     0.998
907.25     0.998
907.5     0.998
907.75     0.998
908.0     0.998
908.25     0.998
908.5     0.998
908.75     0.998
909.0     0.998
909.25     0.998
909.5     0.998
909.75     0.998
910.0     0.998
910.25     0.998
910.5     0.998
910.75     0.998
911.0     0.998
911.25     0.998
911.5     0.998
911.75     0.998
912.0     0.998
912.25     0.998
912.5     0.998
912.75     0.998
913.0     0.998
913.25     0.998
913.5     0.998
913.75     0.998
914.0     0.998
914.25     0.998
914.5     0.998
914.75     0.998
915.0     0.998
915.25     0.998
915.5     0.998
915.75     0.998
916.0     0.998
916.25     0.998
916.5     0.998
916.75     0.998
917.0     0.998
917.25     0.998
917.5     0.998
917.75     0.998
918.0     0.998
918.25     0.998
918.5     0.998
918.75     0.998
919.0     0.998
919.25     0.998
919.5     0.998
919.75     0.998
920.0     0.998
920.25     0.998
920.5     0.998
920.75     0.998
921.0     0.998
921.25     0.998
921.5     0.998
921.75     0.998
922.0     0.998
922.25     0.998
922.5     0.998
922.75     0.998
923.0     0.998
923.25     0.998
923.5     0.998
923.75     0.998
924.0     0.998
924.25     0.998
924.5     0.998
924.75     0.998
925.0     0.998
925.25     0.998
925.5     0.998
925.75     0.998
926.0     0.998
926.25     0.998
926.5     0.998
926.75     0.998
927.0     0.998
927.25     0.998
927.5     0.998
927.75     0.998
928.0     0.998
928.25     0.998
928.5     0.998
928.75     0.998
929.0     0.998
929.25     0.998
929.5     0.998
929.75     0.998
930.0     0.998
930.25     0.998
930.5     0.998
930.75     0.998
931.0     0.998
931.25     0.998
931.5     0.998
931.75     0.998
932.0     0.998
932.25     0.998
932.5     0.998
932.75     0.998
933.0     0.998
933.25     0.998
933.5     0.998
933.75     0.998
934.0     0.998
934.25     0.998
934.5     0.998
934.75     0.998
935.0     0.998
935.25     0.998
935.5     0.998
935.75     0.998
936.0     0.998
936.25     0.998
936.5     0.998
936.75     0.998
937.0     0.998
937.25     0.998
937.5     0.998
937.75     0.998
938.0     0.998
938.25     0.998
938.5     0.998
938.75     0.998
939.0     0.998
939.25     0.998
939.5     0.998
939.75     0.998
940.0     0.998
940.25     0.998
940.5     0.998
940.75     0.998
941.0     0.998
941.25     0.998
941.5     0.998
941.75     0.998
942.0     0.998
942.25     0.998
942.5     0.998
942.75     0.998
943.0     0.998
943.25     0.998
943.5     0.998
943.75     0.998
944.0     0.998
944.25     0.998
944.5     0.998
944.75     0.998
945.0     0.998
945.25     0.998
945.5     0.998
945.75     0.998
946.0     0.998
946.25     0.998
946.5     0.998
946.75     0.998
947.0     0.998
947.25     0.998
947.5     0.998
947.75     0.998
948.0     0.998
948.25     0.998
948.5     0.998
948.75     0.998
949.0     0.998
949.25     0.998
949.5     0.998
949.75     0.998
950.0     0.998
950.25     0.998
950.5     0.998
950.75     0.998
951.0     0.998
951.25     0.998
951.5     0.998
951.75     0.998
952.0     0.998
952.25     0.998
952.5     0.998
952.75     0.998
953.0     0.998
953.25     0.998
953.5     0.998
953.75     0.998
954.0     0.998
954.25     0.998
954.5     0.998
954.75     0.998
955.0     0.998
955.25     0.998
955.5     0.998
955.75     0.998
956.0     0.998
956.25     0.998
956.5     0.998
956.75     0.998
957.0     0.998
957.25     0.998
957.5     0.998
957.75     0.998
958.0     0.998
958.25     0.998
958.5     0.998
958.75     0.998
959.0     0.998
959.25     0.998
959.5     0.998
959.75     0.998
960.0     0.998
960.25     0.998
960.5     0.998
960.75     0.998
961.0     0.998
961.25     0.998
961.5     0.998
961.75     0.998
962.0     0.998
962.25     0.998
962.5     0.998
962.75     0.998
963.0     0.998
963.25     0.998
963.5     0.998
963.75     0.998
964.0     0.998
964.25     0.998
964.5     0.998
964.75     0.998
965.0     0.998
965.25     0.998
965.5     0.998
965.75     0.998
966.0     0.998
966.25     0.998
966.5     0.998
966.75     0.998
967.0     0.998
967.25     0.998
967.5     0.998
967.75     0.998
968.0     0.998
968.25     0.998
968.5     0.998
968.75     0.998
969.0     0.998
969.25     0.998
969.5     0.998
969.75     0.998
970.0     0.998
970.25     0.998
970.5     0.998
970.75     0.998
971.0     0.998
971.25     0.998
971.5     0.998
971.75     0.998
972.0     0.998
972.25     0.998
972.5     0.998
972.75     0.998
973.0     0.998
973.25     0.998
973.5     0.998
973.75     0.998
974.0     0.998
974.25     0.998
974.5     0.998
974.75     0.998
975.0     0.998
975.25     0.998
975.5     0.998
975.75     0.998
976.0     0.998
976.25     0.998
976.5     0.998
976.75     0.998
977.0     0.998
977.25     0.998
977.5     0.998
977.75     0.998
978.0     0.998
978.25     0.998
978.5     0.998
978.75     0.998
979.0     0.998
979.25     0.998
979.5     0.998
979.75     0.998
980.0     0.998
980.25     0.998
980.5     0.998
980.75     0.998
981.0     0.998
981.25     0.998
981.5     0.998
981.75     0.998
982.0     0.998
982.25     0.998
982.5     0.998
982.75     0.998
983.0     0.998
983.25     0.998
983.5     0.998
983.75     0.998
984.0     0.998
984.25     0.998
984.5     0.998
984.75     0.998
985.0     0.998
985.25     0.998
985.5     0.998
985.75     0.998
986.0     0.998
986.25     0.998
986.5     0.998
986.75     0.998
987.0     0.998
987.25     0.998
987.5     0.998
987.75     0.998
988.0     0.998
988.25     0.998
988.5     0.998
988.75     0.998
989.0     0.998
989.25     0.998
989.5     0.998
989.75     0.998
990.0     0.998
990.25     0.998
990.5     0.998
990.75     0.998
991.0     0.998
991.25     0.998
991.5     0.998
991.75     0.998
992.0     0.998
992.25     0.998
992.5     0.998
992.75     0.998
993.0     0.998
993.25     0.998
993.5     0.998
993.75     0.998
994.0     0.998
994.25     0.998
994.5     0.998
994.75     0.998
995.0     0.998
995.25     0.998
995.5     0.998
995.75     0.998
996.0     0.998
996.25     0.998
996.5     0.998
996.75     0.998
997.0     0.998
997.25     0.998
997.5     0.998
997.75     0.998
998.0     0.998
998.25     0.998
998.5     0.998
998.75     0.998
999.0     0.998
999.25     0.998
999.5     0.998
999.75     0.998
1000.0     0.998
