0.25     1.0
0.5     1.0
0.75     1.0
1.0     1.0
1.25     1.0
1.5     1.0
1.75     1.0
2.0     1.0
2.25     1.0
2.5     1.0
2.75     1.0
3.0     1.0
3.25     1.0
3.5     1.0
3.75     1.0
4.0     1.0
4.25     1.0
4.5     1.0
4.75     1.0
5.0     1.0
5.25     1.0
5.5     1.0
5.75     1.0
6.0     1.0
6.25     1.0
6.5     1.0
6.75     1.0
7.0     1.0
7.25     1.0
7.5     1.0
7.75     1.0
8.0     1.0
8.25     1.0
8.5     1.0
8.75     1.0
9.0     1.0
9.25     1.0
9.5     1.0
9.75     1.0
10.0     1.0
10.25     1.0
10.5     1.0
10.75     1.0
11.0     1.0
11.25     1.0
11.5     1.0
11.75     1.0
12.0     1.0
12.25     1.0
12.5     1.0
12.75     1.0
13.0     1.0
13.25     1.0
13.5     1.0
13.75     1.0
14.0     1.0
14.25     1.0
14.5     1.0
14.75     1.0
15.0     1.0
15.25     1.0
15.5     1.0
15.75     1.0
16.0     1.0
16.25     1.0
16.5     1.0
16.75     1.0
17.0     1.0
17.25     1.0
17.5     1.0
17.75     1.0
18.0     1.0
18.25     1.0
18.5     1.0
18.75     1.0
19.0     1.0
19.25     1.0
19.5     0.998
19.75     1.0
20.0     1.0
20.25     1.0
20.5     1.0
20.75     0.998
21.0     0.998
21.25     0.998
21.5     0.996
21.75     0.994
22.0     0.994
22.25     0.992
22.5     0.992
22.75     0.986
23.0     0.984
23.25     0.984
23.5     0.978
23.75     0.976
24.0     0.974
24.25     0.97
24.5     0.966
24.75     0.956
25.0     0.946
25.25     0.938
25.5     0.93
25.75     0.916
26.0     0.908
26.25     0.902
26.5     0.892
26.75     0.884
27.0     0.884
27.25     0.88
27.5     0.872
27.75     0.872
28.0     0.872
28.25     0.86
28.5     0.856
28.75     0.852
29.0     0.846
29.25     0.838
29.5     0.834
29.75     0.832
30.0     0.828
30.25     0.826
30.5     0.816
30.75     0.814
31.0     0.806
31.25     0.806
31.5     0.798
31.75     0.796
32.0     0.798
32.25     0.788
32.5     0.788
32.75     0.788
33.0     0.788
33.25     0.782
33.5     0.78
33.75     0.776
34.0     0.776
34.25     0.774
34.5     0.77
34.75     0.768
35.0     0.764
35.25     0.768
35.5     0.764
35.75     0.756
36.0     0.754
36.25     0.744
36.5     0.74
36.75     0.736
37.0     0.73
37.25     0.722
37.5     0.718
37.75     0.712
38.0     0.712
38.25     0.712
38.5     0.712
38.75     0.71
39.0     0.708
39.25     0.702
39.5     0.702
39.75     0.698
40.0     0.698
40.25     0.69
40.5     0.692
40.75     0.692
41.0     0.692
41.25     0.688
41.5     0.684
41.75     0.686
42.0     0.68
42.25     0.676
42.5     0.676
42.75     0.676
43.0     0.676
43.25     0.67
43.5     0.666
43.75     0.666
44.0     0.666
44.25     0.664
44.5     0.662
44.75     0.66
45.0     0.662
45.25     0.658
45.5     0.656
45.75     0.65
46.0     0.642
46.25     0.642
46.5     0.64
46.75     0.634
47.0     0.628
47.25     0.626
47.5     0.626
47.75     0.626
48.0     0.626
48.25     0.622
48.5     0.62
48.75     0.618
49.0     0.614
49.25     0.608
49.5     0.608
49.75     0.606
50.0     0.604
50.25     0.604
50.5     0.602
50.75     0.598
51.0     0.598
51.25     0.592
51.5     0.592
51.75     0.59
52.0     0.58
52.25     0.574
52.5     0.574
52.75     0.572
53.0     0.568
53.25     0.566
53.5     0.558
53.75     0.556
54.0     0.552
54.25     0.55
54.5     0.55
54.75     0.546
55.0     0.546
55.25     0.54
55.5     0.538
55.75     0.538
56.0     0.536
56.25     0.534
56.5     0.532
56.75     0.526
57.0     0.526
57.25     0.52
57.5     0.52
57.75     0.52
58.0     0.516
58.25     0.514
58.5     0.51
58.75     0.506
59.0     0.504
59.25     0.496
59.5     0.496
59.75     0.496
60.0     0.494
60.25     0.494
60.5     0.494
60.75     0.49
61.0     0.488
61.25     0.482
61.5     0.48
61.75     0.478
62.0     0.478
62.25     0.476
62.5     0.476
62.75     0.474
63.0     0.474
63.25     0.474
63.5     0.47
63.75     0.47
64.0     0.47
64.25     0.47
64.5     0.47
64.75     0.47
65.0     0.468
65.25     0.468
65.5     0.464
65.75     0.46
66.0     0.46
66.25     0.46
66.5     0.46
66.75     0.456
67.0     0.456
67.25     0.454
67.5     0.454
67.75     0.454
68.0     0.452
68.25     0.452
68.5     0.45
68.75     0.45
69.0     0.448
69.25     0.446
69.5     0.444
69.75     0.444
70.0     0.444
70.25     0.442
70.5     0.442
70.75     0.444
71.0     0.444
71.25     0.442
71.5     0.442
71.75     0.442
72.0     0.442
72.25     0.442
72.5     0.442
72.75     0.442
73.0     0.442
73.25     0.44
73.5     0.438
73.75     0.438
74.0     0.438
74.25     0.438
74.5     0.438
74.75     0.438
75.0     0.432
75.25     0.432
75.5     0.432
75.75     0.432
76.0     0.432
76.25     0.428
76.5     0.428
76.75     0.426
77.0     0.424
77.25     0.424
77.5     0.422
77.75     0.422
78.0     0.422
78.25     0.42
78.5     0.42
78.75     0.42
79.0     0.418
79.25     0.416
79.5     0.412
79.75     0.412
80.0     0.412
80.25     0.412
80.5     0.412
80.75     0.412
81.0     0.412
81.25     0.412
81.5     0.412
81.75     0.412
82.0     0.412
82.25     0.41
82.5     0.41
82.75     0.41
83.0     0.41
83.25     0.41
83.5     0.408
83.75     0.408
84.0     0.408
84.25     0.408
84.5     0.406
84.75     0.404
85.0     0.404
85.25     0.404
85.5     0.404
85.75     0.404
86.0     0.404
86.25     0.404
86.5     0.404
86.75     0.404
87.0     0.404
87.25     0.402
87.5     0.4
87.75     0.398
88.0     0.396
88.25     0.396
88.5     0.396
88.75     0.396
89.0     0.394
89.25     0.394
89.5     0.396
89.75     0.394
90.0     0.394
90.25     0.396
90.5     0.394
90.75     0.394
91.0     0.394
91.25     0.394
91.5     0.392
91.75     0.392
92.0     0.39
92.25     0.39
92.5     0.39
92.75     0.39
93.0     0.39
93.25     0.39
93.5     0.39
93.75     0.388
94.0     0.388
94.25     0.388
94.5     0.382
94.75     0.382
95.0     0.382
95.25     0.38
95.5     0.38
95.75     0.38
96.0     0.38
96.25     0.38
96.5     0.38
96.75     0.38
97.0     0.38
97.25     0.382
97.5     0.382
97.75     0.382
98.0     0.382
98.25     0.382
98.5     0.38
98.75     0.378
99.0     0.378
99.25     0.378
99.5     0.376
99.75     0.376
100.0     0.376
100.25     0.376
100.5     0.376
100.75     0.376
101.0     0.374
101.25     0.374
101.5     0.374
101.75     0.374
102.0     0.374
102.25     0.374
102.5     0.372
102.75     0.372
103.0     0.368
103.25     0.366
103.5     0.366
103.75     0.366
104.0     0.366
104.25     0.366
104.5     0.366
104.75     0.366
105.0     0.366
105.25     0.366
105.5     0.366
105.75     0.366
106.0     0.364
106.25     0.364
106.5     0.364
106.75     0.364
107.0     0.364
107.25     0.364
107.5     0.364
107.75     0.364
108.0     0.364
108.25     0.364
108.5     0.364
108.75     0.364
109.0     0.364
109.25     0.364
109.5     0.364
109.75     0.362
110.0     0.362
110.25     0.362
110.5     0.362
110.75     0.362
111.0     0.362
111.25     0.362
111.5     0.362
111.75     0.362
112.0     0.362
112.25     0.362
112.5     0.362
112.75     0.358
113.0     0.358
113.25     0.356
113.5     0.356
113.75     0.356
114.0     0.356
114.25     0.356
114.5     0.354
114.75     0.354
115.0     0.356
115.25     0.356
115.5     0.356
115.75     0.356
116.0     0.356
116.25     0.356
116.5     0.356
116.75     0.354
117.0     0.352
117.25     0.352
117.5     0.352
117.75     0.352
118.0     0.352
118.25     0.35
118.5     0.348
118.75     0.348
119.0     0.346
119.25     0.342
119.5     0.342
119.75     0.342
120.0     0.342
120.25     0.34
120.5     0.342
120.75     0.342
121.0     0.342
121.25     0.342
121.5     0.34
121.75     0.338
122.0     0.338
122.25     0.336
122.5     0.334
122.75     0.33
123.0     0.33
123.25     0.328
123.5     0.328
123.75     0.328
124.0     0.328
124.25     0.326
124.5     0.322
124.75     0.322
125.0     0.32
125.25     0.32
125.5     0.32
125.75     0.318
126.0     0.316
126.25     0.31
126.5     0.312
126.75     0.31
127.0     0.312
127.25     0.312
127.5     0.31
127.75     0.31
128.0     0.312
128.25     0.312
128.5     0.308
128.75     0.308
129.0     0.306
129.25     0.306
129.5     0.306
129.75     0.306
130.0     0.306
130.25     0.306
130.5     0.308
130.75     0.308
131.0     0.308
131.25     0.3
131.5     0.296
131.75     0.296
132.0     0.292
132.25     0.29
132.5     0.29
132.75     0.29
133.0     0.288
133.25     0.286
133.5     0.284
133.75     0.282
134.0     0.282
134.25     0.278
134.5     0.276
134.75     0.276
135.0     0.274
135.25     0.274
135.5     0.274
135.75     0.272
136.0     0.272
136.25     0.268
136.5     0.268
136.75     0.268
137.0     0.266
137.25     0.262
137.5     0.262
137.75     0.26
138.0     0.256
138.25     0.256
138.5     0.256
138.75     0.252
139.0     0.252
139.25     0.25
139.5     0.25
139.75     0.25
140.0     0.25
140.25     0.25
140.5     0.25
140.75     0.25
141.0     0.25
141.25     0.246
141.5     0.242
141.75     0.242
142.0     0.242
142.25     0.24
142.5     0.236
142.75     0.234
143.0     0.232
143.25     0.232
143.5     0.232
143.75     0.232
144.0     0.228
144.25     0.228
144.5     0.224
144.75     0.22
145.0     0.22
145.25     0.22
145.5     0.216
145.75     0.216
146.0     0.216
146.25     0.216
146.5     0.216
146.75     0.216
147.0     0.216
147.25     0.214
147.5     0.212
147.75     0.212
148.0     0.212
148.25     0.21
148.5     0.212
148.75     0.212
149.0     0.208
149.25     0.204
149.5     0.202
149.75     0.202
150.0     0.202
150.25     0.202
150.5     0.2
150.75     0.2
151.0     0.2
151.25     0.196
151.5     0.194
151.75     0.192
152.0     0.194
152.25     0.194
152.5     0.194
152.75     0.194
153.0     0.194
153.25     0.194
153.5     0.194
153.75     0.194
154.0     0.19
154.25     0.19
154.5     0.19
154.75     0.188
155.0     0.188
155.25     0.188
155.5     0.188
155.75     0.184
156.0     0.184
156.25     0.184
156.5     0.184
156.75     0.182
157.0     0.182
157.25     0.182
157.5     0.18
157.75     0.18
158.0     0.18
158.25     0.178
158.5     0.176
158.75     0.174
159.0     0.174
159.25     0.172
159.5     0.172
159.75     0.172
160.0     0.17
160.25     0.17
160.5     0.17
160.75     0.17
161.0     0.17
161.25     0.17
161.5     0.17
161.75     0.17
162.0     0.168
162.25     0.168
162.5     0.168
162.75     0.166
163.0     0.166
163.25     0.166
163.5     0.164
163.75     0.162
164.0     0.162
164.25     0.162
164.5     0.16
164.75     0.158
165.0     0.158
165.25     0.156
165.5     0.156
165.75     0.156
166.0     0.156
166.25     0.156
166.5     0.156
166.75     0.156
167.0     0.156
167.25     0.156
167.5     0.156
167.75     0.154
168.0     0.152
168.25     0.152
168.5     0.154
168.75     0.152
169.0     0.152
169.25     0.152
169.5     0.15
169.75     0.15
170.0     0.15
170.25     0.148
170.5     0.148
170.75     0.148
171.0     0.148
171.25     0.148
171.5     0.148
171.75     0.148
172.0     0.148
172.25     0.148
172.5     0.146
172.75     0.144
173.0     0.144
173.25     0.144
173.5     0.144
173.75     0.144
174.0     0.144
174.25     0.144
174.5     0.144
174.75     0.144
175.0     0.144
175.25     0.142
175.5     0.144
175.75     0.144
176.0     0.144
176.25     0.142
176.5     0.142
176.75     0.142
177.0     0.142
177.25     0.142
177.5     0.142
177.75     0.142
178.0     0.14
178.25     0.14
178.5     0.136
178.75     0.136
179.0     0.138
179.25     0.138
179.5     0.138
179.75     0.136
180.0     0.134
180.25     0.134
180.5     0.134
180.75     0.134
181.0     0.134
181.25     0.134
181.5     0.134
181.75     0.134
182.0     0.134
182.25     0.134
182.5     0.134
182.75     0.132
183.0     0.132
183.25     0.132
183.5     0.132
183.75     0.132
184.0     0.132
184.25     0.132
184.5     0.13
184.75     0.13
185.0     0.13
185.25     0.13
185.5     0.13
185.75     0.128
186.0     0.128
186.25     0.128
186.5     0.128
186.75     0.128
187.0     0.126
187.25     0.126
187.5     0.124
187.75     0.122
188.0     0.124
188.25     0.12
188.5     0.12
188.75     0.12
189.0     0.12
189.25     0.12
189.5     0.12
189.75     0.12
190.0     0.12
190.25     0.12
190.5     0.12
190.75     0.118
191.0     0.118
191.25     0.118
191.5     0.118
191.75     0.118
192.0     0.116
192.25     0.114
192.5     0.114
192.75     0.114
193.0     0.114
193.25     0.114
193.5     0.114
193.75     0.114
194.0     0.112
194.25     0.112
194.5     0.112
194.75     0.112
195.0     0.112
195.25     0.112
195.5     0.112
195.75     0.112
196.0     0.112
196.25     0.112
196.5     0.11
196.75     0.11
197.0     0.11
197.25     0.11
197.5     0.11
197.75     0.108
198.0     0.108
198.25     0.108
198.5     0.108
198.75     0.108
199.0     0.106
199.25     0.108
199.5     0.108
199.75     0.108
200.0     0.108
200.25     0.106
200.5     0.104
200.75     0.104
201.0     0.104
201.25     0.104
201.5     0.104
201.75     0.104
202.0     0.104
202.25     0.104
202.5     0.104
202.75     0.1
203.0     0.1
203.25     0.1
203.5     0.098
203.75     0.098
204.0     0.098
204.25     0.098
204.5     0.098
204.75     0.098
205.0     0.098
205.25     0.098
205.5     0.096
205.75     0.096
206.0     0.096
206.25     0.096
206.5     0.094
206.75     0.094
207.0     0.094
207.25     0.094
207.5     0.092
207.75     0.092
208.0     0.09
208.25     0.09
208.5     0.09
208.75     0.086
209.0     0.084
209.25     0.084
209.5     0.084
209.75     0.084
210.0     0.084
210.25     0.084
210.5     0.084
210.75     0.084
211.0     0.084
211.25     0.084
211.5     0.084
211.75     0.078
212.0     0.078
212.25     0.078
212.5     0.078
212.75     0.08
213.0     0.08
213.25     0.08
213.5     0.08
213.75     0.08
214.0     0.08
214.25     0.082
214.5     0.082
214.75     0.082
215.0     0.082
215.25     0.082
215.5     0.082
215.75     0.082
216.0     0.082
216.25     0.082
216.5     0.082
216.75     0.082
217.0     0.082
217.25     0.08
217.5     0.08
217.75     0.078
218.0     0.078
218.25     0.078
218.5     0.078
218.75     0.078
219.0     0.076
219.25     0.076
219.5     0.076
219.75     0.076
220.0     0.076
220.25     0.076
220.5     0.076
220.75     0.076
221.0     0.076
221.25     0.076
221.5     0.076
221.75     0.076
222.0     0.076
222.25     0.076
222.5     0.076
222.75     0.076
223.0     0.076
223.25     0.076
223.5     0.076
223.75     0.074
224.0     0.074
224.25     0.074
224.5     0.074
224.75     0.074
225.0     0.074
225.25     0.074
225.5     0.074
225.75     0.074
226.0     0.074
226.25     0.074
226.5     0.074
226.75     0.074
227.0     0.074
227.25     0.07
227.5     0.07
227.75     0.068
228.0     0.068
228.25     0.068
228.5     0.066
228.75     0.066
229.0     0.066
229.25     0.068
229.5     0.068
229.75     0.066
230.0     0.064
230.25     0.064
230.5     0.064
230.75     0.064
231.0     0.062
231.25     0.062
231.5     0.062
231.75     0.062
232.0     0.062
232.25     0.062
232.5     0.062
232.75     0.062
233.0     0.062
233.25     0.062
233.5     0.062
233.75     0.062
234.0     0.062
234.25     0.062
234.5     0.062
234.75     0.062
235.0     0.062
235.25     0.062
235.5     0.062
235.75     0.06
236.0     0.06
236.25     0.06
236.5     0.06
236.75     0.06
237.0     0.06
237.25     0.06
237.5     0.058
237.75     0.058
238.0     0.058
238.25     0.058
238.5     0.058
238.75     0.058
239.0     0.058
239.25     0.058
239.5     0.058
239.75     0.058
240.0     0.058
240.25     0.058
240.5     0.058
240.75     0.058
241.0     0.058
241.25     0.058
241.5     0.058
241.75     0.058
242.0     0.058
242.25     0.058
242.5     0.058
242.75     0.058
243.0     0.058
243.25     0.058
243.5     0.058
243.75     0.058
244.0     0.058
244.25     0.058
244.5     0.058
244.75     0.058
245.0     0.058
245.25     0.058
245.5     0.058
245.75     0.058
246.0     0.058
246.25     0.058
246.5     0.058
246.75     0.058
247.0     0.058
247.25     0.058
247.5     0.058
247.75     0.056
248.0     0.056
248.25     0.054
248.5     0.054
248.75     0.054
249.0     0.056
249.25     0.056
249.5     0.056
249.75     0.056
250.0     0.056
250.25     0.056
250.5     0.054
250.75     0.054
251.0     0.054
251.25     0.054
251.5     0.052
251.75     0.052
252.0     0.052
252.25     0.052
252.5     0.052
252.75     0.05
253.0     0.05
253.25     0.05
253.5     0.05
253.75     0.05
254.0     0.05
254.25     0.05
254.5     0.05
254.75     0.05
255.0     0.05
255.25     0.05
255.5     0.05
255.75     0.05
256.0     0.05
256.25     0.05
256.5     0.05
256.75     0.048
257.0     0.048
257.25     0.048
257.5     0.048
257.75     0.048
258.0     0.048
258.25     0.048
258.5     0.048
258.75     0.048
259.0     0.048
259.25     0.048
259.5     0.048
259.75     0.048
260.0     0.048
260.25     0.046
260.5     0.044
260.75     0.044
261.0     0.044
261.25     0.044
261.5     0.044
261.75     0.044
262.0     0.044
262.25     0.046
262.5     0.046
262.75     0.046
263.0     0.046
263.25     0.046
263.5     0.046
263.75     0.046
264.0     0.046
264.25     0.046
264.5     0.046
264.75     0.046
265.0     0.046
265.25     0.046
265.5     0.046
265.75     0.046
266.0     0.048
266.25     0.048
266.5     0.048
266.75     0.048
267.0     0.048
267.25     0.048
267.5     0.048
267.75     0.048
268.0     0.048
268.25     0.048
268.5     0.048
268.75     0.048
269.0     0.048
269.25     0.048
269.5     0.048
269.75     0.048
270.0     0.048
270.25     0.048
270.5     0.048
270.75     0.048
271.0     0.046
271.25     0.044
271.5     0.044
271.75     0.044
272.0     0.044
272.25     0.044
272.5     0.044
272.75     0.044
273.0     0.044
273.25     0.044
273.5     0.044
273.75     0.044
274.0     0.044
274.25     0.044
274.5     0.044
274.75     0.042
275.0     0.042
275.25     0.042
275.5     0.042
275.75     0.04
276.0     0.042
276.25     0.042
276.5     0.042
276.75     0.042
277.0     0.042
277.25     0.042
277.5     0.042
277.75     0.042
278.0     0.042
278.25     0.042
278.5     0.042
278.75     0.042
279.0     0.042
279.25     0.042
279.5     0.042
279.75     0.042
280.0     0.042
280.25     0.042
280.5     0.042
280.75     0.04
281.0     0.042
281.25     0.046
281.5     0.046
281.75     0.046
282.0     0.046
282.25     0.046
282.5     0.046
282.75     0.046
283.0     0.046
283.25     0.046
283.5     0.046
283.75     0.044
284.0     0.044
284.25     0.044
284.5     0.042
284.75     0.042
285.0     0.042
285.25     0.042
285.5     0.044
285.75     0.042
286.0     0.042
286.25     0.042
286.5     0.044
286.75     0.044
287.0     0.044
287.25     0.044
287.5     0.044
287.75     0.044
288.0     0.044
288.25     0.044
288.5     0.044
288.75     0.044
289.0     0.044
289.25     0.044
289.5     0.044
289.75     0.044
290.0     0.044
290.25     0.044
290.5     0.044
290.75     0.044
291.0     0.044
291.25     0.044
291.5     0.044
291.75     0.044
292.0     0.044
292.25     0.044
292.5     0.044
292.75     0.044
293.0     0.044
293.25     0.044
293.5     0.044
293.75     0.044
294.0     0.044
294.25     0.044
294.5     0.044
294.75     0.044
295.0     0.042
295.25     0.042
295.5     0.042
295.75     0.042
296.0     0.042
296.25     0.04
296.5     0.04
296.75     0.04
297.0     0.038
297.25     0.038
297.5     0.038
297.75     0.038
298.0     0.038
298.25     0.036
298.5     0.036
298.75     0.036
299.0     0.036
299.25     0.036
299.5     0.036
299.75     0.036
300.0     0.036
300.25     0.036
300.5     0.036
300.75     0.036
301.0     0.036
301.25     0.034
301.5     0.034
301.75     0.034
302.0     0.034
302.25     0.034
302.5     0.034
302.75     0.034
303.0     0.034
303.25     0.034
303.5     0.034
303.75     0.034
304.0     0.034
304.25     0.034
304.5     0.034
304.75     0.034
305.0     0.034
305.25     0.034
305.5     0.034
305.75     0.032
306.0     0.032
306.25     0.032
306.5     0.032
306.75     0.032
307.0     0.032
307.25     0.032
307.5     0.032
307.75     0.032
308.0     0.032
308.25     0.032
308.5     0.032
308.75     0.032
309.0     0.032
309.25     0.032
309.5     0.032
309.75     0.032
310.0     0.032
310.25     0.032
310.5     0.03
310.75     0.03
311.0     0.03
311.25     0.03
311.5     0.032
311.75     0.032
312.0     0.032
312.25     0.032
312.5     0.032
312.75     0.03
313.0     0.032
313.25     0.032
313.5     0.032
313.75     0.032
314.0     0.032
314.25     0.032
314.5     0.032
314.75     0.032
315.0     0.032
315.25     0.032
315.5     0.03
315.75     0.03
316.0     0.032
316.25     0.032
316.5     0.032
316.75     0.03
317.0     0.03
317.25     0.03
317.5     0.03
317.75     0.03
318.0     0.03
318.25     0.03
318.5     0.03
318.75     0.03
319.0     0.03
319.25     0.028
319.5     0.028
319.75     0.028
320.0     0.028
320.25     0.028
320.5     0.028
320.75     0.028
321.0     0.028
321.25     0.028
321.5     0.028
321.75     0.028
322.0     0.028
322.25     0.028
322.5     0.028
322.75     0.026
323.0     0.026
323.25     0.026
323.5     0.026
323.75     0.026
324.0     0.026
324.25     0.026
324.5     0.026
324.75     0.026
325.0     0.026
325.25     0.026
325.5     0.026
325.75     0.024
326.0     0.024
326.25     0.024
326.5     0.024
326.75     0.024
327.0     0.024
327.25     0.024
327.5     0.024
327.75     0.024
328.0     0.024
328.25     0.024
328.5     0.024
328.75     0.024
329.0     0.024
329.25     0.024
329.5     0.024
329.75     0.024
330.0     0.024
330.25     0.024
330.5     0.024
330.75     0.024
331.0     0.024
331.25     0.024
331.5     0.024
331.75     0.024
332.0     0.024
332.25     0.024
332.5     0.024
332.75     0.024
333.0     0.024
333.25     0.024
333.5     0.024
333.75     0.024
334.0     0.024
334.25     0.024
334.5     0.024
334.75     0.024
335.0     0.024
335.25     0.024
335.5     0.024
335.75     0.024
336.0     0.024
336.25     0.024
336.5     0.024
336.75     0.024
337.0     0.024
337.25     0.024
337.5     0.024
337.75     0.024
338.0     0.024
338.25     0.024
338.5     0.024
338.75     0.024
339.0     0.024
339.25     0.024
339.5     0.024
339.75     0.024
340.0     0.024
340.25     0.024
340.5     0.024
340.75     0.024
341.0     0.024
341.25     0.024
341.5     0.024
341.75     0.024
342.0     0.024
342.25     0.024
342.5     0.024
342.75     0.024
343.0     0.024
343.25     0.024
343.5     0.024
343.75     0.024
344.0     0.024
344.25     0.024
344.5     0.024
344.75     0.022
345.0     0.022
345.25     0.022
345.5     0.022
345.75     0.022
346.0     0.022
346.25     0.022
346.5     0.022
346.75     0.022
347.0     0.022
347.25     0.022
347.5     0.022
347.75     0.022
348.0     0.022
348.25     0.022
348.5     0.022
348.75     0.022
349.0     0.022
349.25     0.022
349.5     0.022
349.75     0.02
350.0     0.02
350.25     0.02
350.5     0.02
350.75     0.02
351.0     0.02
351.25     0.02
351.5     0.02
351.75     0.02
352.0     0.02
352.25     0.02
352.5     0.02
352.75     0.02
353.0     0.02
353.25     0.02
353.5     0.02
353.75     0.02
354.0     0.02
354.25     0.02
354.5     0.02
354.75     0.02
355.0     0.02
355.25     0.02
355.5     0.02
355.75     0.02
356.0     0.02
356.25     0.02
356.5     0.02
356.75     0.02
357.0     0.02
357.25     0.02
357.5     0.02
357.75     0.02
358.0     0.02
358.25     0.02
358.5     0.02
358.75     0.02
359.0     0.02
359.25     0.02
359.5     0.02
359.75     0.02
360.0     0.018
360.25     0.018
360.5     0.018
360.75     0.018
361.0     0.018
361.25     0.018
361.5     0.018
361.75     0.018
362.0     0.018
362.25     0.018
362.5     0.018
362.75     0.018
363.0     0.018
363.25     0.018
363.5     0.018
363.75     0.018
364.0     0.018
364.25     0.018
364.5     0.018
364.75     0.018
365.0     0.018
365.25     0.018
365.5     0.018
365.75     0.018
366.0     0.018
366.25     0.018
366.5     0.018
366.75     0.018
367.0     0.018
367.25     0.018
367.5     0.018
367.75     0.018
368.0     0.018
368.25     0.018
368.5     0.018
368.75     0.018
369.0     0.018
369.25     0.018
369.5     0.018
369.75     0.018
370.0     0.018
370.25     0.018
370.5     0.018
370.75     0.018
371.0     0.018
371.25     0.018
371.5     0.018
371.75     0.018
372.0     0.018
372.25     0.018
372.5     0.018
372.75     0.018
373.0     0.018
373.25     0.018
373.5     0.018
373.75     0.018
374.0     0.018
374.25     0.018
374.5     0.018
374.75     0.018
375.0     0.018
375.25     0.018
375.5     0.018
375.75     0.018
376.0     0.018
376.25     0.018
376.5     0.016
376.75     0.016
377.0     0.016
377.25     0.016
377.5     0.016
377.75     0.016
378.0     0.016
378.25     0.016
378.5     0.016
378.75     0.014
379.0     0.014
379.25     0.014
379.5     0.014
379.75     0.014
380.0     0.014
380.25     0.014
380.5     0.014
380.75     0.014
381.0     0.014
381.25     0.014
381.5     0.014
381.75     0.014
382.0     0.014
382.25     0.014
382.5     0.014
382.75     0.014
383.0     0.014
383.25     0.014
383.5     0.014
383.75     0.014
384.0     0.014
384.25     0.014
384.5     0.014
384.75     0.014
385.0     0.014
385.25     0.014
385.5     0.014
385.75     0.014
386.0     0.014
386.25     0.014
386.5     0.014
386.75     0.014
387.0     0.014
387.25     0.014
387.5     0.014
387.75     0.014
388.0     0.014
388.25     0.014
388.5     0.014
388.75     0.014
389.0     0.014
389.25     0.014
389.5     0.014
389.75     0.014
390.0     0.014
390.25     0.014
390.5     0.014
390.75     0.014
391.0     0.014
391.25     0.014
391.5     0.014
391.75     0.014
392.0     0.014
392.25     0.014
392.5     0.014
392.75     0.014
393.0     0.014
393.25     0.014
393.5     0.014
393.75     0.014
394.0     0.014
394.25     0.014
394.5     0.014
394.75     0.014
395.0     0.014
395.25     0.014
395.5     0.014
395.75     0.014
396.0     0.014
396.25     0.014
396.5     0.014
396.75     0.014
397.0     0.014
397.25     0.014
397.5     0.014
397.75     0.014
398.0     0.014
398.25     0.014
398.5     0.014
398.75     0.014
399.0     0.014
399.25     0.014
399.5     0.014
399.75     0.014
400.0     0.014
400.25     0.014
400.5     0.014
400.75     0.014
401.0     0.014
401.25     0.014
401.5     0.014
401.75     0.014
402.0     0.014
402.25     0.014
402.5     0.014
402.75     0.014
403.0     0.014
403.25     0.014
403.5     0.014
403.75     0.014
404.0     0.014
404.25     0.014
404.5     0.014
404.75     0.014
405.0     0.014
405.25     0.014
405.5     0.014
405.75     0.014
406.0     0.014
406.25     0.014
406.5     0.014
406.75     0.014
407.0     0.014
407.25     0.014
407.5     0.014
407.75     0.014
408.0     0.014
408.25     0.014
408.5     0.014
408.75     0.014
409.0     0.014
409.25     0.014
409.5     0.014
409.75     0.014
410.0     0.014
410.25     0.014
410.5     0.014
410.75     0.014
411.0     0.014
411.25     0.014
411.5     0.014
411.75     0.014
412.0     0.014
412.25     0.014
412.5     0.014
412.75     0.014
413.0     0.014
413.25     0.014
413.5     0.014
413.75     0.014
414.0     0.014
414.25     0.014
414.5     0.014
414.75     0.014
415.0     0.014
415.25     0.014
415.5     0.014
415.75     0.014
416.0     0.014
416.25     0.014
416.5     0.014
416.75     0.014
417.0     0.014
417.25     0.014
417.5     0.014
417.75     0.014
418.0     0.014
418.25     0.014
418.5     0.014
418.75     0.014
419.0     0.014
419.25     0.014
419.5     0.014
419.75     0.014
420.0     0.014
420.25     0.014
420.5     0.014
420.75     0.014
421.0     0.014
421.25     0.014
421.5     0.014
421.75     0.014
422.0     0.014
422.25     0.014
422.5     0.014
422.75     0.014
423.0     0.014
423.25     0.014
423.5     0.014
423.75     0.014
424.0     0.014
424.25     0.014
424.5     0.014
424.75     0.014
425.0     0.014
425.25     0.014
425.5     0.014
425.75     0.014
426.0     0.014
426.25     0.014
426.5     0.014
426.75     0.014
427.0     0.014
427.25     0.014
427.5     0.014
427.75     0.014
428.0     0.014
428.25     0.014
428.5     0.014
428.75     0.014
429.0     0.014
429.25     0.014
429.5     0.014
429.75     0.014
430.0     0.014
430.25     0.014
430.5     0.014
430.75     0.014
431.0     0.014
431.25     0.014
431.5     0.014
431.75     0.014
432.0     0.014
432.25     0.014
432.5     0.014
432.75     0.014
433.0     0.014
433.25     0.014
433.5     0.014
433.75     0.014
434.0     0.014
434.25     0.014
434.5     0.014
434.75     0.014
435.0     0.014
435.25     0.014
435.5     0.014
435.75     0.014
436.0     0.014
436.25     0.014
436.5     0.014
436.75     0.014
437.0     0.014
437.25     0.014
437.5     0.014
437.75     0.014
438.0     0.014
438.25     0.014
438.5     0.014
438.75     0.014
439.0     0.014
439.25     0.014
439.5     0.014
439.75     0.014
440.0     0.014
440.25     0.014
440.5     0.014
440.75     0.014
441.0     0.014
441.25     0.014
441.5     0.014
441.75     0.014
442.0     0.014
442.25     0.014
442.5     0.014
442.75     0.014
443.0     0.014
443.25     0.014
443.5     0.014
443.75     0.014
444.0     0.014
444.25     0.014
444.5     0.014
444.75     0.014
445.0     0.014
445.25     0.014
445.5     0.014
445.75     0.014
446.0     0.014
446.25     0.014
446.5     0.014
446.75     0.014
447.0     0.014
447.25     0.014
447.5     0.014
447.75     0.014
448.0     0.014
448.25     0.014
448.5     0.014
448.75     0.014
449.0     0.014
449.25     0.014
449.5     0.014
449.75     0.014
450.0     0.014
450.25     0.014
450.5     0.014
450.75     0.014
451.0     0.014
451.25     0.014
451.5     0.014
451.75     0.014
452.0     0.014
452.25     0.014
452.5     0.014
452.75     0.014
453.0     0.014
453.25     0.014
453.5     0.014
453.75     0.014
454.0     0.014
454.25     0.014
454.5     0.014
454.75     0.014
455.0     0.014
455.25     0.014
455.5     0.014
455.75     0.014
456.0     0.014
456.25     0.014
456.5     0.014
456.75     0.014
457.0     0.014
457.25     0.014
457.5     0.014
457.75     0.014
458.0     0.014
458.25     0.014
458.5     0.014
458.75     0.014
459.0     0.014
459.25     0.014
459.5     0.014
459.75     0.012
460.0     0.012
460.25     0.012
460.5     0.012
460.75     0.012
461.0     0.012
461.25     0.012
461.5     0.012
461.75     0.012
462.0     0.012
462.25     0.012
462.5     0.012
462.75     0.012
463.0     0.012
463.25     0.012
463.5     0.012
463.75     0.012
464.0     0.012
464.25     0.012
464.5     0.012
464.75     0.012
465.0     0.012
465.25     0.012
465.5     0.012
465.75     0.012
466.0     0.012
466.25     0.012
466.5     0.012
466.75     0.012
467.0     0.012
467.25     0.012
467.5     0.012
467.75     0.012
468.0     0.012
468.25     0.012
468.5     0.012
468.75     0.012
469.0     0.012
469.25     0.012
469.5     0.012
469.75     0.012
470.0     0.012
470.25     0.012
470.5     0.012
470.75     0.012
471.0     0.012
471.25     0.012
471.5     0.012
471.75     0.012
472.0     0.012
472.25     0.012
472.5     0.012
472.75     0.012
473.0     0.012
473.25     0.012
473.5     0.012
473.75     0.012
474.0     0.012
474.25     0.012
474.5     0.012
474.75     0.012
475.0     0.012
475.25     0.012
475.5     0.012
475.75     0.012
476.0     0.012
476.25     0.012
476.5     0.012
476.75     0.012
477.0     0.012
477.25     0.012
477.5     0.012
477.75     0.012
478.0     0.012
478.25     0.012
478.5     0.012
478.75     0.012
479.0     0.012
479.25     0.012
479.5     0.012
479.75     0.012
480.0     0.012
480.25     0.012
480.5     0.012
480.75     0.012
481.0     0.012
481.25     0.012
481.5     0.012
481.75     0.012
482.0     0.012
482.25     0.012
482.5     0.012
482.75     0.012
483.0     0.012
483.25     0.012
483.5     0.012
483.75     0.012
484.0     0.012
484.25     0.012
484.5     0.012
484.75     0.012
485.0     0.012
485.25     0.012
485.5     0.012
485.75     0.012
486.0     0.012
486.25     0.012
486.5     0.012
486.75     0.012
487.0     0.012
487.25     0.012
487.5     0.012
487.75     0.012
488.0     0.012
488.25     0.012
488.5     0.012
488.75     0.012
489.0     0.012
489.25     0.012
489.5     0.012
489.75     0.012
490.0     0.012
490.25     0.012
490.5     0.012
490.75     0.012
491.0     0.012
491.25     0.012
491.5     0.012
491.75     0.012
492.0     0.012
492.25     0.012
492.5     0.012
492.75     0.012
493.0     0.012
493.25     0.012
493.5     0.012
493.75     0.012
494.0     0.012
494.25     0.012
494.5     0.012
494.75     0.012
495.0     0.012
495.25     0.012
495.5     0.012
495.75     0.012
496.0     0.012
496.25     0.012
496.5     0.012
496.75     0.012
497.0     0.012
497.25     0.012
497.5     0.012
497.75     0.012
498.0     0.012
498.25     0.012
498.5     0.01
498.75     0.01
499.0     0.01
499.25     0.01
499.5     0.012
499.75     0.012
500.0     0.012
500.25     0.012
500.5     0.012
500.75     0.012
501.0     0.012
501.25     0.012
501.5     0.012
501.75     0.012
502.0     0.012
502.25     0.012
502.5     0.012
502.75     0.012
503.0     0.012
503.25     0.012
503.5     0.012
503.75     0.012
504.0     0.012
504.25     0.012
504.5     0.012
504.75     0.012
505.0     0.012
505.25     0.012
505.5     0.012
505.75     0.012
506.0     0.012
506.25     0.012
506.5     0.012
506.75     0.012
507.0     0.012
507.25     0.012
507.5     0.012
507.75     0.012
508.0     0.012
508.25     0.012
508.5     0.012
508.75     0.012
509.0     0.012
509.25     0.012
509.5     0.012
509.75     0.012
510.0     0.012
510.25     0.012
510.5     0.012
510.75     0.012
511.0     0.012
511.25     0.012
511.5     0.012
511.75     0.012
512.0     0.012
512.25     0.012
512.5     0.012
512.75     0.012
513.0     0.012
513.25     0.014
513.5     0.014
513.75     0.014
514.0     0.014
514.25     0.014
514.5     0.014
514.75     0.014
515.0     0.014
515.25     0.014
515.5     0.014
515.75     0.014
516.0     0.014
516.25     0.014
516.5     0.014
516.75     0.014
517.0     0.014
517.25     0.014
517.5     0.014
517.75     0.014
518.0     0.014
518.25     0.014
518.5     0.014
518.75     0.014
519.0     0.014
519.25     0.014
519.5     0.014
519.75     0.014
520.0     0.014
520.25     0.014
520.5     0.014
520.75     0.014
521.0     0.014
521.25     0.014
521.5     0.014
521.75     0.014
522.0     0.014
522.25     0.014
522.5     0.014
522.75     0.014
523.0     0.014
523.25     0.014
523.5     0.014
523.75     0.014
524.0     0.014
524.25     0.014
524.5     0.014
524.75     0.014
525.0     0.014
525.25     0.014
525.5     0.014
525.75     0.014
526.0     0.014
526.25     0.014
526.5     0.014
526.75     0.014
527.0     0.014
527.25     0.014
527.5     0.014
527.75     0.014
528.0     0.014
528.25     0.014
528.5     0.014
528.75     0.014
529.0     0.014
529.25     0.014
529.5     0.014
529.75     0.014
530.0     0.014
530.25     0.014
530.5     0.014
530.75     0.014
531.0     0.014
531.25     0.014
531.5     0.014
531.75     0.014
532.0     0.014
532.25     0.014
532.5     0.014
532.75     0.014
533.0     0.014
533.25     0.014
533.5     0.014
533.75     0.014
534.0     0.014
534.25     0.014
534.5     0.014
534.75     0.014
535.0     0.014
535.25     0.014
535.5     0.014
535.75     0.014
536.0     0.014
536.25     0.014
536.5     0.014
536.75     0.014
537.0     0.014
537.25     0.014
537.5     0.014
537.75     0.014
538.0     0.014
538.25     0.014
538.5     0.014
538.75     0.014
539.0     0.014
539.25     0.014
539.5     0.014
539.75     0.014
540.0     0.014
540.25     0.014
540.5     0.014
540.75     0.014
541.0     0.014
541.25     0.014
541.5     0.014
541.75     0.012
542.0     0.012
542.25     0.012
542.5     0.012
542.75     0.012
543.0     0.012
543.25     0.012
543.5     0.012
543.75     0.012
544.0     0.012
544.25     0.012
544.5     0.012
544.75     0.012
545.0     0.012
545.25     0.012
545.5     0.012
545.75     0.012
546.0     0.012
546.25     0.012
546.5     0.012
546.75     0.012
547.0     0.012
547.25     0.012
547.5     0.012
547.75     0.012
548.0     0.012
548.25     0.012
548.5     0.012
548.75     0.012
549.0     0.012
549.25     0.012
549.5     0.012
549.75     0.012
550.0     0.012
550.25     0.012
550.5     0.012
550.75     0.012
551.0     0.012
551.25     0.012
551.5     0.012
551.75     0.012
552.0     0.012
552.25     0.012
552.5     0.01
552.75     0.01
553.0     0.01
553.25     0.01
553.5     0.01
553.75     0.01
554.0     0.01
554.25     0.01
554.5     0.01
554.75     0.01
555.0     0.01
555.25     0.01
555.5     0.01
555.75     0.01
556.0     0.01
556.25     0.01
556.5     0.01
556.75     0.01
557.0     0.01
557.25     0.01
557.5     0.01
557.75     0.01
558.0     0.01
558.25     0.01
558.5     0.01
558.75     0.01
559.0     0.01
559.25     0.01
559.5     0.01
559.75     0.01
560.0     0.01
560.25     0.01
560.5     0.01
560.75     0.01
561.0     0.01
561.25     0.01
561.5     0.01
561.75     0.01
562.0     0.01
562.25     0.01
562.5     0.01
562.75     0.01
563.0     0.01
563.25     0.01
563.5     0.01
563.75     0.01
564.0     0.01
564.25     0.01
564.5     0.01
564.75     0.01
565.0     0.01
565.25     0.01
565.5     0.01
565.75     0.01
566.0     0.01
566.25     0.01
566.5     0.01
566.75     0.01
567.0     0.01
567.25     0.01
567.5     0.01
567.75     0.01
568.0     0.01
568.25     0.01
568.5     0.01
568.75     0.01
569.0     0.01
569.25     0.01
569.5     0.01
569.75     0.01
570.0     0.01
570.25     0.01
570.5     0.01
570.75     0.01
571.0     0.01
571.25     0.01
571.5     0.01
571.75     0.01
572.0     0.01
572.25     0.01
572.5     0.01
572.75     0.01
573.0     0.01
573.25     0.01
573.5     0.01
573.75     0.01
574.0     0.01
574.25     0.01
574.5     0.01
574.75     0.01
575.0     0.01
575.25     0.01
575.5     0.01
575.75     0.01
576.0     0.01
576.25     0.01
576.5     0.01
576.75     0.01
577.0     0.01
577.25     0.01
577.5     0.01
577.75     0.01
578.0     0.01
578.25     0.01
578.5     0.01
578.75     0.01
579.0     0.01
579.25     0.01
579.5     0.01
579.75     0.01
580.0     0.01
580.25     0.01
580.5     0.01
580.75     0.01
581.0     0.01
581.25     0.01
581.5     0.01
581.75     0.01
582.0     0.01
582.25     0.01
582.5     0.01
582.75     0.01
583.0     0.01
583.25     0.01
583.5     0.01
583.75     0.01
584.0     0.01
584.25     0.01
584.5     0.01
584.75     0.01
585.0     0.01
585.25     0.01
585.5     0.01
585.75     0.01
586.0     0.01
586.25     0.01
586.5     0.01
586.75     0.01
587.0     0.01
587.25     0.01
587.5     0.01
587.75     0.01
588.0     0.01
588.25     0.01
588.5     0.01
588.75     0.01
589.0     0.01
589.25     0.01
589.5     0.01
589.75     0.01
590.0     0.01
590.25     0.01
590.5     0.01
590.75     0.01
591.0     0.01
591.25     0.01
591.5     0.01
591.75     0.01
592.0     0.01
592.25     0.01
592.5     0.01
592.75     0.01
593.0     0.01
593.25     0.01
593.5     0.01
593.75     0.01
594.0     0.01
594.25     0.01
594.5     0.01
594.75     0.01
595.0     0.01
595.25     0.01
595.5     0.01
595.75     0.01
596.0     0.01
596.25     0.01
596.5     0.01
596.75     0.01
597.0     0.01
597.25     0.01
597.5     0.01
597.75     0.01
598.0     0.01
598.25     0.01
598.5     0.01
598.75     0.01
599.0     0.008
599.25     0.008
599.5     0.008
599.75     0.008
600.0     0.008
600.25     0.008
600.5     0.008
600.75     0.008
601.0     0.008
601.25     0.008
601.5     0.008
601.75     0.008
602.0     0.008
602.25     0.008
602.5     0.008
602.75     0.008
603.0     0.008
603.25     0.008
603.5     0.008
603.75     0.008
604.0     0.006
604.25     0.006
604.5     0.006
604.75     0.006
605.0     0.006
605.25     0.006
605.5     0.006
605.75     0.006
606.0     0.006
606.25     0.006
606.5     0.006
606.75     0.006
607.0     0.006
607.25     0.006
607.5     0.006
607.75     0.006
608.0     0.006
608.25     0.006
608.5     0.006
608.75     0.006
609.0     0.006
609.25     0.006
609.5     0.006
609.75     0.006
610.0     0.006
610.25     0.006
610.5     0.004
610.75     0.004
611.0     0.004
611.25     0.004
611.5     0.004
611.75     0.004
612.0     0.004
612.25     0.004
612.5     0.004
612.75     0.004
613.0     0.004
613.25     0.004
613.5     0.002
613.75     0.002
614.0     0.002
614.25     0.002
614.5     0.002
614.75     0.002
615.0     0.002
615.25     0.002
615.5     0.002
615.75     0.002
616.0     0.002
616.25     0.002
616.5     0.002
616.75     0.002
617.0     0.002
617.25     0.002
617.5     0.002
617.75     0.002
618.0     0.002
618.25     0.002
618.5     0.002
618.75     0.002
619.0     0.002
619.25     0.002
619.5     0.002
619.75     0.002
620.0     0.002
620.25     0.002
620.5     0.002
620.75     0.002
621.0     0.002
621.25     0.002
621.5     0.002
621.75     0.002
622.0     0.002
622.25     0.002
622.5     0.002
622.75     0.002
623.0     0.002
623.25     0.002
623.5     0.002
623.75     0.002
624.0     0.004
624.25     0.004
624.5     0.004
624.75     0.004
625.0     0.004
625.25     0.004
625.5     0.004
625.75     0.004
626.0     0.004
626.25     0.004
626.5     0.004
626.75     0.004
627.0     0.004
627.25     0.004
627.5     0.004
627.75     0.004
628.0     0.004
628.25     0.004
628.5     0.004
628.75     0.004
629.0     0.004
629.25     0.004
629.5     0.004
629.75     0.004
630.0     0.004
630.25     0.004
630.5     0.004
630.75     0.004
631.0     0.004
631.25     0.004
631.5     0.004
631.75     0.004
632.0     0.004
632.25     0.004
632.5     0.004
632.75     0.004
633.0     0.004
633.25     0.004
633.5     0.004
633.75     0.004
634.0     0.004
634.25     0.004
634.5     0.004
634.75     0.004
635.0     0.004
635.25     0.004
635.5     0.004
635.75     0.004
636.0     0.004
636.25     0.004
636.5     0.004
636.75     0.004
637.0     0.004
637.25     0.004
637.5     0.004
637.75     0.004
638.0     0.004
638.25     0.004
638.5     0.004
638.75     0.004
639.0     0.004
639.25     0.004
639.5     0.004
639.75     0.004
640.0     0.002
640.25     0.002
640.5     0.002
640.75     0.002
641.0     0.002
641.25     0.002
641.5     0.002
641.75     0.002
642.0     0.002
642.25     0.002
642.5     0.002
642.75     0.002
643.0     0.002
643.25     0.002
643.5     0.002
643.75     0.002
644.0     0.002
644.25     0.002
644.5     0.002
644.75     0.002
645.0     0.002
645.25     0.002
645.5     0.002
645.75     0.002
646.0     0.002
646.25     0.002
646.5     0.002
646.75     0.002
647.0     0.002
647.25     0.002
647.5     0.004
647.75     0.004
648.0     0.004
648.25     0.004
648.5     0.004
648.75     0.004
649.0     0.004
649.25     0.004
649.5     0.004
649.75     0.004
650.0     0.004
650.25     0.004
650.5     0.004
650.75     0.004
651.0     0.004
651.25     0.004
651.5     0.004
651.75     0.004
652.0     0.004
652.25     0.004
652.5     0.004
652.75     0.004
653.0     0.004
653.25     0.004
653.5     0.004
653.75     0.004
654.0     0.004
654.25     0.004
654.5     0.004
654.75     0.004
655.0     0.004
655.25     0.004
655.5     0.004
655.75     0.004
656.0     0.004
656.25     0.004
656.5     0.004
656.75     0.004
657.0     0.004
657.25     0.004
657.5     0.004
657.75     0.004
658.0     0.004
658.25     0.004
658.5     0.004
658.75     0.004
659.0     0.004
659.25     0.004
659.5     0.004
659.75     0.004
660.0     0.004
660.25     0.004
660.5     0.004
660.75     0.004
661.0     0.004
661.25     0.004
661.5     0.004
661.75     0.004
662.0     0.004
662.25     0.004
662.5     0.004
662.75     0.004
663.0     0.004
663.25     0.004
663.5     0.004
663.75     0.004
664.0     0.004
664.25     0.004
664.5     0.004
664.75     0.004
665.0     0.004
665.25     0.004
665.5     0.004
665.75     0.004
666.0     0.004
666.25     0.004
666.5     0.004
666.75     0.004
667.0     0.004
667.25     0.004
667.5     0.004
667.75     0.004
668.0     0.004
668.25     0.004
668.5     0.004
668.75     0.004
669.0     0.004
669.25     0.004
669.5     0.004
669.75     0.004
670.0     0.004
670.25     0.004
670.5     0.004
670.75     0.004
671.0     0.004
671.25     0.004
671.5     0.004
671.75     0.004
672.0     0.004
672.25     0.004
672.5     0.004
672.75     0.004
673.0     0.004
673.25     0.004
673.5     0.004
673.75     0.004
674.0     0.004
674.25     0.004
674.5     0.004
674.75     0.004
675.0     0.004
675.25     0.004
675.5     0.004
675.75     0.004
676.0     0.004
676.25     0.004
676.5     0.004
676.75     0.004
677.0     0.004
677.25     0.004
677.5     0.004
677.75     0.004
678.0     0.004
678.25     0.004
678.5     0.004
678.75     0.004
679.0     0.004
679.25     0.004
679.5     0.004
679.75     0.004
680.0     0.004
680.25     0.004
680.5     0.004
680.75     0.004
681.0     0.004
681.25     0.004
681.5     0.004
681.75     0.004
682.0     0.004
682.25     0.004
682.5     0.004
682.75     0.004
683.0     0.004
683.25     0.004
683.5     0.004
683.75     0.004
684.0     0.004
684.25     0.004
684.5     0.004
684.75     0.004
685.0     0.004
685.25     0.004
685.5     0.004
685.75     0.004
686.0     0.004
686.25     0.004
686.5     0.004
686.75     0.004
687.0     0.004
687.25     0.004
687.5     0.004
687.75     0.004
688.0     0.004
688.25     0.004
688.5     0.004
688.75     0.004
689.0     0.004
689.25     0.004
689.5     0.004
689.75     0.004
690.0     0.004
690.25     0.004
690.5     0.004
690.75     0.004
691.0     0.004
691.25     0.004
691.5     0.004
691.75     0.004
692.0     0.004
692.25     0.004
692.5     0.004
692.75     0.004
693.0     0.004
693.25     0.004
693.5     0.004
693.75     0.004
694.0     0.004
694.25     0.004
694.5     0.004
694.75     0.004
695.0     0.004
695.25     0.004
695.5     0.004
695.75     0.004
696.0     0.004
696.25     0.004
696.5     0.004
696.75     0.004
697.0     0.004
697.25     0.004
697.5     0.004
697.75     0.004
698.0     0.004
698.25     0.004
698.5     0.004
698.75     0.004
699.0     0.004
699.25     0.004
699.5     0.004
699.75     0.004
700.0     0.004
700.25     0.004
700.5     0.004
700.75     0.004
701.0     0.004
701.25     0.004
701.5     0.004
701.75     0.004
702.0     0.004
702.25     0.004
702.5     0.004
702.75     0.004
703.0     0.004
703.25     0.004
703.5     0.004
703.75     0.004
704.0     0.004
704.25     0.004
704.5     0.004
704.75     0.004
705.0     0.004
705.25     0.004
705.5     0.004
705.75     0.004
706.0     0.004
706.25     0.004
706.5     0.004
706.75     0.004
707.0     0.004
707.25     0.004
707.5     0.004
707.75     0.004
708.0     0.004
708.25     0.004
708.5     0.004
708.75     0.004
709.0     0.004
709.25     0.004
709.5     0.004
709.75     0.004
710.0     0.004
710.25     0.004
710.5     0.004
710.75     0.004
711.0     0.004
711.25     0.004
711.5     0.004
711.75     0.004
712.0     0.004
712.25     0.004
712.5     0.004
712.75     0.004
713.0     0.004
713.25     0.004
713.5     0.004
713.75     0.004
714.0     0.004
714.25     0.004
714.5     0.004
714.75     0.004
715.0     0.004
715.25     0.004
715.5     0.004
715.75     0.004
716.0     0.004
716.25     0.004
716.5     0.004
716.75     0.004
717.0     0.004
717.25     0.004
717.5     0.004
717.75     0.004
718.0     0.004
718.25     0.004
718.5     0.004
718.75     0.004
719.0     0.004
719.25     0.004
719.5     0.004
719.75     0.004
720.0     0.004
720.25     0.004
720.5     0.004
720.75     0.004
721.0     0.004
721.25     0.004
721.5     0.004
721.75     0.004
722.0     0.004
722.25     0.004
722.5     0.004
722.75     0.004
723.0     0.004
723.25     0.004
723.5     0.004
723.75     0.004
724.0     0.004
724.25     0.004
724.5     0.004
724.75     0.004
725.0     0.004
725.25     0.004
725.5     0.004
725.75     0.004
726.0     0.004
726.25     0.004
726.5     0.004
726.75     0.004
727.0     0.004
727.25     0.004
727.5     0.004
727.75     0.004
728.0     0.004
728.25     0.004
728.5     0.004
728.75     0.004
729.0     0.004
729.25     0.004
729.5     0.004
729.75     0.004
730.0     0.004
730.25     0.004
730.5     0.004
730.75     0.004
731.0     0.004
731.25     0.004
731.5     0.004
731.75     0.004
732.0     0.004
732.25     0.004
732.5     0.004
732.75     0.004
733.0     0.004
733.25     0.004
733.5     0.004
733.75     0.004
734.0     0.004
734.25     0.004
734.5     0.004
734.75     0.004
735.0     0.004
735.25     0.004
735.5     0.004
735.75     0.004
736.0     0.004
736.25     0.004
736.5     0.004
736.75     0.004
737.0     0.004
737.25     0.004
737.5     0.004
737.75     0.002
738.0     0.002
738.25     0.002
738.5     0.002
738.75     0.002
739.0     0.002
739.25     0.002
739.5     0.002
739.75     0.002
740.0     0.002
740.25     0.002
740.5     0.002
740.75     0.002
741.0     0.002
741.25     0.002
741.5     0.002
741.75     0.002
742.0     0.002
742.25     0.002
742.5     0.002
742.75     0.002
743.0     0.002
743.25     0.002
743.5     0.002
743.75     0.002
744.0     0.002
744.25     0.002
744.5     0.002
744.75     0.002
745.0     0.002
745.25     0.002
745.5     0.002
745.75     0.002
746.0     0.002
746.25     0.002
746.5     0.002
746.75     0.002
747.0     0.002
747.25     0.002
747.5     0.002
747.75     0.002
748.0     0.002
748.25     0.002
748.5     0.002
748.75     0.002
749.0     0.002
749.25     0.002
749.5     0.002
749.75     0.002
750.0     0.002
750.25     0.002
750.5     0.002
750.75     0.002
751.0     0.002
751.25     0.002
751.5     0.002
751.75     0.002
752.0     0.002
752.25     0.002
752.5     0.002
752.75     0.002
753.0     0.002
753.25     0.002
753.5     0.002
753.75     0.002
754.0     0.002
754.25     0.002
754.5     0.002
754.75     0.002
755.0     0.002
755.25     0.002
755.5     0.002
755.75     0.002
756.0     0.002
756.25     0.002
756.5     0.002
756.75     0.002
757.0     0.002
757.25     0.002
757.5     0.002
757.75     0.002
758.0     0.002
758.25     0.002
758.5     0.002
758.75     0.002
759.0     0.002
759.25     0.002
759.5     0.002
759.75     0.002
760.0     0.002
760.25     0.002
760.5     0.002
760.75     0.002
761.0     0.002
761.25     0.002
761.5     0.002
761.75     0.002
762.0     0.002
762.25     0.002
762.5     0.002
762.75     0.002
763.0     0.002
763.25     0.002
763.5     0.002
763.75     0.0
764.0     0.002
764.25     0.002
764.5     0.002
764.75     0.002
765.0     0.002
765.25     0.002
765.5     0.002
765.75     0.002
766.0     0.002
766.25     0.002
766.5     0.002
766.75     0.002
767.0     0.002
767.25     0.002
767.5     0.002
767.75     0.002
768.0     0.002
768.25     0.002
768.5     0.002
768.75     0.002
769.0     0.002
769.25     0.002
769.5     0.002
769.75     0.002
770.0     0.002
770.25     0.002
770.5     0.002
770.75     0.002
771.0     0.002
771.25     0.002
771.5     0.002
771.75     0.002
772.0     0.002
772.25     0.002
772.5     0.002
772.75     0.002
773.0     0.002
773.25     0.002
773.5     0.002
773.75     0.002
774.0     0.002
774.25     0.002
774.5     0.002
774.75     0.002
775.0     0.002
775.25     0.002
775.5     0.002
775.75     0.002
776.0     0.002
776.25     0.002
776.5     0.002
776.75     0.002
777.0     0.002
777.25     0.002
777.5     0.002
777.75     0.002
778.0     0.002
778.25     0.002
778.5     0.002
778.75     0.002
779.0     0.002
779.25     0.002
779.5     0.002
779.75     0.002
780.0     0.002
780.25     0.002
780.5     0.002
780.75     0.002
781.0     0.002
781.25     0.002
781.5     0.002
781.75     0.002
782.0     0.002
782.25     0.002
782.5     0.002
782.75     0.002
783.0     0.002
783.25     0.002
783.5     0.002
783.75     0.002
784.0     0.002
784.25     0.002
784.5     0.002
784.75     0.002
785.0     0.002
785.25     0.002
785.5     0.002
785.75     0.002
786.0     0.002
786.25     0.002
786.5     0.002
786.75     0.002
787.0     0.002
787.25     0.002
787.5     0.002
787.75     0.002
788.0     0.002
788.25     0.002
788.5     0.002
788.75     0.002
789.0     0.002
789.25     0.002
789.5     0.002
789.75     0.002
790.0     0.002
790.25     0.002
790.5     0.002
790.75     0.002
791.0     0.002
791.25     0.002
791.5     0.002
791.75     0.002
792.0     0.002
792.25     0.002
792.5     0.002
792.75     0.002
793.0     0.002
793.25     0.002
793.5     0.002
793.75     0.002
794.0     0.002
794.25     0.002
794.5     0.002
794.75     0.002
795.0     0.002
795.25     0.002
795.5     0.002
795.75     0.002
796.0     0.002
796.25     0.002
796.5     0.002
796.75     0.002
797.0     0.002
797.25     0.002
797.5     0.002
797.75     0.002
798.0     0.002
798.25     0.002
798.5     0.002
798.75     0.002
799.0     0.002
799.25     0.002
799.5     0.002
799.75     0.002
800.0     0.002
800.25     0.002
800.5     0.002
800.75     0.002
801.0     0.002
801.25     0.002
801.5     0.002
801.75     0.002
802.0     0.002
802.25     0.002
802.5     0.002
802.75     0.002
803.0     0.002
803.25     0.002
803.5     0.002
803.75     0.002
804.0     0.002
804.25     0.002
804.5     0.002
804.75     0.002
805.0     0.002
805.25     0.002
805.5     0.002
805.75     0.002
806.0     0.002
806.25     0.002
806.5     0.002
806.75     0.002
807.0     0.002
807.25     0.002
807.5     0.002
807.75     0.002
808.0     0.002
808.25     0.002
808.5     0.002
808.75     0.002
809.0     0.002
809.25     0.002
809.5     0.002
809.75     0.002
810.0     0.002
810.25     0.002
810.5     0.002
810.75     0.002
811.0     0.002
811.25     0.002
811.5     0.002
811.75     0.002
812.0     0.002
812.25     0.002
812.5     0.002
812.75     0.002
813.0     0.002
813.25     0.002
813.5     0.002
813.75     0.002
814.0     0.002
814.25     0.002
814.5     0.002
814.75     0.002
815.0     0.002
815.25     0.002
815.5     0.002
815.75     0.002
816.0     0.002
816.25     0.002
816.5     0.002
816.75     0.002
817.0     0.002
817.25     0.002
817.5     0.002
817.75     0.002
818.0     0.002
818.25     0.002
818.5     0.002
818.75     0.002
819.0     0.002
819.25     0.002
819.5     0.002
819.75     0.002
820.0     0.002
820.25     0.002
820.5     0.002
820.75     0.002
821.0     0.002
821.25     0.002
821.5     0.002
821.75     0.002
822.0     0.002
822.25     0.002
822.5     0.002
822.75     0.002
823.0     0.002
823.25     0.002
823.5     0.002
823.75     0.002
824.0     0.002
824.25     0.002
824.5     0.002
824.75     0.002
825.0     0.002
825.25     0.002
825.5     0.002
825.75     0.002
826.0     0.002
826.25     0.002
826.5     0.002
826.75     0.002
827.0     0.002
827.25     0.002
827.5     0.002
827.75     0.002
828.0     0.002
828.25     0.002
828.5     0.002
828.75     0.002
829.0     0.002
829.25     0.002
829.5     0.002
829.75     0.002
830.0     0.002
830.25     0.002
830.5     0.002
830.75     0.002
831.0     0.002
831.25     0.002
831.5     0.002
831.75     0.002
832.0     0.002
832.25     0.002
832.5     0.002
832.75     0.002
833.0     0.002
833.25     0.002
833.5     0.002
833.75     0.002
834.0     0.002
834.25     0.002
834.5     0.002
834.75     0.002
835.0     0.002
835.25     0.002
835.5     0.002
835.75     0.002
836.0     0.002
836.25     0.002
836.5     0.002
836.75     0.002
837.0     0.002
837.25     0.002
837.5     0.002
837.75     0.002
838.0     0.002
838.25     0.002
838.5     0.002
838.75     0.002
839.0     0.002
839.25     0.002
839.5     0.002
839.75     0.002
840.0     0.002
840.25     0.002
840.5     0.002
840.75     0.002
841.0     0.002
841.25     0.002
841.5     0.002
841.75     0.002
842.0     0.002
842.25     0.002
842.5     0.002
842.75     0.002
843.0     0.002
843.25     0.002
843.5     0.002
843.75     0.002
844.0     0.002
844.25     0.002
844.5     0.002
844.75     0.002
845.0     0.002
845.25     0.002
845.5     0.002
845.75     0.002
846.0     0.002
846.25     0.002
846.5     0.002
846.75     0.002
847.0     0.002
847.25     0.002
847.5     0.002
847.75     0.002
848.0     0.002
848.25     0.002
848.5     0.002
848.75     0.002
849.0     0.002
849.25     0.002
849.5     0.002
849.75     0.002
850.0     0.002
850.25     0.002
850.5     0.002
850.75     0.002
851.0     0.002
851.25     0.002
851.5     0.002
851.75     0.002
852.0     0.002
852.25     0.002
852.5     0.002
852.75     0.002
853.0     0.002
853.25     0.002
853.5     0.002
853.75     0.002
854.0     0.002
854.25     0.002
854.5     0.002
854.75     0.002
855.0     0.002
855.25     0.002
855.5     0.002
855.75     0.002
856.0     0.002
856.25     0.002
856.5     0.002
856.75     0.002
857.0     0.002
857.25     0.002
857.5     0.002
857.75     0.002
858.0     0.002
858.25     0.002
858.5     0.002
858.75     0.002
859.0     0.002
859.25     0.002
859.5     0.002
859.75     0.002
860.0     0.002
860.25     0.002
860.5     0.002
860.75     0.002
861.0     0.002
861.25     0.002
861.5     0.002
861.75     0.002
862.0     0.002
862.25     0.002
862.5     0.002
862.75     0.002
863.0     0.002
863.25     0.002
863.5     0.002
863.75     0.002
864.0     0.002
864.25     0.002
864.5     0.002
864.75     0.002
865.0     0.002
865.25     0.002
865.5     0.002
865.75     0.002
866.0     0.002
866.25     0.002
866.5     0.002
866.75     0.002
867.0     0.002
867.25     0.002
867.5     0.002
867.75     0.002
868.0     0.002
868.25     0.002
868.5     0.002
868.75     0.002
869.0     0.002
869.25     0.002
869.5     0.002
869.75     0.002
870.0     0.002
870.25     0.002
870.5     0.002
870.75     0.002
871.0     0.002
871.25     0.002
871.5     0.002
871.75     0.002
872.0     0.002
872.25     0.002
872.5     0.002
872.75     0.002
873.0     0.002
873.25     0.002
873.5     0.002
873.75     0.002
874.0     0.002
874.25     0.002
874.5     0.002
874.75     0.002
875.0     0.002
875.25     0.002
875.5     0.002
875.75     0.002
876.0     0.002
876.25     0.002
876.5     0.002
876.75     0.002
877.0     0.002
877.25     0.002
877.5     0.002
877.75     0.002
878.0     0.002
878.25     0.002
878.5     0.002
878.75     0.002
879.0     0.002
879.25     0.002
879.5     0.002
879.75     0.002
880.0     0.002
880.25     0.002
880.5     0.002
880.75     0.002
881.0     0.002
881.25     0.002
881.5     0.002
881.75     0.002
882.0     0.002
882.25     0.002
882.5     0.002
882.75     0.002
883.0     0.002
883.25     0.002
883.5     0.002
883.75     0.002
884.0     0.002
884.25     0.002
884.5     0.002
884.75     0.002
885.0     0.002
885.25     0.002
885.5     0.002
885.75     0.002
886.0     0.002
886.25     0.002
886.5     0.002
886.75     0.002
887.0     0.002
887.25     0.002
887.5     0.002
887.75     0.002
888.0     0.002
888.25     0.002
888.5     0.002
888.75     0.002
889.0     0.002
889.25     0.002
889.5     0.002
889.75     0.002
890.0     0.002
890.25     0.002
890.5     0.002
890.75     0.002
891.0     0.002
891.25     0.002
891.5     0.002
891.75     0.002
892.0     0.002
892.25     0.002
892.5     0.002
892.75     0.002
893.0     0.002
893.25     0.002
893.5     0.002
893.75     0.002
894.0     0.002
894.25     0.002
894.5     0.002
894.75     0.002
895.0     0.002
895.25     0.002
895.5     0.002
895.75     0.002
896.0     0.002
896.25     0.002
896.5     0.002
896.75     0.002
897.0     0.002
897.25     0.002
897.5     0.002
897.75     0.002
898.0     0.002
898.25     0.002
898.5     0.002
898.75     0.002
899.0     0.002
899.25     0.002
899.5     0.002
899.75     0.002
900.0     0.002
900.25     0.002
900.5     0.002
900.75     0.002
901.0     0.002
901.25     0.002
901.5     0.002
901.75     0.002
902.0     0.002
902.25     0.002
902.5     0.002
902.75     0.002
903.0     0.002
903.25     0.002
903.5     0.002
903.75     0.002
904.0     0.002
904.25     0.002
904.5     0.002
904.75     0.002
905.0     0.002
905.25     0.002
905.5     0.002
905.75     0.002
906.0     0.002
906.25     0.002
906.5     0.002
906.75     0.002
907.0     0.002
907.25     0.002
907.5     0.002
907.75     0.002
908.0     0.002
908.25     0.002
908.5     0.002
908.75     0.002
909.0     0.002
909.25     0.002
909.5     0.002
909.75     0.002
910.0     0.002
910.25     0.002
910.5     0.002
910.75     0.002
911.0     0.002
911.25     0.002
911.5     0.002
911.75     0.002
912.0     0.002
912.25     0.002
912.5     0.002
912.75     0.002
913.0     0.002
913.25     0.002
913.5     0.002
913.75     0.002
914.0     0.002
914.25     0.002
914.5     0.002
914.75     0.002
915.0     0.002
915.25     0.002
915.5     0.002
915.75     0.002
916.0     0.002
916.25     0.002
916.5     0.002
916.75     0.002
917.0     0.002
917.25     0.002
917.5     0.002
917.75     0.002
918.0     0.002
918.25     0.002
918.5     0.002
918.75     0.002
919.0     0.002
919.25     0.002
919.5     0.002
919.75     0.002
920.0     0.002
920.25     0.002
920.5     0.002
920.75     0.002
921.0     0.002
921.25     0.002
921.5     0.002
921.75     0.002
922.0     0.002
922.25     0.002
922.5     0.002
922.75     0.002
923.0     0.002
923.25     0.002
923.5     0.002
923.75     0.002
924.0     0.002
924.25     0.002
924.5     0.002
924.75     0.002
925.0     0.002
925.25     0.002
925.5     0.002
925.75     0.002
926.0     0.002
926.25     0.002
926.5     0.002
926.75     0.002
927.0     0.002
927.25     0.002
927.5     0.002
927.75     0.002
928.0     0.002
928.25     0.002
928.5     0.002
928.75     0.002
929.0     0.002
929.25     0.002
929.5     0.002
929.75     0.002
930.0     0.002
930.25     0.002
930.5     0.002
930.75     0.002
931.0     0.002
931.25     0.002
931.5     0.002
931.75     0.002
932.0     0.002
932.25     0.002
932.5     0.002
932.75     0.002
933.0     0.002
933.25     0.002
933.5     0.002
933.75     0.002
934.0     0.002
934.25     0.002
934.5     0.002
934.75     0.002
935.0     0.002
935.25     0.002
935.5     0.002
935.75     0.002
936.0     0.002
936.25     0.002
936.5     0.002
936.75     0.002
937.0     0.002
937.25     0.002
937.5     0.002
937.75     0.002
938.0     0.002
938.25     0.002
938.5     0.002
938.75     0.002
939.0     0.002
939.25     0.002
939.5     0.002
939.75     0.002
940.0     0.002
940.25     0.002
940.5     0.002
940.75     0.002
941.0     0.002
941.25     0.002
941.5     0.002
941.75     0.002
942.0     0.002
942.25     0.002
942.5     0.002
942.75     0.002
943.0     0.002
943.25     0.002
943.5     0.002
943.75     0.002
944.0     0.002
944.25     0.002
944.5     0.002
944.75     0.002
945.0     0.002
945.25     0.002
945.5     0.002
945.75     0.002
946.0     0.002
946.25     0.002
946.5     0.002
946.75     0.002
947.0     0.002
947.25     0.002
947.5     0.002
947.75     0.002
948.0     0.002
948.25     0.002
948.5     0.002
948.75     0.002
949.0     0.002
949.25     0.002
949.5     0.002
949.75     0.002
950.0     0.002
950.25     0.002
950.5     0.002
950.75     0.002
951.0     0.002
951.25     0.002
951.5     0.002
951.75     0.002
952.0     0.002
952.25     0.002
952.5     0.002
952.75     0.002
953.0     0.002
953.25     0.002
953.5     0.002
953.75     0.002
954.0     0.002
954.25     0.002
954.5     0.002
954.75     0.002
955.0     0.002
955.25     0.002
955.5     0.002
955.75     0.002
956.0     0.002
956.25     0.002
956.5     0.002
956.75     0.002
957.0     0.002
957.25     0.002
957.5     0.002
957.75     0.002
958.0     0.002
958.25     0.002
958.5     0.002
958.75     0.002
959.0     0.002
959.25     0.002
959.5     0.002
959.75     0.002
960.0     0.002
960.25     0.002
960.5     0.002
960.75     0.002
961.0     0.002
961.25     0.002
961.5     0.002
961.75     0.002
962.0     0.002
962.25     0.002
962.5     0.002
962.75     0.002
963.0     0.002
963.25     0.002
963.5     0.002
963.75     0.002
964.0     0.002
964.25     0.002
964.5     0.002
964.75     0.002
965.0     0.002
965.25     0.002
965.5     0.002
965.75     0.002
966.0     0.002
966.25     0.002
966.5     0.002
966.75     0.002
967.0     0.002
967.25     0.002
967.5     0.002
967.75     0.002
968.0     0.002
968.25     0.002
968.5     0.002
968.75     0.002
969.0     0.002
969.25     0.002
969.5     0.002
969.75     0.002
970.0     0.002
970.25     0.002
970.5     0.002
970.75     0.002
971.0     0.002
971.25     0.002
971.5     0.002
971.75     0.002
972.0     0.002
972.25     0.002
972.5     0.002
972.75     0.002
973.0     0.002
973.25     0.002
973.5     0.002
973.75     0.002
974.0     0.002
974.25     0.002
974.5     0.002
974.75     0.002
975.0     0.002
975.25     0.002
975.5     0.002
975.75     0.002
976.0     0.002
976.25     0.002
976.5     0.002
976.75     0.002
977.0     0.002
977.25     0.002
977.5     0.002
977.75     0.002
978.0     0.002
978.25     0.002
978.5     0.002
978.75     0.002
979.0     0.002
979.25     0.002
979.5     0.002
979.75     0.002
980.0     0.002
980.25     0.002
980.5     0.002
980.75     0.002
981.0     0.002
981.25     0.002
981.5     0.002
981.75     0.002
982.0     0.002
982.25     0.002
982.5     0.002
982.75     0.002
983.0     0.002
983.25     0.002
983.5     0.002
983.75     0.002
984.0     0.002
984.25     0.002
984.5     0.002
984.75     0.002
985.0     0.002
985.25     0.002
985.5     0.002
985.75     0.002
986.0     0.002
986.25     0.002
986.5     0.002
986.75     0.002
987.0     0.002
987.25     0.002
987.5     0.002
987.75     0.002
988.0     0.002
988.25     0.002
988.5     0.002
988.75     0.002
989.0     0.002
989.25     0.002
989.5     0.002
989.75     0.002
990.0     0.002
990.25     0.002
990.5     0.002
990.75     0.002
991.0     0.002
991.25     0.002
991.5     0.002
991.75     0.002
992.0     0.002
992.25     0.002
992.5     0.002
992.75     0.002
993.0     0.002
993.25     0.002
993.5     0.002
993.75     0.002
994.0     0.002
994.25     0.002
994.5     0.002
994.75     0.002
995.0     0.002
995.25     0.002
995.5     0.002
995.75     0.002
996.0     0.002
996.25     0.002
996.5     0.002
996.75     0.002
997.0     0.002
997.25     0.002
997.5     0.002
997.75     0.002
998.0     0.002
998.25     0.002
998.5     0.002
998.75     0.002
999.0     0.002
999.25     0.002
999.5     0.002
999.75     0.002
1000.0     0.002
