  3.0   125.00000
  4.0   229.50000
  5.0    56.25000
  6.0    51.75000
  7.0   201.25000
  9.0    60.75000
 11.0    92.75000
 12.0   251.00000
 14.0   209.00000
 15.0   333.00000
 18.0   331.25000
 19.0   130.25000
 21.0   169.00000
 22.0    92.75000
 24.0    53.00000
 25.0    59.00000
 26.0   114.75000
 27.0    49.25000
 28.0    43.25000
 29.0   379.25000
 30.0    29.50000
 31.0   194.00000
 36.0   144.75000
 38.0   224.50000
 39.0   210.50000
 40.0    55.25000
 44.0    63.00000
 45.0    84.50000
 46.0    36.25000
 47.0   165.50000
 48.0   207.75000
 51.0   110.25000
 52.0   311.50000
 53.0   169.50000
 54.0    39.00000
 58.0    60.25000
 59.0   260.75000
 60.0    51.25000
 61.0    47.50000
 63.0    59.25000
 64.0    55.25000
 65.0    35.50000
 66.0    71.50000
 67.0   184.25000
 68.0    86.00000
 70.0    54.25000
 71.0   335.00000
 73.0    96.25000
 74.0   333.00000
 78.0    69.25000
 79.0   153.75000
 80.0    49.25000
 81.0   138.75000
 85.0   154.75000
 86.0   164.75000
 87.0   232.00000
 88.0   104.00000
 91.0    42.50000
 92.0    47.75000
 93.0   217.75000
 94.0    98.25000
 96.0   323.75000
 97.0   210.00000
 98.0   238.25000
 99.0   359.75000
100.0   128.00000
101.0    47.25000
102.0   277.00000
103.0    84.75000
104.0    91.25000
108.0   200.00000
111.0   198.25000
116.0   202.50000
117.0   124.75000
121.0    28.00000
122.0   179.00000
123.0   198.00000
127.0   433.00000
128.0   286.25000
129.0    79.50000
130.0   330.00000
132.0    82.00000
133.0   226.25000
134.0    89.50000
136.0   243.25000
137.0   216.00000
138.0   214.00000
139.0   227.50000
140.0   309.75000
141.0   393.50000
142.0   153.50000
143.0   358.00000
144.0    70.00000
145.0   321.00000
146.0    55.25000
149.0    89.00000
150.0   252.00000
151.0   180.25000
154.0   360.75000
156.0   172.75000
158.0   180.75000
159.0   103.75000
160.0   197.75000
161.0   209.50000
162.0    46.00000
163.0   225.50000
164.0   145.75000
166.0   188.75000
168.0    46.75000
169.0   143.50000
171.0   172.50000
172.0   180.75000
174.0    72.75000
175.0   413.25000
176.0   139.75000
177.0   142.25000
179.0    34.00000
181.0   198.25000
182.0   189.00000
183.0   283.50000
184.0    51.25000
185.0   385.25000
186.0   240.25000
187.0   205.00000
188.0   159.50000
189.0   230.00000
190.0   467.25000
191.0    48.50000
192.0    77.75000
194.0   149.00000
195.0   241.25000
196.0   150.50000
197.0   110.50000
200.0   222.50000
201.0    92.50000
202.0   251.25000
203.0   246.00000
204.0   145.75000
207.0   104.75000
210.0   232.00000
211.0   253.25000
213.0    59.25000
216.0    61.25000
217.0   152.50000
218.0    61.75000
220.0   132.50000
221.0   215.75000
222.0   176.00000
223.0    49.75000
224.0   215.75000
226.0    54.00000
229.0   264.50000
231.0   223.25000
232.0    75.50000
233.0   150.25000
234.0    63.00000
236.0    60.25000
237.0   213.00000
240.0   102.25000
242.0   309.50000
243.0   143.00000
245.0   399.00000
246.0   121.50000
248.0   179.50000
249.0   225.25000
250.0   211.75000
251.0    40.75000
252.0    52.25000
253.0   233.50000
254.0    39.00000
255.0    55.25000
256.0    60.75000
257.0    53.75000
258.0   163.75000
260.0   147.50000
262.0   149.50000
263.0    73.25000
264.0    78.25000
265.0   113.75000
266.0    61.75000
267.0    51.00000
268.0   129.00000
273.0    37.75000
274.0   373.25000
275.0   151.50000
276.0    39.50000
278.0   126.50000
279.0    54.75000
280.0    48.75000
281.0    60.25000
283.0   197.75000
284.0   101.00000
285.0   227.25000
286.0    71.00000
288.0   229.50000
289.0   251.50000
290.0   273.25000
291.0    43.25000
292.0   193.75000
293.0   248.75000
294.0    66.50000
295.0    48.00000
296.0    26.00000
298.0    58.75000
299.0   135.25000
301.0   130.75000
302.0    82.00000
303.0   100.75000
305.0    35.25000
306.0   202.25000
307.0   283.50000
310.0   347.00000
311.0   199.00000
312.0   379.00000
313.0   261.50000
316.0    90.25000
317.0   248.00000
318.0   343.50000
319.0   263.50000
320.0    59.75000
321.0   153.75000
322.0    74.25000
323.0   143.00000
324.0   254.00000
325.0   250.50000
327.0    77.75000
328.0   155.00000
329.0   183.00000
330.0   195.00000
331.0   219.25000
333.0    42.75000
334.0   137.25000
335.0   294.25000
336.0   229.75000
337.0   164.25000
338.0   202.50000
339.0   322.75000
340.0    39.75000
341.0   124.00000
342.0   134.50000
343.0   102.25000
344.0   143.75000
348.0    55.00000
349.0    63.75000
350.0   177.75000
351.0    50.25000
352.0    96.25000
353.0   202.00000
355.0   128.50000
356.0   235.75000
357.0   202.25000
360.0   131.50000
361.0   161.50000
362.0   103.50000
363.0   205.75000
364.0   157.50000
367.0   371.00000
368.0   262.50000
369.0   217.25000
370.0    52.50000
371.0   180.00000
372.0   247.50000
374.0    73.50000
375.0    43.75000
376.0    55.50000
377.0   165.25000
378.0    36.00000
379.0    40.00000
381.0   100.00000
382.0    93.25000
383.0   257.00000
384.0   204.00000
385.0   146.75000
386.0   211.50000
387.0   195.50000
388.0   223.75000
389.0   532.25000
391.0    54.75000
393.0    75.25000
394.0   152.50000
395.0    57.75000
396.0   234.50000
397.0   128.00000
399.0   244.75000
400.0   109.25000
401.0   117.00000
402.0   158.50000
404.0   152.50000
405.0   130.00000
406.0    98.00000
407.0   233.50000
408.0    68.75000
409.0    67.25000
410.0   200.25000
412.0    45.25000
413.0   415.25000
414.0   225.50000
417.0   268.75000
422.0   223.25000
423.0    80.75000
424.0   651.25000
425.0    97.00000
427.0   245.25000
428.0   190.00000
429.0    60.75000
430.0   170.00000
432.0   201.25000
433.0   248.25000
434.0    39.00000
436.0   125.75000
437.0   151.75000
438.0    69.50000
439.0   225.25000
440.0    38.75000
441.0    36.25000
442.0   142.50000
443.0   248.25000
444.0   150.25000
445.0    85.50000
446.0   240.00000
447.0   281.00000
448.0   157.00000
449.0   295.00000
451.0   148.00000
453.0   206.75000
454.0   177.75000
455.0    46.50000
456.0    86.75000
457.0    85.75000
458.0   361.75000
459.0   216.75000
460.0    55.75000
464.0   137.25000
465.0   302.75000
466.0   198.25000
467.0    52.25000
468.0   127.75000
469.0    51.50000
471.0   245.75000
473.0    54.75000
477.0    49.75000
479.0   203.50000
481.0   241.50000
482.0   199.00000
485.0    25.50000
486.0   200.00000
487.0    61.00000
488.0    33.75000
489.0   101.50000
490.0    29.25000
491.0   101.00000
492.0   228.75000
493.0    67.50000
494.0   284.00000
495.0   157.50000
496.0   169.75000
497.0    80.00000
498.0   155.75000
499.0   154.75000
