  3.0    68.76196
  4.0    81.38575
  5.0    79.88745
  6.0    81.62209
  7.0    85.91251
  9.0    81.23315
 11.0    81.75258
 12.0    86.80312
 14.0    92.64967
 15.0    80.48075
 18.0    89.15442
 19.0    74.88071
 21.0    88.76776
 22.0    72.98084
 24.0    82.83643
 25.0    89.66507
 26.0    79.15731
 27.0    76.35246
 28.0    86.16241
 29.0    81.10586
 30.0    81.99776
 31.0    67.94130
 36.0    83.77378
 38.0    70.11330
 39.0    87.30367
 40.0    79.10526
 44.0    80.49327
 45.0    70.93787
 46.0    82.28362
 47.0    81.33100
 48.0    70.95783
 51.0    76.89941
 52.0    91.41409
 53.0    74.12516
 54.0    79.42242
 58.0    79.23033
 59.0    88.20907
 60.0    86.70942
 61.0    76.29262
 63.0    72.56353
 64.0    84.57979
 65.0    80.00497
 66.0    64.32588
 67.0    76.44752
 68.0    67.41555
 70.0    76.51546
 71.0    81.91327
 73.0    83.72216
 74.0    86.66384
 78.0    81.01817
 79.0    78.70413
 80.0    81.03847
 81.0    77.50264
 85.0    83.48013
 86.0    70.74800
 87.0    72.54507
 88.0    77.76595
 91.0    81.09240
 92.0    75.37056
 93.0    62.37115
 94.0    86.54427
 96.0    84.27476
 97.0    78.21340
 98.0    73.29839
 99.0    84.42110
100.0    78.80114
101.0    85.40380
102.0    64.85897
103.0    56.15956
104.0    83.99157
108.0    58.80027
111.0    89.90542
116.0    74.83097
117.0    83.24661
121.0    79.35601
122.0    80.75562
123.0    75.47356
127.0    79.99021
128.0    92.62481
129.0    80.18900
130.0    79.55953
132.0    64.25982
133.0    70.04364
134.0    75.38181
136.0    87.25134
137.0    85.45315
138.0    88.82164
139.0    84.47180
140.0    88.42240
141.0    73.43130
142.0    78.02176
143.0    86.23745
144.0    69.17215
145.0    87.16527
146.0    67.66745
149.0    82.17129
150.0    84.70231
151.0    86.80480
154.0    85.95508
156.0    80.23257
158.0    48.07763
159.0    66.05414
160.0    81.77700
161.0    70.67786
162.0    79.20252
163.0    73.69408
164.0    81.23126
166.0    82.56900
168.0    80.63133
169.0    75.81470
171.0    88.40489
172.0    84.06952
174.0    62.09836
175.0    83.73284
176.0    84.00358
177.0    88.99890
179.0    85.66348
181.0    89.77963
182.0    84.99744
183.0    89.16642
184.0    84.94697
185.0    86.12718
186.0    88.58446
187.0    80.20272
188.0    81.36754
189.0    88.18481
190.0    84.62355
191.0    85.24342
192.0    67.57057
194.0    87.35065
195.0    78.46522
196.0    74.96320
197.0    77.15200
200.0    80.12460
201.0    80.80179
202.0    89.98070
203.0    79.67653
204.0    78.02323
207.0    74.95219
210.0    79.00054
211.0    76.23815
213.0    79.53999
216.0    84.74165
217.0    91.47350
218.0    56.24229
220.0    81.81957
221.0    80.59570
222.0    74.56566
223.0    82.64148
224.0    87.61754
226.0    81.60954
229.0    83.02311
231.0    78.86279
232.0    69.52302
233.0    82.76662
234.0    74.93325
236.0    84.57101
237.0    76.70909
240.0    84.30293
242.0    80.99457
243.0    84.68830
245.0    80.39479
246.0    67.54231
248.0    92.42120
249.0    72.30467
250.0    89.29730
251.0    84.92297
252.0    79.27071
253.0    84.02912
254.0    85.22745
255.0    63.37080
256.0    76.23946
257.0    83.89742
258.0    77.84951
260.0    81.82856
262.0    72.43215
263.0    61.28642
264.0    71.99861
265.0    66.44721
266.0    78.06082
267.0    76.11511
268.0    75.84415
273.0    80.99701
274.0    82.09340
275.0    84.80203
276.0    75.77484
278.0    69.57737
279.0    80.70208
280.0    80.12658
281.0    87.46664
283.0    38.95090
284.0    83.77994
285.0    82.37562
286.0    85.64253
288.0    92.34581
289.0    84.94870
290.0    79.84214
291.0    84.39935
292.0    77.75639
293.0    74.08624
294.0    79.26852
295.0    74.95512
296.0    84.84836
298.0    82.67553
299.0    81.25119
301.0    86.18891
302.0    89.29689
303.0    82.94158
305.0    80.93190
306.0    85.34598
307.0    86.50614
310.0    84.28124
311.0    78.92816
312.0    87.82185
313.0    90.44586
316.0    88.13226
317.0    70.37828
318.0    88.74001
319.0    65.90908
320.0    64.04728
321.0    84.19047
322.0    81.68902
323.0    78.96424
324.0    80.08927
325.0    74.63293
327.0    77.24670
328.0    69.56129
329.0    76.84878
330.0    82.89810
331.0    86.21601
333.0    79.27062
334.0    78.93352
335.0    74.91475
336.0    91.02867
337.0    62.10574
338.0    77.88329
339.0    87.98927
340.0    75.74548
341.0    47.51931
342.0    65.99427
343.0    64.46890
344.0    59.48101
348.0    86.12403
349.0    70.17646
350.0    88.64387
351.0    84.53990
352.0    61.20299
353.0    70.51887
355.0    68.96710
356.0    85.44373
357.0    87.76803
360.0    59.16829
361.0    77.58842
362.0    82.52763
363.0    77.32214
364.0    61.49006
367.0    81.78645
368.0    85.63536
369.0    85.99390
370.0    81.05050
371.0    72.49339
372.0    76.16369
374.0    64.32712
375.0    80.76928
376.0    86.62571
377.0    84.43203
378.0    86.90518
379.0    80.13096
381.0    89.02930
382.0    90.11183
383.0    98.07611
384.0    82.96572
385.0    82.00585
386.0    79.97468
387.0    65.87208
388.0    87.75381
389.0    88.74554
391.0    81.48062
393.0    75.69311
394.0    77.48279
395.0    83.31870
396.0    82.30708
397.0    63.32335
399.0    85.29643
400.0    54.68191
401.0    81.77365
402.0    59.16947
404.0    74.56305
405.0    82.15869
406.0    66.85935
407.0    74.47929
408.0    66.69636
409.0    80.18467
410.0    63.29198
412.0    68.31118
413.0    84.48660
414.0    82.78277
417.0    90.26177
422.0    75.55578
423.0    84.57393
424.0    83.26610
425.0    82.17094
427.0    91.02667
428.0    46.72688
429.0    76.01264
430.0    83.38969
432.0    80.16605
433.0    78.00021
434.0    83.36475
436.0    75.44709
437.0    82.90752
438.0    72.09160
439.0    76.56236
440.0    82.16062
441.0    86.45026
442.0    82.78975
443.0    84.36239
444.0    89.00150
445.0    75.75486
446.0    89.21084
447.0    88.85413
448.0    85.09342
449.0    87.00530
451.0    81.31066
453.0    79.85187
454.0    84.98949
455.0    79.81041
456.0    81.70898
457.0    87.46457
458.0    92.10583
459.0    90.56429
460.0    78.73581
464.0    82.61600
465.0    86.93197
466.0    79.36429
467.0    83.39250
468.0    70.51393
469.0    79.65382
471.0    71.01953
473.0    80.36112
477.0    85.80603
479.0    75.56578
481.0    83.55723
482.0    94.08271
485.0    69.32750
486.0    90.11436
487.0    84.09866
488.0    80.58934
489.0    64.33680
490.0    75.60566
491.0    85.15130
492.0    73.85527
493.0    78.34326
494.0    87.28758
495.0    85.48098
496.0    73.36084
497.0    60.25081
498.0    83.98531
499.0    65.52601
