  1.0   271.25000
  2.0    45.75000
  8.0   266.25000
 10.0    29.00000
 13.0    44.00000
 16.0   149.50000
 17.0    29.25000
 20.0   324.25000
 23.0    25.25000
 32.0   262.50000
 33.0   146.75000
 34.0    33.25000
 35.0    30.00000
 37.0    39.25000
 41.0    57.75000
 42.0   108.00000
 43.0    29.75000
 49.0   139.25000
 50.0    46.75000
 55.0   236.00000
 56.0   243.75000
 57.0    45.00000
 62.0   231.00000
 69.0   291.25000
 72.0   348.50000
 75.0   132.00000
 76.0   380.25000
 77.0    33.25000
 82.0    90.25000
 83.0   212.50000
 84.0    52.25000
 89.0   216.00000
 90.0   332.75000
 95.0    43.00000
105.0   245.50000
106.0   340.50000
107.0   247.25000
109.0    26.00000
110.0   220.00000
112.0   311.50000
113.0    44.75000
114.0   206.00000
115.0    30.50000
118.0    36.00000
119.0   257.75000
120.0   247.25000
124.0    59.50000
125.0   525.25000
126.0    54.50000
131.0   287.25000
135.0    30.50000
147.0   259.00000
148.0   171.00000
152.0   229.00000
153.0    73.00000
155.0   143.75000
157.0   293.25000
165.0    39.00000
167.0    50.25000
170.0   233.25000
173.0    41.00000
178.0   174.50000
180.0   239.50000
193.0    98.25000
198.0   220.25000
199.0   268.00000
205.0   103.75000
206.0   328.25000
208.0    71.25000
209.0    50.50000
212.0    28.00000
214.0   217.25000
215.0   283.25000
219.0   241.00000
225.0   151.25000
227.0   374.00000
228.0   338.25000
230.0   302.25000
235.0    86.25000
238.0   228.50000
239.0   143.50000
241.0    65.00000
244.0    48.00000
247.0   148.75000
259.0   216.75000
261.0    26.75000
269.0   237.75000
270.0   253.25000
271.0    59.50000
272.0    74.50000
277.0    54.25000
282.0    47.75000
287.0    67.00000
297.0   330.50000
300.0    32.00000
304.0   176.75000
308.0   297.00000
309.0   416.25000
314.0    55.75000
315.0   218.25000
326.0    33.00000
332.0   244.50000
345.0    49.50000
346.0    56.50000
347.0    34.00000
354.0   412.00000
358.0    50.25000
359.0    59.75000
365.0   191.00000
366.0   347.00000
373.0    78.50000
380.0    22.50000
390.0   244.75000
392.0    53.00000
398.0   132.00000
403.0   249.25000
411.0    29.75000
415.0   227.00000
416.0   126.25000
418.0    36.25000
419.0    38.75000
420.0   307.50000
421.0   292.75000
426.0   275.25000
431.0    33.75000
435.0   169.25000
450.0   295.50000
452.0   289.50000
461.0    55.75000
462.0   322.75000
463.0   176.25000
470.0    33.50000
472.0    84.25000
474.0   179.75000
475.0   216.25000
476.0    37.25000
478.0   220.25000
480.0    85.75000
483.0   213.50000
484.0   251.25000
500.0    59.50000
