  1.0    96.14423
  2.0    86.87337
  8.0    92.29951
 10.0    87.71025
 13.0    91.91330
 16.0    88.23438
 17.0    87.38796
 20.0    98.17642
 23.0    82.82239
 32.0    93.29468
 33.0    88.58291
 34.0    96.47574
 35.0    84.39353
 37.0    78.24189
 41.0    86.80922
 42.0    96.79214
 43.0    88.37366
 49.0    84.96069
 50.0    81.23686
 55.0    87.22803
 56.0    85.42403
 57.0    86.42265
 62.0    95.09980
 69.0    93.02393
 72.0   102.24832
 75.0    92.03421
 76.0    89.45675
 77.0    83.72946
 82.0    89.10602
 83.0    87.46379
 84.0    84.58120
 89.0   106.78327
 90.0   121.49231
 95.0    82.88474
105.0    94.23156
106.0   119.17423
107.0    92.69276
109.0    82.55470
110.0    87.65173
112.0   108.10520
113.0    88.78531
114.0    95.86743
115.0    85.84009
118.0    86.56688
119.0    88.48491
120.0    96.65654
124.0    84.33846
125.0    73.39362
126.0   108.52450
131.0    92.51855
135.0    87.13047
147.0    94.19137
148.0    89.85327
152.0    88.46486
153.0    89.51909
155.0    90.12553
157.0    94.52925
165.0    86.68069
167.0    84.27182
170.0    91.59981
173.0    87.12485
178.0    83.16295
180.0    84.62328
193.0    87.27795
198.0    92.59696
199.0    93.69804
205.0    95.83353
206.0    91.63031
208.0    91.11605
209.0    85.90506
212.0    85.48091
214.0    89.49570
215.0    89.16595
219.0    88.35652
225.0    92.61491
227.0    97.55892
228.0   100.02727
230.0    95.89946
235.0    96.77049
238.0    89.40390
239.0    91.42275
241.0    85.87933
244.0    86.21786
247.0    87.70247
259.0    87.96948
261.0    81.41254
269.0    88.64000
270.0    95.71126
271.0    85.49290
272.0    93.91961
277.0    84.04622
282.0    83.83423
287.0    89.09100
297.0    91.22568
300.0    84.32545
304.0    86.75808
308.0    91.98023
309.0    85.45687
314.0    87.03101
315.0    85.18162
326.0    84.24746
332.0    96.28135
345.0    85.96843
346.0    81.65675
347.0    81.10138
354.0    89.85386
358.0    85.24022
359.0    87.23078
365.0    96.36462
366.0   132.33045
373.0    88.70554
380.0    78.07619
390.0    95.01991
392.0    88.03637
398.0    89.25107
403.0    88.62226
411.0    81.98740
415.0   100.58787
416.0    85.95642
418.0    82.62521
419.0    87.79352
420.0    96.66467
421.0    88.98936
426.0    89.54430
431.0    84.60347
435.0    90.61128
450.0    89.14654
452.0    98.18469
461.0    84.68458
462.0    93.88880
463.0    84.01545
470.0    86.48183
472.0    90.81385
474.0    88.85175
475.0    88.80744
476.0    89.75820
478.0    93.48860
480.0    92.55940
483.0    94.94474
484.0    90.14657
500.0    85.05057
