  2.0    97.65175
  8.0    56.47548
  9.0    75.06180
 11.0    94.66906
 12.0    62.48405
 13.0    96.59545
 14.0    90.21423
 16.0    69.51433
 17.0    97.87941
 18.0    85.89008
 21.0    86.81708
 24.0    79.65163
 26.0    87.99929
 28.0    77.40178
 31.0    77.15292
 33.0    80.25636
 35.0    86.89698
 36.0    91.46025
 37.0    77.67973
 38.0    71.47071
 39.0    60.31693
 40.0    87.98045
 42.0    74.38322
 43.0    75.79825
 47.0    89.95043
 48.0    72.12901
 49.0    87.33921
 50.0    95.97782
 54.0    68.23980
 55.0    81.24126
 56.0    88.10507
 57.0    78.75986
 61.0    68.10622
 62.0    76.90201
 63.0    85.58306
 65.0    84.80928
 66.0    84.77480
 67.0    88.17705
 69.0    79.73073
 70.0    82.21170
 71.0    81.67044
 75.0    82.28927
 76.0    84.24360
 78.0    87.48503
 80.0    88.29903
 81.0    62.30657
 82.0    52.52576
 83.0    84.64177
 84.0    85.51982
 86.0    92.83430
 89.0    91.47529
 90.0    86.35919
 96.0    80.21295
 98.0    74.43164
 99.0    94.65413
100.0    85.89835
102.0    95.14420
104.0    85.43255
107.0    77.82264
108.0    91.25352
113.0    84.15743
115.0    82.02873
116.0    89.41148
118.0   100.15365
120.0    85.96443
122.0    90.98073
123.0    53.63262
125.0    84.73214
127.0    87.94213
128.0    84.39500
130.0    84.71802
137.0    92.55404
139.0    84.85256
142.0    83.55035
143.0    79.68782
146.0    81.87544
147.0    88.22307
148.0    88.03539
150.0    39.96561
152.0    46.62793
154.0    72.35444
155.0    67.48589
156.0    70.36857
157.0    82.33669
159.0    64.52837
161.0    89.21479
162.0    68.08441
163.0    85.08983
164.0    89.39199
165.0    74.04998
168.0    79.77004
170.0    66.59877
173.0    88.35403
175.0    48.84243
177.0    88.99148
178.0    56.28698
179.0    85.54724
180.0    58.10286
182.0    84.25570
183.0    90.92973
184.0    60.84337
185.0    87.03439
187.0    91.76252
188.0    70.53065
189.0    95.52043
190.0    60.49661
192.0    83.92102
193.0    83.04500
194.0    83.71283
195.0    80.67999
197.0    77.83887
201.0    72.84907
203.0    88.30779
206.0    94.99039
209.0    82.59082
210.0    84.62753
211.0    87.41004
212.0    80.18221
213.0    81.42983
215.0    77.38214
216.0    86.09500
217.0    86.64403
218.0    83.72928
219.0    90.52859
221.0    89.72991
222.0    78.68845
223.0    54.34353
224.0    59.30510
225.0    80.69487
230.0    82.86705
232.0    95.64460
234.0    85.30890
235.0    86.22053
243.0    72.03520
244.0    85.95076
245.0    60.01893
248.0    67.25753
249.0    85.81851
250.0    85.04093
251.0    56.09132
252.0    90.70625
253.0    65.22412
260.0    78.00664
261.0    62.16934
266.0    73.81517
268.0    90.37067
271.0    76.41094
272.0    74.74236
275.0    89.47819
276.0    80.84127
277.0    94.84210
278.0    58.60954
281.0    61.64063
285.0    85.06547
286.0    77.27309
288.0    71.27376
291.0    93.61047
292.0    84.86615
297.0    82.81660
298.0    85.24336
299.0    83.91038
300.0    89.85566
301.0    86.95511
304.0    76.34809
305.0    86.10448
306.0    67.58961
309.0    77.97982
310.0    95.02445
311.0    86.53735
313.0    86.55564
317.0    74.69424
318.0    76.29460
321.0    68.69919
325.0    58.97446
326.0    92.84519
328.0    75.41967
329.0    80.68693
331.0    78.80159
332.0    71.43656
333.0    65.00670
334.0    87.75123
335.0    81.10581
336.0    87.99273
340.0    86.41259
342.0    88.56524
346.0    85.76327
348.0    85.42329
350.0    47.71123
353.0    64.17221
356.0    75.90581
358.0    74.86791
359.0    87.39656
360.0    76.52291
361.0    82.60934
362.0    81.28199
364.0    82.35023
367.0    83.21477
369.0    71.44180
373.0    82.16296
374.0    77.69093
375.0    54.56380
376.0    57.06248
379.0    87.46754
381.0    84.65224
383.0    84.86761
387.0    84.90893
388.0    77.41298
389.0    85.41547
391.0    65.04342
393.0    74.12408
395.0    78.25950
396.0    83.48930
397.0    95.03937
399.0    81.02936
400.0    85.99583
402.0    81.77207
405.0    80.49180
406.0    88.44354
409.0    78.56375
411.0   102.89506
412.0    72.36989
413.0    60.77711
415.0    87.46633
416.0    84.17569
417.0    76.44415
419.0    64.51376
422.0    70.84043
423.0    61.46004
424.0    77.88492
427.0    85.52616
428.0    74.55256
429.0    86.24563
436.0    90.69394
441.0    78.11477
442.0    47.07135
444.0    68.43407
446.0    81.41172
447.0    93.08175
448.0    84.03851
459.0    75.63207
460.0    88.12667
463.0    82.11120
464.0    85.11321
466.0    61.88439
467.0    82.60152
469.0    75.73922
471.0    87.24058
472.0    78.41569
474.0    62.88871
475.0    87.29774
476.0    90.01577
477.0    84.94950
478.0    83.30340
480.0    73.87605
481.0    88.57434
483.0    81.72227
485.0    94.42391
486.0    73.47001
487.0    79.46474
488.0    77.02862
490.0    88.12634
491.0    64.69699
492.0    82.13248
493.0    91.06618
496.0    99.02538
499.0    72.54281
500.0    73.72939
