  2.0   134.50000
  8.0    76.75000
  9.0    64.50000
 11.0   249.25000
 12.0   171.50000
 13.0   137.25000
 14.0    39.50000
 16.0   179.25000
 17.0   158.50000
 18.0    45.50000
 21.0    56.50000
 24.0    63.00000
 26.0    51.25000
 28.0    47.25000
 31.0    52.25000
 33.0    44.00000
 35.0    26.00000
 36.0    42.25000
 37.0   112.25000
 38.0    44.25000
 39.0   111.25000
 40.0    26.50000
 42.0    87.00000
 43.0    24.50000
 47.0    66.75000
 48.0    67.00000
 49.0    84.50000
 50.0   293.25000
 54.0   111.75000
 55.0    58.00000
 56.0    37.25000
 57.0   141.75000
 61.0   152.25000
 62.0    72.25000
 63.0    23.75000
 65.0    78.00000
 66.0    49.25000
 67.0   216.25000
 69.0    55.75000
 70.0   128.25000
 71.0    33.50000
 75.0    58.00000
 76.0    45.00000
 78.0    55.75000
 80.0   138.00000
 81.0    72.75000
 82.0    74.50000
 83.0    55.75000
 84.0    50.50000
 86.0   309.25000
 89.0   239.00000
 90.0    28.25000
 96.0   131.00000
 98.0    68.00000
 99.0    45.25000
100.0    27.50000
102.0   311.75000
104.0    55.00000
107.0   127.00000
108.0   141.75000
113.0    54.75000
115.0   132.75000
116.0    50.00000
118.0   327.75000
120.0    77.25000
122.0   149.75000
123.0   115.25000
125.0    57.50000
127.0    60.75000
128.0    66.00000
130.0    42.25000
137.0    60.75000
139.0    45.00000
142.0    47.50000
143.0    57.50000
146.0   234.00000
147.0   223.25000
148.0   149.00000
150.0    69.00000
152.0    97.00000
154.0    57.75000
155.0    73.00000
156.0    47.25000
157.0   260.00000
159.0    57.75000
161.0    38.25000
162.0    63.75000
163.0    40.00000
164.0    39.50000
165.0    66.25000
168.0    74.00000
170.0   105.75000
173.0   357.75000
175.0   106.75000
177.0    53.75000
178.0    97.00000
179.0    52.75000
180.0   123.75000
182.0    51.75000
183.0   203.50000
184.0    64.75000
185.0    36.25000
187.0    41.25000
188.0    57.25000
189.0   236.50000
190.0    85.75000
192.0    54.75000
193.0    50.25000
194.0    55.00000
195.0    62.50000
197.0   118.50000
201.0    23.25000
203.0    56.00000
206.0   290.50000
209.0    80.25000
210.0    38.25000
211.0    32.00000
212.0   130.25000
213.0    37.25000
215.0   138.25000
216.0   213.25000
217.0   144.75000
218.0    55.50000
219.0   232.00000
221.0   244.50000
222.0    48.50000
223.0    94.75000
224.0   113.00000
225.0   228.75000
230.0    65.25000
232.0    53.50000
234.0    53.75000
235.0    49.50000
243.0   190.75000
244.0    49.75000
245.0   194.25000
248.0   257.00000
249.0    39.50000
250.0   137.25000
251.0    62.25000
252.0   269.00000
253.0    84.00000
260.0    35.00000
261.0    68.50000
266.0    82.00000
268.0   214.25000
271.0    71.25000
272.0   108.50000
275.0   145.00000
276.0    57.25000
277.0   150.00000
278.0   110.50000
281.0    83.50000
285.0    52.50000
286.0    75.25000
288.0   115.75000
291.0    95.25000
292.0    35.50000
297.0   137.25000
298.0    66.75000
299.0    73.50000
300.0    49.50000
301.0   279.75000
304.0    48.00000
305.0    60.25000
306.0    70.00000
309.0    67.50000
310.0   315.00000
311.0    47.75000
313.0    60.75000
317.0    48.50000
318.0    49.00000
321.0   119.50000
325.0    48.25000
326.0   139.75000
328.0    27.00000
329.0    99.50000
331.0    44.25000
332.0   111.75000
333.0   195.00000
334.0    43.50000
335.0   112.25000
336.0    49.75000
340.0    40.50000
342.0    53.25000
346.0    45.75000
348.0    41.00000
350.0   103.75000
353.0   114.50000
356.0   178.25000
358.0   185.00000
359.0    46.25000
360.0   191.75000
361.0    99.00000
362.0    78.25000
364.0    68.00000
367.0   141.75000
369.0    51.75000
373.0    45.50000
374.0    50.75000
375.0   100.00000
376.0    94.50000
379.0    41.00000
381.0    29.50000
383.0    61.00000
387.0    72.50000
388.0    34.75000
389.0    43.75000
391.0   164.50000
393.0   171.00000
395.0   156.50000
396.0    57.00000
397.0   255.25000
399.0   128.75000
400.0   360.50000
402.0    43.50000
405.0    59.25000
406.0   148.75000
409.0   123.50000
411.0   241.25000
412.0   121.50000
413.0   172.50000
415.0   218.00000
416.0    40.00000
417.0   300.00000
419.0   100.25000
422.0    54.50000
423.0    64.75000
424.0    76.50000
427.0    42.50000
428.0    69.75000
429.0    43.00000
436.0   248.25000
441.0   136.25000
442.0    78.00000
444.0    63.00000
446.0   151.25000
447.0   100.00000
448.0    42.50000
459.0    57.50000
460.0   271.25000
463.0    29.25000
464.0   105.50000
466.0   177.25000
467.0    41.00000
469.0   122.25000
471.0    44.75000
472.0    49.00000
474.0    86.75000
475.0   128.25000
476.0   119.00000
477.0    56.75000
478.0    63.25000
480.0   275.25000
481.0    67.25000
483.0    51.50000
485.0   286.00000
486.0    69.25000
487.0    61.75000
488.0    55.50000
490.0    42.50000
491.0   158.75000
492.0    26.50000
493.0    46.50000
496.0   141.25000
499.0    57.25000
500.0    33.00000
