  1.0    25.25000
  3.0   306.75000
  4.0    37.25000
  5.0    32.50000
  6.0    30.50000
  7.0   125.00000
 10.0    26.50000
 15.0    25.50000
 19.0   126.50000
 20.0    33.50000
 22.0   117.25000
 23.0   283.75000
 25.0   620.75000
 27.0    34.50000
 29.0    32.75000
 30.0    28.25000
 32.0    28.50000
 34.0    42.00000
 41.0    33.00000
 44.0    48.25000
 45.0    32.25000
 46.0    35.50000
 51.0    35.00000
 52.0   123.50000
 53.0   237.50000
 58.0    31.75000
 59.0    29.50000
 60.0    28.75000
 64.0    26.25000
 68.0    38.75000
 72.0    26.00000
 73.0    26.75000
 74.0    25.75000
 77.0   351.50000
 79.0   272.00000
 85.0    30.00000
 87.0    25.50000
 88.0    36.50000
 91.0    27.75000
 92.0    29.75000
 93.0    26.50000
 94.0    30.50000
 95.0   116.50000
 97.0    28.75000
101.0    45.75000
103.0    29.25000
105.0    32.50000
106.0   180.25000
109.0    30.25000
110.0   231.75000
111.0    37.75000
112.0    26.75000
114.0   220.00000
117.0   212.00000
119.0    27.25000
121.0   127.75000
124.0    43.75000
126.0   208.50000
129.0   288.25000
131.0    36.25000
132.0    28.00000
133.0   211.25000
134.0    50.00000
135.0    32.75000
136.0    42.25000
138.0   208.00000
140.0   164.75000
141.0    35.00000
144.0    25.50000
145.0    31.50000
149.0   212.00000
151.0   534.50000
153.0   126.25000
158.0    28.50000
160.0    37.25000
166.0    32.25000
167.0   129.25000
169.0    33.00000
171.0    43.75000
172.0    25.00000
174.0    33.50000
176.0   712.00000
181.0   284.75000
186.0   120.75000
191.0   640.00000
196.0   219.50000
198.0    34.50000
199.0   281.50000
200.0    50.00000
202.0    27.25000
204.0   178.25000
205.0    39.50000
207.0    30.25000
208.0   328.00000
214.0    27.25000
220.0    27.25000
226.0   207.50000
227.0   312.50000
228.0    26.75000
229.0    31.00000
231.0    59.50000
233.0    32.75000
236.0   319.50000
237.0    30.00000
238.0    25.50000
239.0   331.25000
240.0    26.00000
241.0    34.50000
242.0   115.00000
246.0    27.25000
247.0    31.50000
254.0    51.50000
255.0   922.25000
256.0    48.00000
257.0    36.25000
258.0    50.75000
259.0    23.25000
262.0    30.50000
263.0   203.25000
264.0    39.25000
265.0   332.50000
267.0    27.75000
269.0   128.50000
270.0    21.00000
273.0    27.75000
274.0    42.75000
279.0   343.00000
280.0    34.50000
282.0    27.50000
283.0    35.75000
284.0   274.00000
287.0   361.25000
289.0   453.50000
290.0    36.00000
293.0    31.25000
294.0    64.25000
295.0   225.00000
296.0    28.50000
302.0    35.25000
303.0    24.25000
307.0   231.25000
308.0    30.75000
312.0    35.75000
314.0   210.25000
315.0    40.00000
316.0    55.75000
319.0   171.50000
320.0    30.00000
322.0    56.00000
323.0    27.25000
324.0    30.25000
327.0   226.75000
330.0    27.00000
337.0    30.75000
338.0   119.75000
339.0    34.25000
341.0   132.50000
343.0    25.25000
344.0    24.25000
345.0    29.50000
347.0    55.25000
349.0    25.75000
351.0   214.25000
352.0    31.00000
354.0    30.75000
355.0    36.50000
357.0   306.75000
363.0    35.50000
365.0    35.00000
366.0    30.00000
368.0   255.00000
370.0    29.75000
371.0    24.50000
372.0   237.25000
377.0   118.75000
378.0    36.00000
380.0   366.25000
382.0    24.25000
384.0   139.25000
385.0   218.75000
386.0    35.50000
390.0    66.50000
392.0    31.00000
394.0    25.00000
398.0    23.75000
401.0    29.25000
403.0    40.25000
404.0    39.50000
407.0   224.25000
408.0    29.00000
410.0    31.50000
414.0    24.75000
418.0    31.00000
420.0    36.00000
421.0    36.50000
425.0    22.00000
426.0    31.75000
430.0    27.00000
431.0    29.00000
432.0   868.25000
433.0   123.25000
434.0    45.25000
435.0    32.50000
437.0    24.75000
438.0    23.75000
439.0    22.75000
440.0    25.75000
443.0    29.00000
445.0   127.75000
449.0    37.00000
450.0   397.00000
451.0    24.00000
452.0    23.50000
453.0    26.25000
454.0    67.50000
455.0    39.50000
456.0    24.25000
457.0    80.25000
458.0   162.75000
461.0    25.75000
462.0   141.00000
465.0   121.25000
468.0    26.00000
470.0   164.75000
473.0    36.00000
479.0   232.00000
482.0   125.75000
484.0   116.75000
489.0   229.50000
494.0   219.25000
495.0   167.00000
497.0    25.50000
498.0   153.50000
