  1.0    86.93760
  3.0    91.08522
  4.0    87.78755
  5.0    84.72374
  6.0    87.57871
  7.0    94.03277
 10.0    90.18246
 15.0    85.92599
 19.0    89.08964
 20.0    86.54360
 22.0    94.49445
 23.0    94.29370
 25.0   115.26596
 27.0    88.37043
 29.0    86.65895
 30.0    86.10364
 32.0    84.21463
 34.0    87.33206
 41.0    83.95046
 44.0    94.74883
 45.0    84.98207
 46.0   100.03812
 51.0    86.82940
 52.0    98.86109
 53.0    95.75324
 58.0    90.06387
 59.0    82.01391
 60.0    82.78538
 64.0    86.59520
 68.0    85.75106
 72.0    89.03331
 73.0    86.10444
 74.0    88.73257
 77.0    94.09515
 79.0   141.41839
 85.0    83.79233
 87.0    77.73807
 88.0    86.16657
 91.0    86.01910
 92.0    89.76940
 93.0    84.62201
 94.0    85.07514
 95.0    88.02944
 97.0    91.43778
101.0    90.54997
103.0    87.49394
105.0    87.12056
106.0   108.58490
109.0    83.67108
110.0    95.96359
111.0    86.81487
112.0    84.45417
114.0    94.70535
117.0    96.17497
119.0    75.69883
121.0   102.49320
124.0    87.30083
126.0    92.22816
129.0    98.63324
131.0    89.30212
132.0    87.99196
133.0    94.28656
134.0    88.72979
135.0    91.67788
136.0   100.36810
138.0    91.76126
140.0    91.27156
141.0    81.34104
144.0    87.14982
145.0    86.07959
149.0    92.14180
151.0   138.60818
153.0    91.42868
158.0    86.27219
160.0    89.04656
166.0    84.55667
167.0    85.76497
169.0    88.15519
171.0    85.68158
172.0    85.16627
174.0    85.32550
176.0    96.70169
181.0    93.41633
186.0    85.28033
191.0   135.91676
196.0   104.24468
198.0    80.67081
199.0    97.13688
200.0    91.41936
202.0    86.27223
204.0    93.93996
205.0    88.81737
207.0    85.53658
208.0   105.02507
214.0    86.30405
220.0    76.83107
226.0    95.72540
227.0   101.66401
228.0    89.55046
229.0    88.84869
231.0    86.40440
233.0    88.51707
236.0    99.85145
237.0    88.29421
238.0    79.30034
239.0    98.46799
240.0    84.88751
241.0    88.85896
242.0   100.61090
246.0    90.95836
247.0    80.71830
254.0    88.52546
255.0   110.13911
256.0    86.60091
257.0    85.37654
258.0    89.86276
259.0    91.50758
262.0    91.91241
263.0    89.11722
264.0    87.67232
265.0   107.89502
267.0    75.60525
269.0    87.95087
270.0    94.22578
273.0    80.43498
274.0    85.43710
279.0   103.34990
280.0    84.99765
282.0    89.12982
283.0    88.33785
284.0    96.14847
287.0   109.11103
289.0   100.13463
290.0    87.33200
293.0    85.13174
294.0    95.48356
295.0    98.06530
296.0    84.05677
302.0    80.67251
303.0    86.64067
307.0    98.89803
308.0    76.29864
312.0    85.74402
314.0    80.12908
315.0    81.78277
316.0    89.99406
319.0    97.46147
320.0    80.65285
322.0   109.16411
323.0    86.22163
324.0    80.61292
327.0    93.66664
330.0    86.33515
337.0    85.35618
338.0    97.81702
339.0    85.13609
341.0    86.22713
343.0    85.57309
344.0    86.98413
345.0    87.74162
347.0   102.36745
349.0    87.24118
351.0   134.08244
352.0    85.20935
354.0    86.55367
355.0    88.99026
357.0    98.85915
363.0    90.11247
365.0    90.73225
366.0    86.81887
368.0    99.17995
370.0    84.41092
371.0    91.57053
372.0    95.71166
377.0    83.05297
378.0    82.92370
380.0    99.40019
382.0    81.07979
384.0    86.54463
385.0    98.06654
386.0    90.54241
390.0    93.77483
392.0    84.58251
394.0    84.34913
398.0    85.22896
401.0    88.11887
403.0   101.63139
404.0    84.23729
407.0    90.44900
408.0    81.19833
410.0    85.79154
414.0    84.79155
418.0    86.74323
420.0    86.84155
421.0    90.76869
425.0    88.15963
426.0    82.95842
430.0    86.09952
431.0    81.44946
432.0   151.10737
433.0    87.98727
434.0    89.28672
435.0    85.35074
437.0    77.86584
438.0    82.84930
439.0    87.18024
440.0    89.26013
443.0    79.90669
445.0    91.18656
449.0    85.01240
450.0    97.51326
451.0    84.40971
452.0    88.86295
453.0    89.66359
454.0    89.33651
455.0    93.50448
456.0    86.13782
457.0   104.32389
458.0   106.21804
461.0    85.09807
462.0    82.69382
465.0    85.23192
468.0    82.29393
470.0    79.13886
473.0    78.15635
479.0    98.94981
482.0    86.27738
484.0    77.78294
489.0   102.41442
494.0    98.21990
495.0   102.77850
497.0    81.61727
498.0    88.62103
