0.25     0.0
0.5     0.0
0.75     0.0
1.0     0.0
1.25     0.0
1.5     0.0
1.75     0.0
2.0     0.0
2.25     0.0
2.5     0.0
2.75     0.0
3.0     0.0
3.25     0.0
3.5     0.0
3.75     0.0
4.0     0.0
4.25     0.0
4.5     0.0
4.75     0.0
5.0     0.0
5.25     0.0
5.5     0.0
5.75     0.0
6.0     0.0
6.25     0.0
6.5     0.0
6.75     0.0
7.0     0.0
7.25     0.0
7.5     0.0
7.75     0.0
8.0     0.0
8.25     0.0
8.5     0.0
8.75     0.0
9.0     0.0
9.25     0.0
9.5     0.0
9.75     0.0
10.0     0.0
10.25     0.0
10.5     0.0
10.75     0.0
11.0     0.0
11.25     0.0
11.5     0.0
11.75     0.0
12.0     0.0
12.25     0.0
12.5     0.0
12.75     0.0
13.0     0.0
13.25     0.0
13.5     0.0
13.75     0.0
14.0     0.0
14.25     0.0
14.5     0.0
14.75     0.0
15.0     0.0
15.25     0.0
15.5     0.0
15.75     0.0
16.0     0.0
16.25     0.0
16.5     0.0
16.75     0.0
17.0     0.0
17.25     0.0
17.5     0.0
17.75     0.0
18.0     0.0
18.25     0.0
18.5     0.0
18.75     0.0
19.0     0.0
19.25     0.0
19.5     0.0
19.75     0.0
20.0     0.0
20.25     0.0
20.5     0.0
20.75     0.0
21.0     0.0
21.25     0.0
21.5     0.0
21.75     0.0
22.0     0.0
22.25     0.0
22.5     0.0
22.75     0.0
23.0     0.0
23.25     0.0
23.5     0.0
23.75     0.0
24.0     0.0
24.25     0.0
24.5     0.0
24.75     0.0
25.0     0.0
25.25     0.0
25.5     0.0
25.75     0.0
26.0     0.0
26.25     0.0
26.5     0.0
26.75     0.0
27.0     0.0
27.25     0.0
27.5     0.0
27.75     0.0
28.0     0.0
28.25     0.0
28.5     0.0
28.75     0.0
29.0     0.0
29.25     0.0
29.5     0.0
29.75     0.0
30.0     0.0
30.25     0.0
30.5     0.0
30.75     0.0
31.0     0.0
31.25     0.0
31.5     0.0
31.75     0.0
32.0     0.0
32.25     0.0
32.5     0.0
32.75     0.0
33.0     0.0
33.25     0.0
33.5     0.0
33.75     0.0
34.0     0.0
34.25     0.0
34.5     0.0
34.75     0.0
35.0     0.0
35.25     0.0
35.5     0.0
35.75     0.0
36.0     0.0
36.25     0.0
36.5     0.0
36.75     0.0
37.0     0.0
37.25     0.0
37.5     0.0
37.75     0.0
38.0     0.0
38.25     0.0
38.5     0.0
38.75     0.0
39.0     0.0
39.25     0.0
39.5     0.0
39.75     0.0
40.0     0.0
40.25     0.0
40.5     0.0
40.75     0.0
41.0     0.0
41.25     0.0
41.5     0.0
41.75     0.0
42.0     0.0
42.25     0.0
42.5     0.0
42.75     0.0
43.0     0.0
43.25     0.0
43.5     0.0
43.75     0.0
44.0     0.0
44.25     0.0
44.5     0.0
44.75     0.0
45.0     0.0
45.25     0.0
45.5     0.0
45.75     0.0
46.0     0.0
46.25     0.0
46.5     0.0
46.75     0.0
47.0     0.0
47.25     0.0
47.5     0.0
47.75     0.0
48.0     0.0
48.25     0.0
48.5     0.0
48.75     0.0
49.0     0.0
49.25     0.0
49.5     0.0
49.75     0.0
50.0     0.0
50.25     0.0
50.5     0.0
50.75     0.0
51.0     0.0
51.25     0.0
51.5     0.0
51.75     0.0
52.0     0.0
52.25     0.0
52.5     0.0
52.75     0.0
53.0     0.0
53.25     0.0
53.5     0.0
53.75     0.0
54.0     0.0
54.25     0.0
54.5     0.0
54.75     0.0
55.0     0.0
55.25     0.0
55.5     0.0
55.75     0.0
56.0     0.0
56.25     0.0
56.5     0.0
56.75     0.0
57.0     0.0
57.25     0.0
57.5     0.0
57.75     0.0
58.0     0.0
58.25     0.0
58.5     0.0
58.75     0.0
59.0     0.0
59.25     0.0
59.5     0.0
59.75     0.0
60.0     0.0
60.25     0.0
60.5     0.0
60.75     0.0
61.0     0.0
61.25     0.0
61.5     0.0
61.75     0.0
62.0     0.0
62.25     0.0
62.5     0.0
62.75     0.0
63.0     0.0
63.25     0.0
63.5     0.0
63.75     0.0
64.0     0.0
64.25     0.0
64.5     0.0
64.75     0.0
65.0     0.0
65.25     0.0
65.5     0.0
65.75     0.0
66.0     0.0
66.25     0.0
66.5     0.0
66.75     0.0
67.0     0.002
67.25     0.002
67.5     0.002
67.75     0.002
68.0     0.002
68.25     0.002
68.5     0.002
68.75     0.002
69.0     0.002
69.25     0.002
69.5     0.002
69.75     0.002
70.0     0.002
70.25     0.002
70.5     0.002
70.75     0.002
71.0     0.002
71.25     0.002
71.5     0.002
71.75     0.002
72.0     0.002
72.25     0.002
72.5     0.002
72.75     0.002
73.0     0.002
73.25     0.002
73.5     0.002
73.75     0.002
74.0     0.002
74.25     0.002
74.5     0.002
74.75     0.002
75.0     0.002
75.25     0.002
75.5     0.002
75.75     0.002
76.0     0.002
76.25     0.002
76.5     0.002
76.75     0.002
77.0     0.002
77.25     0.002
77.5     0.002
77.75     0.002
78.0     0.002
78.25     0.002
78.5     0.002
78.75     0.002
79.0     0.002
79.25     0.002
79.5     0.002
79.75     0.002
80.0     0.002
80.25     0.002
80.5     0.002
80.75     0.002
81.0     0.002
81.25     0.002
81.5     0.002
81.75     0.002
82.0     0.002
82.25     0.002
82.5     0.002
82.75     0.002
83.0     0.002
83.25     0.002
83.5     0.002
83.75     0.002
84.0     0.002
84.25     0.002
84.5     0.002
84.75     0.002
85.0     0.002
85.25     0.002
85.5     0.002
85.75     0.002
86.0     0.002
86.25     0.002
86.5     0.002
86.75     0.002
87.0     0.002
87.25     0.002
87.5     0.002
87.75     0.002
88.0     0.002
88.25     0.002
88.5     0.002
88.75     0.002
89.0     0.002
89.25     0.002
89.5     0.002
89.75     0.002
90.0     0.002
90.25     0.002
90.5     0.002
90.75     0.002
91.0     0.002
91.25     0.002
91.5     0.002
91.75     0.002
92.0     0.002
92.25     0.002
92.5     0.002
92.75     0.002
93.0     0.002
93.25     0.002
93.5     0.002
93.75     0.002
94.0     0.002
94.25     0.002
94.5     0.002
94.75     0.002
95.0     0.002
95.25     0.002
95.5     0.002
95.75     0.002
96.0     0.002
96.25     0.002
96.5     0.002
96.75     0.002
97.0     0.002
97.25     0.002
97.5     0.002
97.75     0.002
98.0     0.002
98.25     0.002
98.5     0.002
98.75     0.002
99.0     0.002
99.25     0.002
99.5     0.002
99.75     0.002
100.0     0.002
100.25     0.002
100.5     0.002
100.75     0.002
101.0     0.002
101.25     0.002
101.5     0.002
101.75     0.002
102.0     0.002
102.25     0.002
102.5     0.002
102.75     0.002
103.0     0.002
103.25     0.002
103.5     0.002
103.75     0.002
104.0     0.002
104.25     0.002
104.5     0.002
104.75     0.002
105.0     0.002
105.25     0.002
105.5     0.002
105.75     0.002
106.0     0.002
106.25     0.002
106.5     0.002
106.75     0.002
107.0     0.002
107.25     0.002
107.5     0.002
107.75     0.002
108.0     0.002
108.25     0.002
108.5     0.002
108.75     0.002
109.0     0.002
109.25     0.002
109.5     0.002
109.75     0.002
110.0     0.002
110.25     0.002
110.5     0.002
110.75     0.002
111.0     0.002
111.25     0.002
111.5     0.002
111.75     0.002
112.0     0.002
112.25     0.002
112.5     0.002
112.75     0.002
113.0     0.002
113.25     0.002
113.5     0.002
113.75     0.002
114.0     0.002
114.25     0.002
114.5     0.002
114.75     0.002
115.0     0.002
115.25     0.002
115.5     0.002
115.75     0.002
116.0     0.002
116.25     0.002
116.5     0.002
116.75     0.002
117.0     0.002
117.25     0.002
117.5     0.002
117.75     0.002
118.0     0.002
118.25     0.002
118.5     0.002
118.75     0.002
119.0     0.002
119.25     0.002
119.5     0.002
119.75     0.002
120.0     0.002
120.25     0.002
120.5     0.002
120.75     0.002
121.0     0.002
121.25     0.002
121.5     0.002
121.75     0.002
122.0     0.002
122.25     0.002
122.5     0.002
122.75     0.002
123.0     0.002
123.25     0.002
123.5     0.002
123.75     0.002
124.0     0.002
124.25     0.002
124.5     0.002
124.75     0.002
125.0     0.002
125.25     0.002
125.5     0.002
125.75     0.004
126.0     0.004
126.25     0.004
126.5     0.004
126.75     0.004
127.0     0.004
127.25     0.004
127.5     0.004
127.75     0.004
128.0     0.004
128.25     0.004
128.5     0.004
128.75     0.004
129.0     0.004
129.25     0.004
129.5     0.004
129.75     0.004
130.0     0.004
130.25     0.004
130.5     0.004
130.75     0.004
131.0     0.004
131.25     0.004
131.5     0.004
131.75     0.004
132.0     0.004
132.25     0.004
132.5     0.004
132.75     0.004
133.0     0.004
133.25     0.004
133.5     0.004
133.75     0.004
134.0     0.004
134.25     0.004
134.5     0.004
134.75     0.004
135.0     0.004
135.25     0.004
135.5     0.004
135.75     0.004
136.0     0.004
136.25     0.004
136.5     0.004
136.75     0.004
137.0     0.004
137.25     0.006
137.5     0.006
137.75     0.006
138.0     0.006
138.25     0.006
138.5     0.006
138.75     0.006
139.0     0.006
139.25     0.006
139.5     0.006
139.75     0.006
140.0     0.006
140.25     0.006
140.5     0.006
140.75     0.006
141.0     0.006
141.25     0.006
141.5     0.006
141.75     0.006
142.0     0.006
142.25     0.006
142.5     0.006
142.75     0.006
143.0     0.006
143.25     0.006
143.5     0.006
143.75     0.006
144.0     0.006
144.25     0.006
144.5     0.006
144.75     0.006
145.0     0.006
145.25     0.006
145.5     0.006
145.75     0.006
146.0     0.006
146.25     0.006
146.5     0.006
146.75     0.006
147.0     0.006
147.25     0.006
147.5     0.006
147.75     0.006
148.0     0.006
148.25     0.006
148.5     0.006
148.75     0.006
149.0     0.006
149.25     0.006
149.5     0.006
149.75     0.006
150.0     0.006
150.25     0.006
150.5     0.006
150.75     0.006
151.0     0.006
151.25     0.006
151.5     0.006
151.75     0.006
152.0     0.006
152.25     0.006
152.5     0.006
152.75     0.006
153.0     0.006
153.25     0.006
153.5     0.006
153.75     0.006
154.0     0.006
154.25     0.006
154.5     0.006
154.75     0.006
155.0     0.006
155.25     0.006
155.5     0.006
155.75     0.006
156.0     0.006
156.25     0.006
156.5     0.006
156.75     0.006
157.0     0.006
157.25     0.006
157.5     0.006
157.75     0.006
158.0     0.006
158.25     0.006
158.5     0.006
158.75     0.006
159.0     0.006
159.25     0.006
159.5     0.006
159.75     0.006
160.0     0.006
160.25     0.006
160.5     0.006
160.75     0.006
161.0     0.006
161.25     0.006
161.5     0.006
161.75     0.006
162.0     0.006
162.25     0.006
162.5     0.006
162.75     0.006
163.0     0.006
163.25     0.006
163.5     0.006
163.75     0.006
164.0     0.006
164.25     0.006
164.5     0.006
164.75     0.006
165.0     0.006
165.25     0.006
165.5     0.006
165.75     0.006
166.0     0.006
166.25     0.006
166.5     0.006
166.75     0.006
167.0     0.006
167.25     0.006
167.5     0.006
167.75     0.006
168.0     0.006
168.25     0.006
168.5     0.006
168.75     0.006
169.0     0.006
169.25     0.006
169.5     0.006
169.75     0.006
170.0     0.006
170.25     0.006
170.5     0.006
170.75     0.006
171.0     0.006
171.25     0.006
171.5     0.006
171.75     0.006
172.0     0.006
172.25     0.006
172.5     0.006
172.75     0.006
173.0     0.006
173.25     0.006
173.5     0.006
173.75     0.006
174.0     0.006
174.25     0.006
174.5     0.006
174.75     0.006
175.0     0.006
175.25     0.006
175.5     0.006
175.75     0.006
176.0     0.006
176.25     0.006
176.5     0.006
176.75     0.006
177.0     0.006
177.25     0.006
177.5     0.006
177.75     0.006
178.0     0.006
178.25     0.006
178.5     0.006
178.75     0.006
179.0     0.006
179.25     0.006
179.5     0.006
179.75     0.006
180.0     0.006
180.25     0.006
180.5     0.006
180.75     0.006
181.0     0.006
181.25     0.006
181.5     0.006
181.75     0.006
182.0     0.006
182.25     0.006
182.5     0.006
182.75     0.006
183.0     0.006
183.25     0.006
183.5     0.006
183.75     0.006
184.0     0.006
184.25     0.006
184.5     0.008
184.75     0.008
185.0     0.008
185.25     0.008
185.5     0.008
185.75     0.008
186.0     0.008
186.25     0.008
186.5     0.008
186.75     0.008
187.0     0.008
187.25     0.008
187.5     0.008
187.75     0.008
188.0     0.008
188.25     0.008
188.5     0.008
188.75     0.008
189.0     0.008
189.25     0.008
189.5     0.008
189.75     0.008
190.0     0.008
190.25     0.008
190.5     0.008
190.75     0.008
191.0     0.008
191.25     0.008
191.5     0.008
191.75     0.008
192.0     0.008
192.25     0.008
192.5     0.008
192.75     0.008
193.0     0.008
193.25     0.008
193.5     0.008
193.75     0.008
194.0     0.008
194.25     0.008
194.5     0.008
194.75     0.008
195.0     0.008
195.25     0.008
195.5     0.008
195.75     0.008
196.0     0.008
196.25     0.008
196.5     0.008
196.75     0.008
197.0     0.008
197.25     0.008
197.5     0.01
197.75     0.01
198.0     0.01
198.25     0.01
198.5     0.01
198.75     0.01
199.0     0.01
199.25     0.01
199.5     0.01
199.75     0.01
200.0     0.012
200.25     0.012
200.5     0.012
200.75     0.012
201.0     0.012
201.25     0.012
201.5     0.012
201.75     0.012
202.0     0.012
202.25     0.012
202.5     0.012
202.75     0.012
203.0     0.012
203.25     0.012
203.5     0.012
203.75     0.012
204.0     0.012
204.25     0.014
204.5     0.014
204.75     0.014
205.0     0.014
205.25     0.014
205.5     0.014
205.75     0.014
206.0     0.014
206.25     0.014
206.5     0.014
206.75     0.014
207.0     0.014
207.25     0.014
207.5     0.014
207.75     0.014
208.0     0.016
208.25     0.016
208.5     0.016
208.75     0.016
209.0     0.016
209.25     0.016
209.5     0.016
209.75     0.016
210.0     0.016
210.25     0.016
210.5     0.016
210.75     0.016
211.0     0.016
211.25     0.016
211.5     0.016
211.75     0.018
212.0     0.018
212.25     0.018
212.5     0.018
212.75     0.018
213.0     0.018
213.25     0.018
213.5     0.018
213.75     0.018
214.0     0.018
214.25     0.018
214.5     0.018
214.75     0.018
215.0     0.018
215.25     0.018
215.5     0.018
215.75     0.018
216.0     0.018
216.25     0.018
216.5     0.018
216.75     0.018
217.0     0.018
217.25     0.018
217.5     0.02
217.75     0.02
218.0     0.02
218.25     0.02
218.5     0.02
218.75     0.02
219.0     0.02
219.25     0.02
219.5     0.02
219.75     0.024
220.0     0.024
220.25     0.024
220.5     0.024
220.75     0.024
221.0     0.024
221.25     0.024
221.5     0.024
221.75     0.024
222.0     0.024
222.25     0.024
222.5     0.024
222.75     0.024
223.0     0.024
223.25     0.026
223.5     0.026
223.75     0.026
224.0     0.026
224.25     0.026
224.5     0.026
224.75     0.026
225.0     0.026
225.25     0.026
225.5     0.026
225.75     0.028
226.0     0.028
226.25     0.028
226.5     0.028
226.75     0.028
227.0     0.028
227.25     0.028
227.5     0.028
227.75     0.028
228.0     0.028
228.25     0.028
228.5     0.028
228.75     0.028
229.0     0.028
229.25     0.03
229.5     0.03
229.75     0.03
230.0     0.03
230.25     0.03
230.5     0.032
230.75     0.032
231.0     0.032
231.25     0.032
231.5     0.032
231.75     0.032
232.0     0.034
232.25     0.034
232.5     0.034
232.75     0.034
233.0     0.034
233.25     0.034
233.5     0.034
233.75     0.034
234.0     0.034
234.25     0.034
234.5     0.034
234.75     0.034
235.0     0.036
235.25     0.036
235.5     0.036
235.75     0.036
236.0     0.036
236.25     0.036
236.5     0.036
236.75     0.036
237.0     0.036
237.25     0.036
237.5     0.036
237.75     0.036
238.0     0.036
238.25     0.036
238.5     0.036
238.75     0.036
239.0     0.036
239.25     0.036
239.5     0.036
239.75     0.036
240.0     0.036
240.25     0.036
240.5     0.036
240.75     0.036
241.0     0.038
241.25     0.038
241.5     0.038
241.75     0.038
242.0     0.038
242.25     0.038
242.5     0.04
242.75     0.04
243.0     0.04
243.25     0.042
243.5     0.042
243.75     0.042
244.0     0.042
244.25     0.042
244.5     0.042
244.75     0.042
245.0     0.042
245.25     0.042
245.5     0.042
245.75     0.044
246.0     0.044
246.25     0.044
246.5     0.044
246.75     0.044
247.0     0.044
247.25     0.044
247.5     0.044
247.75     0.046
248.0     0.046
248.25     0.046
248.5     0.046
248.75     0.046
249.0     0.046
249.25     0.046
249.5     0.046
249.75     0.046
250.0     0.046
250.25     0.046
250.5     0.046
250.75     0.046
251.0     0.046
251.25     0.046
251.5     0.046
251.75     0.046
252.0     0.046
252.25     0.046
252.5     0.046
252.75     0.046
253.0     0.046
253.25     0.046
253.5     0.046
253.75     0.046
254.0     0.046
254.25     0.046
254.5     0.046
254.75     0.046
255.0     0.046
255.25     0.046
255.5     0.046
255.75     0.048
256.0     0.048
256.25     0.048
256.5     0.05
256.75     0.05
257.0     0.05
257.25     0.05
257.5     0.05
257.75     0.05
258.0     0.052
258.25     0.052
258.5     0.052
258.75     0.052
259.0     0.052
259.25     0.054
259.5     0.054
259.75     0.054
260.0     0.054
260.25     0.054
260.5     0.054
260.75     0.054
261.0     0.054
261.25     0.054
261.5     0.054
261.75     0.054
262.0     0.054
262.25     0.054
262.5     0.054
262.75     0.054
263.0     0.054
263.25     0.054
263.5     0.054
263.75     0.054
264.0     0.054
264.25     0.054
264.5     0.056
264.75     0.056
265.0     0.056
265.25     0.058
265.5     0.058
265.75     0.058
266.0     0.058
266.25     0.058
266.5     0.058
266.75     0.06
267.0     0.06
267.25     0.06
267.5     0.062
267.75     0.064
268.0     0.064
268.25     0.066
268.5     0.066
268.75     0.064
269.0     0.064
269.25     0.066
269.5     0.066
269.75     0.066
270.0     0.066
270.25     0.066
270.5     0.066
270.75     0.066
271.0     0.066
271.25     0.068
271.5     0.068
271.75     0.07
272.0     0.07
272.25     0.07
272.5     0.07
272.75     0.072
273.0     0.072
273.25     0.072
273.5     0.074
273.75     0.074
274.0     0.076
274.25     0.076
274.5     0.076
274.75     0.076
275.0     0.078
275.25     0.078
275.5     0.078
275.75     0.078
276.0     0.082
276.25     0.082
276.5     0.08
276.75     0.08
277.0     0.08
277.25     0.08
277.5     0.082
277.75     0.082
278.0     0.082
278.25     0.082
278.5     0.084
278.75     0.086
279.0     0.086
279.25     0.086
279.5     0.086
279.75     0.086
280.0     0.086
280.25     0.086
280.5     0.088
280.75     0.088
281.0     0.088
281.25     0.088
281.5     0.092
281.75     0.094
282.0     0.096
282.25     0.096
282.5     0.096
282.75     0.096
283.0     0.096
283.25     0.096
283.5     0.1
283.75     0.1
284.0     0.1
284.25     0.102
284.5     0.102
284.75     0.104
285.0     0.106
285.25     0.106
285.5     0.106
285.75     0.108
286.0     0.108
286.25     0.108
286.5     0.108
286.75     0.108
287.0     0.11
287.25     0.114
287.5     0.114
287.75     0.114
288.0     0.116
288.25     0.116
288.5     0.116
288.75     0.116
289.0     0.114
289.25     0.118
289.5     0.122
289.75     0.122
290.0     0.122
290.25     0.124
290.5     0.124
290.75     0.124
291.0     0.128
291.25     0.128
291.5     0.128
291.75     0.128
292.0     0.126
292.25     0.126
292.5     0.126
292.75     0.128
293.0     0.13
293.25     0.13
293.5     0.13
293.75     0.13
294.0     0.132
294.25     0.132
294.5     0.132
294.75     0.134
295.0     0.136
295.25     0.136
295.5     0.136
295.75     0.136
296.0     0.136
296.25     0.136
296.5     0.138
296.75     0.136
297.0     0.136
297.25     0.136
297.5     0.136
297.75     0.136
298.0     0.138
298.25     0.138
298.5     0.138
298.75     0.138
299.0     0.138
299.25     0.138
299.5     0.138
299.75     0.138
300.0     0.138
300.25     0.138
300.5     0.138
300.75     0.138
301.0     0.14
301.25     0.14
301.5     0.14
301.75     0.14
302.0     0.14
302.25     0.142
302.5     0.142
302.75     0.142
303.0     0.144
303.25     0.144
303.5     0.144
303.75     0.146
304.0     0.146
304.25     0.146
304.5     0.146
304.75     0.148
305.0     0.15
305.25     0.15
305.5     0.15
305.75     0.15
306.0     0.15
306.25     0.152
306.5     0.152
306.75     0.152
307.0     0.152
307.25     0.152
307.5     0.152
307.75     0.152
308.0     0.152
308.25     0.154
308.5     0.154
308.75     0.152
309.0     0.152
309.25     0.154
309.5     0.154
309.75     0.154
310.0     0.154
310.25     0.154
310.5     0.154
310.75     0.154
311.0     0.154
311.25     0.154
311.5     0.154
311.75     0.154
312.0     0.154
312.25     0.156
312.5     0.156
312.75     0.156
313.0     0.158
313.25     0.16
313.5     0.16
313.75     0.16
314.0     0.16
314.25     0.16
314.5     0.16
314.75     0.16
315.0     0.16
315.25     0.16
315.5     0.16
315.75     0.16
316.0     0.162
316.25     0.164
316.5     0.162
316.75     0.168
317.0     0.168
317.25     0.168
317.5     0.168
317.75     0.168
318.0     0.168
318.25     0.168
318.5     0.168
318.75     0.168
319.0     0.17
319.25     0.17
319.5     0.17
319.75     0.17
320.0     0.172
320.25     0.172
320.5     0.172
320.75     0.176
321.0     0.178
321.25     0.182
321.5     0.182
321.75     0.182
322.0     0.182
322.25     0.182
322.5     0.182
322.75     0.184
323.0     0.186
323.25     0.186
323.5     0.188
323.75     0.188
324.0     0.188
324.25     0.188
324.5     0.188
324.75     0.19
325.0     0.19
325.25     0.19
325.5     0.19
325.75     0.19
326.0     0.19
326.25     0.19
326.5     0.192
326.75     0.19
327.0     0.19
327.25     0.192
327.5     0.194
327.75     0.196
328.0     0.196
328.25     0.196
328.5     0.196
328.75     0.196
329.0     0.198
329.25     0.2
329.5     0.2
329.75     0.204
330.0     0.204
330.25     0.208
330.5     0.214
330.75     0.214
331.0     0.212
331.25     0.212
331.5     0.212
331.75     0.212
332.0     0.212
332.25     0.216
332.5     0.22
332.75     0.216
333.0     0.216
333.25     0.218
333.5     0.22
333.75     0.22
334.0     0.22
334.25     0.222
334.5     0.224
334.75     0.224
335.0     0.224
335.25     0.224
335.5     0.226
335.75     0.226
336.0     0.228
336.25     0.228
336.5     0.23
336.75     0.23
337.0     0.23
337.25     0.23
337.5     0.232
337.75     0.234
338.0     0.236
338.25     0.236
338.5     0.236
338.75     0.236
339.0     0.236
339.25     0.236
339.5     0.236
339.75     0.236
340.0     0.238
340.25     0.24
340.5     0.242
340.75     0.242
341.0     0.242
341.25     0.244
341.5     0.246
341.75     0.248
342.0     0.25
342.25     0.25
342.5     0.25
342.75     0.252
343.0     0.252
343.25     0.254
343.5     0.256
343.75     0.256
344.0     0.256
344.25     0.256
344.5     0.26
344.75     0.26
345.0     0.26
345.25     0.26
345.5     0.26
345.75     0.262
346.0     0.262
346.25     0.262
346.5     0.262
346.75     0.264
347.0     0.264
347.25     0.264
347.5     0.264
347.75     0.264
348.0     0.264
348.25     0.264
348.5     0.264
348.75     0.264
349.0     0.264
349.25     0.264
349.5     0.264
349.75     0.268
350.0     0.27
350.25     0.27
350.5     0.27
350.75     0.27
351.0     0.27
351.25     0.27
351.5     0.27
351.75     0.27
352.0     0.27
352.25     0.27
352.5     0.27
352.75     0.272
353.0     0.274
353.25     0.276
353.5     0.278
353.75     0.278
354.0     0.278
354.25     0.278
354.5     0.28
354.75     0.28
355.0     0.282
355.25     0.282
355.5     0.284
355.75     0.284
356.0     0.286
356.25     0.286
356.5     0.288
356.75     0.288
357.0     0.29
357.25     0.29
357.5     0.29
357.75     0.292
358.0     0.294
358.25     0.294
358.5     0.296
358.75     0.296
359.0     0.296
359.25     0.296
359.5     0.296
359.75     0.296
360.0     0.296
360.25     0.296
360.5     0.296
360.75     0.296
361.0     0.296
361.25     0.298
361.5     0.298
361.75     0.3
362.0     0.3
362.25     0.3
362.5     0.3
362.75     0.3
363.0     0.3
363.25     0.302
363.5     0.304
363.75     0.304
364.0     0.304
364.25     0.304
364.5     0.304
364.75     0.304
365.0     0.304
365.25     0.306
365.5     0.306
365.75     0.306
366.0     0.306
366.25     0.308
366.5     0.308
366.75     0.308
367.0     0.314
367.25     0.316
367.5     0.316
367.75     0.316
368.0     0.316
368.25     0.316
368.5     0.316
368.75     0.318
369.0     0.318
369.25     0.318
369.5     0.318
369.75     0.322
370.0     0.322
370.25     0.32
370.5     0.324
370.75     0.324
371.0     0.324
371.25     0.324
371.5     0.324
371.75     0.324
372.0     0.324
372.25     0.324
372.5     0.324
372.75     0.322
373.0     0.322
373.25     0.324
373.5     0.324
373.75     0.326
374.0     0.326
374.25     0.326
374.5     0.326
374.75     0.326
375.0     0.326
375.25     0.326
375.5     0.326
375.75     0.326
376.0     0.33
376.25     0.33
376.5     0.332
376.75     0.332
377.0     0.332
377.25     0.334
377.5     0.334
377.75     0.334
378.0     0.338
378.25     0.338
378.5     0.338
378.75     0.34
379.0     0.348
379.25     0.348
379.5     0.348
379.75     0.35
380.0     0.35
380.25     0.35
380.5     0.352
380.75     0.352
381.0     0.352
381.25     0.352
381.5     0.352
381.75     0.358
382.0     0.36
382.25     0.362
382.5     0.364
382.75     0.362
383.0     0.362
383.25     0.364
383.5     0.366
383.75     0.366
384.0     0.364
384.25     0.372
384.5     0.372
384.75     0.372
385.0     0.372
385.25     0.376
385.5     0.38
385.75     0.382
386.0     0.386
386.25     0.388
386.5     0.388
386.75     0.39
387.0     0.392
387.25     0.394
387.5     0.396
387.75     0.396
388.0     0.396
388.25     0.4
388.5     0.402
388.75     0.404
389.0     0.406
389.25     0.406
389.5     0.406
389.75     0.406
390.0     0.408
390.25     0.41
390.5     0.41
390.75     0.41
391.0     0.412
391.25     0.412
391.5     0.416
391.75     0.418
392.0     0.418
392.25     0.42
392.5     0.42
392.75     0.42
393.0     0.42
393.25     0.42
393.5     0.42
393.75     0.42
394.0     0.42
394.25     0.42
394.5     0.42
394.75     0.424
395.0     0.424
395.25     0.424
395.5     0.424
395.75     0.424
396.0     0.424
396.25     0.424
396.5     0.428
396.75     0.428
397.0     0.428
397.25     0.43
397.5     0.43
397.75     0.43
398.0     0.43
398.25     0.434
398.5     0.434
398.75     0.436
399.0     0.438
399.25     0.438
399.5     0.44
399.75     0.442
400.0     0.442
400.25     0.444
400.5     0.446
400.75     0.448
401.0     0.448
401.25     0.448
401.5     0.45
401.75     0.45
402.0     0.454
402.25     0.454
402.5     0.456
402.75     0.458
403.0     0.458
403.25     0.458
403.5     0.458
403.75     0.458
404.0     0.458
404.25     0.458
404.5     0.458
404.75     0.46
405.0     0.46
405.25     0.46
405.5     0.462
405.75     0.464
406.0     0.464
406.25     0.464
406.5     0.466
406.75     0.466
407.0     0.466
407.25     0.468
407.5     0.47
407.75     0.47
408.0     0.472
408.25     0.474
408.5     0.478
408.75     0.476
409.0     0.478
409.25     0.478
409.5     0.478
409.75     0.478
410.0     0.48
410.25     0.482
410.5     0.482
410.75     0.486
411.0     0.486
411.25     0.486
411.5     0.486
411.75     0.488
412.0     0.488
412.25     0.488
412.5     0.488
412.75     0.488
413.0     0.488
413.25     0.488
413.5     0.49
413.75     0.492
414.0     0.492
414.25     0.492
414.5     0.492
414.75     0.494
415.0     0.496
415.25     0.496
415.5     0.498
415.75     0.5
416.0     0.5
416.25     0.5
416.5     0.502
416.75     0.504
417.0     0.506
417.25     0.506
417.5     0.506
417.75     0.506
418.0     0.508
418.25     0.508
418.5     0.508
418.75     0.508
419.0     0.51
419.25     0.51
419.5     0.51
419.75     0.51
420.0     0.51
420.25     0.51
420.5     0.512
420.75     0.514
421.0     0.516
421.25     0.518
421.5     0.518
421.75     0.522
422.0     0.522
422.25     0.522
422.5     0.522
422.75     0.522
423.0     0.526
423.25     0.526
423.5     0.528
423.75     0.53
424.0     0.53
424.25     0.53
424.5     0.53
424.75     0.53
425.0     0.53
425.25     0.53
425.5     0.53
425.75     0.53
426.0     0.53
426.25     0.532
426.5     0.532
426.75     0.532
427.0     0.534
427.25     0.536
427.5     0.536
427.75     0.536
428.0     0.536
428.25     0.538
428.5     0.538
428.75     0.542
429.0     0.542
429.25     0.544
429.5     0.544
429.75     0.548
430.0     0.548
430.25     0.548
430.5     0.546
430.75     0.546
431.0     0.546
431.25     0.548
431.5     0.548
431.75     0.556
432.0     0.558
432.25     0.558
432.5     0.56
432.75     0.562
433.0     0.562
433.25     0.562
433.5     0.562
433.75     0.562
434.0     0.564
434.25     0.564
434.5     0.564
434.75     0.564
435.0     0.566
435.25     0.57
435.5     0.572
435.75     0.572
436.0     0.572
436.25     0.574
436.5     0.574
436.75     0.574
437.0     0.576
437.25     0.578
437.5     0.578
437.75     0.576
438.0     0.576
438.25     0.578
438.5     0.58
438.75     0.58
439.0     0.582
439.25     0.584
439.5     0.586
439.75     0.586
440.0     0.586
440.25     0.588
440.5     0.59
440.75     0.592
441.0     0.592
441.25     0.594
441.5     0.592
441.75     0.594
442.0     0.594
442.25     0.594
442.5     0.594
442.75     0.596
443.0     0.596
443.25     0.596
443.5     0.596
443.75     0.596
444.0     0.596
444.25     0.596
444.5     0.598
444.75     0.598
445.0     0.598
445.25     0.598
445.5     0.598
445.75     0.598
446.0     0.598
446.25     0.6
446.5     0.6
446.75     0.6
447.0     0.602
447.25     0.604
447.5     0.604
447.75     0.604
448.0     0.604
448.25     0.604
448.5     0.606
448.75     0.606
449.0     0.606
449.25     0.606
449.5     0.606
449.75     0.606
450.0     0.606
450.25     0.606
450.5     0.606
450.75     0.606
451.0     0.606
451.25     0.608
451.5     0.608
451.75     0.61
452.0     0.612
452.25     0.612
452.5     0.612
452.75     0.612
453.0     0.612
453.25     0.612
453.5     0.612
453.75     0.612
454.0     0.612
454.25     0.612
454.5     0.614
454.75     0.614
455.0     0.614
455.25     0.614
455.5     0.616
455.75     0.616
456.0     0.616
456.25     0.616
456.5     0.616
456.75     0.616
457.0     0.616
457.25     0.622
457.5     0.624
457.75     0.624
458.0     0.624
458.25     0.624
458.5     0.626
458.75     0.628
459.0     0.628
459.25     0.628
459.5     0.628
459.75     0.628
460.0     0.626
460.25     0.626
460.5     0.628
460.75     0.628
461.0     0.63
461.25     0.63
461.5     0.63
461.75     0.63
462.0     0.63
462.25     0.63
462.5     0.63
462.75     0.63
463.0     0.63
463.25     0.63
463.5     0.63
463.75     0.632
464.0     0.632
464.25     0.632
464.5     0.632
464.75     0.632
465.0     0.632
465.25     0.634
465.5     0.634
465.75     0.632
466.0     0.632
466.25     0.632
466.5     0.632
466.75     0.632
467.0     0.632
467.25     0.634
467.5     0.634
467.75     0.636
468.0     0.636
468.25     0.638
468.5     0.64
468.75     0.64
469.0     0.64
469.25     0.64
469.5     0.642
469.75     0.644
470.0     0.648
470.25     0.648
470.5     0.648
470.75     0.65
471.0     0.654
471.25     0.654
471.5     0.656
471.75     0.658
472.0     0.66
472.25     0.658
472.5     0.658
472.75     0.658
473.0     0.66
473.25     0.66
473.5     0.66
473.75     0.662
474.0     0.664
474.25     0.664
474.5     0.664
474.75     0.664
475.0     0.664
475.25     0.664
475.5     0.664
475.75     0.664
476.0     0.664
476.25     0.664
476.5     0.664
476.75     0.664
477.0     0.666
477.25     0.666
477.5     0.666
477.75     0.666
478.0     0.666
478.25     0.668
478.5     0.668
478.75     0.666
479.0     0.666
479.25     0.666
479.5     0.666
479.75     0.666
480.0     0.666
480.25     0.668
480.5     0.668
480.75     0.668
481.0     0.67
481.25     0.67
481.5     0.672
481.75     0.674
482.0     0.674
482.25     0.674
482.5     0.674
482.75     0.674
483.0     0.674
483.25     0.674
483.5     0.676
483.75     0.676
484.0     0.676
484.25     0.676
484.5     0.674
484.75     0.674
485.0     0.678
485.25     0.678
485.5     0.678
485.75     0.68
486.0     0.68
486.25     0.68
486.5     0.68
486.75     0.68
487.0     0.68
487.25     0.682
487.5     0.682
487.75     0.682
488.0     0.682
488.25     0.682
488.5     0.682
488.75     0.682
489.0     0.684
489.25     0.686
489.5     0.686
489.75     0.69
490.0     0.69
490.25     0.69
490.5     0.69
490.75     0.692
491.0     0.692
491.25     0.692
491.5     0.692
491.75     0.692
492.0     0.692
492.25     0.692
492.5     0.692
492.75     0.692
493.0     0.692
493.25     0.692
493.5     0.692
493.75     0.694
494.0     0.694
494.25     0.694
494.5     0.696
494.75     0.696
495.0     0.698
495.25     0.698
495.5     0.698
495.75     0.698
496.0     0.7
496.25     0.7
496.5     0.702
496.75     0.706
497.0     0.706
497.25     0.706
497.5     0.708
497.75     0.708
498.0     0.708
498.25     0.708
498.5     0.71
498.75     0.71
499.0     0.71
499.25     0.71
499.5     0.71
499.75     0.71
500.0     0.71
500.25     0.71
500.5     0.71
500.75     0.712
501.0     0.712
501.25     0.712
501.5     0.712
501.75     0.712
502.0     0.712
502.25     0.714
502.5     0.714
502.75     0.714
503.0     0.714
503.25     0.714
503.5     0.714
503.75     0.714
504.0     0.714
504.25     0.712
504.5     0.712
504.75     0.714
505.0     0.714
505.25     0.716
505.5     0.718
505.75     0.718
506.0     0.718
506.25     0.718
506.5     0.718
506.75     0.718
507.0     0.718
507.25     0.72
507.5     0.722
507.75     0.722
508.0     0.722
508.25     0.724
508.5     0.726
508.75     0.728
509.0     0.728
509.25     0.728
509.5     0.728
509.75     0.728
510.0     0.73
510.25     0.732
510.5     0.73
510.75     0.73
511.0     0.73
511.25     0.732
511.5     0.732
511.75     0.732
512.0     0.732
512.25     0.734
512.5     0.734
512.75     0.734
513.0     0.736
513.25     0.738
513.5     0.738
513.75     0.738
514.0     0.738
514.25     0.738
514.5     0.738
514.75     0.738
515.0     0.738
515.25     0.738
515.5     0.738
515.75     0.738
516.0     0.74
516.25     0.74
516.5     0.74
516.75     0.74
517.0     0.74
517.25     0.74
517.5     0.74
517.75     0.74
518.0     0.74
518.25     0.742
518.5     0.744
518.75     0.746
519.0     0.746
519.25     0.746
519.5     0.746
519.75     0.746
520.0     0.746
520.25     0.746
520.5     0.746
520.75     0.748
521.0     0.748
521.25     0.748
521.5     0.748
521.75     0.75
522.0     0.752
522.25     0.752
522.5     0.752
522.75     0.754
523.0     0.754
523.25     0.754
523.5     0.754
523.75     0.754
524.0     0.752
524.25     0.752
524.5     0.754
524.75     0.754
525.0     0.758
525.25     0.758
525.5     0.758
525.75     0.76
526.0     0.76
526.25     0.762
526.5     0.762
526.75     0.762
527.0     0.766
527.25     0.768
527.5     0.768
527.75     0.768
528.0     0.768
528.25     0.77
528.5     0.77
528.75     0.77
529.0     0.77
529.25     0.77
529.5     0.77
529.75     0.772
530.0     0.772
530.25     0.772
530.5     0.772
530.75     0.774
531.0     0.774
531.25     0.776
531.5     0.776
531.75     0.776
532.0     0.776
532.25     0.776
532.5     0.78
532.75     0.78
533.0     0.78
533.25     0.78
533.5     0.78
533.75     0.782
534.0     0.782
534.25     0.784
534.5     0.784
534.75     0.784
535.0     0.784
535.25     0.784
535.5     0.784
535.75     0.784
536.0     0.786
536.25     0.786
536.5     0.786
536.75     0.788
537.0     0.788
537.25     0.788
537.5     0.788
537.75     0.788
538.0     0.788
538.25     0.788
538.5     0.788
538.75     0.788
539.0     0.788
539.25     0.788
539.5     0.788
539.75     0.788
540.0     0.788
540.25     0.788
540.5     0.788
540.75     0.788
541.0     0.788
541.25     0.788
541.5     0.788
541.75     0.788
542.0     0.788
542.25     0.788
542.5     0.79
542.75     0.79
543.0     0.79
543.25     0.79
543.5     0.792
543.75     0.792
544.0     0.792
544.25     0.792
544.5     0.794
544.75     0.794
545.0     0.794
545.25     0.796
545.5     0.796
545.75     0.796
546.0     0.798
546.25     0.798
546.5     0.798
546.75     0.798
547.0     0.798
547.25     0.8
547.5     0.8
547.75     0.8
548.0     0.8
548.25     0.8
548.5     0.8
548.75     0.8
549.0     0.8
549.25     0.8
549.5     0.802
549.75     0.802
550.0     0.802
550.25     0.804
550.5     0.804
550.75     0.804
551.0     0.802
551.25     0.802
551.5     0.802
551.75     0.802
552.0     0.802
552.25     0.802
552.5     0.802
552.75     0.802
553.0     0.802
553.25     0.804
553.5     0.804
553.75     0.804
554.0     0.804
554.25     0.804
554.5     0.804
554.75     0.804
555.0     0.804
555.25     0.806
555.5     0.806
555.75     0.806
556.0     0.806
556.25     0.806
556.5     0.806
556.75     0.806
557.0     0.808
557.25     0.808
557.5     0.808
557.75     0.808
558.0     0.808
558.25     0.808
558.5     0.808
558.75     0.808
559.0     0.808
559.25     0.808
559.5     0.808
559.75     0.808
560.0     0.808
560.25     0.808
560.5     0.808
560.75     0.81
561.0     0.81
561.25     0.81
561.5     0.81
561.75     0.81
562.0     0.812
562.25     0.812
562.5     0.812
562.75     0.812
563.0     0.812
563.25     0.812
563.5     0.812
563.75     0.812
564.0     0.812
564.25     0.812
564.5     0.812
564.75     0.812
565.0     0.812
565.25     0.812
565.5     0.814
565.75     0.816
566.0     0.816
566.25     0.816
566.5     0.818
566.75     0.818
567.0     0.82
567.25     0.82
567.5     0.82
567.75     0.82
568.0     0.82
568.25     0.82
568.5     0.82
568.75     0.82
569.0     0.82
569.25     0.82
569.5     0.824
569.75     0.824
570.0     0.824
570.25     0.824
570.5     0.824
570.75     0.824
571.0     0.824
571.25     0.824
571.5     0.824
571.75     0.824
572.0     0.824
572.25     0.824
572.5     0.824
572.75     0.824
573.0     0.824
573.25     0.824
573.5     0.824
573.75     0.824
574.0     0.824
574.25     0.824
574.5     0.824
574.75     0.824
575.0     0.824
575.25     0.824
575.5     0.824
575.75     0.824
576.0     0.824
576.25     0.824
576.5     0.824
576.75     0.824
577.0     0.824
577.25     0.826
577.5     0.826
577.75     0.826
578.0     0.828
578.25     0.828
578.5     0.828
578.75     0.828
579.0     0.828
579.25     0.828
579.5     0.828
579.75     0.83
580.0     0.83
580.25     0.83
580.5     0.83
580.75     0.832
581.0     0.832
581.25     0.832
581.5     0.83
581.75     0.83
582.0     0.83
582.25     0.83
582.5     0.83
582.75     0.83
583.0     0.832
583.25     0.832
583.5     0.832
583.75     0.832
584.0     0.832
584.25     0.832
584.5     0.832
584.75     0.832
585.0     0.832
585.25     0.834
585.5     0.834
585.75     0.834
586.0     0.834
586.25     0.834
586.5     0.836
586.75     0.836
587.0     0.836
587.25     0.838
587.5     0.84
587.75     0.84
588.0     0.84
588.25     0.84
588.5     0.842
588.75     0.844
589.0     0.844
589.25     0.844
589.5     0.844
589.75     0.844
590.0     0.844
590.25     0.842
590.5     0.842
590.75     0.844
591.0     0.844
591.25     0.844
591.5     0.844
591.75     0.844
592.0     0.844
592.25     0.842
592.5     0.842
592.75     0.842
593.0     0.842
593.25     0.844
593.5     0.844
593.75     0.844
594.0     0.844
594.25     0.844
594.5     0.844
594.75     0.844
595.0     0.844
595.25     0.844
595.5     0.844
595.75     0.844
596.0     0.844
596.25     0.846
596.5     0.846
596.75     0.846
597.0     0.846
597.25     0.846
597.5     0.846
597.75     0.846
598.0     0.846
598.25     0.846
598.5     0.846
598.75     0.846
599.0     0.846
599.25     0.848
599.5     0.848
599.75     0.848
600.0     0.848
600.25     0.85
600.5     0.85
600.75     0.85
601.0     0.852
601.25     0.854
601.5     0.854
601.75     0.854
602.0     0.854
602.25     0.856
602.5     0.858
602.75     0.858
603.0     0.858
603.25     0.856
603.5     0.856
603.75     0.856
604.0     0.858
604.25     0.858
604.5     0.858
604.75     0.858
605.0     0.858
605.25     0.858
605.5     0.858
605.75     0.858
606.0     0.86
606.25     0.86
606.5     0.86
606.75     0.86
607.0     0.86
607.25     0.86
607.5     0.86
607.75     0.86
608.0     0.86
608.25     0.86
608.5     0.86
608.75     0.86
609.0     0.86
609.25     0.86
609.5     0.86
609.75     0.86
610.0     0.86
610.25     0.86
610.5     0.862
610.75     0.864
611.0     0.864
611.25     0.864
611.5     0.864
611.75     0.864
612.0     0.864
612.25     0.864
612.5     0.864
612.75     0.864
613.0     0.864
613.25     0.864
613.5     0.864
613.75     0.864
614.0     0.864
614.25     0.864
614.5     0.864
614.75     0.864
615.0     0.864
615.25     0.864
615.5     0.864
615.75     0.864
616.0     0.864
616.25     0.864
616.5     0.864
616.75     0.864
617.0     0.864
617.25     0.864
617.5     0.864
617.75     0.864
618.0     0.864
618.25     0.864
618.5     0.864
618.75     0.864
619.0     0.866
619.25     0.866
619.5     0.866
619.75     0.866
620.0     0.866
620.25     0.866
620.5     0.866
620.75     0.866
621.0     0.866
621.25     0.866
621.5     0.866
621.75     0.866
622.0     0.868
622.25     0.868
622.5     0.868
622.75     0.868
623.0     0.868
623.25     0.87
623.5     0.87
623.75     0.87
624.0     0.87
624.25     0.87
624.5     0.87
624.75     0.87
625.0     0.87
625.25     0.87
625.5     0.87
625.75     0.87
626.0     0.87
626.25     0.87
626.5     0.87
626.75     0.87
627.0     0.87
627.25     0.87
627.5     0.87
627.75     0.87
628.0     0.87
628.25     0.872
628.5     0.874
628.75     0.874
629.0     0.874
629.25     0.874
629.5     0.874
629.75     0.874
630.0     0.874
630.25     0.874
630.5     0.876
630.75     0.876
631.0     0.876
631.25     0.876
631.5     0.876
631.75     0.876
632.0     0.876
632.25     0.876
632.5     0.876
632.75     0.876
633.0     0.876
633.25     0.876
633.5     0.876
633.75     0.876
634.0     0.876
634.25     0.876
634.5     0.876
634.75     0.878
635.0     0.878
635.25     0.878
635.5     0.878
635.75     0.878
636.0     0.878
636.25     0.882
636.5     0.882
636.75     0.884
637.0     0.884
637.25     0.884
637.5     0.89
637.75     0.89
638.0     0.89
638.25     0.89
638.5     0.89
638.75     0.89
639.0     0.89
639.25     0.892
639.5     0.892
639.75     0.892
640.0     0.892
640.25     0.892
640.5     0.892
640.75     0.892
641.0     0.892
641.25     0.892
641.5     0.892
641.75     0.892
642.0     0.892
642.25     0.892
642.5     0.892
642.75     0.892
643.0     0.892
643.25     0.892
643.5     0.892
643.75     0.892
644.0     0.892
644.25     0.892
644.5     0.892
644.75     0.892
645.0     0.892
645.25     0.892
645.5     0.892
645.75     0.892
646.0     0.892
646.25     0.894
646.5     0.894
646.75     0.894
647.0     0.894
647.25     0.894
647.5     0.894
647.75     0.894
648.0     0.894
648.25     0.894
648.5     0.896
648.75     0.896
649.0     0.896
649.25     0.896
649.5     0.896
649.75     0.896
650.0     0.896
650.25     0.896
650.5     0.896
650.75     0.898
651.0     0.898
651.25     0.898
651.5     0.898
651.75     0.898
652.0     0.898
652.25     0.898
652.5     0.898
652.75     0.898
653.0     0.898
653.25     0.898
653.5     0.898
653.75     0.898
654.0     0.898
654.25     0.898
654.5     0.898
654.75     0.898
655.0     0.898
655.25     0.898
655.5     0.898
655.75     0.898
656.0     0.9
656.25     0.9
656.5     0.9
656.75     0.9
657.0     0.9
657.25     0.902
657.5     0.902
657.75     0.902
658.0     0.902
658.25     0.902
658.5     0.902
658.75     0.902
659.0     0.902
659.25     0.902
659.5     0.902
659.75     0.902
660.0     0.902
660.25     0.902
660.5     0.902
660.75     0.902
661.0     0.902
661.25     0.902
661.5     0.902
661.75     0.902
662.0     0.902
662.25     0.902
662.5     0.904
662.75     0.904
663.0     0.906
663.25     0.906
663.5     0.906
663.75     0.908
664.0     0.908
664.25     0.908
664.5     0.908
664.75     0.908
665.0     0.91
665.25     0.91
665.5     0.91
665.75     0.91
666.0     0.91
666.25     0.91
666.5     0.912
666.75     0.912
667.0     0.912
667.25     0.912
667.5     0.912
667.75     0.912
668.0     0.912
668.25     0.912
668.5     0.912
668.75     0.912
669.0     0.912
669.25     0.912
669.5     0.912
669.75     0.912
670.0     0.912
670.25     0.912
670.5     0.912
670.75     0.912
671.0     0.912
671.25     0.912
671.5     0.912
671.75     0.912
672.0     0.912
672.25     0.912
672.5     0.912
672.75     0.912
673.0     0.912
673.25     0.912
673.5     0.912
673.75     0.912
674.0     0.912
674.25     0.912
674.5     0.912
674.75     0.912
675.0     0.912
675.25     0.912
675.5     0.912
675.75     0.912
676.0     0.912
676.25     0.912
676.5     0.914
676.75     0.914
677.0     0.914
677.25     0.914
677.5     0.914
677.75     0.912
678.0     0.912
678.25     0.912
678.5     0.912
678.75     0.912
679.0     0.912
679.25     0.912
679.5     0.912
679.75     0.912
680.0     0.914
680.25     0.914
680.5     0.914
680.75     0.914
681.0     0.914
681.25     0.914
681.5     0.914
681.75     0.914
682.0     0.914
682.25     0.914
682.5     0.914
682.75     0.914
683.0     0.914
683.25     0.914
683.5     0.914
683.75     0.914
684.0     0.914
684.25     0.914
684.5     0.914
684.75     0.914
685.0     0.916
685.25     0.916
685.5     0.916
685.75     0.916
686.0     0.916
686.25     0.916
686.5     0.918
686.75     0.918
687.0     0.918
687.25     0.918
687.5     0.918
687.75     0.918
688.0     0.918
688.25     0.918
688.5     0.918
688.75     0.918
689.0     0.918
689.25     0.918
689.5     0.918
689.75     0.918
690.0     0.918
690.25     0.918
690.5     0.918
690.75     0.918
691.0     0.918
691.25     0.918
691.5     0.918
691.75     0.92
692.0     0.92
692.25     0.92
692.5     0.922
692.75     0.922
693.0     0.922
693.25     0.922
693.5     0.922
693.75     0.922
694.0     0.92
694.25     0.92
694.5     0.92
694.75     0.92
695.0     0.92
695.25     0.922
695.5     0.922
695.75     0.922
696.0     0.922
696.25     0.922
696.5     0.922
696.75     0.922
697.0     0.922
697.25     0.922
697.5     0.922
697.75     0.922
698.0     0.922
698.25     0.922
698.5     0.922
698.75     0.922
699.0     0.922
699.25     0.922
699.5     0.922
699.75     0.922
700.0     0.922
700.25     0.922
700.5     0.922
700.75     0.922
701.0     0.922
701.25     0.922
701.5     0.922
701.75     0.922
702.0     0.922
702.25     0.922
702.5     0.922
702.75     0.922
703.0     0.922
703.25     0.922
703.5     0.922
703.75     0.922
704.0     0.922
704.25     0.922
704.5     0.922
704.75     0.922
705.0     0.922
705.25     0.922
705.5     0.922
705.75     0.922
706.0     0.922
706.25     0.922
706.5     0.922
706.75     0.922
707.0     0.922
707.25     0.922
707.5     0.922
707.75     0.922
708.0     0.922
708.25     0.922
708.5     0.922
708.75     0.922
709.0     0.922
709.25     0.922
709.5     0.922
709.75     0.922
710.0     0.922
710.25     0.922
710.5     0.922
710.75     0.922
711.0     0.922
711.25     0.922
711.5     0.924
711.75     0.924
712.0     0.924
712.25     0.924
712.5     0.924
712.75     0.924
713.0     0.924
713.25     0.924
713.5     0.924
713.75     0.924
714.0     0.924
714.25     0.924
714.5     0.924
714.75     0.924
715.0     0.924
715.25     0.924
715.5     0.924
715.75     0.924
716.0     0.924
716.25     0.924
716.5     0.924
716.75     0.924
717.0     0.924
717.25     0.924
717.5     0.924
717.75     0.924
718.0     0.924
718.25     0.924
718.5     0.924
718.75     0.926
719.0     0.926
719.25     0.926
719.5     0.926
719.75     0.926
720.0     0.928
720.25     0.928
720.5     0.928
720.75     0.928
721.0     0.928
721.25     0.928
721.5     0.928
721.75     0.928
722.0     0.928
722.25     0.928
722.5     0.928
722.75     0.928
723.0     0.93
723.25     0.93
723.5     0.932
723.75     0.934
724.0     0.934
724.25     0.934
724.5     0.934
724.75     0.934
725.0     0.934
725.25     0.934
725.5     0.934
725.75     0.934
726.0     0.934
726.25     0.934
726.5     0.934
726.75     0.934
727.0     0.934
727.25     0.934
727.5     0.932
727.75     0.932
728.0     0.932
728.25     0.932
728.5     0.932
728.75     0.932
729.0     0.932
729.25     0.932
729.5     0.932
729.75     0.932
730.0     0.932
730.25     0.932
730.5     0.934
730.75     0.934
731.0     0.934
731.25     0.934
731.5     0.934
731.75     0.934
732.0     0.934
732.25     0.934
732.5     0.934
732.75     0.934
733.0     0.934
733.25     0.934
733.5     0.934
733.75     0.934
734.0     0.934
734.25     0.934
734.5     0.934
734.75     0.934
735.0     0.934
735.25     0.934
735.5     0.934
735.75     0.934
736.0     0.934
736.25     0.934
736.5     0.934
736.75     0.934
737.0     0.936
737.25     0.936
737.5     0.936
737.75     0.936
738.0     0.936
738.25     0.936
738.5     0.936
738.75     0.936
739.0     0.936
739.25     0.936
739.5     0.936
739.75     0.936
740.0     0.936
740.25     0.936
740.5     0.936
740.75     0.936
741.0     0.936
741.25     0.936
741.5     0.936
741.75     0.936
742.0     0.936
742.25     0.936
742.5     0.936
742.75     0.936
743.0     0.936
743.25     0.936
743.5     0.936
743.75     0.936
744.0     0.936
744.25     0.936
744.5     0.938
744.75     0.94
745.0     0.94
745.25     0.94
745.5     0.94
745.75     0.94
746.0     0.94
746.25     0.94
746.5     0.94
746.75     0.94
747.0     0.94
747.25     0.94
747.5     0.94
747.75     0.94
748.0     0.94
748.25     0.94
748.5     0.94
748.75     0.94
749.0     0.94
749.25     0.94
749.5     0.94
749.75     0.94
750.0     0.94
750.25     0.94
750.5     0.94
750.75     0.94
751.0     0.94
751.25     0.94
751.5     0.94
751.75     0.94
752.0     0.94
752.25     0.94
752.5     0.94
752.75     0.94
753.0     0.94
753.25     0.94
753.5     0.94
753.75     0.94
754.0     0.94
754.25     0.94
754.5     0.942
754.75     0.942
755.0     0.942
755.25     0.942
755.5     0.942
755.75     0.942
756.0     0.942
756.25     0.942
756.5     0.942
756.75     0.942
757.0     0.942
757.25     0.942
757.5     0.942
757.75     0.942
758.0     0.942
758.25     0.942
758.5     0.942
758.75     0.942
759.0     0.942
759.25     0.942
759.5     0.942
759.75     0.942
760.0     0.942
760.25     0.942
760.5     0.942
760.75     0.942
761.0     0.942
761.25     0.942
761.5     0.942
761.75     0.942
762.0     0.942
762.25     0.942
762.5     0.942
762.75     0.942
763.0     0.942
763.25     0.942
763.5     0.942
763.75     0.942
764.0     0.942
764.25     0.942
764.5     0.942
764.75     0.942
765.0     0.942
765.25     0.942
765.5     0.942
765.75     0.942
766.0     0.942
766.25     0.942
766.5     0.942
766.75     0.942
767.0     0.942
767.25     0.942
767.5     0.942
767.75     0.944
768.0     0.944
768.25     0.944
768.5     0.944
768.75     0.944
769.0     0.944
769.25     0.944
769.5     0.944
769.75     0.944
770.0     0.944
770.25     0.944
770.5     0.944
770.75     0.944
771.0     0.944
771.25     0.944
771.5     0.944
771.75     0.944
772.0     0.944
772.25     0.944
772.5     0.944
772.75     0.944
773.0     0.944
773.25     0.944
773.5     0.944
773.75     0.944
774.0     0.944
774.25     0.944
774.5     0.944
774.75     0.944
775.0     0.944
775.25     0.944
775.5     0.944
775.75     0.944
776.0     0.944
776.25     0.944
776.5     0.944
776.75     0.944
777.0     0.944
777.25     0.944
777.5     0.944
777.75     0.944
778.0     0.944
778.25     0.944
778.5     0.944
778.75     0.944
779.0     0.944
779.25     0.944
779.5     0.944
779.75     0.944
780.0     0.944
780.25     0.944
780.5     0.944
780.75     0.944
781.0     0.944
781.25     0.944
781.5     0.944
781.75     0.944
782.0     0.944
782.25     0.944
782.5     0.944
782.75     0.944
783.0     0.944
783.25     0.944
783.5     0.944
783.75     0.944
784.0     0.944
784.25     0.944
784.5     0.944
784.75     0.944
785.0     0.944
785.25     0.944
785.5     0.944
785.75     0.944
786.0     0.944
786.25     0.944
786.5     0.944
786.75     0.944
787.0     0.944
787.25     0.944
787.5     0.944
787.75     0.944
788.0     0.944
788.25     0.944
788.5     0.944
788.75     0.944
789.0     0.944
789.25     0.944
789.5     0.944
789.75     0.944
790.0     0.944
790.25     0.944
790.5     0.944
790.75     0.944
791.0     0.944
791.25     0.944
791.5     0.944
791.75     0.946
792.0     0.946
792.25     0.946
792.5     0.946
792.75     0.946
793.0     0.946
793.25     0.946
793.5     0.946
793.75     0.946
794.0     0.946
794.25     0.946
794.5     0.946
794.75     0.946
795.0     0.946
795.25     0.946
795.5     0.946
795.75     0.946
796.0     0.946
796.25     0.946
796.5     0.946
796.75     0.946
797.0     0.946
797.25     0.946
797.5     0.946
797.75     0.946
798.0     0.946
798.25     0.946
798.5     0.946
798.75     0.946
799.0     0.946
799.25     0.946
799.5     0.946
799.75     0.946
800.0     0.946
800.25     0.946
800.5     0.946
800.75     0.946
801.0     0.946
801.25     0.946
801.5     0.946
801.75     0.946
802.0     0.946
802.25     0.946
802.5     0.946
802.75     0.948
803.0     0.948
803.25     0.948
803.5     0.948
803.75     0.948
804.0     0.948
804.25     0.948
804.5     0.948
804.75     0.948
805.0     0.948
805.25     0.948
805.5     0.948
805.75     0.948
806.0     0.948
806.25     0.948
806.5     0.948
806.75     0.948
807.0     0.948
807.25     0.948
807.5     0.948
807.75     0.948
808.0     0.948
808.25     0.948
808.5     0.948
808.75     0.948
809.0     0.948
809.25     0.948
809.5     0.948
809.75     0.948
810.0     0.948
810.25     0.95
810.5     0.95
810.75     0.95
811.0     0.95
811.25     0.95
811.5     0.95
811.75     0.95
812.0     0.95
812.25     0.95
812.5     0.95
812.75     0.95
813.0     0.95
813.25     0.95
813.5     0.95
813.75     0.95
814.0     0.95
814.25     0.95
814.5     0.95
814.75     0.95
815.0     0.95
815.25     0.95
815.5     0.95
815.75     0.95
816.0     0.95
816.25     0.95
816.5     0.95
816.75     0.95
817.0     0.95
817.25     0.95
817.5     0.95
817.75     0.95
818.0     0.95
818.25     0.95
818.5     0.95
818.75     0.95
819.0     0.95
819.25     0.95
819.5     0.95
819.75     0.95
820.0     0.95
820.25     0.95
820.5     0.95
820.75     0.95
821.0     0.95
821.25     0.95
821.5     0.95
821.75     0.95
822.0     0.95
822.25     0.95
822.5     0.95
822.75     0.95
823.0     0.95
823.25     0.95
823.5     0.95
823.75     0.95
824.0     0.95
824.25     0.95
824.5     0.95
824.75     0.95
825.0     0.95
825.25     0.952
825.5     0.954
825.75     0.954
826.0     0.954
826.25     0.954
826.5     0.954
826.75     0.954
827.0     0.954
827.25     0.954
827.5     0.954
827.75     0.954
828.0     0.954
828.25     0.954
828.5     0.954
828.75     0.954
829.0     0.954
829.25     0.954
829.5     0.954
829.75     0.954
830.0     0.954
830.25     0.952
830.5     0.952
830.75     0.952
831.0     0.952
831.25     0.952
831.5     0.952
831.75     0.952
832.0     0.952
832.25     0.952
832.5     0.952
832.75     0.952
833.0     0.952
833.25     0.954
833.5     0.954
833.75     0.954
834.0     0.954
834.25     0.954
834.5     0.954
834.75     0.954
835.0     0.954
835.25     0.954
835.5     0.954
835.75     0.954
836.0     0.954
836.25     0.954
836.5     0.954
836.75     0.954
837.0     0.954
837.25     0.954
837.5     0.954
837.75     0.954
838.0     0.954
838.25     0.954
838.5     0.954
838.75     0.954
839.0     0.954
839.25     0.954
839.5     0.954
839.75     0.954
840.0     0.954
840.25     0.954
840.5     0.954
840.75     0.954
841.0     0.954
841.25     0.954
841.5     0.954
841.75     0.954
842.0     0.954
842.25     0.954
842.5     0.954
842.75     0.954
843.0     0.954
843.25     0.954
843.5     0.954
843.75     0.954
844.0     0.954
844.25     0.954
844.5     0.954
844.75     0.954
845.0     0.956
845.25     0.956
845.5     0.956
845.75     0.956
846.0     0.956
846.25     0.956
846.5     0.956
846.75     0.956
847.0     0.956
847.25     0.956
847.5     0.956
847.75     0.956
848.0     0.956
848.25     0.956
848.5     0.956
848.75     0.956
849.0     0.956
849.25     0.956
849.5     0.956
849.75     0.956
850.0     0.956
850.25     0.956
850.5     0.956
850.75     0.956
851.0     0.956
851.25     0.956
851.5     0.956
851.75     0.956
852.0     0.956
852.25     0.956
852.5     0.956
852.75     0.956
853.0     0.956
853.25     0.956
853.5     0.956
853.75     0.956
854.0     0.956
854.25     0.956
854.5     0.956
854.75     0.956
855.0     0.956
855.25     0.956
855.5     0.956
855.75     0.956
856.0     0.956
856.25     0.956
856.5     0.956
856.75     0.956
857.0     0.956
857.25     0.956
857.5     0.956
857.75     0.956
858.0     0.958
858.25     0.958
858.5     0.958
858.75     0.958
859.0     0.958
859.25     0.958
859.5     0.958
859.75     0.958
860.0     0.958
860.25     0.958
860.5     0.958
860.75     0.958
861.0     0.958
861.25     0.958
861.5     0.958
861.75     0.958
862.0     0.958
862.25     0.96
862.5     0.96
862.75     0.96
863.0     0.96
863.25     0.96
863.5     0.96
863.75     0.96
864.0     0.96
864.25     0.96
864.5     0.96
864.75     0.96
865.0     0.96
865.25     0.96
865.5     0.96
865.75     0.96
866.0     0.96
866.25     0.96
866.5     0.96
866.75     0.96
867.0     0.96
867.25     0.96
867.5     0.96
867.75     0.96
868.0     0.96
868.25     0.96
868.5     0.96
868.75     0.96
869.0     0.96
869.25     0.96
869.5     0.96
869.75     0.96
870.0     0.96
870.25     0.96
870.5     0.96
870.75     0.96
871.0     0.96
871.25     0.96
871.5     0.96
871.75     0.96
872.0     0.962
872.25     0.962
872.5     0.962
872.75     0.962
873.0     0.962
873.25     0.962
873.5     0.962
873.75     0.962
874.0     0.964
874.25     0.964
874.5     0.964
874.75     0.964
875.0     0.964
875.25     0.966
875.5     0.966
875.75     0.966
876.0     0.966
876.25     0.966
876.5     0.966
876.75     0.966
877.0     0.966
877.25     0.966
877.5     0.966
877.75     0.966
878.0     0.966
878.25     0.966
878.5     0.966
878.75     0.966
879.0     0.966
879.25     0.966
879.5     0.966
879.75     0.966
880.0     0.966
880.25     0.966
880.5     0.966
880.75     0.966
881.0     0.966
881.25     0.966
881.5     0.966
881.75     0.966
882.0     0.966
882.25     0.966
882.5     0.966
882.75     0.966
883.0     0.966
883.25     0.966
883.5     0.966
883.75     0.966
884.0     0.966
884.25     0.966
884.5     0.966
884.75     0.966
885.0     0.966
885.25     0.966
885.5     0.966
885.75     0.966
886.0     0.966
886.25     0.966
886.5     0.966
886.75     0.966
887.0     0.966
887.25     0.966
887.5     0.966
887.75     0.966
888.0     0.966
888.25     0.968
888.5     0.968
888.75     0.968
889.0     0.968
889.25     0.968
889.5     0.968
889.75     0.968
890.0     0.968
890.25     0.968
890.5     0.968
890.75     0.968
891.0     0.968
891.25     0.968
891.5     0.968
891.75     0.968
892.0     0.968
892.25     0.968
892.5     0.968
892.75     0.968
893.0     0.968
893.25     0.968
893.5     0.968
893.75     0.968
894.0     0.968
894.25     0.968
894.5     0.968
894.75     0.97
895.0     0.97
895.25     0.97
895.5     0.97
895.75     0.97
896.0     0.97
896.25     0.97
896.5     0.97
896.75     0.97
897.0     0.97
897.25     0.97
897.5     0.97
897.75     0.97
898.0     0.97
898.25     0.97
898.5     0.97
898.75     0.97
899.0     0.97
899.25     0.97
899.5     0.97
899.75     0.97
900.0     0.97
900.25     0.97
900.5     0.97
900.75     0.97
901.0     0.97
901.25     0.97
901.5     0.97
901.75     0.97
902.0     0.97
902.25     0.97
902.5     0.97
902.75     0.97
903.0     0.97
903.25     0.97
903.5     0.97
903.75     0.97
904.0     0.97
904.25     0.97
904.5     0.97
904.75     0.97
905.0     0.97
905.25     0.97
905.5     0.97
905.75     0.97
906.0     0.97
906.25     0.97
906.5     0.97
906.75     0.97
907.0     0.97
907.25     0.97
907.5     0.97
907.75     0.97
908.0     0.97
908.25     0.97
908.5     0.97
908.75     0.97
909.0     0.97
909.25     0.97
909.5     0.97
909.75     0.97
910.0     0.97
910.25     0.97
910.5     0.97
910.75     0.97
911.0     0.97
911.25     0.97
911.5     0.97
911.75     0.97
912.0     0.97
912.25     0.97
912.5     0.97
912.75     0.97
913.0     0.97
913.25     0.97
913.5     0.97
913.75     0.97
914.0     0.97
914.25     0.97
914.5     0.97
914.75     0.97
915.0     0.97
915.25     0.97
915.5     0.97
915.75     0.97
916.0     0.97
916.25     0.97
916.5     0.97
916.75     0.97
917.0     0.97
917.25     0.97
917.5     0.97
917.75     0.97
918.0     0.97
918.25     0.97
918.5     0.97
918.75     0.97
919.0     0.97
919.25     0.97
919.5     0.97
919.75     0.97
920.0     0.97
920.25     0.97
920.5     0.97
920.75     0.97
921.0     0.97
921.25     0.97
921.5     0.97
921.75     0.97
922.0     0.97
922.25     0.97
922.5     0.97
922.75     0.97
923.0     0.97
923.25     0.97
923.5     0.97
923.75     0.97
924.0     0.97
924.25     0.97
924.5     0.97
924.75     0.97
925.0     0.97
925.25     0.97
925.5     0.97
925.75     0.97
926.0     0.97
926.25     0.97
926.5     0.97
926.75     0.97
927.0     0.97
927.25     0.97
927.5     0.97
927.75     0.97
928.0     0.97
928.25     0.97
928.5     0.97
928.75     0.97
929.0     0.97
929.25     0.97
929.5     0.97
929.75     0.97
930.0     0.97
930.25     0.97
930.5     0.97
930.75     0.97
931.0     0.97
931.25     0.97
931.5     0.97
931.75     0.97
932.0     0.97
932.25     0.97
932.5     0.97
932.75     0.97
933.0     0.97
933.25     0.97
933.5     0.97
933.75     0.97
934.0     0.97
934.25     0.97
934.5     0.97
934.75     0.97
935.0     0.97
935.25     0.97
935.5     0.97
935.75     0.97
936.0     0.97
936.25     0.97
936.5     0.97
936.75     0.97
937.0     0.97
937.25     0.97
937.5     0.97
937.75     0.97
938.0     0.97
938.25     0.97
938.5     0.97
938.75     0.97
939.0     0.97
939.25     0.97
939.5     0.97
939.75     0.97
940.0     0.97
940.25     0.97
940.5     0.97
940.75     0.97
941.0     0.97
941.25     0.97
941.5     0.97
941.75     0.97
942.0     0.97
942.25     0.97
942.5     0.97
942.75     0.97
943.0     0.97
943.25     0.97
943.5     0.97
943.75     0.97
944.0     0.97
944.25     0.97
944.5     0.97
944.75     0.97
945.0     0.97
945.25     0.97
945.5     0.97
945.75     0.97
946.0     0.97
946.25     0.97
946.5     0.97
946.75     0.97
947.0     0.97
947.25     0.97
947.5     0.97
947.75     0.97
948.0     0.97
948.25     0.97
948.5     0.97
948.75     0.97
949.0     0.97
949.25     0.97
949.5     0.97
949.75     0.97
950.0     0.97
950.25     0.97
950.5     0.97
950.75     0.97
951.0     0.97
951.25     0.97
951.5     0.97
951.75     0.97
952.0     0.972
952.25     0.972
952.5     0.972
952.75     0.972
953.0     0.972
953.25     0.972
953.5     0.972
953.75     0.972
954.0     0.972
954.25     0.972
954.5     0.972
954.75     0.972
955.0     0.972
955.25     0.972
955.5     0.972
955.75     0.972
956.0     0.972
956.25     0.974
956.5     0.974
956.75     0.974
957.0     0.974
957.25     0.974
957.5     0.974
957.75     0.974
958.0     0.974
958.25     0.974
958.5     0.974
958.75     0.974
959.0     0.974
959.25     0.974
959.5     0.974
959.75     0.974
960.0     0.974
960.25     0.974
960.5     0.974
960.75     0.974
961.0     0.974
961.25     0.974
961.5     0.974
961.75     0.974
962.0     0.974
962.25     0.974
962.5     0.974
962.75     0.974
963.0     0.974
963.25     0.974
963.5     0.974
963.75     0.974
964.0     0.974
964.25     0.974
964.5     0.974
964.75     0.974
965.0     0.974
965.25     0.974
965.5     0.974
965.75     0.974
966.0     0.974
966.25     0.974
966.5     0.974
966.75     0.974
967.0     0.974
967.25     0.974
967.5     0.974
967.75     0.974
968.0     0.974
968.25     0.974
968.5     0.974
968.75     0.974
969.0     0.974
969.25     0.974
969.5     0.974
969.75     0.974
970.0     0.974
970.25     0.974
970.5     0.974
970.75     0.974
971.0     0.974
971.25     0.974
971.5     0.974
971.75     0.974
972.0     0.974
972.25     0.974
972.5     0.974
972.75     0.974
973.0     0.974
973.25     0.974
973.5     0.974
973.75     0.974
974.0     0.974
974.25     0.974
974.5     0.974
974.75     0.974
975.0     0.974
975.25     0.974
975.5     0.974
975.75     0.974
976.0     0.974
976.25     0.974
976.5     0.974
976.75     0.974
977.0     0.974
977.25     0.974
977.5     0.974
977.75     0.974
978.0     0.974
978.25     0.974
978.5     0.974
978.75     0.974
979.0     0.974
979.25     0.974
979.5     0.974
979.75     0.974
980.0     0.974
980.25     0.974
980.5     0.974
980.75     0.972
981.0     0.972
981.25     0.972
981.5     0.972
981.75     0.972
982.0     0.972
982.25     0.972
982.5     0.972
982.75     0.972
983.0     0.972
983.25     0.972
983.5     0.972
983.75     0.972
984.0     0.972
984.25     0.972
984.5     0.972
984.75     0.972
985.0     0.972
985.25     0.972
985.5     0.972
985.75     0.972
986.0     0.972
986.25     0.972
986.5     0.972
986.75     0.972
987.0     0.972
987.25     0.972
987.5     0.972
987.75     0.972
988.0     0.972
988.25     0.972
988.5     0.972
988.75     0.972
989.0     0.972
989.25     0.972
989.5     0.972
989.75     0.972
990.0     0.972
990.25     0.972
990.5     0.972
990.75     0.972
991.0     0.972
991.25     0.972
991.5     0.972
991.75     0.972
992.0     0.972
992.25     0.972
992.5     0.972
992.75     0.972
993.0     0.972
993.25     0.972
993.5     0.972
993.75     0.972
994.0     0.972
994.25     0.972
994.5     0.972
994.75     0.972
995.0     0.972
995.25     0.972
995.5     0.972
995.75     0.972
996.0     0.972
996.25     0.972
996.5     0.972
996.75     0.972
997.0     0.972
997.25     0.972
997.5     0.972
997.75     0.972
998.0     0.972
998.25     0.972
998.5     0.972
998.75     0.972
999.0     0.972
999.25     0.972
999.5     0.972
999.75     0.972
1000.0     0.972
