0.25     1.0
0.5     1.0
0.75     1.0
1.0     1.0
1.25     1.0
1.5     1.0
1.75     1.0
2.0     1.0
2.25     1.0
2.5     1.0
2.75     1.0
3.0     1.0
3.25     1.0
3.5     1.0
3.75     1.0
4.0     1.0
4.25     1.0
4.5     1.0
4.75     1.0
5.0     1.0
5.25     1.0
5.5     1.0
5.75     1.0
6.0     1.0
6.25     1.0
6.5     1.0
6.75     1.0
7.0     1.0
7.25     1.0
7.5     1.0
7.75     1.0
8.0     1.0
8.25     1.0
8.5     1.0
8.75     1.0
9.0     1.0
9.25     1.0
9.5     1.0
9.75     1.0
10.0     1.0
10.25     1.0
10.5     1.0
10.75     1.0
11.0     1.0
11.25     1.0
11.5     1.0
11.75     1.0
12.0     1.0
12.25     1.0
12.5     1.0
12.75     1.0
13.0     1.0
13.25     1.0
13.5     1.0
13.75     1.0
14.0     1.0
14.25     1.0
14.5     1.0
14.75     1.0
15.0     1.0
15.25     1.0
15.5     1.0
15.75     1.0
16.0     1.0
16.25     1.0
16.5     1.0
16.75     1.0
17.0     1.0
17.25     1.0
17.5     1.0
17.75     1.0
18.0     1.0
18.25     1.0
18.5     1.0
18.75     1.0
19.0     1.0
19.25     1.0
19.5     1.0
19.75     1.0
20.0     1.0
20.25     1.0
20.5     1.0
20.75     1.0
21.0     1.0
21.25     1.0
21.5     1.0
21.75     1.0
22.0     1.0
22.25     1.0
22.5     1.0
22.75     1.0
23.0     1.0
23.25     1.0
23.5     1.0
23.75     1.0
24.0     1.0
24.25     1.0
24.5     1.0
24.75     1.0
25.0     1.0
25.25     1.0
25.5     1.0
25.75     1.0
26.0     1.0
26.25     1.0
26.5     1.0
26.75     1.0
27.0     1.0
27.25     1.0
27.5     1.0
27.75     1.0
28.0     1.0
28.25     1.0
28.5     1.0
28.75     1.0
29.0     1.0
29.25     1.0
29.5     1.0
29.75     1.0
30.0     1.0
30.25     1.0
30.5     1.0
30.75     1.0
31.0     1.0
31.25     1.0
31.5     1.0
31.75     1.0
32.0     1.0
32.25     1.0
32.5     1.0
32.75     1.0
33.0     1.0
33.25     1.0
33.5     1.0
33.75     1.0
34.0     1.0
34.25     1.0
34.5     1.0
34.75     1.0
35.0     1.0
35.25     1.0
35.5     1.0
35.75     1.0
36.0     1.0
36.25     1.0
36.5     1.0
36.75     1.0
37.0     1.0
37.25     1.0
37.5     1.0
37.75     1.0
38.0     1.0
38.25     1.0
38.5     1.0
38.75     1.0
39.0     1.0
39.25     1.0
39.5     1.0
39.75     1.0
40.0     1.0
40.25     1.0
40.5     1.0
40.75     1.0
41.0     1.0
41.25     1.0
41.5     1.0
41.75     1.0
42.0     1.0
42.25     1.0
42.5     1.0
42.75     1.0
43.0     1.0
43.25     1.0
43.5     1.0
43.75     1.0
44.0     1.0
44.25     1.0
44.5     1.0
44.75     1.0
45.0     1.0
45.25     1.0
45.5     1.0
45.75     1.0
46.0     1.0
46.25     1.0
46.5     1.0
46.75     1.0
47.0     1.0
47.25     1.0
47.5     1.0
47.75     1.0
48.0     1.0
48.25     1.0
48.5     1.0
48.75     1.0
49.0     1.0
49.25     1.0
49.5     1.0
49.75     1.0
50.0     1.0
50.25     1.0
50.5     1.0
50.75     1.0
51.0     1.0
51.25     1.0
51.5     1.0
51.75     1.0
52.0     1.0
52.25     1.0
52.5     1.0
52.75     1.0
53.0     1.0
53.25     1.0
53.5     1.0
53.75     1.0
54.0     1.0
54.25     1.0
54.5     1.0
54.75     1.0
55.0     1.0
55.25     1.0
55.5     1.0
55.75     1.0
56.0     1.0
56.25     1.0
56.5     1.0
56.75     1.0
57.0     1.0
57.25     1.0
57.5     1.0
57.75     1.0
58.0     1.0
58.25     1.0
58.5     1.0
58.75     1.0
59.0     1.0
59.25     1.0
59.5     1.0
59.75     1.0
60.0     1.0
60.25     1.0
60.5     1.0
60.75     1.0
61.0     1.0
61.25     1.0
61.5     1.0
61.75     1.0
62.0     1.0
62.25     1.0
62.5     1.0
62.75     1.0
63.0     1.0
63.25     1.0
63.5     1.0
63.75     1.0
64.0     1.0
64.25     1.0
64.5     1.0
64.75     1.0
65.0     1.0
65.25     1.0
65.5     1.0
65.75     1.0
66.0     1.0
66.25     1.0
66.5     1.0
66.75     1.0
67.0     0.998
67.25     0.998
67.5     0.998
67.75     0.998
68.0     0.998
68.25     0.998
68.5     0.998
68.75     0.998
69.0     0.998
69.25     0.998
69.5     0.998
69.75     0.998
70.0     0.998
70.25     0.998
70.5     0.998
70.75     0.998
71.0     0.998
71.25     0.998
71.5     0.998
71.75     0.998
72.0     0.998
72.25     0.998
72.5     0.998
72.75     0.998
73.0     0.998
73.25     0.998
73.5     0.998
73.75     0.998
74.0     0.998
74.25     0.998
74.5     0.998
74.75     0.998
75.0     0.998
75.25     0.998
75.5     0.998
75.75     0.998
76.0     0.998
76.25     0.998
76.5     0.998
76.75     0.998
77.0     0.998
77.25     0.998
77.5     0.998
77.75     0.998
78.0     0.998
78.25     0.998
78.5     0.998
78.75     0.998
79.0     0.998
79.25     0.998
79.5     0.998
79.75     0.998
80.0     0.998
80.25     0.998
80.5     0.998
80.75     0.998
81.0     0.998
81.25     0.998
81.5     0.998
81.75     0.998
82.0     0.998
82.25     0.998
82.5     0.998
82.75     0.998
83.0     0.998
83.25     0.998
83.5     0.998
83.75     0.998
84.0     0.998
84.25     0.998
84.5     0.998
84.75     0.998
85.0     0.998
85.25     0.998
85.5     0.998
85.75     0.998
86.0     0.998
86.25     0.998
86.5     0.998
86.75     0.998
87.0     0.998
87.25     0.998
87.5     0.998
87.75     0.998
88.0     0.998
88.25     0.998
88.5     0.998
88.75     0.998
89.0     0.998
89.25     0.998
89.5     0.998
89.75     0.998
90.0     0.998
90.25     0.998
90.5     0.998
90.75     0.998
91.0     0.998
91.25     0.998
91.5     0.998
91.75     0.998
92.0     0.998
92.25     0.998
92.5     0.998
92.75     0.998
93.0     0.998
93.25     0.998
93.5     0.998
93.75     0.998
94.0     0.998
94.25     0.998
94.5     0.998
94.75     0.998
95.0     0.998
95.25     0.998
95.5     0.998
95.75     0.998
96.0     0.998
96.25     0.998
96.5     0.998
96.75     0.998
97.0     0.998
97.25     0.998
97.5     0.998
97.75     0.998
98.0     0.998
98.25     0.998
98.5     0.998
98.75     0.998
99.0     0.998
99.25     0.998
99.5     0.998
99.75     0.998
100.0     0.998
100.25     0.998
100.5     0.998
100.75     0.998
101.0     0.998
101.25     0.998
101.5     0.998
101.75     0.998
102.0     0.998
102.25     0.998
102.5     0.998
102.75     0.998
103.0     0.998
103.25     0.998
103.5     0.998
103.75     0.998
104.0     0.998
104.25     0.998
104.5     0.998
104.75     0.998
105.0     0.998
105.25     0.998
105.5     0.998
105.75     0.998
106.0     0.998
106.25     0.998
106.5     0.998
106.75     0.998
107.0     0.998
107.25     0.998
107.5     0.998
107.75     0.998
108.0     0.998
108.25     0.998
108.5     0.998
108.75     0.998
109.0     0.998
109.25     0.998
109.5     0.998
109.75     0.998
110.0     0.998
110.25     0.998
110.5     0.998
110.75     0.998
111.0     0.998
111.25     0.998
111.5     0.998
111.75     0.998
112.0     0.998
112.25     0.998
112.5     0.998
112.75     0.998
113.0     0.998
113.25     0.998
113.5     0.998
113.75     0.998
114.0     0.998
114.25     0.998
114.5     0.998
114.75     0.998
115.0     0.998
115.25     0.998
115.5     0.998
115.75     0.998
116.0     0.998
116.25     0.998
116.5     0.998
116.75     0.998
117.0     0.998
117.25     0.998
117.5     0.998
117.75     0.998
118.0     0.998
118.25     0.998
118.5     0.998
118.75     0.998
119.0     0.998
119.25     0.998
119.5     0.998
119.75     0.998
120.0     0.998
120.25     0.998
120.5     0.998
120.75     0.998
121.0     0.998
121.25     0.998
121.5     0.998
121.75     0.998
122.0     0.998
122.25     0.998
122.5     0.998
122.75     0.998
123.0     0.998
123.25     0.998
123.5     0.998
123.75     0.998
124.0     0.998
124.25     0.998
124.5     0.998
124.75     0.998
125.0     0.998
125.25     0.998
125.5     0.998
125.75     0.996
126.0     0.996
126.25     0.996
126.5     0.996
126.75     0.996
127.0     0.996
127.25     0.996
127.5     0.996
127.75     0.996
128.0     0.996
128.25     0.996
128.5     0.996
128.75     0.996
129.0     0.996
129.25     0.996
129.5     0.996
129.75     0.996
130.0     0.996
130.25     0.996
130.5     0.996
130.75     0.996
131.0     0.996
131.25     0.996
131.5     0.996
131.75     0.996
132.0     0.996
132.25     0.996
132.5     0.996
132.75     0.996
133.0     0.996
133.25     0.996
133.5     0.996
133.75     0.996
134.0     0.996
134.25     0.996
134.5     0.996
134.75     0.996
135.0     0.996
135.25     0.996
135.5     0.996
135.75     0.996
136.0     0.996
136.25     0.996
136.5     0.996
136.75     0.996
137.0     0.996
137.25     0.994
137.5     0.994
137.75     0.994
138.0     0.994
138.25     0.994
138.5     0.994
138.75     0.994
139.0     0.994
139.25     0.994
139.5     0.994
139.75     0.994
140.0     0.994
140.25     0.994
140.5     0.994
140.75     0.994
141.0     0.994
141.25     0.994
141.5     0.994
141.75     0.994
142.0     0.994
142.25     0.994
142.5     0.994
142.75     0.994
143.0     0.994
143.25     0.994
143.5     0.994
143.75     0.994
144.0     0.994
144.25     0.994
144.5     0.994
144.75     0.994
145.0     0.994
145.25     0.994
145.5     0.994
145.75     0.994
146.0     0.994
146.25     0.994
146.5     0.994
146.75     0.994
147.0     0.994
147.25     0.994
147.5     0.994
147.75     0.994
148.0     0.994
148.25     0.994
148.5     0.994
148.75     0.994
149.0     0.994
149.25     0.994
149.5     0.994
149.75     0.994
150.0     0.994
150.25     0.994
150.5     0.994
150.75     0.994
151.0     0.994
151.25     0.994
151.5     0.994
151.75     0.994
152.0     0.994
152.25     0.994
152.5     0.994
152.75     0.994
153.0     0.994
153.25     0.994
153.5     0.994
153.75     0.994
154.0     0.994
154.25     0.994
154.5     0.994
154.75     0.994
155.0     0.994
155.25     0.994
155.5     0.994
155.75     0.994
156.0     0.994
156.25     0.994
156.5     0.994
156.75     0.994
157.0     0.994
157.25     0.994
157.5     0.994
157.75     0.994
158.0     0.994
158.25     0.994
158.5     0.994
158.75     0.994
159.0     0.994
159.25     0.994
159.5     0.994
159.75     0.994
160.0     0.994
160.25     0.994
160.5     0.994
160.75     0.994
161.0     0.994
161.25     0.994
161.5     0.994
161.75     0.994
162.0     0.994
162.25     0.994
162.5     0.994
162.75     0.994
163.0     0.994
163.25     0.994
163.5     0.994
163.75     0.994
164.0     0.994
164.25     0.994
164.5     0.994
164.75     0.994
165.0     0.994
165.25     0.994
165.5     0.994
165.75     0.994
166.0     0.994
166.25     0.994
166.5     0.994
166.75     0.994
167.0     0.994
167.25     0.994
167.5     0.994
167.75     0.994
168.0     0.994
168.25     0.994
168.5     0.994
168.75     0.994
169.0     0.994
169.25     0.994
169.5     0.994
169.75     0.994
170.0     0.994
170.25     0.994
170.5     0.994
170.75     0.994
171.0     0.994
171.25     0.994
171.5     0.994
171.75     0.994
172.0     0.994
172.25     0.994
172.5     0.994
172.75     0.994
173.0     0.994
173.25     0.994
173.5     0.994
173.75     0.994
174.0     0.994
174.25     0.994
174.5     0.994
174.75     0.994
175.0     0.994
175.25     0.994
175.5     0.994
175.75     0.994
176.0     0.994
176.25     0.994
176.5     0.994
176.75     0.994
177.0     0.994
177.25     0.994
177.5     0.994
177.75     0.994
178.0     0.994
178.25     0.994
178.5     0.994
178.75     0.994
179.0     0.994
179.25     0.994
179.5     0.994
179.75     0.994
180.0     0.994
180.25     0.994
180.5     0.994
180.75     0.994
181.0     0.994
181.25     0.994
181.5     0.994
181.75     0.994
182.0     0.994
182.25     0.994
182.5     0.994
182.75     0.994
183.0     0.994
183.25     0.994
183.5     0.994
183.75     0.994
184.0     0.994
184.25     0.994
184.5     0.992
184.75     0.992
185.0     0.992
185.25     0.992
185.5     0.992
185.75     0.992
186.0     0.992
186.25     0.992
186.5     0.992
186.75     0.992
187.0     0.992
187.25     0.992
187.5     0.992
187.75     0.992
188.0     0.992
188.25     0.992
188.5     0.992
188.75     0.992
189.0     0.992
189.25     0.992
189.5     0.992
189.75     0.992
190.0     0.992
190.25     0.992
190.5     0.992
190.75     0.992
191.0     0.992
191.25     0.992
191.5     0.992
191.75     0.992
192.0     0.992
192.25     0.992
192.5     0.992
192.75     0.992
193.0     0.992
193.25     0.992
193.5     0.992
193.75     0.992
194.0     0.992
194.25     0.992
194.5     0.992
194.75     0.992
195.0     0.992
195.25     0.992
195.5     0.992
195.75     0.992
196.0     0.992
196.25     0.992
196.5     0.992
196.75     0.992
197.0     0.992
197.25     0.992
197.5     0.99
197.75     0.99
198.0     0.99
198.25     0.99
198.5     0.99
198.75     0.99
199.0     0.99
199.25     0.99
199.5     0.99
199.75     0.99
200.0     0.988
200.25     0.988
200.5     0.988
200.75     0.988
201.0     0.988
201.25     0.988
201.5     0.988
201.75     0.988
202.0     0.988
202.25     0.988
202.5     0.988
202.75     0.988
203.0     0.988
203.25     0.988
203.5     0.988
203.75     0.988
204.0     0.988
204.25     0.986
204.5     0.986
204.75     0.986
205.0     0.986
205.25     0.986
205.5     0.986
205.75     0.986
206.0     0.986
206.25     0.986
206.5     0.986
206.75     0.986
207.0     0.986
207.25     0.986
207.5     0.986
207.75     0.986
208.0     0.984
208.25     0.984
208.5     0.984
208.75     0.984
209.0     0.984
209.25     0.984
209.5     0.984
209.75     0.984
210.0     0.984
210.25     0.984
210.5     0.984
210.75     0.984
211.0     0.984
211.25     0.984
211.5     0.984
211.75     0.982
212.0     0.982
212.25     0.982
212.5     0.982
212.75     0.982
213.0     0.982
213.25     0.982
213.5     0.982
213.75     0.982
214.0     0.982
214.25     0.982
214.5     0.982
214.75     0.982
215.0     0.982
215.25     0.982
215.5     0.982
215.75     0.982
216.0     0.982
216.25     0.982
216.5     0.982
216.75     0.982
217.0     0.982
217.25     0.982
217.5     0.98
217.75     0.98
218.0     0.98
218.25     0.98
218.5     0.98
218.75     0.98
219.0     0.98
219.25     0.98
219.5     0.98
219.75     0.976
220.0     0.976
220.25     0.976
220.5     0.976
220.75     0.976
221.0     0.976
221.25     0.976
221.5     0.976
221.75     0.976
222.0     0.976
222.25     0.976
222.5     0.976
222.75     0.976
223.0     0.976
223.25     0.974
223.5     0.974
223.75     0.974
224.0     0.974
224.25     0.974
224.5     0.974
224.75     0.974
225.0     0.974
225.25     0.974
225.5     0.974
225.75     0.972
226.0     0.972
226.25     0.972
226.5     0.972
226.75     0.972
227.0     0.972
227.25     0.972
227.5     0.972
227.75     0.972
228.0     0.972
228.25     0.972
228.5     0.972
228.75     0.972
229.0     0.972
229.25     0.97
229.5     0.97
229.75     0.97
230.0     0.97
230.25     0.97
230.5     0.968
230.75     0.968
231.0     0.968
231.25     0.968
231.5     0.968
231.75     0.968
232.0     0.966
232.25     0.966
232.5     0.966
232.75     0.966
233.0     0.966
233.25     0.966
233.5     0.966
233.75     0.966
234.0     0.966
234.25     0.966
234.5     0.966
234.75     0.966
235.0     0.964
235.25     0.964
235.5     0.964
235.75     0.964
236.0     0.964
236.25     0.964
236.5     0.964
236.75     0.964
237.0     0.964
237.25     0.964
237.5     0.964
237.75     0.964
238.0     0.964
238.25     0.964
238.5     0.964
238.75     0.964
239.0     0.964
239.25     0.964
239.5     0.964
239.75     0.964
240.0     0.964
240.25     0.964
240.5     0.964
240.75     0.964
241.0     0.962
241.25     0.962
241.5     0.962
241.75     0.962
242.0     0.962
242.25     0.962
242.5     0.96
242.75     0.96
243.0     0.96
243.25     0.958
243.5     0.958
243.75     0.958
244.0     0.958
244.25     0.958
244.5     0.958
244.75     0.958
245.0     0.958
245.25     0.958
245.5     0.958
245.75     0.956
246.0     0.956
246.25     0.956
246.5     0.956
246.75     0.956
247.0     0.956
247.25     0.956
247.5     0.956
247.75     0.954
248.0     0.954
248.25     0.954
248.5     0.954
248.75     0.954
249.0     0.954
249.25     0.954
249.5     0.954
249.75     0.954
250.0     0.954
250.25     0.954
250.5     0.954
250.75     0.954
251.0     0.954
251.25     0.954
251.5     0.954
251.75     0.954
252.0     0.954
252.25     0.954
252.5     0.954
252.75     0.954
253.0     0.954
253.25     0.954
253.5     0.954
253.75     0.954
254.0     0.954
254.25     0.954
254.5     0.954
254.75     0.954
255.0     0.954
255.25     0.954
255.5     0.954
255.75     0.952
256.0     0.952
256.25     0.952
256.5     0.95
256.75     0.95
257.0     0.95
257.25     0.95
257.5     0.95
257.75     0.95
258.0     0.948
258.25     0.948
258.5     0.948
258.75     0.948
259.0     0.948
259.25     0.946
259.5     0.946
259.75     0.946
260.0     0.946
260.25     0.946
260.5     0.946
260.75     0.946
261.0     0.946
261.25     0.946
261.5     0.946
261.75     0.946
262.0     0.946
262.25     0.946
262.5     0.946
262.75     0.946
263.0     0.946
263.25     0.946
263.5     0.946
263.75     0.946
264.0     0.946
264.25     0.946
264.5     0.944
264.75     0.944
265.0     0.944
265.25     0.942
265.5     0.942
265.75     0.942
266.0     0.942
266.25     0.942
266.5     0.942
266.75     0.94
267.0     0.94
267.25     0.94
267.5     0.938
267.75     0.936
268.0     0.936
268.25     0.934
268.5     0.934
268.75     0.936
269.0     0.936
269.25     0.934
269.5     0.934
269.75     0.934
270.0     0.934
270.25     0.934
270.5     0.934
270.75     0.934
271.0     0.934
271.25     0.932
271.5     0.932
271.75     0.93
272.0     0.93
272.25     0.93
272.5     0.93
272.75     0.928
273.0     0.928
273.25     0.928
273.5     0.926
273.75     0.926
274.0     0.924
274.25     0.924
274.5     0.924
274.75     0.924
275.0     0.922
275.25     0.922
275.5     0.922
275.75     0.922
276.0     0.918
276.25     0.918
276.5     0.92
276.75     0.92
277.0     0.92
277.25     0.92
277.5     0.918
277.75     0.918
278.0     0.918
278.25     0.918
278.5     0.916
278.75     0.914
279.0     0.914
279.25     0.914
279.5     0.914
279.75     0.914
280.0     0.914
280.25     0.914
280.5     0.912
280.75     0.912
281.0     0.912
281.25     0.912
281.5     0.908
281.75     0.906
282.0     0.904
282.25     0.904
282.5     0.904
282.75     0.904
283.0     0.904
283.25     0.904
283.5     0.9
283.75     0.9
284.0     0.9
284.25     0.898
284.5     0.898
284.75     0.896
285.0     0.894
285.25     0.894
285.5     0.894
285.75     0.892
286.0     0.892
286.25     0.892
286.5     0.892
286.75     0.892
287.0     0.89
287.25     0.886
287.5     0.886
287.75     0.886
288.0     0.884
288.25     0.884
288.5     0.884
288.75     0.884
289.0     0.886
289.25     0.882
289.5     0.878
289.75     0.878
290.0     0.878
290.25     0.876
290.5     0.876
290.75     0.876
291.0     0.872
291.25     0.872
291.5     0.872
291.75     0.872
292.0     0.874
292.25     0.874
292.5     0.874
292.75     0.872
293.0     0.87
293.25     0.87
293.5     0.87
293.75     0.87
294.0     0.868
294.25     0.868
294.5     0.868
294.75     0.866
295.0     0.864
295.25     0.864
295.5     0.864
295.75     0.864
296.0     0.864
296.25     0.864
296.5     0.862
296.75     0.864
297.0     0.864
297.25     0.864
297.5     0.864
297.75     0.864
298.0     0.862
298.25     0.862
298.5     0.862
298.75     0.862
299.0     0.862
299.25     0.862
299.5     0.862
299.75     0.862
300.0     0.862
300.25     0.862
300.5     0.862
300.75     0.862
301.0     0.86
301.25     0.86
301.5     0.86
301.75     0.86
302.0     0.86
302.25     0.858
302.5     0.858
302.75     0.858
303.0     0.856
303.25     0.856
303.5     0.856
303.75     0.854
304.0     0.854
304.25     0.854
304.5     0.854
304.75     0.852
305.0     0.85
305.25     0.85
305.5     0.85
305.75     0.85
306.0     0.85
306.25     0.848
306.5     0.848
306.75     0.848
307.0     0.848
307.25     0.848
307.5     0.848
307.75     0.848
308.0     0.848
308.25     0.846
308.5     0.846
308.75     0.848
309.0     0.848
309.25     0.846
309.5     0.846
309.75     0.846
310.0     0.846
310.25     0.846
310.5     0.846
310.75     0.846
311.0     0.846
311.25     0.846
311.5     0.846
311.75     0.846
312.0     0.846
312.25     0.844
312.5     0.844
312.75     0.844
313.0     0.842
313.25     0.84
313.5     0.84
313.75     0.84
314.0     0.84
314.25     0.84
314.5     0.84
314.75     0.84
315.0     0.84
315.25     0.84
315.5     0.84
315.75     0.84
316.0     0.838
316.25     0.836
316.5     0.838
316.75     0.832
317.0     0.832
317.25     0.832
317.5     0.832
317.75     0.832
318.0     0.832
318.25     0.832
318.5     0.832
318.75     0.832
319.0     0.83
319.25     0.83
319.5     0.83
319.75     0.83
320.0     0.828
320.25     0.828
320.5     0.828
320.75     0.824
321.0     0.822
321.25     0.818
321.5     0.818
321.75     0.818
322.0     0.818
322.25     0.818
322.5     0.818
322.75     0.816
323.0     0.814
323.25     0.814
323.5     0.812
323.75     0.812
324.0     0.812
324.25     0.812
324.5     0.812
324.75     0.81
325.0     0.81
325.25     0.81
325.5     0.81
325.75     0.81
326.0     0.81
326.25     0.81
326.5     0.808
326.75     0.81
327.0     0.81
327.25     0.808
327.5     0.806
327.75     0.804
328.0     0.804
328.25     0.804
328.5     0.804
328.75     0.804
329.0     0.802
329.25     0.8
329.5     0.8
329.75     0.796
330.0     0.796
330.25     0.792
330.5     0.786
330.75     0.786
331.0     0.788
331.25     0.788
331.5     0.788
331.75     0.788
332.0     0.788
332.25     0.784
332.5     0.78
332.75     0.784
333.0     0.784
333.25     0.782
333.5     0.78
333.75     0.78
334.0     0.78
334.25     0.778
334.5     0.776
334.75     0.776
335.0     0.776
335.25     0.776
335.5     0.774
335.75     0.774
336.0     0.772
336.25     0.772
336.5     0.77
336.75     0.77
337.0     0.77
337.25     0.77
337.5     0.768
337.75     0.766
338.0     0.764
338.25     0.764
338.5     0.764
338.75     0.764
339.0     0.764
339.25     0.764
339.5     0.764
339.75     0.764
340.0     0.762
340.25     0.76
340.5     0.758
340.75     0.758
341.0     0.758
341.25     0.756
341.5     0.754
341.75     0.752
342.0     0.75
342.25     0.75
342.5     0.75
342.75     0.748
343.0     0.748
343.25     0.746
343.5     0.744
343.75     0.744
344.0     0.744
344.25     0.744
344.5     0.74
344.75     0.74
345.0     0.74
345.25     0.74
345.5     0.74
345.75     0.738
346.0     0.738
346.25     0.738
346.5     0.738
346.75     0.736
347.0     0.736
347.25     0.736
347.5     0.736
347.75     0.736
348.0     0.736
348.25     0.736
348.5     0.736
348.75     0.736
349.0     0.736
349.25     0.736
349.5     0.736
349.75     0.732
350.0     0.73
350.25     0.73
350.5     0.73
350.75     0.73
351.0     0.73
351.25     0.73
351.5     0.73
351.75     0.73
352.0     0.73
352.25     0.73
352.5     0.73
352.75     0.728
353.0     0.726
353.25     0.724
353.5     0.722
353.75     0.722
354.0     0.722
354.25     0.722
354.5     0.72
354.75     0.72
355.0     0.718
355.25     0.718
355.5     0.716
355.75     0.716
356.0     0.714
356.25     0.714
356.5     0.712
356.75     0.712
357.0     0.71
357.25     0.71
357.5     0.71
357.75     0.708
358.0     0.706
358.25     0.706
358.5     0.704
358.75     0.704
359.0     0.704
359.25     0.704
359.5     0.704
359.75     0.704
360.0     0.704
360.25     0.704
360.5     0.704
360.75     0.704
361.0     0.704
361.25     0.702
361.5     0.702
361.75     0.7
362.0     0.7
362.25     0.7
362.5     0.7
362.75     0.7
363.0     0.7
363.25     0.698
363.5     0.696
363.75     0.696
364.0     0.696
364.25     0.696
364.5     0.696
364.75     0.696
365.0     0.696
365.25     0.694
365.5     0.694
365.75     0.694
366.0     0.694
366.25     0.692
366.5     0.692
366.75     0.692
367.0     0.686
367.25     0.684
367.5     0.684
367.75     0.684
368.0     0.684
368.25     0.684
368.5     0.684
368.75     0.682
369.0     0.682
369.25     0.682
369.5     0.682
369.75     0.678
370.0     0.678
370.25     0.68
370.5     0.676
370.75     0.676
371.0     0.676
371.25     0.676
371.5     0.676
371.75     0.676
372.0     0.676
372.25     0.676
372.5     0.676
372.75     0.678
373.0     0.678
373.25     0.676
373.5     0.676
373.75     0.674
374.0     0.674
374.25     0.674
374.5     0.674
374.75     0.674
375.0     0.674
375.25     0.674
375.5     0.674
375.75     0.674
376.0     0.67
376.25     0.67
376.5     0.668
376.75     0.668
377.0     0.668
377.25     0.666
377.5     0.666
377.75     0.666
378.0     0.662
378.25     0.662
378.5     0.662
378.75     0.66
379.0     0.652
379.25     0.652
379.5     0.652
379.75     0.65
380.0     0.65
380.25     0.65
380.5     0.648
380.75     0.648
381.0     0.648
381.25     0.648
381.5     0.648
381.75     0.642
382.0     0.64
382.25     0.638
382.5     0.636
382.75     0.638
383.0     0.638
383.25     0.636
383.5     0.634
383.75     0.634
384.0     0.636
384.25     0.628
384.5     0.628
384.75     0.628
385.0     0.628
385.25     0.624
385.5     0.62
385.75     0.618
386.0     0.614
386.25     0.612
386.5     0.612
386.75     0.61
387.0     0.608
387.25     0.606
387.5     0.604
387.75     0.604
388.0     0.604
388.25     0.6
388.5     0.598
388.75     0.596
389.0     0.594
389.25     0.594
389.5     0.594
389.75     0.594
390.0     0.592
390.25     0.59
390.5     0.59
390.75     0.59
391.0     0.588
391.25     0.588
391.5     0.584
391.75     0.582
392.0     0.582
392.25     0.58
392.5     0.58
392.75     0.58
393.0     0.58
393.25     0.58
393.5     0.58
393.75     0.58
394.0     0.58
394.25     0.58
394.5     0.58
394.75     0.576
395.0     0.576
395.25     0.576
395.5     0.576
395.75     0.576
396.0     0.576
396.25     0.576
396.5     0.572
396.75     0.572
397.0     0.572
397.25     0.57
397.5     0.57
397.75     0.57
398.0     0.57
398.25     0.566
398.5     0.566
398.75     0.564
399.0     0.562
399.25     0.562
399.5     0.56
399.75     0.558
400.0     0.558
400.25     0.556
400.5     0.554
400.75     0.552
401.0     0.552
401.25     0.552
401.5     0.55
401.75     0.55
402.0     0.546
402.25     0.546
402.5     0.544
402.75     0.542
403.0     0.542
403.25     0.542
403.5     0.542
403.75     0.542
404.0     0.542
404.25     0.542
404.5     0.542
404.75     0.54
405.0     0.54
405.25     0.54
405.5     0.538
405.75     0.536
406.0     0.536
406.25     0.536
406.5     0.534
406.75     0.534
407.0     0.534
407.25     0.532
407.5     0.53
407.75     0.53
408.0     0.528
408.25     0.526
408.5     0.522
408.75     0.524
409.0     0.522
409.25     0.522
409.5     0.522
409.75     0.522
410.0     0.52
410.25     0.518
410.5     0.518
410.75     0.514
411.0     0.514
411.25     0.514
411.5     0.514
411.75     0.512
412.0     0.512
412.25     0.512
412.5     0.512
412.75     0.512
413.0     0.512
413.25     0.512
413.5     0.51
413.75     0.508
414.0     0.508
414.25     0.508
414.5     0.508
414.75     0.506
415.0     0.504
415.25     0.504
415.5     0.502
415.75     0.5
416.0     0.5
416.25     0.5
416.5     0.498
416.75     0.496
417.0     0.494
417.25     0.494
417.5     0.494
417.75     0.494
418.0     0.492
418.25     0.492
418.5     0.492
418.75     0.492
419.0     0.49
419.25     0.49
419.5     0.49
419.75     0.49
420.0     0.49
420.25     0.49
420.5     0.488
420.75     0.486
421.0     0.484
421.25     0.482
421.5     0.482
421.75     0.478
422.0     0.478
422.25     0.478
422.5     0.478
422.75     0.478
423.0     0.474
423.25     0.474
423.5     0.472
423.75     0.47
424.0     0.47
424.25     0.47
424.5     0.47
424.75     0.47
425.0     0.47
425.25     0.47
425.5     0.47
425.75     0.47
426.0     0.47
426.25     0.468
426.5     0.468
426.75     0.468
427.0     0.466
427.25     0.464
427.5     0.464
427.75     0.464
428.0     0.464
428.25     0.462
428.5     0.462
428.75     0.458
429.0     0.458
429.25     0.456
429.5     0.456
429.75     0.452
430.0     0.452
430.25     0.452
430.5     0.454
430.75     0.454
431.0     0.454
431.25     0.452
431.5     0.452
431.75     0.444
432.0     0.442
432.25     0.442
432.5     0.44
432.75     0.438
433.0     0.438
433.25     0.438
433.5     0.438
433.75     0.438
434.0     0.436
434.25     0.436
434.5     0.436
434.75     0.436
435.0     0.434
435.25     0.43
435.5     0.428
435.75     0.428
436.0     0.428
436.25     0.426
436.5     0.426
436.75     0.426
437.0     0.424
437.25     0.422
437.5     0.422
437.75     0.424
438.0     0.424
438.25     0.422
438.5     0.42
438.75     0.42
439.0     0.418
439.25     0.416
439.5     0.414
439.75     0.414
440.0     0.414
440.25     0.412
440.5     0.41
440.75     0.408
441.0     0.408
441.25     0.406
441.5     0.408
441.75     0.406
442.0     0.406
442.25     0.406
442.5     0.406
442.75     0.404
443.0     0.404
443.25     0.404
443.5     0.404
443.75     0.404
444.0     0.404
444.25     0.404
444.5     0.402
444.75     0.402
445.0     0.402
445.25     0.402
445.5     0.402
445.75     0.402
446.0     0.402
446.25     0.4
446.5     0.4
446.75     0.4
447.0     0.398
447.25     0.396
447.5     0.396
447.75     0.396
448.0     0.396
448.25     0.396
448.5     0.394
448.75     0.394
449.0     0.394
449.25     0.394
449.5     0.394
449.75     0.394
450.0     0.394
450.25     0.394
450.5     0.394
450.75     0.394
451.0     0.394
451.25     0.392
451.5     0.392
451.75     0.39
452.0     0.388
452.25     0.388
452.5     0.388
452.75     0.388
453.0     0.388
453.25     0.388
453.5     0.388
453.75     0.388
454.0     0.388
454.25     0.388
454.5     0.386
454.75     0.386
455.0     0.386
455.25     0.386
455.5     0.384
455.75     0.384
456.0     0.384
456.25     0.384
456.5     0.384
456.75     0.384
457.0     0.384
457.25     0.378
457.5     0.376
457.75     0.376
458.0     0.376
458.25     0.376
458.5     0.374
458.75     0.372
459.0     0.372
459.25     0.372
459.5     0.372
459.75     0.372
460.0     0.374
460.25     0.374
460.5     0.372
460.75     0.372
461.0     0.37
461.25     0.37
461.5     0.37
461.75     0.37
462.0     0.37
462.25     0.37
462.5     0.37
462.75     0.37
463.0     0.37
463.25     0.37
463.5     0.37
463.75     0.368
464.0     0.368
464.25     0.368
464.5     0.368
464.75     0.368
465.0     0.368
465.25     0.366
465.5     0.366
465.75     0.368
466.0     0.368
466.25     0.368
466.5     0.368
466.75     0.368
467.0     0.368
467.25     0.366
467.5     0.366
467.75     0.364
468.0     0.364
468.25     0.362
468.5     0.36
468.75     0.36
469.0     0.36
469.25     0.36
469.5     0.358
469.75     0.356
470.0     0.352
470.25     0.352
470.5     0.352
470.75     0.35
471.0     0.346
471.25     0.346
471.5     0.344
471.75     0.342
472.0     0.34
472.25     0.342
472.5     0.342
472.75     0.342
473.0     0.34
473.25     0.34
473.5     0.34
473.75     0.338
474.0     0.336
474.25     0.336
474.5     0.336
474.75     0.336
475.0     0.336
475.25     0.336
475.5     0.336
475.75     0.336
476.0     0.336
476.25     0.336
476.5     0.336
476.75     0.336
477.0     0.334
477.25     0.334
477.5     0.334
477.75     0.334
478.0     0.334
478.25     0.332
478.5     0.332
478.75     0.334
479.0     0.334
479.25     0.334
479.5     0.334
479.75     0.334
480.0     0.334
480.25     0.332
480.5     0.332
480.75     0.332
481.0     0.33
481.25     0.33
481.5     0.328
481.75     0.326
482.0     0.326
482.25     0.326
482.5     0.326
482.75     0.326
483.0     0.326
483.25     0.326
483.5     0.324
483.75     0.324
484.0     0.324
484.25     0.324
484.5     0.326
484.75     0.326
485.0     0.322
485.25     0.322
485.5     0.322
485.75     0.32
486.0     0.32
486.25     0.32
486.5     0.32
486.75     0.32
487.0     0.32
487.25     0.318
487.5     0.318
487.75     0.318
488.0     0.318
488.25     0.318
488.5     0.318
488.75     0.318
489.0     0.316
489.25     0.314
489.5     0.314
489.75     0.31
490.0     0.31
490.25     0.31
490.5     0.31
490.75     0.308
491.0     0.308
491.25     0.308
491.5     0.308
491.75     0.308
492.0     0.308
492.25     0.308
492.5     0.308
492.75     0.308
493.0     0.308
493.25     0.308
493.5     0.308
493.75     0.306
494.0     0.306
494.25     0.306
494.5     0.304
494.75     0.304
495.0     0.302
495.25     0.302
495.5     0.302
495.75     0.302
496.0     0.3
496.25     0.3
496.5     0.298
496.75     0.294
497.0     0.294
497.25     0.294
497.5     0.292
497.75     0.292
498.0     0.292
498.25     0.292
498.5     0.29
498.75     0.29
499.0     0.29
499.25     0.29
499.5     0.29
499.75     0.29
500.0     0.29
500.25     0.29
500.5     0.29
500.75     0.288
501.0     0.288
501.25     0.288
501.5     0.288
501.75     0.288
502.0     0.288
502.25     0.286
502.5     0.286
502.75     0.286
503.0     0.286
503.25     0.286
503.5     0.286
503.75     0.286
504.0     0.286
504.25     0.288
504.5     0.288
504.75     0.286
505.0     0.286
505.25     0.284
505.5     0.282
505.75     0.282
506.0     0.282
506.25     0.282
506.5     0.282
506.75     0.282
507.0     0.282
507.25     0.28
507.5     0.278
507.75     0.278
508.0     0.278
508.25     0.276
508.5     0.274
508.75     0.272
509.0     0.272
509.25     0.272
509.5     0.272
509.75     0.272
510.0     0.27
510.25     0.268
510.5     0.27
510.75     0.27
511.0     0.27
511.25     0.268
511.5     0.268
511.75     0.268
512.0     0.268
512.25     0.266
512.5     0.266
512.75     0.266
513.0     0.264
513.25     0.262
513.5     0.262
513.75     0.262
514.0     0.262
514.25     0.262
514.5     0.262
514.75     0.262
515.0     0.262
515.25     0.262
515.5     0.262
515.75     0.262
516.0     0.26
516.25     0.26
516.5     0.26
516.75     0.26
517.0     0.26
517.25     0.26
517.5     0.26
517.75     0.26
518.0     0.26
518.25     0.258
518.5     0.256
518.75     0.254
519.0     0.254
519.25     0.254
519.5     0.254
519.75     0.254
520.0     0.254
520.25     0.254
520.5     0.254
520.75     0.252
521.0     0.252
521.25     0.252
521.5     0.252
521.75     0.25
522.0     0.248
522.25     0.248
522.5     0.248
522.75     0.246
523.0     0.246
523.25     0.246
523.5     0.246
523.75     0.246
524.0     0.248
524.25     0.248
524.5     0.246
524.75     0.246
525.0     0.242
525.25     0.242
525.5     0.242
525.75     0.24
526.0     0.24
526.25     0.238
526.5     0.238
526.75     0.238
527.0     0.234
527.25     0.232
527.5     0.232
527.75     0.232
528.0     0.232
528.25     0.23
528.5     0.23
528.75     0.23
529.0     0.23
529.25     0.23
529.5     0.23
529.75     0.228
530.0     0.228
530.25     0.228
530.5     0.228
530.75     0.226
531.0     0.226
531.25     0.224
531.5     0.224
531.75     0.224
532.0     0.224
532.25     0.224
532.5     0.22
532.75     0.22
533.0     0.22
533.25     0.22
533.5     0.22
533.75     0.218
534.0     0.218
534.25     0.216
534.5     0.216
534.75     0.216
535.0     0.216
535.25     0.216
535.5     0.216
535.75     0.216
536.0     0.214
536.25     0.214
536.5     0.214
536.75     0.212
537.0     0.212
537.25     0.212
537.5     0.212
537.75     0.212
538.0     0.212
538.25     0.212
538.5     0.212
538.75     0.212
539.0     0.212
539.25     0.212
539.5     0.212
539.75     0.212
540.0     0.212
540.25     0.212
540.5     0.212
540.75     0.212
541.0     0.212
541.25     0.212
541.5     0.212
541.75     0.212
542.0     0.212
542.25     0.212
542.5     0.21
542.75     0.21
543.0     0.21
543.25     0.21
543.5     0.208
543.75     0.208
544.0     0.208
544.25     0.208
544.5     0.206
544.75     0.206
545.0     0.206
545.25     0.204
545.5     0.204
545.75     0.204
546.0     0.202
546.25     0.202
546.5     0.202
546.75     0.202
547.0     0.202
547.25     0.2
547.5     0.2
547.75     0.2
548.0     0.2
548.25     0.2
548.5     0.2
548.75     0.2
549.0     0.2
549.25     0.2
549.5     0.198
549.75     0.198
550.0     0.198
550.25     0.196
550.5     0.196
550.75     0.196
551.0     0.198
551.25     0.198
551.5     0.198
551.75     0.198
552.0     0.198
552.25     0.198
552.5     0.198
552.75     0.198
553.0     0.198
553.25     0.196
553.5     0.196
553.75     0.196
554.0     0.196
554.25     0.196
554.5     0.196
554.75     0.196
555.0     0.196
555.25     0.194
555.5     0.194
555.75     0.194
556.0     0.194
556.25     0.194
556.5     0.194
556.75     0.194
557.0     0.192
557.25     0.192
557.5     0.192
557.75     0.192
558.0     0.192
558.25     0.192
558.5     0.192
558.75     0.192
559.0     0.192
559.25     0.192
559.5     0.192
559.75     0.192
560.0     0.192
560.25     0.192
560.5     0.192
560.75     0.19
561.0     0.19
561.25     0.19
561.5     0.19
561.75     0.19
562.0     0.188
562.25     0.188
562.5     0.188
562.75     0.188
563.0     0.188
563.25     0.188
563.5     0.188
563.75     0.188
564.0     0.188
564.25     0.188
564.5     0.188
564.75     0.188
565.0     0.188
565.25     0.188
565.5     0.186
565.75     0.184
566.0     0.184
566.25     0.184
566.5     0.182
566.75     0.182
567.0     0.18
567.25     0.18
567.5     0.18
567.75     0.18
568.0     0.18
568.25     0.18
568.5     0.18
568.75     0.18
569.0     0.18
569.25     0.18
569.5     0.176
569.75     0.176
570.0     0.176
570.25     0.176
570.5     0.176
570.75     0.176
571.0     0.176
571.25     0.176
571.5     0.176
571.75     0.176
572.0     0.176
572.25     0.176
572.5     0.176
572.75     0.176
573.0     0.176
573.25     0.176
573.5     0.176
573.75     0.176
574.0     0.176
574.25     0.176
574.5     0.176
574.75     0.176
575.0     0.176
575.25     0.176
575.5     0.176
575.75     0.176
576.0     0.176
576.25     0.176
576.5     0.176
576.75     0.176
577.0     0.176
577.25     0.174
577.5     0.174
577.75     0.174
578.0     0.172
578.25     0.172
578.5     0.172
578.75     0.172
579.0     0.172
579.25     0.172
579.5     0.172
579.75     0.17
580.0     0.17
580.25     0.17
580.5     0.17
580.75     0.168
581.0     0.168
581.25     0.168
581.5     0.17
581.75     0.17
582.0     0.17
582.25     0.17
582.5     0.17
582.75     0.17
583.0     0.168
583.25     0.168
583.5     0.168
583.75     0.168
584.0     0.168
584.25     0.168
584.5     0.168
584.75     0.168
585.0     0.168
585.25     0.166
585.5     0.166
585.75     0.166
586.0     0.166
586.25     0.166
586.5     0.164
586.75     0.164
587.0     0.164
587.25     0.162
587.5     0.16
587.75     0.16
588.0     0.16
588.25     0.16
588.5     0.158
588.75     0.156
589.0     0.156
589.25     0.156
589.5     0.156
589.75     0.156
590.0     0.156
590.25     0.158
590.5     0.158
590.75     0.156
591.0     0.156
591.25     0.156
591.5     0.156
591.75     0.156
592.0     0.156
592.25     0.158
592.5     0.158
592.75     0.158
593.0     0.158
593.25     0.156
593.5     0.156
593.75     0.156
594.0     0.156
594.25     0.156
594.5     0.156
594.75     0.156
595.0     0.156
595.25     0.156
595.5     0.156
595.75     0.156
596.0     0.156
596.25     0.154
596.5     0.154
596.75     0.154
597.0     0.154
597.25     0.154
597.5     0.154
597.75     0.154
598.0     0.154
598.25     0.154
598.5     0.154
598.75     0.154
599.0     0.154
599.25     0.152
599.5     0.152
599.75     0.152
600.0     0.152
600.25     0.15
600.5     0.15
600.75     0.15
601.0     0.148
601.25     0.146
601.5     0.146
601.75     0.146
602.0     0.146
602.25     0.144
602.5     0.142
602.75     0.142
603.0     0.142
603.25     0.144
603.5     0.144
603.75     0.144
604.0     0.142
604.25     0.142
604.5     0.142
604.75     0.142
605.0     0.142
605.25     0.142
605.5     0.142
605.75     0.142
606.0     0.14
606.25     0.14
606.5     0.14
606.75     0.14
607.0     0.14
607.25     0.14
607.5     0.14
607.75     0.14
608.0     0.14
608.25     0.14
608.5     0.14
608.75     0.14
609.0     0.14
609.25     0.14
609.5     0.14
609.75     0.14
610.0     0.14
610.25     0.14
610.5     0.138
610.75     0.136
611.0     0.136
611.25     0.136
611.5     0.136
611.75     0.136
612.0     0.136
612.25     0.136
612.5     0.136
612.75     0.136
613.0     0.136
613.25     0.136
613.5     0.136
613.75     0.136
614.0     0.136
614.25     0.136
614.5     0.136
614.75     0.136
615.0     0.136
615.25     0.136
615.5     0.136
615.75     0.136
616.0     0.136
616.25     0.136
616.5     0.136
616.75     0.136
617.0     0.136
617.25     0.136
617.5     0.136
617.75     0.136
618.0     0.136
618.25     0.136
618.5     0.136
618.75     0.136
619.0     0.134
619.25     0.134
619.5     0.134
619.75     0.134
620.0     0.134
620.25     0.134
620.5     0.134
620.75     0.134
621.0     0.134
621.25     0.134
621.5     0.134
621.75     0.134
622.0     0.132
622.25     0.132
622.5     0.132
622.75     0.132
623.0     0.132
623.25     0.13
623.5     0.13
623.75     0.13
624.0     0.13
624.25     0.13
624.5     0.13
624.75     0.13
625.0     0.13
625.25     0.13
625.5     0.13
625.75     0.13
626.0     0.13
626.25     0.13
626.5     0.13
626.75     0.13
627.0     0.13
627.25     0.13
627.5     0.13
627.75     0.13
628.0     0.13
628.25     0.128
628.5     0.126
628.75     0.126
629.0     0.126
629.25     0.126
629.5     0.126
629.75     0.126
630.0     0.126
630.25     0.126
630.5     0.124
630.75     0.124
631.0     0.124
631.25     0.124
631.5     0.124
631.75     0.124
632.0     0.124
632.25     0.124
632.5     0.124
632.75     0.124
633.0     0.124
633.25     0.124
633.5     0.124
633.75     0.124
634.0     0.124
634.25     0.124
634.5     0.124
634.75     0.122
635.0     0.122
635.25     0.122
635.5     0.122
635.75     0.122
636.0     0.122
636.25     0.118
636.5     0.118
636.75     0.116
637.0     0.116
637.25     0.116
637.5     0.11
637.75     0.11
638.0     0.11
638.25     0.11
638.5     0.11
638.75     0.11
639.0     0.11
639.25     0.108
639.5     0.108
639.75     0.108
640.0     0.108
640.25     0.108
640.5     0.108
640.75     0.108
641.0     0.108
641.25     0.108
641.5     0.108
641.75     0.108
642.0     0.108
642.25     0.108
642.5     0.108
642.75     0.108
643.0     0.108
643.25     0.108
643.5     0.108
643.75     0.108
644.0     0.108
644.25     0.108
644.5     0.108
644.75     0.108
645.0     0.108
645.25     0.108
645.5     0.108
645.75     0.108
646.0     0.108
646.25     0.106
646.5     0.106
646.75     0.106
647.0     0.106
647.25     0.106
647.5     0.106
647.75     0.106
648.0     0.106
648.25     0.106
648.5     0.104
648.75     0.104
649.0     0.104
649.25     0.104
649.5     0.104
649.75     0.104
650.0     0.104
650.25     0.104
650.5     0.104
650.75     0.102
651.0     0.102
651.25     0.102
651.5     0.102
651.75     0.102
652.0     0.102
652.25     0.102
652.5     0.102
652.75     0.102
653.0     0.102
653.25     0.102
653.5     0.102
653.75     0.102
654.0     0.102
654.25     0.102
654.5     0.102
654.75     0.102
655.0     0.102
655.25     0.102
655.5     0.102
655.75     0.102
656.0     0.1
656.25     0.1
656.5     0.1
656.75     0.1
657.0     0.1
657.25     0.098
657.5     0.098
657.75     0.098
658.0     0.098
658.25     0.098
658.5     0.098
658.75     0.098
659.0     0.098
659.25     0.098
659.5     0.098
659.75     0.098
660.0     0.098
660.25     0.098
660.5     0.098
660.75     0.098
661.0     0.098
661.25     0.098
661.5     0.098
661.75     0.098
662.0     0.098
662.25     0.098
662.5     0.096
662.75     0.096
663.0     0.094
663.25     0.094
663.5     0.094
663.75     0.092
664.0     0.092
664.25     0.092
664.5     0.092
664.75     0.092
665.0     0.09
665.25     0.09
665.5     0.09
665.75     0.09
666.0     0.09
666.25     0.09
666.5     0.088
666.75     0.088
667.0     0.088
667.25     0.088
667.5     0.088
667.75     0.088
668.0     0.088
668.25     0.088
668.5     0.088
668.75     0.088
669.0     0.088
669.25     0.088
669.5     0.088
669.75     0.088
670.0     0.088
670.25     0.088
670.5     0.088
670.75     0.088
671.0     0.088
671.25     0.088
671.5     0.088
671.75     0.088
672.0     0.088
672.25     0.088
672.5     0.088
672.75     0.088
673.0     0.088
673.25     0.088
673.5     0.088
673.75     0.088
674.0     0.088
674.25     0.088
674.5     0.088
674.75     0.088
675.0     0.088
675.25     0.088
675.5     0.088
675.75     0.088
676.0     0.088
676.25     0.088
676.5     0.086
676.75     0.086
677.0     0.086
677.25     0.086
677.5     0.086
677.75     0.088
678.0     0.088
678.25     0.088
678.5     0.088
678.75     0.088
679.0     0.088
679.25     0.088
679.5     0.088
679.75     0.088
680.0     0.086
680.25     0.086
680.5     0.086
680.75     0.086
681.0     0.086
681.25     0.086
681.5     0.086
681.75     0.086
682.0     0.086
682.25     0.086
682.5     0.086
682.75     0.086
683.0     0.086
683.25     0.086
683.5     0.086
683.75     0.086
684.0     0.086
684.25     0.086
684.5     0.086
684.75     0.086
685.0     0.084
685.25     0.084
685.5     0.084
685.75     0.084
686.0     0.084
686.25     0.084
686.5     0.082
686.75     0.082
687.0     0.082
687.25     0.082
687.5     0.082
687.75     0.082
688.0     0.082
688.25     0.082
688.5     0.082
688.75     0.082
689.0     0.082
689.25     0.082
689.5     0.082
689.75     0.082
690.0     0.082
690.25     0.082
690.5     0.082
690.75     0.082
691.0     0.082
691.25     0.082
691.5     0.082
691.75     0.08
692.0     0.08
692.25     0.08
692.5     0.078
692.75     0.078
693.0     0.078
693.25     0.078
693.5     0.078
693.75     0.078
694.0     0.08
694.25     0.08
694.5     0.08
694.75     0.08
695.0     0.08
695.25     0.078
695.5     0.078
695.75     0.078
696.0     0.078
696.25     0.078
696.5     0.078
696.75     0.078
697.0     0.078
697.25     0.078
697.5     0.078
697.75     0.078
698.0     0.078
698.25     0.078
698.5     0.078
698.75     0.078
699.0     0.078
699.25     0.078
699.5     0.078
699.75     0.078
700.0     0.078
700.25     0.078
700.5     0.078
700.75     0.078
701.0     0.078
701.25     0.078
701.5     0.078
701.75     0.078
702.0     0.078
702.25     0.078
702.5     0.078
702.75     0.078
703.0     0.078
703.25     0.078
703.5     0.078
703.75     0.078
704.0     0.078
704.25     0.078
704.5     0.078
704.75     0.078
705.0     0.078
705.25     0.078
705.5     0.078
705.75     0.078
706.0     0.078
706.25     0.078
706.5     0.078
706.75     0.078
707.0     0.078
707.25     0.078
707.5     0.078
707.75     0.078
708.0     0.078
708.25     0.078
708.5     0.078
708.75     0.078
709.0     0.078
709.25     0.078
709.5     0.078
709.75     0.078
710.0     0.078
710.25     0.078
710.5     0.078
710.75     0.078
711.0     0.078
711.25     0.078
711.5     0.076
711.75     0.076
712.0     0.076
712.25     0.076
712.5     0.076
712.75     0.076
713.0     0.076
713.25     0.076
713.5     0.076
713.75     0.076
714.0     0.076
714.25     0.076
714.5     0.076
714.75     0.076
715.0     0.076
715.25     0.076
715.5     0.076
715.75     0.076
716.0     0.076
716.25     0.076
716.5     0.076
716.75     0.076
717.0     0.076
717.25     0.076
717.5     0.076
717.75     0.076
718.0     0.076
718.25     0.076
718.5     0.076
718.75     0.074
719.0     0.074
719.25     0.074
719.5     0.074
719.75     0.074
720.0     0.072
720.25     0.072
720.5     0.072
720.75     0.072
721.0     0.072
721.25     0.072
721.5     0.072
721.75     0.072
722.0     0.072
722.25     0.072
722.5     0.072
722.75     0.072
723.0     0.07
723.25     0.07
723.5     0.068
723.75     0.066
724.0     0.066
724.25     0.066
724.5     0.066
724.75     0.066
725.0     0.066
725.25     0.066
725.5     0.066
725.75     0.066
726.0     0.066
726.25     0.066
726.5     0.066
726.75     0.066
727.0     0.066
727.25     0.066
727.5     0.068
727.75     0.068
728.0     0.068
728.25     0.068
728.5     0.068
728.75     0.068
729.0     0.068
729.25     0.068
729.5     0.068
729.75     0.068
730.0     0.068
730.25     0.068
730.5     0.066
730.75     0.066
731.0     0.066
731.25     0.066
731.5     0.066
731.75     0.066
732.0     0.066
732.25     0.066
732.5     0.066
732.75     0.066
733.0     0.066
733.25     0.066
733.5     0.066
733.75     0.066
734.0     0.066
734.25     0.066
734.5     0.066
734.75     0.066
735.0     0.066
735.25     0.066
735.5     0.066
735.75     0.066
736.0     0.066
736.25     0.066
736.5     0.066
736.75     0.066
737.0     0.064
737.25     0.064
737.5     0.064
737.75     0.064
738.0     0.064
738.25     0.064
738.5     0.064
738.75     0.064
739.0     0.064
739.25     0.064
739.5     0.064
739.75     0.064
740.0     0.064
740.25     0.064
740.5     0.064
740.75     0.064
741.0     0.064
741.25     0.064
741.5     0.064
741.75     0.064
742.0     0.064
742.25     0.064
742.5     0.064
742.75     0.064
743.0     0.064
743.25     0.064
743.5     0.064
743.75     0.064
744.0     0.064
744.25     0.064
744.5     0.062
744.75     0.06
745.0     0.06
745.25     0.06
745.5     0.06
745.75     0.06
746.0     0.06
746.25     0.06
746.5     0.06
746.75     0.06
747.0     0.06
747.25     0.06
747.5     0.06
747.75     0.06
748.0     0.06
748.25     0.06
748.5     0.06
748.75     0.06
749.0     0.06
749.25     0.06
749.5     0.06
749.75     0.06
750.0     0.06
750.25     0.06
750.5     0.06
750.75     0.06
751.0     0.06
751.25     0.06
751.5     0.06
751.75     0.06
752.0     0.06
752.25     0.06
752.5     0.06
752.75     0.06
753.0     0.06
753.25     0.06
753.5     0.06
753.75     0.06
754.0     0.06
754.25     0.06
754.5     0.058
754.75     0.058
755.0     0.058
755.25     0.058
755.5     0.058
755.75     0.058
756.0     0.058
756.25     0.058
756.5     0.058
756.75     0.058
757.0     0.058
757.25     0.058
757.5     0.058
757.75     0.058
758.0     0.058
758.25     0.058
758.5     0.058
758.75     0.058
759.0     0.058
759.25     0.058
759.5     0.058
759.75     0.058
760.0     0.058
760.25     0.058
760.5     0.058
760.75     0.058
761.0     0.058
761.25     0.058
761.5     0.058
761.75     0.058
762.0     0.058
762.25     0.058
762.5     0.058
762.75     0.058
763.0     0.058
763.25     0.058
763.5     0.058
763.75     0.058
764.0     0.058
764.25     0.058
764.5     0.058
764.75     0.058
765.0     0.058
765.25     0.058
765.5     0.058
765.75     0.058
766.0     0.058
766.25     0.058
766.5     0.058
766.75     0.058
767.0     0.058
767.25     0.058
767.5     0.058
767.75     0.056
768.0     0.056
768.25     0.056
768.5     0.056
768.75     0.056
769.0     0.056
769.25     0.056
769.5     0.056
769.75     0.056
770.0     0.056
770.25     0.056
770.5     0.056
770.75     0.056
771.0     0.056
771.25     0.056
771.5     0.056
771.75     0.056
772.0     0.056
772.25     0.056
772.5     0.056
772.75     0.056
773.0     0.056
773.25     0.056
773.5     0.056
773.75     0.056
774.0     0.056
774.25     0.056
774.5     0.056
774.75     0.056
775.0     0.056
775.25     0.056
775.5     0.056
775.75     0.056
776.0     0.056
776.25     0.056
776.5     0.056
776.75     0.056
777.0     0.056
777.25     0.056
777.5     0.056
777.75     0.056
778.0     0.056
778.25     0.056
778.5     0.056
778.75     0.056
779.0     0.056
779.25     0.056
779.5     0.056
779.75     0.056
780.0     0.056
780.25     0.056
780.5     0.056
780.75     0.056
781.0     0.056
781.25     0.056
781.5     0.056
781.75     0.056
782.0     0.056
782.25     0.056
782.5     0.056
782.75     0.056
783.0     0.056
783.25     0.056
783.5     0.056
783.75     0.056
784.0     0.056
784.25     0.056
784.5     0.056
784.75     0.056
785.0     0.056
785.25     0.056
785.5     0.056
785.75     0.056
786.0     0.056
786.25     0.056
786.5     0.056
786.75     0.056
787.0     0.056
787.25     0.056
787.5     0.056
787.75     0.056
788.0     0.056
788.25     0.056
788.5     0.056
788.75     0.056
789.0     0.056
789.25     0.056
789.5     0.056
789.75     0.056
790.0     0.056
790.25     0.056
790.5     0.056
790.75     0.056
791.0     0.056
791.25     0.056
791.5     0.056
791.75     0.054
792.0     0.054
792.25     0.054
792.5     0.054
792.75     0.054
793.0     0.054
793.25     0.054
793.5     0.054
793.75     0.054
794.0     0.054
794.25     0.054
794.5     0.054
794.75     0.054
795.0     0.054
795.25     0.054
795.5     0.054
795.75     0.054
796.0     0.054
796.25     0.054
796.5     0.054
796.75     0.054
797.0     0.054
797.25     0.054
797.5     0.054
797.75     0.054
798.0     0.054
798.25     0.054
798.5     0.054
798.75     0.054
799.0     0.054
799.25     0.054
799.5     0.054
799.75     0.054
800.0     0.054
800.25     0.054
800.5     0.054
800.75     0.054
801.0     0.054
801.25     0.054
801.5     0.054
801.75     0.054
802.0     0.054
802.25     0.054
802.5     0.054
802.75     0.052
803.0     0.052
803.25     0.052
803.5     0.052
803.75     0.052
804.0     0.052
804.25     0.052
804.5     0.052
804.75     0.052
805.0     0.052
805.25     0.052
805.5     0.052
805.75     0.052
806.0     0.052
806.25     0.052
806.5     0.052
806.75     0.052
807.0     0.052
807.25     0.052
807.5     0.052
807.75     0.052
808.0     0.052
808.25     0.052
808.5     0.052
808.75     0.052
809.0     0.052
809.25     0.052
809.5     0.052
809.75     0.052
810.0     0.052
810.25     0.05
810.5     0.05
810.75     0.05
811.0     0.05
811.25     0.05
811.5     0.05
811.75     0.05
812.0     0.05
812.25     0.05
812.5     0.05
812.75     0.05
813.0     0.05
813.25     0.05
813.5     0.05
813.75     0.05
814.0     0.05
814.25     0.05
814.5     0.05
814.75     0.05
815.0     0.05
815.25     0.05
815.5     0.05
815.75     0.05
816.0     0.05
816.25     0.05
816.5     0.05
816.75     0.05
817.0     0.05
817.25     0.05
817.5     0.05
817.75     0.05
818.0     0.05
818.25     0.05
818.5     0.05
818.75     0.05
819.0     0.05
819.25     0.05
819.5     0.05
819.75     0.05
820.0     0.05
820.25     0.05
820.5     0.05
820.75     0.05
821.0     0.05
821.25     0.05
821.5     0.05
821.75     0.05
822.0     0.05
822.25     0.05
822.5     0.05
822.75     0.05
823.0     0.05
823.25     0.05
823.5     0.05
823.75     0.05
824.0     0.05
824.25     0.05
824.5     0.05
824.75     0.05
825.0     0.05
825.25     0.048
825.5     0.046
825.75     0.046
826.0     0.046
826.25     0.046
826.5     0.046
826.75     0.046
827.0     0.046
827.25     0.046
827.5     0.046
827.75     0.046
828.0     0.046
828.25     0.046
828.5     0.046
828.75     0.046
829.0     0.046
829.25     0.046
829.5     0.046
829.75     0.046
830.0     0.046
830.25     0.048
830.5     0.048
830.75     0.048
831.0     0.048
831.25     0.048
831.5     0.048
831.75     0.048
832.0     0.048
832.25     0.048
832.5     0.048
832.75     0.048
833.0     0.048
833.25     0.046
833.5     0.046
833.75     0.046
834.0     0.046
834.25     0.046
834.5     0.046
834.75     0.046
835.0     0.046
835.25     0.046
835.5     0.046
835.75     0.046
836.0     0.046
836.25     0.046
836.5     0.046
836.75     0.046
837.0     0.046
837.25     0.046
837.5     0.046
837.75     0.046
838.0     0.046
838.25     0.046
838.5     0.046
838.75     0.046
839.0     0.046
839.25     0.046
839.5     0.046
839.75     0.046
840.0     0.046
840.25     0.046
840.5     0.046
840.75     0.046
841.0     0.046
841.25     0.046
841.5     0.046
841.75     0.046
842.0     0.046
842.25     0.046
842.5     0.046
842.75     0.046
843.0     0.046
843.25     0.046
843.5     0.046
843.75     0.046
844.0     0.046
844.25     0.046
844.5     0.046
844.75     0.046
845.0     0.044
845.25     0.044
845.5     0.044
845.75     0.044
846.0     0.044
846.25     0.044
846.5     0.044
846.75     0.044
847.0     0.044
847.25     0.044
847.5     0.044
847.75     0.044
848.0     0.044
848.25     0.044
848.5     0.044
848.75     0.044
849.0     0.044
849.25     0.044
849.5     0.044
849.75     0.044
850.0     0.044
850.25     0.044
850.5     0.044
850.75     0.044
851.0     0.044
851.25     0.044
851.5     0.044
851.75     0.044
852.0     0.044
852.25     0.044
852.5     0.044
852.75     0.044
853.0     0.044
853.25     0.044
853.5     0.044
853.75     0.044
854.0     0.044
854.25     0.044
854.5     0.044
854.75     0.044
855.0     0.044
855.25     0.044
855.5     0.044
855.75     0.044
856.0     0.044
856.25     0.044
856.5     0.044
856.75     0.044
857.0     0.044
857.25     0.044
857.5     0.044
857.75     0.044
858.0     0.042
858.25     0.042
858.5     0.042
858.75     0.042
859.0     0.042
859.25     0.042
859.5     0.042
859.75     0.042
860.0     0.042
860.25     0.042
860.5     0.042
860.75     0.042
861.0     0.042
861.25     0.042
861.5     0.042
861.75     0.042
862.0     0.042
862.25     0.04
862.5     0.04
862.75     0.04
863.0     0.04
863.25     0.04
863.5     0.04
863.75     0.04
864.0     0.04
864.25     0.04
864.5     0.04
864.75     0.04
865.0     0.04
865.25     0.04
865.5     0.04
865.75     0.04
866.0     0.04
866.25     0.04
866.5     0.04
866.75     0.04
867.0     0.04
867.25     0.04
867.5     0.04
867.75     0.04
868.0     0.04
868.25     0.04
868.5     0.04
868.75     0.04
869.0     0.04
869.25     0.04
869.5     0.04
869.75     0.04
870.0     0.04
870.25     0.04
870.5     0.04
870.75     0.04
871.0     0.04
871.25     0.04
871.5     0.04
871.75     0.04
872.0     0.038
872.25     0.038
872.5     0.038
872.75     0.038
873.0     0.038
873.25     0.038
873.5     0.038
873.75     0.038
874.0     0.036
874.25     0.036
874.5     0.036
874.75     0.036
875.0     0.036
875.25     0.034
875.5     0.034
875.75     0.034
876.0     0.034
876.25     0.034
876.5     0.034
876.75     0.034
877.0     0.034
877.25     0.034
877.5     0.034
877.75     0.034
878.0     0.034
878.25     0.034
878.5     0.034
878.75     0.034
879.0     0.034
879.25     0.034
879.5     0.034
879.75     0.034
880.0     0.034
880.25     0.034
880.5     0.034
880.75     0.034
881.0     0.034
881.25     0.034
881.5     0.034
881.75     0.034
882.0     0.034
882.25     0.034
882.5     0.034
882.75     0.034
883.0     0.034
883.25     0.034
883.5     0.034
883.75     0.034
884.0     0.034
884.25     0.034
884.5     0.034
884.75     0.034
885.0     0.034
885.25     0.034
885.5     0.034
885.75     0.034
886.0     0.034
886.25     0.034
886.5     0.034
886.75     0.034
887.0     0.034
887.25     0.034
887.5     0.034
887.75     0.034
888.0     0.034
888.25     0.032
888.5     0.032
888.75     0.032
889.0     0.032
889.25     0.032
889.5     0.032
889.75     0.032
890.0     0.032
890.25     0.032
890.5     0.032
890.75     0.032
891.0     0.032
891.25     0.032
891.5     0.032
891.75     0.032
892.0     0.032
892.25     0.032
892.5     0.032
892.75     0.032
893.0     0.032
893.25     0.032
893.5     0.032
893.75     0.032
894.0     0.032
894.25     0.032
894.5     0.032
894.75     0.03
895.0     0.03
895.25     0.03
895.5     0.03
895.75     0.03
896.0     0.03
896.25     0.03
896.5     0.03
896.75     0.03
897.0     0.03
897.25     0.03
897.5     0.03
897.75     0.03
898.0     0.03
898.25     0.03
898.5     0.03
898.75     0.03
899.0     0.03
899.25     0.03
899.5     0.03
899.75     0.03
900.0     0.03
900.25     0.03
900.5     0.03
900.75     0.03
901.0     0.03
901.25     0.03
901.5     0.03
901.75     0.03
902.0     0.03
902.25     0.03
902.5     0.03
902.75     0.03
903.0     0.03
903.25     0.03
903.5     0.03
903.75     0.03
904.0     0.03
904.25     0.03
904.5     0.03
904.75     0.03
905.0     0.03
905.25     0.03
905.5     0.03
905.75     0.03
906.0     0.03
906.25     0.03
906.5     0.03
906.75     0.03
907.0     0.03
907.25     0.03
907.5     0.03
907.75     0.03
908.0     0.03
908.25     0.03
908.5     0.03
908.75     0.03
909.0     0.03
909.25     0.03
909.5     0.03
909.75     0.03
910.0     0.03
910.25     0.03
910.5     0.03
910.75     0.03
911.0     0.03
911.25     0.03
911.5     0.03
911.75     0.03
912.0     0.03
912.25     0.03
912.5     0.03
912.75     0.03
913.0     0.03
913.25     0.03
913.5     0.03
913.75     0.03
914.0     0.03
914.25     0.03
914.5     0.03
914.75     0.03
915.0     0.03
915.25     0.03
915.5     0.03
915.75     0.03
916.0     0.03
916.25     0.03
916.5     0.03
916.75     0.03
917.0     0.03
917.25     0.03
917.5     0.03
917.75     0.03
918.0     0.03
918.25     0.03
918.5     0.03
918.75     0.03
919.0     0.03
919.25     0.03
919.5     0.03
919.75     0.03
920.0     0.03
920.25     0.03
920.5     0.03
920.75     0.03
921.0     0.03
921.25     0.03
921.5     0.03
921.75     0.03
922.0     0.03
922.25     0.03
922.5     0.03
922.75     0.03
923.0     0.03
923.25     0.03
923.5     0.03
923.75     0.03
924.0     0.03
924.25     0.03
924.5     0.03
924.75     0.03
925.0     0.03
925.25     0.03
925.5     0.03
925.75     0.03
926.0     0.03
926.25     0.03
926.5     0.03
926.75     0.03
927.0     0.03
927.25     0.03
927.5     0.03
927.75     0.03
928.0     0.03
928.25     0.03
928.5     0.03
928.75     0.03
929.0     0.03
929.25     0.03
929.5     0.03
929.75     0.03
930.0     0.03
930.25     0.03
930.5     0.03
930.75     0.03
931.0     0.03
931.25     0.03
931.5     0.03
931.75     0.03
932.0     0.03
932.25     0.03
932.5     0.03
932.75     0.03
933.0     0.03
933.25     0.03
933.5     0.03
933.75     0.03
934.0     0.03
934.25     0.03
934.5     0.03
934.75     0.03
935.0     0.03
935.25     0.03
935.5     0.03
935.75     0.03
936.0     0.03
936.25     0.03
936.5     0.03
936.75     0.03
937.0     0.03
937.25     0.03
937.5     0.03
937.75     0.03
938.0     0.03
938.25     0.03
938.5     0.03
938.75     0.03
939.0     0.03
939.25     0.03
939.5     0.03
939.75     0.03
940.0     0.03
940.25     0.03
940.5     0.03
940.75     0.03
941.0     0.03
941.25     0.03
941.5     0.03
941.75     0.03
942.0     0.03
942.25     0.03
942.5     0.03
942.75     0.03
943.0     0.03
943.25     0.03
943.5     0.03
943.75     0.03
944.0     0.03
944.25     0.03
944.5     0.03
944.75     0.03
945.0     0.03
945.25     0.03
945.5     0.03
945.75     0.03
946.0     0.03
946.25     0.03
946.5     0.03
946.75     0.03
947.0     0.03
947.25     0.03
947.5     0.03
947.75     0.03
948.0     0.03
948.25     0.03
948.5     0.03
948.75     0.03
949.0     0.03
949.25     0.03
949.5     0.03
949.75     0.03
950.0     0.03
950.25     0.03
950.5     0.03
950.75     0.03
951.0     0.03
951.25     0.03
951.5     0.03
951.75     0.03
952.0     0.028
952.25     0.028
952.5     0.028
952.75     0.028
953.0     0.028
953.25     0.028
953.5     0.028
953.75     0.028
954.0     0.028
954.25     0.028
954.5     0.028
954.75     0.028
955.0     0.028
955.25     0.028
955.5     0.028
955.75     0.028
956.0     0.028
956.25     0.026
956.5     0.026
956.75     0.026
957.0     0.026
957.25     0.026
957.5     0.026
957.75     0.026
958.0     0.026
958.25     0.026
958.5     0.026
958.75     0.026
959.0     0.026
959.25     0.026
959.5     0.026
959.75     0.026
960.0     0.026
960.25     0.026
960.5     0.026
960.75     0.026
961.0     0.026
961.25     0.026
961.5     0.026
961.75     0.026
962.0     0.026
962.25     0.026
962.5     0.026
962.75     0.026
963.0     0.026
963.25     0.026
963.5     0.026
963.75     0.026
964.0     0.026
964.25     0.026
964.5     0.026
964.75     0.026
965.0     0.026
965.25     0.026
965.5     0.026
965.75     0.026
966.0     0.026
966.25     0.026
966.5     0.026
966.75     0.026
967.0     0.026
967.25     0.026
967.5     0.026
967.75     0.026
968.0     0.026
968.25     0.026
968.5     0.026
968.75     0.026
969.0     0.026
969.25     0.026
969.5     0.026
969.75     0.026
970.0     0.026
970.25     0.026
970.5     0.026
970.75     0.026
971.0     0.026
971.25     0.026
971.5     0.026
971.75     0.026
972.0     0.026
972.25     0.026
972.5     0.026
972.75     0.026
973.0     0.026
973.25     0.026
973.5     0.026
973.75     0.026
974.0     0.026
974.25     0.026
974.5     0.026
974.75     0.026
975.0     0.026
975.25     0.026
975.5     0.026
975.75     0.026
976.0     0.026
976.25     0.026
976.5     0.026
976.75     0.026
977.0     0.026
977.25     0.026
977.5     0.026
977.75     0.026
978.0     0.026
978.25     0.026
978.5     0.026
978.75     0.026
979.0     0.026
979.25     0.026
979.5     0.026
979.75     0.026
980.0     0.026
980.25     0.026
980.5     0.026
980.75     0.028
981.0     0.028
981.25     0.028
981.5     0.028
981.75     0.028
982.0     0.028
982.25     0.028
982.5     0.028
982.75     0.028
983.0     0.028
983.25     0.028
983.5     0.028
983.75     0.028
984.0     0.028
984.25     0.028
984.5     0.028
984.75     0.028
985.0     0.028
985.25     0.028
985.5     0.028
985.75     0.028
986.0     0.028
986.25     0.028
986.5     0.028
986.75     0.028
987.0     0.028
987.25     0.028
987.5     0.028
987.75     0.028
988.0     0.028
988.25     0.028
988.5     0.028
988.75     0.028
989.0     0.028
989.25     0.028
989.5     0.028
989.75     0.028
990.0     0.028
990.25     0.028
990.5     0.028
990.75     0.028
991.0     0.028
991.25     0.028
991.5     0.028
991.75     0.028
992.0     0.028
992.25     0.028
992.5     0.028
992.75     0.028
993.0     0.028
993.25     0.028
993.5     0.028
993.75     0.028
994.0     0.028
994.25     0.028
994.5     0.028
994.75     0.028
995.0     0.028
995.25     0.028
995.5     0.028
995.75     0.028
996.0     0.028
996.25     0.028
996.5     0.028
996.75     0.028
997.0     0.028
997.25     0.028
997.5     0.028
997.75     0.028
998.0     0.028
998.25     0.028
998.5     0.028
998.75     0.028
999.0     0.028
999.25     0.028
999.5     0.028
999.75     0.028
1000.0     0.028
