0.3     -6.58901
0.6     -6.58912
0.9     -6.58753
1.2     -6.58545
1.5     -6.58598
1.8     -6.58229
2.1     -6.58003
2.4     -6.58018
2.7     -6.57722
3.0     -6.57824
3.3     -6.57629
3.6     -6.57564
3.9     -6.57492
4.2     -6.57507
4.5     -6.57068
4.8     -6.56911
5.1     -6.56828
5.4     -6.56676
5.7     -6.5658
6.0     -6.5647
6.3     -6.56313
6.6     -6.56146
6.9     -6.56039
7.2     -6.55895
7.5     -6.55722
7.8     -6.5563
8.1     -6.55475
8.4     -6.55319
8.7     -6.55156
9.0     -6.54853
9.3     -6.54649
9.6     -6.54564
9.9     -6.5439
10.2     -6.54225
10.5     -6.54083
10.8     -6.53905
11.1     -6.53698
11.4     -6.53474
11.7     -6.53455
12.0     -6.53429
12.3     -6.52917
12.6     -6.5308
12.9     -6.52762
13.2     -6.52714
13.5     -6.52691
13.8     -6.52807
14.1     -6.524
14.4     -6.52632
14.7     -6.52424
15.0     -6.52531
15.3     -6.52248
15.6     -6.52383
15.9     -6.52476
16.2     -6.52252
16.5     -6.52267
16.8     -6.5193
17.1     -6.51763
17.4     -6.51614
17.7     -6.51305
18.0     -6.51167
18.3     -6.50917
18.6     -6.50503
18.9     -6.50341
19.2     -6.50078
19.5     -6.49843
19.8     -6.4954
20.1     -6.4906
20.4     -6.48956
20.7     -6.48653
21.0     -6.48396
21.3     -6.48097
21.6     -6.47798
21.9     -6.47475
22.2     -6.47176
22.5     -6.46795
22.8     -6.46527
23.1     -6.46196
23.4     -6.4597
23.7     -6.45541
24.0     -6.45335
24.3     -6.44962
24.6     -6.44636
24.9     -6.44364
25.2     -6.44083
25.5     -6.43822
25.8     -6.4345
26.1     -6.4313
26.4     -6.42941
26.7     -6.42604
27.0     -6.42345
27.3     -6.42011
27.6     -6.41615
27.9     -6.41326
28.2     -6.41118
28.5     -6.40817
28.8     -6.40469
29.1     -6.40246
29.4     -6.39813
29.7     -6.39532
30.0     -6.39185
30.3     -6.38857
30.6     -6.38613
30.9     -6.38109
31.2     -6.37809
31.5     -6.37638
31.8     -6.37184
32.1     -6.36999
32.4     -6.36509
32.7     -6.36239
33.0     -6.35853
33.3     -6.35483
33.6     -6.3504
33.9     -6.34859
34.2     -6.34484
34.5     -6.34165
34.8     -6.33776
35.1     -6.33493
35.4     -6.33172
35.7     -6.32907
36.0     -6.32655
36.3     -6.32175
36.6     -6.31972
36.9     -6.31446
37.2     -6.31199
37.5     -6.30909
37.8     -6.30532
38.1     -6.30099
38.4     -6.29808
38.7     -6.29341
39.0     -6.28683
39.3     -6.28588
39.6     -6.28067
39.9     -6.27805
40.2     -6.27393
40.5     -6.27203
40.8     -6.27156
41.1     -6.26656
41.4     -6.2613
41.7     -6.26249
42.0     -6.25805
42.3     -6.25336
42.6     -6.24921
42.9     -6.24737
43.2     -6.24432
43.5     -6.24112
43.8     -6.2339
44.1     -6.23629
44.4     -6.23037
44.7     -6.22705
45.0     -6.22461
45.3     -6.21776
45.6     -6.21347
45.9     -6.21175
46.2     -6.20833
46.5     -6.20693
46.8     -6.20224
47.1     -6.19482
47.4     -6.19397
47.7     -6.19177
48.0     -6.18804
48.3     -6.1846
48.6     -6.1781
48.9     -6.17886
49.2     -6.17476
49.5     -6.16534
49.8     -6.16759
50.1     -6.16281
50.4     -6.15732
50.7     -6.15747
51.0     -6.15202
51.3     -6.14724
51.6     -6.14266
51.9     -6.14035
52.2     -6.1381
52.5     -6.13439
52.8     -6.12853
53.1     -6.12372
53.4     -6.12171
53.7     -6.11619
54.0     -6.11122
54.3     -6.10923
54.6     -6.10444
54.9     -6.10142
55.2     -6.09899
55.5     -6.09234
55.8     -6.08977
56.1     -6.08399
56.4     -6.08203
56.7     -6.07808
57.0     -6.07303
57.3     -6.06877
57.6     -6.06578
57.9     -6.06052
58.2     -6.05512
58.5     -6.05329
58.8     -6.04647
59.1     -6.04487
59.4     -6.03967
59.7     -6.03545
60.0     -6.03254
60.3     -6.02793
60.6     -6.02392
60.9     -6.01869
61.2     -6.01591
61.5     -6.00915
61.8     -6.00359
62.1     -6.00223
62.4     -5.99729
62.7     -5.99503
63.0     -5.98884
63.3     -5.98369
63.6     -5.98029
63.9     -5.97622
64.2     -5.97161
64.5     -5.96696
64.8     -5.96208
65.1     -5.95705
65.4     -5.95314
65.7     -5.94769
66.0     -5.94525
66.3     -5.94091
66.6     -5.93632
66.9     -5.93234
67.2     -5.92792
67.5     -5.92296
67.8     -5.91871
68.1     -5.91376
68.4     -5.90887
68.7     -5.9042
69.0     -5.89861
69.3     -5.89359
69.6     -5.8891
69.9     -5.88492
70.2     -5.88067
70.5     -5.87561
70.8     -5.87108
71.1     -5.8653
71.4     -5.86133
71.7     -5.85588
72.0     -5.85396
72.3     -5.84706
72.6     -5.84263
72.9     -5.83607
73.2     -5.83425
73.5     -5.8275
73.8     -5.82391
74.1     -5.81744
74.4     -5.81305
74.7     -5.80608
75.0     -5.80397
75.3     -5.7963
75.6     -5.79197
75.9     -5.78605
76.2     -5.78157
76.5     -5.77528
76.8     -5.77242
77.1     -5.76757
77.4     -5.76062
77.7     -5.75652
78.0     -5.74958
78.3     -5.7453
78.6     -5.74102
78.9     -5.73542
79.2     -5.7279
79.5     -5.72403
79.8     -5.71705
80.1     -5.71325
80.4     -5.70832
80.7     -5.70051
81.0     -5.69656
81.3     -5.6928
81.6     -5.68424
81.9     -5.68199
82.2     -5.6761
82.5     -5.66822
82.8     -5.6646
83.1     -5.65899
83.4     -5.65411
83.7     -5.64964
84.0     -5.64466
84.3     -5.63907
84.6     -5.63316
84.9     -5.6291
85.2     -5.62529
85.5     -5.6209
85.8     -5.61321
86.1     -5.60646
86.4     -5.60244
86.7     -5.59872
87.0     -5.59161
87.3     -5.58958
87.6     -5.58313
87.9     -5.57783
88.2     -5.57236
88.5     -5.56686
88.8     -5.56282
89.1     -5.55671
89.4     -5.55188
89.7     -5.54612
90.0     -5.54104
90.3     -5.53793
90.6     -5.53306
90.9     -5.52672
91.2     -5.523
91.5     -5.51584
91.8     -5.51204
92.1     -5.50693
92.4     -5.5041
92.7     -5.50113
93.0     -5.4941
93.3     -5.4888
93.6     -5.48126
93.9     -5.47911
94.2     -5.47185
94.5     -5.46842
94.8     -5.46482
95.1     -5.4587
95.4     -5.45279
95.7     -5.4489
96.0     -5.44222
96.3     -5.43968
96.6     -5.43147
96.9     -5.42463
97.2     -5.419
97.5     -5.41319
97.8     -5.40184
98.1     -5.35842
98.4     -5.24148
98.7     -5.08777
99.0     -4.97349
99.3     -4.92806
99.6     -4.91631
99.9     -4.91565
100.2     -4.91573
100.5     -4.92154
100.8     -4.92429
101.1     -4.92778
101.4     -4.93007
101.7     -4.93472
102.0     -4.9389
102.3     -4.93997
102.6     -4.94497
102.9     -4.94881
103.2     -4.95157
103.5     -4.95468
103.8     -4.95939
104.1     -4.96483
104.4     -4.96636
104.7     -4.97243
105.0     -4.97532
105.3     -4.97971
105.6     -4.98436
105.9     -4.98751
106.2     -4.991
106.5     -4.99721
106.8     -4.99941
107.1     -5.00522
107.4     -5.00868
107.7     -5.01183
108.0     -5.01612
108.3     -5.02224
108.6     -5.02464
108.9     -5.02913
109.2     -5.03304
109.5     -5.03932
109.8     -5.04344
110.1     -5.04807
110.4     -5.05141
110.7     -5.05962
111.0     -5.06242
111.3     -5.06708
111.6     -5.07093
111.9     -5.07444
112.2     -5.08162
112.5     -5.08588
112.8     -5.08917
113.1     -5.09313
113.4     -5.09935
113.7     -5.10477
114.0     -5.10866
114.3     -5.11289
114.6     -5.11866
114.9     -5.12123
115.2     -5.12635
115.5     -5.13263
115.8     -5.13613
116.1     -5.14106
116.4     -5.1475
116.7     -5.15244
117.0     -5.15684
117.3     -5.16206
117.6     -5.16539
117.9     -5.17194
118.2     -5.17728
118.5     -5.18125
118.8     -5.18542
119.1     -5.1911
119.4     -5.19577
119.7     -5.2004
120.0     -5.20696
120.3     -5.20991
120.6     -5.21571
120.9     -5.22141
121.2     -5.22458
121.5     -5.23132
121.8     -5.23626
122.1     -5.24086
122.4     -5.2458
122.7     -5.25232
123.0     -5.25621
123.3     -5.26216
123.6     -5.2681
123.9     -5.27267
124.2     -5.27876
124.5     -5.28533
124.8     -5.28989
125.1     -5.29733
125.4     -5.30233
125.7     -5.30858
126.0     -5.31527
126.3     -5.31944
126.6     -5.32597
126.9     -5.33257
127.2     -5.33816
127.5     -5.34366
127.8     -5.35021
128.1     -5.35516
128.4     -5.3595
128.7     -5.36588
129.0     -5.3723
129.3     -5.37655
129.6     -5.38125
129.9     -5.38892
130.2     -5.39504
130.5     -5.40101
130.8     -5.40422
131.1     -5.41032
131.4     -5.4159
131.7     -5.4207
132.0     -5.42642
132.3     -5.43238
132.6     -5.43771
132.9     -5.44446
133.2     -5.45147
133.5     -5.4568
133.8     -5.46272
134.1     -5.46615
134.4     -5.47419
134.7     -5.47862
135.0     -5.48449
135.3     -5.49021
135.6     -5.49485
135.9     -5.50224
136.2     -5.50518
136.5     -5.50975
136.8     -5.51559
137.1     -5.52136
137.4     -5.52731
137.7     -5.53023
138.0     -5.53551
138.3     -5.54116
138.6     -5.54642
138.9     -5.55525
139.2     -5.55739
139.5     -5.56219
139.8     -5.57015
140.1     -5.57247
140.4     -5.57996
140.7     -5.58537
141.0     -5.58878
141.3     -5.59499
141.6     -5.60076
141.9     -5.60617
142.2     -5.61126
142.5     -5.61367
142.8     -5.6211
143.1     -5.62435
143.4     -5.63086
143.7     -5.63411
144.0     -5.64052
144.3     -5.64346
144.6     -5.64928
144.9     -5.6538
145.2     -5.66092
145.5     -5.66356
145.8     -5.66885
146.1     -5.67303
146.4     -5.67814
146.7     -5.68261
147.0     -5.6882
147.3     -5.69217
147.6     -5.69719
147.9     -5.70157
148.2     -5.7062
148.5     -5.71298
148.8     -5.71676
149.1     -5.72017
149.4     -5.72394
149.7     -5.73008
150.0     -5.7342
150.3     -5.73746
150.6     -5.74303
150.9     -5.74705
151.2     -5.75102
151.5     -5.75591
151.8     -5.76022
152.1     -5.76313
152.4     -5.77
152.7     -5.77221
153.0     -5.77698
153.3     -5.78245
153.6     -5.78517
153.9     -5.79074
154.2     -5.79304
154.5     -5.79801
154.8     -5.80284
155.1     -5.80665
155.4     -5.81064
155.7     -5.81362
156.0     -5.81755
156.3     -5.82062
156.6     -5.82445
156.9     -5.82927
157.2     -5.8318
157.5     -5.83566
157.8     -5.83833
158.1     -5.8442
158.4     -5.84758
158.7     -5.85107
159.0     -5.85454
159.3     -5.85812
159.6     -5.8622
159.9     -5.86487
160.2     -5.869
160.5     -5.86975
160.8     -5.87425
161.1     -5.87917
161.4     -5.88143
161.7     -5.88401
162.0     -5.88816
162.3     -5.89208
162.6     -5.89318
162.9     -5.89958
163.2     -5.90147
163.5     -5.9051
163.8     -5.9092
164.1     -5.91337
164.4     -5.91489
164.7     -5.92033
165.0     -5.9236
165.3     -5.93105
165.6     -5.92887
165.9     -5.93683
166.2     -5.93764
166.5     -5.94353
166.8     -5.94514
167.1     -5.94815
167.4     -5.95323
167.7     -5.95476
168.0     -5.96025
168.3     -5.96228
168.6     -5.96573
168.9     -5.96993
169.2     -5.97207
169.5     -5.97449
169.8     -5.97564
170.1     -5.97983
170.4     -5.98075
170.7     -5.98478
171.0     -5.98604
171.3     -5.98649
171.6     -5.9899
171.9     -5.99248
172.2     -5.99523
172.5     -5.9964
172.8     -5.99883
173.1     -6.0006
173.4     -6.00395
173.7     -6.00485
174.0     -6.00531
174.3     -6.0081
174.6     -6.00908
174.9     -6.01179
175.2     -6.01282
175.5     -6.01406
175.8     -6.01611
176.1     -6.01647
176.4     -6.01699
176.7     -6.01819
177.0     -6.01962
177.3     -6.02102
177.6     -6.02149
177.9     -6.02326
178.2     -6.02446
178.5     -6.02528
178.8     -6.02635
179.1     -6.02791
179.4     -6.02754
179.7     -6.02997
180.0     -6.03021
