0.3     -4.04705
0.6     -4.04741
0.9     -4.0474
1.2     -4.04802
1.5     -4.04966
1.8     -4.04963
2.1     -4.04953
2.4     -4.05035
2.7     -4.04946
3.0     -4.0512
3.3     -4.05014
3.6     -4.0526
3.9     -4.05285
4.2     -4.05338
4.5     -4.05341
4.8     -4.05371
5.1     -4.05473
5.4     -4.05654
5.7     -4.05668
6.0     -4.05786
6.3     -4.05869
6.6     -4.0586
6.9     -4.06004
7.2     -4.06049
7.5     -4.06189
7.8     -4.06297
8.1     -4.06401
8.4     -4.06499
8.7     -4.06526
9.0     -4.0664
9.3     -4.06646
9.6     -4.06785
9.9     -4.06964
10.2     -4.07078
10.5     -4.07202
10.8     -4.07254
11.1     -4.07406
11.4     -4.07625
11.7     -4.07716
12.0     -4.07908
12.3     -4.07851
12.6     -4.08064
12.9     -4.08238
13.2     -4.08413
13.5     -4.08422
13.8     -4.08819
14.1     -4.08929
14.4     -4.09066
14.7     -4.09326
15.0     -4.09525
15.3     -4.09654
15.6     -4.09879
15.9     -4.10172
16.2     -4.10235
16.5     -4.10398
16.8     -4.1049
17.1     -4.10603
17.4     -4.10773
17.7     -4.10941
18.0     -4.11064
18.3     -4.1115
18.6     -4.11462
18.9     -4.11675
19.2     -4.11727
19.5     -4.11842
19.8     -4.12078
20.1     -4.12232
20.4     -4.12457
20.7     -4.12523
21.0     -4.1275
21.3     -4.12901
21.6     -4.13033
21.9     -4.13252
22.2     -4.13435
22.5     -4.13577
22.8     -4.13737
23.1     -4.1393
23.4     -4.14097
23.7     -4.14209
24.0     -4.14401
24.3     -4.14643
24.6     -4.14746
24.9     -4.14855
25.2     -4.15084
25.5     -4.15294
25.8     -4.15467
26.1     -4.15638
26.4     -4.15851
26.7     -4.16065
27.0     -4.16184
27.3     -4.16335
27.6     -4.16562
27.9     -4.16735
28.2     -4.16884
28.5     -4.17091
28.8     -4.17306
29.1     -4.17461
29.4     -4.17633
29.7     -4.17759
30.0     -4.18
30.3     -4.18179
30.6     -4.18485
30.9     -4.18581
31.2     -4.18761
31.5     -4.19006
31.8     -4.19214
32.1     -4.19534
32.4     -4.19623
32.7     -4.19894
33.0     -4.20014
33.3     -4.20285
33.6     -4.20531
33.9     -4.20706
34.2     -4.20977
34.5     -4.21214
34.8     -4.21306
35.1     -4.21444
35.4     -4.2184
35.7     -4.22053
36.0     -4.22264
36.3     -4.2257
36.6     -4.22738
36.9     -4.22934
37.2     -4.23281
37.5     -4.23434
37.8     -4.23679
38.1     -4.24003
38.4     -4.24181
38.7     -4.24535
39.0     -4.25183
39.3     -4.24894
39.6     -4.25377
39.9     -4.25863
40.2     -4.26431
40.5     -4.27009
40.8     -4.27238
41.1     -4.27483
41.4     -4.27698
41.7     -4.28044
42.0     -4.28114
42.3     -4.2868
42.6     -4.28859
42.9     -4.29298
43.2     -4.29587
43.5     -4.29825
43.8     -4.30247
44.1     -4.30438
44.4     -4.30962
44.7     -4.31084
45.0     -4.3146
45.3     -4.31881
45.6     -4.32255
45.9     -4.32561
46.2     -4.33113
46.5     -4.33304
46.8     -4.33849
47.1     -4.3409
47.4     -4.34453
47.7     -4.34703
48.0     -4.35231
48.3     -4.35698
48.6     -4.35976
48.9     -4.36343
49.2     -4.36817
49.5     -4.37214
49.8     -4.37544
50.1     -4.37845
50.4     -4.38343
50.7     -4.38794
51.0     -4.39189
51.3     -4.39668
51.6     -4.40067
51.9     -4.40458
52.2     -4.4092
52.5     -4.41475
52.8     -4.41691
53.1     -4.42247
53.4     -4.42563
53.7     -4.43119
54.0     -4.43481
54.3     -4.44115
54.6     -4.44543
54.9     -4.44999
55.2     -4.45405
55.5     -4.45811
55.8     -4.46335
56.1     -4.46849
56.4     -4.47453
56.7     -4.4778
57.0     -4.48221
57.3     -4.48769
57.6     -4.49308
57.9     -4.49642
58.2     -4.50109
58.5     -4.50683
58.8     -4.51104
59.1     -4.51566
59.4     -4.52261
59.7     -4.52647
60.0     -4.53174
60.3     -4.53773
60.6     -4.54256
60.9     -4.5476
61.2     -4.55253
61.5     -4.55794
61.8     -4.56117
62.1     -4.56841
62.4     -4.57288
62.7     -4.57948
63.0     -4.58517
63.3     -4.58902
63.6     -4.59472
63.9     -4.60104
64.2     -4.60627
64.5     -4.61182
64.8     -4.61791
65.1     -4.62233
65.4     -4.62785
65.7     -4.63373
66.0     -4.63893
66.3     -4.64432
66.6     -4.65133
66.9     -4.65721
67.2     -4.66268
67.5     -4.66903
67.8     -4.67389
68.1     -4.68017
68.4     -4.68519
68.7     -4.69214
69.0     -4.69746
69.3     -4.70297
69.6     -4.70733
69.9     -4.71304
70.2     -4.72027
70.5     -4.72597
70.8     -4.72993
71.1     -4.73523
71.4     -4.74364
71.7     -4.746
72.0     -4.75156
72.3     -4.75706
72.6     -4.76349
72.9     -4.76743
73.2     -4.77623
73.5     -4.78218
73.8     -4.7883
74.1     -4.79112
74.4     -4.7955
74.7     -4.80143
75.0     -4.80654
75.3     -4.81281
75.6     -4.81995
75.9     -4.82275
76.2     -4.82847
76.5     -4.83244
76.8     -4.84038
77.1     -4.84766
77.4     -4.85227
77.7     -4.86003
78.0     -4.86354
78.3     -4.869
78.6     -4.87515
78.9     -4.88111
79.2     -4.88785
79.5     -4.89214
79.8     -4.89887
80.1     -4.90594
80.4     -4.90945
80.7     -4.91643
81.0     -4.92399
81.3     -4.92805
81.6     -4.93617
81.9     -4.93967
82.2     -4.94592
82.5     -4.95389
82.8     -4.96118
83.1     -4.96767
83.4     -4.97347
83.7     -4.98045
84.0     -4.98792
84.3     -4.99315
84.6     -5.00057
84.9     -5.00701
85.2     -5.01369
85.5     -5.02112
85.8     -5.02776
86.1     -5.03569
86.4     -5.04264
86.7     -5.0493
87.0     -5.05565
87.3     -5.06306
87.6     -5.06992
87.9     -5.07745
88.2     -5.08528
88.5     -5.09095
88.8     -5.09801
89.1     -5.10449
89.4     -5.11168
89.7     -5.1201
90.0     -5.12745
90.3     -5.13472
90.6     -5.1413
90.9     -5.1484
91.2     -5.15548
91.5     -5.16321
91.8     -5.17158
92.1     -5.17868
92.4     -5.18614
92.7     -5.19415
93.0     -5.20143
93.3     -5.20905
93.6     -5.21679
93.9     -5.22406
94.2     -5.23157
94.5     -5.23868
94.8     -5.24672
95.1     -5.25354
95.4     -5.26198
95.7     -5.26875
96.0     -5.27713
96.3     -5.28559
96.6     -5.29267
96.9     -5.30247
97.2     -5.30925
97.5     -5.31777
97.8     -5.32579
98.1     -5.31331
98.4     -5.22578
98.7     -5.07589
99.0     -4.94102
99.3     -4.87504
99.6     -4.8416
99.9     -4.82352
100.2     -4.81334
100.5     -4.80237
100.8     -4.79555
101.1     -4.78875
101.4     -4.7802
101.7     -4.77019
102.0     -4.76472
102.3     -4.75875
102.6     -4.74757
102.9     -4.74278
103.2     -4.73463
103.5     -4.72972
103.8     -4.72324
104.1     -4.71405
104.4     -4.70786
104.7     -4.69944
105.0     -4.69233
105.3     -4.68721
105.6     -4.68091
105.9     -4.67408
106.2     -4.66805
106.5     -4.66187
106.8     -4.65342
107.1     -4.64756
107.4     -4.64222
107.7     -4.63511
108.0     -4.62976
108.3     -4.6234
108.6     -4.61725
108.9     -4.61275
109.2     -4.60723
109.5     -4.60004
109.8     -4.59378
110.1     -4.58703
110.4     -4.58352
110.7     -4.57832
111.0     -4.57246
111.3     -4.56612
111.6     -4.56146
111.9     -4.55462
112.2     -4.55086
112.5     -4.54541
112.8     -4.53953
113.1     -4.53224
113.4     -4.52861
113.7     -4.52414
114.0     -4.52072
114.3     -4.51376
114.6     -4.50903
114.9     -4.50325
115.2     -4.49751
115.5     -4.49269
115.8     -4.48705
116.1     -4.48573
116.4     -4.4793
116.7     -4.47274
117.0     -4.46874
117.3     -4.46503
117.6     -4.45971
117.9     -4.45565
118.2     -4.45273
118.5     -4.44661
118.8     -4.44131
119.1     -4.43699
119.4     -4.43151
119.7     -4.42803
120.0     -4.42505
120.3     -4.41778
120.6     -4.41294
120.9     -4.40991
121.2     -4.40483
121.5     -4.40179
121.8     -4.39787
122.1     -4.39452
122.4     -4.38829
122.7     -4.38506
123.0     -4.37866
123.3     -4.37728
123.6     -4.37206
123.9     -4.36759
124.2     -4.36369
124.5     -4.36106
124.8     -4.35563
125.1     -4.35498
125.4     -4.34967
125.7     -4.34666
126.0     -4.34341
126.3     -4.34035
126.6     -4.33723
126.9     -4.33244
127.2     -4.32878
127.5     -4.32579
127.8     -4.32388
128.1     -4.32082
128.4     -4.31606
128.7     -4.31402
129.0     -4.31021
129.3     -4.30682
129.6     -4.30535
129.9     -4.3013
130.2     -4.29779
130.5     -4.2945
130.8     -4.29186
131.1     -4.28992
131.4     -4.28584
131.7     -4.2823
132.0     -4.2794
132.3     -4.2774
132.6     -4.27532
132.9     -4.27183
133.2     -4.26873
133.5     -4.26656
133.8     -4.26328
134.1     -4.26169
134.4     -4.25826
134.7     -4.25493
135.0     -4.25282
135.3     -4.25006
135.6     -4.24695
135.9     -4.24565
136.2     -4.24093
136.5     -4.23946
136.8     -4.237
137.1     -4.23444
137.4     -4.23094
137.7     -4.22815
138.0     -4.22595
138.3     -4.22355
138.6     -4.22128
138.9     -4.21943
139.2     -4.21652
139.5     -4.21396
139.8     -4.21208
140.1     -4.20926
140.4     -4.20806
140.7     -4.20521
141.0     -4.20311
141.3     -4.20097
141.6     -4.20011
141.9     -4.19617
142.2     -4.19406
142.5     -4.19092
142.8     -4.18926
143.1     -4.18805
143.4     -4.18575
143.7     -4.18305
144.0     -4.18155
144.3     -4.17865
144.6     -4.1769
144.9     -4.17515
145.2     -4.17283
145.5     -4.17206
145.8     -4.16947
146.1     -4.16759
146.4     -4.16573
146.7     -4.16354
147.0     -4.16263
147.3     -4.16035
147.6     -4.15918
147.9     -4.15705
148.2     -4.15602
148.5     -4.15438
148.8     -4.15286
149.1     -4.15016
149.4     -4.14837
149.7     -4.14911
150.0     -4.14644
150.3     -4.14444
150.6     -4.14383
150.9     -4.14293
151.2     -4.14163
151.5     -4.13909
151.8     -4.13846
152.1     -4.13607
152.4     -4.13612
152.7     -4.13439
153.0     -4.13268
153.3     -4.13105
153.6     -4.12944
153.9     -4.13003
154.2     -4.12808
154.5     -4.12561
154.8     -4.1262
155.1     -4.12411
155.4     -4.1231
155.7     -4.12126
156.0     -4.12163
156.3     -4.12109
156.6     -4.12104
156.9     -4.1193
157.2     -4.11825
157.5     -4.11716
157.8     -4.11562
158.1     -4.11412
158.4     -4.11446
158.7     -4.11267
159.0     -4.11228
159.3     -4.11123
159.6     -4.11072
159.9     -4.10928
160.2     -4.10933
160.5     -4.10726
160.8     -4.10683
161.1     -4.10619
161.4     -4.10592
161.7     -4.10493
162.0     -4.10392
162.3     -4.10237
162.6     -4.10209
162.9     -4.10218
163.2     -4.10115
163.5     -4.10018
163.8     -4.10028
164.1     -4.09937
164.4     -4.0983
164.7     -4.09785
165.0     -4.09664
165.3     -4.09285
165.6     -4.09625
165.9     -4.09505
166.2     -4.09489
166.5     -4.09427
166.8     -4.09303
167.1     -4.09203
167.4     -4.09078
167.7     -4.09136
168.0     -4.08907
168.3     -4.088
168.6     -4.08686
168.9     -4.08717
169.2     -4.08686
169.5     -4.0861
169.8     -4.08419
170.1     -4.0854
170.4     -4.08345
170.7     -4.0835
171.0     -4.08275
171.3     -4.08125
171.6     -4.08202
171.9     -4.08078
172.2     -4.08155
172.5     -4.08098
172.8     -4.07992
173.1     -4.07962
173.4     -4.07964
173.7     -4.07929
174.0     -4.07852
174.3     -4.07862
174.6     -4.07784
174.9     -4.07853
175.2     -4.07782
175.5     -4.07824
175.8     -4.07822
176.1     -4.07789
176.4     -4.07707
176.7     -4.07729
177.0     -4.07759
177.3     -4.07768
177.6     -4.07797
177.9     -4.07858
178.2     -4.07843
178.5     -4.07828
178.8     -4.07825
179.1     -4.07962
179.4     -4.07914
179.7     -4.07928
180.0     -4.07963
