  1.0   245.50000
  4.0    36.00000
  7.0   145.75000
  8.0    92.25000
  9.0    40.50000
 10.0    79.75000
 11.0    77.00000
 12.0    27.25000
 13.0    37.25000
 14.0    26.00000
 19.0   191.00000
 20.0    77.50000
 21.0   100.75000
 24.0    98.25000
 27.0    33.00000
 29.0    80.00000
 31.0   241.25000
 32.0    88.00000
 34.0    37.25000
 37.0    45.50000
 40.0   130.25000
 42.0   245.25000
 44.0   162.75000
 46.0   100.75000
 48.0    59.50000
 49.0    34.25000
 52.0   164.00000
 55.0   186.25000
 56.0    38.00000
 57.0   300.00000
 60.0    44.75000
 62.0   197.00000
 64.0   210.00000
 68.0    25.75000
 69.0   217.00000
 70.0    90.50000
 71.0   149.25000
 73.0    30.50000
 74.0   178.00000
 80.0    41.75000
 83.0    88.75000
 84.0    47.25000
 85.0    69.25000
 87.0   171.25000
 89.0    25.00000
 90.0    56.00000
 91.0    68.75000
 95.0    26.25000
 96.0   299.75000
 97.0    66.50000
 99.0   180.25000
100.0    45.00000
103.0    86.25000
104.0   105.00000
109.0   103.00000
110.0    34.00000
111.0   168.00000
112.0    48.00000
113.0   239.00000
115.0    36.00000
120.0   136.75000
122.0    97.75000
124.0    60.50000
126.0    70.25000
131.0    77.00000
132.0   151.75000
135.0   202.00000
139.0   187.50000
140.0    85.75000
141.0   219.75000
142.0   176.75000
145.0   293.25000
146.0   169.75000
147.0    33.50000
149.0    81.00000
151.0   165.75000
153.0    29.25000
154.0   109.00000
155.0    79.25000
160.0   103.00000
161.0    46.00000
163.0   257.50000
165.0    45.25000
166.0   173.75000
168.0   163.00000
169.0   122.75000
170.0    36.00000
172.0   122.00000
173.0    54.25000
174.0    99.25000
175.0    98.25000
179.0    98.75000
181.0    47.50000
182.0    49.00000
183.0    42.00000
184.0    46.75000
185.0   104.00000
186.0   321.00000
187.0   153.00000
189.0   179.00000
197.0   120.00000
198.0   229.25000
199.0   141.50000
200.0   192.25000
202.0   205.50000
203.0    29.75000
204.0    70.75000
207.0    61.00000
211.0    71.00000
213.0    73.50000
214.0   149.50000
218.0   212.25000
220.0    90.75000
221.0    90.25000
223.0    37.00000
224.0    56.25000
225.0   108.50000
227.0   123.50000
228.0   127.25000
230.0   203.50000
231.0    35.50000
232.0    25.75000
233.0   161.50000
234.0    34.25000
240.0   141.25000
242.0    34.25000
243.0    37.75000
244.0    85.00000
247.0    47.75000
248.0    55.25000
249.0   205.25000
250.0    32.25000
251.0    36.75000
252.0   128.75000
253.0    40.00000
254.0   106.75000
255.0   155.50000
256.0   160.75000
257.0    58.75000
260.0    56.25000
261.0   167.00000
264.0    39.50000
265.0    33.50000
268.0    58.75000
270.0    91.00000
271.0   107.50000
272.0    83.25000
273.0   139.50000
275.0    50.00000
276.0    78.25000
277.0   155.25000
278.0    36.25000
279.0    50.75000
280.0    73.50000
281.0    73.75000
283.0    65.25000
284.0    99.25000
285.0    46.25000
287.0    38.25000
288.0   357.00000
289.0    57.75000
291.0    54.00000
293.0    47.00000
297.0    34.50000
298.0    78.25000
301.0    74.00000
303.0    68.50000
304.0   104.50000
305.0    47.75000
306.0    65.75000
307.0   129.25000
310.0   107.75000
311.0    51.25000
312.0    70.75000
313.0    82.50000
315.0   196.50000
317.0    89.25000
318.0    40.25000
319.0    59.50000
320.0    46.50000
322.0   234.00000
323.0   105.75000
325.0    61.25000
326.0    40.00000
329.0    89.25000
330.0    51.00000
332.0    32.75000
333.0    61.25000
334.0    47.75000
335.0    47.00000
338.0    60.75000
339.0   217.50000
340.0    70.00000
343.0   218.75000
344.0   228.25000
346.0    42.00000
352.0    99.75000
353.0    97.75000
355.0   100.50000
356.0   114.25000
358.0    77.75000
362.0   135.00000
364.0    52.25000
366.0   100.25000
368.0   152.50000
370.0   206.50000
371.0   114.75000
374.0    39.00000
376.0    57.75000
377.0    42.25000
378.0   195.00000
379.0    32.50000
380.0    39.75000
381.0   246.25000
382.0   101.75000
383.0   214.00000
384.0    58.00000
386.0    33.25000
388.0   240.00000
389.0   152.25000
391.0    61.25000
393.0   208.50000
397.0    38.75000
398.0   231.00000
399.0   111.00000
402.0   225.50000
404.0    38.25000
406.0    35.00000
407.0    29.50000
408.0    42.50000
409.0   328.75000
412.0   350.75000
413.0   126.00000
416.0    84.50000
418.0    87.00000
423.0    27.00000
424.0    50.25000
429.0    71.00000
430.0   204.50000
433.0   128.00000
438.0   133.25000
439.0   228.50000
441.0   147.00000
444.0    93.00000
445.0    87.75000
446.0   135.00000
449.0   267.50000
452.0   149.25000
456.0   110.00000
457.0    59.00000
460.0    62.75000
464.0    64.00000
466.0    63.25000
467.0    79.50000
469.0    91.75000
471.0   115.75000
472.0    30.25000
473.0    56.00000
474.0   112.50000
476.0    37.50000
479.0   151.00000
481.0   150.50000
487.0    51.50000
491.0    46.75000
492.0   262.50000
493.0   123.25000
494.0   104.25000
497.0    41.75000
498.0   153.75000
