  1.0    73.75016
  4.0    80.64999
  7.0    82.10478
  8.0    80.38241
  9.0    84.41753
 10.0    82.97422
 11.0    78.70512
 12.0    79.43809
 13.0    84.47961
 14.0    83.51737
 19.0    92.77595
 20.0    73.63373
 21.0    84.96734
 24.0    80.15543
 27.0    81.67197
 29.0    84.40465
 31.0    94.58193
 32.0    61.87315
 34.0    81.95748
 37.0    89.31016
 40.0    73.49761
 42.0    84.97958
 44.0    82.44833
 46.0    84.53597
 48.0    87.87191
 49.0    83.50591
 52.0    78.64869
 55.0    86.86714
 56.0    90.31120
 57.0   109.21366
 60.0   101.20817
 62.0    76.54733
 64.0    76.19805
 68.0    87.05653
 69.0    87.69399
 70.0    75.10107
 71.0    91.49679
 73.0    85.13488
 74.0    89.21741
 80.0    90.26400
 83.0    87.65018
 84.0    81.35935
 85.0    63.57964
 87.0    86.01517
 89.0    83.97170
 90.0    86.30836
 91.0    90.10039
 95.0    79.95492
 96.0    88.23553
 97.0    81.80296
 99.0    91.32955
100.0    90.41122
103.0    66.20964
104.0    84.09363
109.0    63.45784
110.0    86.67408
111.0    73.57456
112.0    85.63454
113.0    69.47673
115.0    84.97342
120.0    85.88237
122.0    67.64849
124.0    65.88862
126.0    85.27138
131.0    81.39677
132.0    66.60428
135.0    83.74212
139.0    89.37560
140.0    81.92918
141.0    92.64036
142.0    60.51157
145.0    97.63770
146.0    70.22703
147.0    78.83426
149.0    75.55691
151.0    87.80079
153.0    82.19852
154.0    82.40711
155.0    64.06978
160.0    75.65133
161.0    84.52182
163.0    89.66597
165.0    90.52027
166.0    82.97762
168.0    78.28414
169.0    67.85237
170.0    84.49350
172.0    84.33439
173.0    92.48361
174.0    89.47703
175.0    80.32668
179.0    81.38285
181.0    89.92190
182.0    66.47428
183.0    78.69794
184.0    84.22224
185.0    83.37976
186.0    42.18947
187.0    66.43233
189.0    75.42861
197.0    82.20144
198.0    89.88961
199.0    75.95460
200.0    86.32100
202.0    86.58720
203.0    85.08560
204.0    77.73757
207.0    78.15240
211.0    80.58042
213.0    86.42792
214.0    88.77142
218.0    77.30602
220.0    62.72726
221.0    69.58853
223.0    86.55591
224.0    80.91165
225.0    74.71776
227.0    90.59759
228.0    69.48031
230.0    90.14725
231.0    89.95687
232.0    81.04241
233.0    66.15450
234.0    81.94501
240.0    86.33286
242.0    84.01394
243.0    81.97295
244.0    67.23918
247.0    81.72544
248.0    86.68233
249.0    84.61293
250.0    79.10574
251.0    73.04941
252.0    64.76616
253.0    91.55426
254.0    49.75246
255.0    76.36660
256.0    74.19026
257.0    84.13991
260.0    80.72324
261.0    79.84335
264.0    87.11080
265.0    84.68269
268.0    89.84628
270.0    84.33371
271.0    81.22322
272.0    89.93728
273.0    83.65658
275.0    86.77211
276.0    81.26150
277.0    68.91115
278.0    90.33049
279.0    89.11300
280.0    71.33783
281.0    84.09400
283.0    84.65548
284.0    84.35112
285.0    70.90725
287.0    83.28124
288.0    79.77878
289.0    86.23027
291.0    73.39957
293.0    77.32806
297.0    81.13967
298.0    71.86038
301.0    89.80677
303.0    72.79631
304.0    62.94452
305.0    84.85953
306.0    84.24029
307.0    82.96873
310.0    52.49848
311.0    86.67226
312.0    85.93206
313.0    77.55039
315.0    85.60659
317.0    61.34813
318.0    88.52907
319.0    78.95085
320.0    89.14280
322.0    92.19309
323.0    69.38916
325.0    87.37269
326.0    84.05398
329.0    82.91304
330.0    84.23177
332.0    85.00537
333.0    91.79060
334.0    88.24429
335.0    84.85156
338.0    86.01439
339.0    90.61636
340.0    73.75145
343.0    86.15745
344.0    91.23081
346.0    83.62460
352.0    87.23045
353.0    77.81196
355.0    80.21139
356.0    89.89739
358.0    74.41340
362.0    89.15653
364.0    76.74216
366.0    71.23310
368.0    73.01813
370.0    71.27248
371.0    87.90674
374.0    86.43623
376.0    86.01521
377.0    79.75011
378.0    75.96424
379.0    81.55076
380.0    86.45945
381.0    81.12175
382.0    76.30933
383.0    87.79097
384.0    78.26981
386.0    80.70556
388.0    91.76946
389.0    73.52143
391.0    63.62153
393.0    82.03146
397.0    83.67949
398.0    93.53054
399.0    60.47775
402.0    89.98939
404.0    79.08342
406.0    81.52275
407.0    85.02815
408.0    82.85117
409.0    57.02039
412.0    93.06129
413.0    92.25084
416.0    82.34212
418.0    74.98685
423.0    80.61381
424.0    81.63416
429.0    80.34850
430.0    73.84791
433.0    73.58762
438.0    74.84861
439.0    89.51547
441.0    75.24705
444.0    85.53985
445.0    64.00916
446.0    74.21841
449.0    79.05973
452.0    68.01289
456.0    77.98358
457.0    91.29104
460.0    90.13477
464.0    85.90270
466.0    75.69551
467.0    79.48412
469.0    81.24160
471.0    71.50356
472.0    82.31021
473.0    79.68509
474.0    78.16603
476.0    86.07505
479.0    72.23797
481.0    84.80229
487.0    90.31020
491.0    95.92615
492.0    86.21383
493.0    68.31690
494.0    60.70037
497.0    79.78481
498.0    81.03920
