  2.0    22.25000
  3.0    22.50000
  5.0    25.75000
  6.0    25.75000
 15.0    39.00000
 16.0    24.25000
 17.0    36.75000
 18.0    39.00000
 22.0    26.25000
 23.0   169.00000
 25.0   373.50000
 26.0   350.00000
 28.0    36.25000
 30.0   303.50000
 33.0    36.25000
 35.0    26.00000
 36.0    54.50000
 38.0    60.25000
 39.0    97.25000
 41.0   240.50000
 43.0   120.50000
 45.0    30.25000
 47.0    25.25000
 50.0    24.00000
 51.0    27.25000
 53.0    34.00000
 54.0    24.75000
 58.0    34.25000
 59.0    53.00000
 61.0    31.00000
 63.0    31.25000
 65.0    30.00000
 66.0    28.25000
 67.0    29.75000
 72.0    33.50000
 75.0    27.75000
 76.0    37.25000
 77.0   177.25000
 78.0   260.00000
 79.0   228.25000
 81.0    55.00000
 82.0    28.25000
 86.0    26.75000
 88.0    29.25000
 92.0    25.50000
 93.0   268.00000
 94.0    34.50000
 98.0    26.50000
101.0    34.25000
102.0   164.25000
105.0    88.25000
106.0    32.25000
107.0   267.75000
108.0   199.50000
114.0    27.75000
116.0    29.75000
117.0   171.50000
118.0    77.25000
119.0    25.50000
121.0    34.50000
123.0    28.00000
125.0   232.75000
127.0    59.75000
128.0    27.25000
129.0    22.75000
130.0    24.75000
133.0    28.25000
134.0   363.75000
136.0   352.00000
137.0   182.00000
138.0    33.75000
143.0    34.75000
144.0   140.25000
148.0    30.75000
150.0    28.00000
152.0   275.75000
156.0    27.50000
157.0    72.50000
158.0    28.00000
159.0   269.50000
162.0    33.75000
164.0   168.00000
167.0    29.25000
171.0    22.75000
176.0   236.75000
177.0    30.25000
178.0   199.50000
180.0    28.00000
188.0    25.50000
190.0   123.50000
191.0   206.75000
192.0    36.50000
193.0    26.75000
194.0    34.00000
195.0   152.25000
196.0    59.25000
201.0    29.50000
205.0    29.00000
206.0    37.25000
208.0    26.25000
209.0    86.25000
210.0   286.75000
212.0   287.00000
215.0   155.25000
216.0    43.25000
217.0   277.25000
219.0    31.00000
222.0    31.00000
226.0   288.75000
229.0    22.00000
235.0    21.75000
236.0    27.00000
237.0    28.75000
238.0    39.00000
239.0    27.50000
241.0    29.25000
245.0   189.25000
246.0    32.75000
258.0    35.00000
259.0    24.75000
262.0   274.75000
263.0    26.75000
266.0    25.25000
267.0    25.75000
269.0   266.25000
274.0    32.00000
282.0    31.00000
286.0    25.00000
290.0    92.00000
292.0    29.75000
294.0    31.50000
295.0   244.25000
296.0   172.00000
299.0    29.25000
300.0   187.50000
302.0    62.00000
308.0    33.25000
309.0    51.00000
314.0    24.75000
316.0   212.50000
321.0   214.25000
324.0    74.25000
327.0    34.25000
328.0    27.25000
331.0    26.75000
336.0    33.25000
337.0    38.50000
341.0    31.75000
342.0   195.75000
345.0   201.00000
347.0    28.75000
348.0   221.25000
349.0    38.75000
350.0    33.75000
351.0   221.50000
354.0    26.75000
357.0    30.25000
359.0   117.25000
360.0    26.50000
361.0    22.50000
363.0   220.25000
365.0    25.00000
367.0   418.75000
369.0    27.25000
372.0    51.25000
373.0   169.50000
375.0    22.75000
385.0    44.25000
387.0    31.50000
390.0    27.75000
392.0   129.50000
394.0    23.50000
395.0    26.25000
396.0   121.75000
400.0    22.50000
401.0    34.25000
403.0    31.25000
405.0   186.50000
410.0    30.50000
411.0    21.25000
414.0    35.25000
415.0   191.00000
417.0    27.50000
419.0    29.00000
420.0    24.50000
421.0   214.00000
422.0    36.75000
425.0    45.75000
426.0   169.25000
427.0    25.25000
428.0    37.00000
431.0   198.25000
432.0    25.50000
434.0    24.25000
435.0    29.75000
436.0   201.25000
437.0   201.25000
440.0    33.25000
442.0    42.25000
443.0    26.50000
447.0    28.25000
448.0    21.50000
450.0    59.00000
451.0   272.75000
453.0   214.25000
454.0    31.75000
455.0    22.75000
458.0    24.75000
459.0    25.25000
461.0    26.25000
462.0    24.75000
463.0    24.25000
465.0   129.50000
468.0    31.50000
470.0    29.75000
475.0    24.75000
477.0    32.50000
478.0    30.50000
480.0    31.75000
482.0    28.75000
483.0   107.00000
484.0    44.50000
485.0    32.50000
486.0    28.75000
488.0    26.75000
489.0    33.25000
490.0    32.25000
495.0    24.25000
496.0    26.75000
499.0   177.50000
500.0   191.00000
