  2.0    85.38750
  3.0    86.08999
  5.0    77.62551
  6.0    80.70630
 15.0    89.02736
 16.0    89.02991
 17.0    88.19680
 18.0    81.01514
 22.0    88.29521
 23.0    93.39895
 25.0    93.62085
 26.0   120.25795
 28.0    84.28488
 30.0    91.35832
 33.0    89.91393
 35.0    83.79931
 36.0    90.63058
 38.0    89.03885
 39.0    90.60862
 41.0   114.85568
 43.0    91.49320
 45.0    85.03176
 47.0    85.43842
 50.0    87.66283
 51.0    87.14336
 53.0    87.28087
 54.0    85.94264
 58.0    87.73878
 59.0    85.45501
 61.0    88.61453
 63.0    85.17260
 65.0    88.86531
 66.0    83.92683
 67.0    85.93559
 72.0    87.02929
 75.0    89.60215
 76.0    98.69381
 77.0    91.32298
 78.0    89.16683
 79.0   106.06913
 81.0    92.21600
 82.0    86.05034
 86.0    83.12325
 88.0    84.26350
 92.0    84.66417
 93.0    93.29955
 94.0    94.14580
 98.0    77.47656
101.0    87.37133
102.0    96.37638
105.0    92.43220
106.0    86.36474
107.0    94.75996
108.0    90.63077
114.0    84.41196
116.0    83.17644
117.0    94.54409
118.0    91.47921
119.0    85.61175
121.0    92.29712
123.0    88.80669
125.0   106.96561
127.0    92.00218
128.0    82.66632
129.0    82.72205
130.0    85.05541
133.0    88.30396
134.0    93.34292
136.0    92.52334
137.0    89.50226
138.0    88.46089
143.0    85.74845
144.0    90.26913
148.0    92.24191
150.0    87.28199
152.0    94.45604
156.0    86.26523
157.0    92.17782
158.0    87.07575
159.0    89.51434
162.0    88.93055
164.0    95.13259
167.0    79.46770
171.0    83.78599
176.0   114.98096
177.0    87.65701
178.0    93.24275
180.0    87.31431
188.0    86.62981
190.0    90.84803
191.0    94.28429
192.0    85.50638
193.0    84.49321
194.0    87.32296
195.0    89.64264
196.0   118.03735
201.0    85.04643
205.0    84.58214
206.0    87.51142
208.0    90.91949
209.0    86.48651
210.0    89.23702
212.0    92.25204
215.0    88.71011
216.0    88.12725
217.0    92.52706
219.0    83.60014
222.0    83.76180
226.0    99.53197
229.0    87.91926
235.0    80.83730
236.0    91.60080
237.0    87.63489
238.0    92.47032
239.0    86.47759
241.0    88.56682
245.0    93.28482
246.0    85.80688
258.0    89.12527
259.0    85.78912
262.0   133.98391
263.0    85.29549
266.0    85.52255
267.0    86.67023
269.0   108.78647
274.0    91.37279
282.0    89.05182
286.0    83.35992
290.0    91.71849
292.0    85.06134
294.0    80.71731
295.0   102.79558
296.0    92.75037
299.0    84.84037
300.0    90.84532
302.0    90.25270
308.0    86.38141
309.0    88.89454
314.0    85.86266
316.0    94.13194
321.0    92.53336
324.0    91.99660
327.0    88.27389
328.0    86.08006
331.0    85.27972
336.0    89.62383
337.0    87.09660
341.0    87.09254
342.0    94.30840
345.0    95.51090
347.0    85.44361
348.0    99.10218
349.0    98.39635
350.0    86.12316
351.0    94.32565
354.0    90.05950
357.0    87.42505
359.0    87.89410
360.0    86.18630
361.0    80.38907
363.0    99.66661
365.0    88.16505
367.0    96.44802
369.0    84.53737
372.0    94.78266
373.0    93.56810
375.0    85.47085
385.0    84.78068
387.0    82.70673
390.0    86.12129
392.0    94.57348
394.0    85.41053
395.0    86.41838
396.0    93.46999
400.0    85.06235
401.0    84.97850
403.0    89.79825
405.0    92.52056
410.0    86.13483
411.0    88.91213
414.0    87.71847
415.0    95.38819
417.0    86.61101
419.0    87.38785
420.0    84.83161
421.0    99.06866
422.0    89.50241
425.0    94.09807
426.0    96.15089
427.0    88.34136
428.0    87.99554
431.0    93.52914
432.0    89.45090
434.0    85.92097
435.0    84.26147
436.0    92.42150
437.0    91.21839
440.0    87.29490
442.0    96.10433
443.0    84.63820
447.0    86.65170
448.0    85.15774
450.0    96.18082
451.0    95.18800
453.0   101.61198
454.0    87.16220
455.0    84.52654
458.0    86.06832
459.0    88.34580
461.0    84.62217
462.0    89.90131
463.0    84.79339
465.0    86.63504
468.0    87.93547
470.0    85.42888
475.0    84.94262
477.0    84.36952
478.0    81.37328
480.0    83.54773
482.0    86.43184
483.0    79.04035
484.0    90.07119
485.0    90.33407
486.0    86.91325
488.0    92.07559
489.0    82.56605
490.0    83.70276
495.0    81.39608
496.0    87.61638
499.0    92.26204
500.0    92.79797
