0.25     0.0
0.5     0.0
0.75     0.0
1.0     0.0
1.25     0.0
1.5     0.0
1.75     0.0
2.0     0.0
2.25     0.0
2.5     0.0
2.75     0.0
3.0     0.0
3.25     0.0
3.5     0.0
3.75     0.0
4.0     0.0
4.25     0.0
4.5     0.0
4.75     0.0
5.0     0.0
5.25     0.0
5.5     0.0
5.75     0.0
6.0     0.0
6.25     0.0
6.5     0.0
6.75     0.0
7.0     0.0
7.25     0.0
7.5     0.0
7.75     0.0
8.0     0.0
8.25     0.0
8.5     0.0
8.75     0.0
9.0     0.0
9.25     0.0
9.5     0.0
9.75     0.0
10.0     0.0
10.25     0.0
10.5     0.0
10.75     0.0
11.0     0.0
11.25     0.0
11.5     0.0
11.75     0.0
12.0     0.0
12.25     0.0
12.5     0.0
12.75     0.0
13.0     0.0
13.25     0.0
13.5     0.0
13.75     0.0
14.0     0.0
14.25     0.0
14.5     0.0
14.75     0.0
15.0     0.0
15.25     0.0
15.5     0.0
15.75     0.0
16.0     0.0
16.25     0.0
16.5     0.0
16.75     0.0
17.0     0.0
17.25     0.0
17.5     0.0
17.75     0.0
18.0     0.0
18.25     0.0
18.5     0.0
18.75     0.0
19.0     0.0
19.25     0.0
19.5     0.0
19.75     0.0
20.0     0.0
20.25     0.0
20.5     0.0
20.75     0.0
21.0     0.0
21.25     0.0
21.5     0.0
21.75     0.0
22.0     0.0
22.25     0.0
22.5     0.0
22.75     0.0
23.0     0.0
23.25     0.0
23.5     0.0
23.75     0.0
24.0     0.0
24.25     0.0
24.5     0.0
24.75     0.0
25.0     0.0
25.25     0.0
25.5     0.0
25.75     0.0
26.0     0.0
26.25     0.0
26.5     0.0
26.75     0.0
27.0     0.0
27.25     0.0
27.5     0.0
27.75     0.0
28.0     0.0
28.25     0.0
28.5     0.0
28.75     0.0
29.0     0.0
29.25     0.0
29.5     0.0
29.75     0.0
30.0     0.0
30.25     0.0
30.5     0.0
30.75     0.0
31.0     0.0
31.25     0.0
31.5     0.0
31.75     0.0
32.0     0.0
32.25     0.0
32.5     0.0
32.75     0.0
33.0     0.0
33.25     0.0
33.5     0.0
33.75     0.0
34.0     0.0
34.25     0.0
34.5     0.0
34.75     0.0
35.0     0.0
35.25     0.0
35.5     0.0
35.75     0.0
36.0     0.0
36.25     0.0
36.5     0.0
36.75     0.0
37.0     0.0
37.25     0.0
37.5     0.0
37.75     0.0
38.0     0.0
38.25     0.0
38.5     0.0
38.75     0.0
39.0     0.0
39.25     0.0
39.5     0.0
39.75     0.0
40.0     0.0
40.25     0.0
40.5     0.0
40.75     0.0
41.0     0.0
41.25     0.0
41.5     0.0
41.75     0.0
42.0     0.0
42.25     0.0
42.5     0.0
42.75     0.0
43.0     0.0
43.25     0.0
43.5     0.0
43.75     0.0
44.0     0.0
44.25     0.0
44.5     0.0
44.75     0.0
45.0     0.0
45.25     0.0
45.5     0.0
45.75     0.0
46.0     0.0
46.25     0.0
46.5     0.0
46.75     0.0
47.0     0.0
47.25     0.0
47.5     0.0
47.75     0.0
48.0     0.0
48.25     0.0
48.5     0.0
48.75     0.0
49.0     0.0
49.25     0.0
49.5     0.0
49.75     0.0
50.0     0.0
50.25     0.0
50.5     0.0
50.75     0.0
51.0     0.0
51.25     0.0
51.5     0.0
51.75     0.0
52.0     0.0
52.25     0.0
52.5     0.0
52.75     0.0
53.0     0.0
53.25     0.0
53.5     0.0
53.75     0.0
54.0     0.0
54.25     0.0
54.5     0.0
54.75     0.0
55.0     0.0
55.25     0.0
55.5     0.0
55.75     0.0
56.0     0.0
56.25     0.0
56.5     0.0
56.75     0.0
57.0     0.0
57.25     0.0
57.5     0.0
57.75     0.0
58.0     0.0
58.25     0.0
58.5     0.0
58.75     0.0
59.0     0.0
59.25     0.0
59.5     0.0
59.75     0.0
60.0     0.002
60.25     0.002
60.5     0.002
60.75     0.002
61.0     0.002
61.25     0.002
61.5     0.002
61.75     0.002
62.0     0.002
62.25     0.002
62.5     0.002
62.75     0.002
63.0     0.002
63.25     0.002
63.5     0.002
63.75     0.002
64.0     0.002
64.25     0.002
64.5     0.002
64.75     0.002
65.0     0.002
65.25     0.002
65.5     0.002
65.75     0.002
66.0     0.002
66.25     0.002
66.5     0.002
66.75     0.002
67.0     0.002
67.25     0.002
67.5     0.002
67.75     0.002
68.0     0.002
68.25     0.002
68.5     0.002
68.75     0.002
69.0     0.002
69.25     0.002
69.5     0.002
69.75     0.002
70.0     0.002
70.25     0.002
70.5     0.002
70.75     0.004
71.0     0.004
71.25     0.004
71.5     0.004
71.75     0.004
72.0     0.004
72.25     0.004
72.5     0.004
72.75     0.004
73.0     0.004
73.25     0.004
73.5     0.004
73.75     0.004
74.0     0.004
74.25     0.004
74.5     0.004
74.75     0.004
75.0     0.004
75.25     0.004
75.5     0.004
75.75     0.004
76.0     0.004
76.25     0.004
76.5     0.004
76.75     0.004
77.0     0.004
77.25     0.004
77.5     0.004
77.75     0.004
78.0     0.004
78.25     0.006
78.5     0.006
78.75     0.006
79.0     0.006
79.25     0.006
79.5     0.006
79.75     0.006
80.0     0.006
80.25     0.006
80.5     0.006
80.75     0.006
81.0     0.006
81.25     0.006
81.5     0.006
81.75     0.006
82.0     0.006
82.25     0.006
82.5     0.006
82.75     0.006
83.0     0.006
83.25     0.006
83.5     0.006
83.75     0.006
84.0     0.006
84.25     0.006
84.5     0.006
84.75     0.006
85.0     0.006
85.25     0.006
85.5     0.006
85.75     0.006
86.0     0.006
86.25     0.006
86.5     0.006
86.75     0.006
87.0     0.006
87.25     0.006
87.5     0.006
87.75     0.006
88.0     0.006
88.25     0.006
88.5     0.006
88.75     0.006
89.0     0.006
89.25     0.006
89.5     0.006
89.75     0.006
90.0     0.006
90.25     0.006
90.5     0.006
90.75     0.006
91.0     0.006
91.25     0.006
91.5     0.006
91.75     0.006
92.0     0.006
92.25     0.006
92.5     0.006
92.75     0.006
93.0     0.006
93.25     0.006
93.5     0.006
93.75     0.006
94.0     0.006
94.25     0.006
94.5     0.006
94.75     0.006
95.0     0.006
95.25     0.006
95.5     0.006
95.75     0.006
96.0     0.006
96.25     0.006
96.5     0.006
96.75     0.006
97.0     0.006
97.25     0.006
97.5     0.006
97.75     0.006
98.0     0.006
98.25     0.006
98.5     0.006
98.75     0.006
99.0     0.006
99.25     0.006
99.5     0.006
99.75     0.006
100.0     0.006
100.25     0.006
100.5     0.006
100.75     0.006
101.0     0.006
101.25     0.006
101.5     0.006
101.75     0.006
102.0     0.006
102.25     0.006
102.5     0.006
102.75     0.006
103.0     0.006
103.25     0.006
103.5     0.006
103.75     0.006
104.0     0.006
104.25     0.006
104.5     0.006
104.75     0.006
105.0     0.006
105.25     0.006
105.5     0.006
105.75     0.006
106.0     0.006
106.25     0.006
106.5     0.006
106.75     0.006
107.0     0.006
107.25     0.006
107.5     0.006
107.75     0.006
108.0     0.006
108.25     0.006
108.5     0.006
108.75     0.006
109.0     0.006
109.25     0.006
109.5     0.006
109.75     0.006
110.0     0.006
110.25     0.006
110.5     0.006
110.75     0.006
111.0     0.006
111.25     0.006
111.5     0.006
111.75     0.006
112.0     0.006
112.25     0.006
112.5     0.006
112.75     0.006
113.0     0.006
113.25     0.006
113.5     0.006
113.75     0.006
114.0     0.006
114.25     0.006
114.5     0.006
114.75     0.006
115.0     0.006
115.25     0.006
115.5     0.006
115.75     0.006
116.0     0.006
116.25     0.006
116.5     0.006
116.75     0.006
117.0     0.006
117.25     0.006
117.5     0.006
117.75     0.006
118.0     0.006
118.25     0.006
118.5     0.006
118.75     0.006
119.0     0.006
119.25     0.006
119.5     0.006
119.75     0.006
120.0     0.006
120.25     0.006
120.5     0.006
120.75     0.006
121.0     0.006
121.25     0.006
121.5     0.006
121.75     0.006
122.0     0.006
122.25     0.006
122.5     0.006
122.75     0.006
123.0     0.006
123.25     0.006
123.5     0.006
123.75     0.006
124.0     0.006
124.25     0.006
124.5     0.006
124.75     0.006
125.0     0.006
125.25     0.006
125.5     0.006
125.75     0.006
126.0     0.006
126.25     0.006
126.5     0.006
126.75     0.006
127.0     0.006
127.25     0.006
127.5     0.006
127.75     0.006
128.0     0.006
128.25     0.006
128.5     0.006
128.75     0.006
129.0     0.006
129.25     0.006
129.5     0.006
129.75     0.006
130.0     0.006
130.25     0.006
130.5     0.006
130.75     0.006
131.0     0.006
131.25     0.006
131.5     0.006
131.75     0.006
132.0     0.006
132.25     0.006
132.5     0.006
132.75     0.006
133.0     0.006
133.25     0.006
133.5     0.006
133.75     0.006
134.0     0.006
134.25     0.006
134.5     0.006
134.75     0.006
135.0     0.006
135.25     0.006
135.5     0.006
135.75     0.006
136.0     0.006
136.25     0.006
136.5     0.006
136.75     0.006
137.0     0.006
137.25     0.006
137.5     0.006
137.75     0.006
138.0     0.006
138.25     0.006
138.5     0.006
138.75     0.006
139.0     0.006
139.25     0.006
139.5     0.006
139.75     0.006
140.0     0.006
140.25     0.006
140.5     0.006
140.75     0.006
141.0     0.006
141.25     0.006
141.5     0.006
141.75     0.006
142.0     0.006
142.25     0.006
142.5     0.006
142.75     0.006
143.0     0.006
143.25     0.006
143.5     0.006
143.75     0.006
144.0     0.006
144.25     0.006
144.5     0.006
144.75     0.006
145.0     0.006
145.25     0.006
145.5     0.006
145.75     0.006
146.0     0.006
146.25     0.006
146.5     0.006
146.75     0.006
147.0     0.006
147.25     0.006
147.5     0.006
147.75     0.006
148.0     0.006
148.25     0.006
148.5     0.006
148.75     0.006
149.0     0.006
149.25     0.006
149.5     0.006
149.75     0.006
150.0     0.006
150.25     0.008
150.5     0.008
150.75     0.008
151.0     0.008
151.25     0.008
151.5     0.008
151.75     0.008
152.0     0.008
152.25     0.008
152.5     0.008
152.75     0.008
153.0     0.008
153.25     0.008
153.5     0.01
153.75     0.01
154.0     0.01
154.25     0.01
154.5     0.01
154.75     0.01
155.0     0.01
155.25     0.01
155.5     0.01
155.75     0.01
156.0     0.01
156.25     0.01
156.5     0.01
156.75     0.01
157.0     0.01
157.25     0.01
157.5     0.01
157.75     0.01
158.0     0.01
158.25     0.01
158.5     0.01
158.75     0.01
159.0     0.01
159.25     0.01
159.5     0.01
159.75     0.01
160.0     0.01
160.25     0.01
160.5     0.01
160.75     0.01
161.0     0.01
161.25     0.01
161.5     0.01
161.75     0.01
162.0     0.01
162.25     0.01
162.5     0.01
162.75     0.01
163.0     0.01
163.25     0.01
163.5     0.01
163.75     0.01
164.0     0.01
164.25     0.012
164.5     0.012
164.75     0.012
165.0     0.012
165.25     0.014
165.5     0.014
165.75     0.014
166.0     0.016
166.25     0.016
166.5     0.016
166.75     0.016
167.0     0.016
167.25     0.016
167.5     0.016
167.75     0.016
168.0     0.016
168.25     0.016
168.5     0.016
168.75     0.016
169.0     0.016
169.25     0.016
169.5     0.016
169.75     0.016
170.0     0.016
170.25     0.016
170.5     0.018
170.75     0.018
171.0     0.018
171.25     0.018
171.5     0.018
171.75     0.018
172.0     0.018
172.25     0.018
172.5     0.018
172.75     0.018
173.0     0.018
173.25     0.018
173.5     0.018
173.75     0.018
174.0     0.018
174.25     0.02
174.5     0.02
174.75     0.02
175.0     0.02
175.25     0.02
175.5     0.02
175.75     0.02
176.0     0.02
176.25     0.02
176.5     0.02
176.75     0.02
177.0     0.02
177.25     0.02
177.5     0.02
177.75     0.02
178.0     0.02
178.25     0.02
178.5     0.02
178.75     0.02
179.0     0.02
179.25     0.02
179.5     0.02
179.75     0.02
180.0     0.02
180.25     0.02
180.5     0.02
180.75     0.02
181.0     0.02
181.25     0.02
181.5     0.022
181.75     0.022
182.0     0.022
182.25     0.022
182.5     0.022
182.75     0.022
183.0     0.022
183.25     0.022
183.5     0.022
183.75     0.022
184.0     0.022
184.25     0.024
184.5     0.024
184.75     0.024
185.0     0.024
185.25     0.024
185.5     0.024
185.75     0.024
186.0     0.024
186.25     0.024
186.5     0.024
186.75     0.026
187.0     0.026
187.25     0.026
187.5     0.026
187.75     0.026
188.0     0.026
188.25     0.026
188.5     0.026
188.75     0.026
189.0     0.026
189.25     0.026
189.5     0.026
189.75     0.026
190.0     0.026
190.25     0.026
190.5     0.026
190.75     0.026
191.0     0.026
191.25     0.026
191.5     0.026
191.75     0.028
192.0     0.028
192.25     0.028
192.5     0.028
192.75     0.028
193.0     0.028
193.25     0.028
193.5     0.028
193.75     0.028
194.0     0.028
194.25     0.028
194.5     0.028
194.75     0.028
195.0     0.028
195.25     0.028
195.5     0.028
195.75     0.028
196.0     0.028
196.25     0.028
196.5     0.028
196.75     0.028
197.0     0.028
197.25     0.028
197.5     0.028
197.75     0.028
198.0     0.028
198.25     0.03
198.5     0.03
198.75     0.03
199.0     0.03
199.25     0.03
199.5     0.03
199.75     0.03
200.0     0.03
200.25     0.03
200.5     0.032
200.75     0.034
201.0     0.034
201.25     0.034
201.5     0.034
201.75     0.034
202.0     0.034
202.25     0.034
202.5     0.034
202.75     0.034
203.0     0.034
203.25     0.034
203.5     0.034
203.75     0.034
204.0     0.034
204.25     0.034
204.5     0.034
204.75     0.034
205.0     0.034
205.25     0.034
205.5     0.034
205.75     0.034
206.0     0.034
206.25     0.034
206.5     0.034
206.75     0.034
207.0     0.034
207.25     0.034
207.5     0.034
207.75     0.034
208.0     0.034
208.25     0.034
208.5     0.034
208.75     0.034
209.0     0.034
209.25     0.034
209.5     0.034
209.75     0.034
210.0     0.034
210.25     0.034
210.5     0.034
210.75     0.034
211.0     0.034
211.25     0.034
211.5     0.034
211.75     0.034
212.0     0.034
212.25     0.034
212.5     0.034
212.75     0.034
213.0     0.034
213.25     0.034
213.5     0.034
213.75     0.034
214.0     0.034
214.25     0.034
214.5     0.034
214.75     0.034
215.0     0.034
215.25     0.034
215.5     0.034
215.75     0.034
216.0     0.034
216.25     0.034
216.5     0.034
216.75     0.034
217.0     0.034
217.25     0.036
217.5     0.036
217.75     0.036
218.0     0.036
218.25     0.036
218.5     0.036
218.75     0.036
219.0     0.036
219.25     0.036
219.5     0.036
219.75     0.038
220.0     0.038
220.25     0.038
220.5     0.038
220.75     0.038
221.0     0.038
221.25     0.04
221.5     0.04
221.75     0.04
222.0     0.04
222.25     0.04
222.5     0.04
222.75     0.04
223.0     0.04
223.25     0.04
223.5     0.04
223.75     0.042
224.0     0.042
224.25     0.044
224.5     0.044
224.75     0.044
225.0     0.044
225.25     0.044
225.5     0.044
225.75     0.044
226.0     0.044
226.25     0.044
226.5     0.044
226.75     0.044
227.0     0.044
227.25     0.044
227.5     0.044
227.75     0.044
228.0     0.044
228.25     0.044
228.5     0.044
228.75     0.044
229.0     0.044
229.25     0.044
229.5     0.044
229.75     0.044
230.0     0.044
230.25     0.044
230.5     0.044
230.75     0.044
231.0     0.044
231.25     0.044
231.5     0.044
231.75     0.044
232.0     0.044
232.25     0.044
232.5     0.046
232.75     0.048
233.0     0.05
233.25     0.05
233.5     0.052
233.75     0.052
234.0     0.05
234.25     0.05
234.5     0.05
234.75     0.052
235.0     0.052
235.25     0.052
235.5     0.056
235.75     0.056
236.0     0.058
236.25     0.06
236.5     0.06
236.75     0.06
237.0     0.06
237.25     0.06
237.5     0.06
237.75     0.06
238.0     0.062
238.25     0.062
238.5     0.062
238.75     0.062
239.0     0.064
239.25     0.064
239.5     0.066
239.75     0.066
240.0     0.066
240.25     0.066
240.5     0.066
240.75     0.066
241.0     0.07
241.25     0.07
241.5     0.07
241.75     0.07
242.0     0.07
242.25     0.07
242.5     0.07
242.75     0.07
243.0     0.07
243.25     0.07
243.5     0.07
243.75     0.07
244.0     0.07
244.25     0.07
244.5     0.07
244.75     0.07
245.0     0.07
245.25     0.07
245.5     0.07
245.75     0.07
246.0     0.07
246.25     0.07
246.5     0.07
246.75     0.07
247.0     0.07
247.25     0.07
247.5     0.07
247.75     0.07
248.0     0.07
248.25     0.07
248.5     0.072
248.75     0.072
249.0     0.072
249.25     0.072
249.5     0.072
249.75     0.072
250.0     0.074
250.25     0.074
250.5     0.074
250.75     0.074
251.0     0.074
251.25     0.076
251.5     0.076
251.75     0.076
252.0     0.076
252.25     0.076
252.5     0.076
252.75     0.076
253.0     0.076
253.25     0.076
253.5     0.076
253.75     0.076
254.0     0.078
254.25     0.078
254.5     0.078
254.75     0.078
255.0     0.078
255.25     0.078
255.5     0.076
255.75     0.076
256.0     0.076
256.25     0.076
256.5     0.078
256.75     0.078
257.0     0.078
257.25     0.08
257.5     0.08
257.75     0.08
258.0     0.082
258.25     0.082
258.5     0.082
258.75     0.082
259.0     0.084
259.25     0.084
259.5     0.088
259.75     0.088
260.0     0.088
260.25     0.088
260.5     0.086
260.75     0.088
261.0     0.088
261.25     0.088
261.5     0.086
261.75     0.088
262.0     0.09
262.25     0.094
262.5     0.094
262.75     0.096
263.0     0.096
263.25     0.096
263.5     0.096
263.75     0.096
264.0     0.098
264.25     0.098
264.5     0.1
264.75     0.1
265.0     0.102
265.25     0.102
265.5     0.104
265.75     0.106
266.0     0.106
266.25     0.108
266.5     0.108
266.75     0.106
267.0     0.106
267.25     0.106
267.5     0.112
267.75     0.112
268.0     0.112
268.25     0.114
268.5     0.116
268.75     0.118
269.0     0.12
269.25     0.12
269.5     0.122
269.75     0.128
270.0     0.132
270.25     0.136
270.5     0.138
270.75     0.138
271.0     0.138
271.25     0.14
271.5     0.14
271.75     0.14
272.0     0.142
272.25     0.144
272.5     0.142
272.75     0.144
273.0     0.146
273.25     0.146
273.5     0.146
273.75     0.146
274.0     0.148
274.25     0.148
274.5     0.152
274.75     0.152
275.0     0.154
275.25     0.154
275.5     0.156
275.75     0.156
276.0     0.158
276.25     0.158
276.5     0.158
276.75     0.158
277.0     0.158
277.25     0.158
277.5     0.158
277.75     0.158
278.0     0.16
278.25     0.162
278.5     0.164
278.75     0.166
279.0     0.168
279.25     0.17
279.5     0.17
279.75     0.17
280.0     0.17
280.25     0.172
280.5     0.172
280.75     0.172
281.0     0.174
281.25     0.176
281.5     0.176
281.75     0.178
282.0     0.18
282.25     0.182
282.5     0.186
282.75     0.188
283.0     0.188
283.25     0.19
283.5     0.19
283.75     0.194
284.0     0.194
284.25     0.194
284.5     0.194
284.75     0.194
285.0     0.196
285.25     0.2
285.5     0.2
285.75     0.198
286.0     0.198
286.25     0.2
286.5     0.202
286.75     0.2
287.0     0.198
287.25     0.198
287.5     0.202
287.75     0.204
288.0     0.204
288.25     0.204
288.5     0.206
288.75     0.212
289.0     0.216
289.25     0.218
289.5     0.22
289.75     0.218
290.0     0.218
290.25     0.218
290.5     0.22
290.75     0.22
291.0     0.22
291.25     0.222
291.5     0.222
291.75     0.226
292.0     0.226
292.25     0.228
292.5     0.228
292.75     0.228
293.0     0.228
293.25     0.228
293.5     0.228
293.75     0.228
294.0     0.23
294.25     0.23
294.5     0.234
294.75     0.236
295.0     0.236
295.25     0.238
295.5     0.238
295.75     0.238
296.0     0.24
296.25     0.24
296.5     0.24
296.75     0.24
297.0     0.24
297.25     0.24
297.5     0.24
297.75     0.24
298.0     0.24
298.25     0.24
298.5     0.24
298.75     0.244
299.0     0.244
299.25     0.244
299.5     0.244
299.75     0.244
300.0     0.244
300.25     0.244
300.5     0.244
300.75     0.246
301.0     0.246
301.25     0.246
301.5     0.246
301.75     0.246
302.0     0.246
302.25     0.248
302.5     0.248
302.75     0.248
303.0     0.248
303.25     0.248
303.5     0.248
303.75     0.25
304.0     0.25
304.25     0.25
304.5     0.25
304.75     0.25
305.0     0.25
305.25     0.252
305.5     0.252
305.75     0.252
306.0     0.252
306.25     0.252
306.5     0.254
306.75     0.258
307.0     0.26
307.25     0.262
307.5     0.262
307.75     0.262
308.0     0.262
308.25     0.264
308.5     0.264
308.75     0.266
309.0     0.264
309.25     0.266
309.5     0.266
309.75     0.266
310.0     0.266
310.25     0.268
310.5     0.27
310.75     0.272
311.0     0.272
311.25     0.272
311.5     0.276
311.75     0.276
312.0     0.278
312.25     0.278
312.5     0.278
312.75     0.276
313.0     0.276
313.25     0.278
313.5     0.278
313.75     0.278
314.0     0.278
314.25     0.28
314.5     0.282
314.75     0.284
315.0     0.282
315.25     0.282
315.5     0.284
315.75     0.286
316.0     0.286
316.25     0.286
316.5     0.288
316.75     0.288
317.0     0.29
317.25     0.29
317.5     0.29
317.75     0.292
318.0     0.294
318.25     0.294
318.5     0.294
318.75     0.294
319.0     0.296
319.25     0.296
319.5     0.298
319.75     0.298
320.0     0.302
320.25     0.302
320.5     0.304
320.75     0.306
321.0     0.312
321.25     0.31
321.5     0.31
321.75     0.314
322.0     0.316
322.25     0.316
322.5     0.316
322.75     0.316
323.0     0.316
323.25     0.316
323.5     0.316
323.75     0.32
324.0     0.322
324.25     0.322
324.5     0.322
324.75     0.326
325.0     0.328
325.25     0.326
325.5     0.328
325.75     0.326
326.0     0.326
326.25     0.326
326.5     0.326
326.75     0.326
327.0     0.328
327.25     0.328
327.5     0.33
327.75     0.33
328.0     0.33
328.25     0.33
328.5     0.33
328.75     0.33
329.0     0.33
329.25     0.334
329.5     0.338
329.75     0.338
330.0     0.342
330.25     0.34
330.5     0.34
330.75     0.34
331.0     0.342
331.25     0.342
331.5     0.342
331.75     0.344
332.0     0.348
332.25     0.348
332.5     0.352
332.75     0.352
333.0     0.352
333.25     0.352
333.5     0.352
333.75     0.352
334.0     0.352
334.25     0.354
334.5     0.354
334.75     0.354
335.0     0.354
335.25     0.354
335.5     0.354
335.75     0.356
336.0     0.356
336.25     0.36
336.5     0.36
336.75     0.36
337.0     0.362
337.25     0.364
337.5     0.364
337.75     0.364
338.0     0.364
338.25     0.366
338.5     0.366
338.75     0.366
339.0     0.366
339.25     0.366
339.5     0.368
339.75     0.368
340.0     0.37
340.25     0.372
340.5     0.372
340.75     0.374
341.0     0.374
341.25     0.374
341.5     0.376
341.75     0.376
342.0     0.376
342.25     0.376
342.5     0.376
342.75     0.382
343.0     0.382
343.25     0.382
343.5     0.382
343.75     0.382
344.0     0.382
344.25     0.382
344.5     0.382
344.75     0.382
345.0     0.382
345.25     0.382
345.5     0.382
345.75     0.382
346.0     0.382
346.25     0.382
346.5     0.382
346.75     0.382
347.0     0.382
347.25     0.384
347.5     0.382
347.75     0.382
348.0     0.382
348.25     0.384
348.5     0.384
348.75     0.388
349.0     0.388
349.25     0.388
349.5     0.388
349.75     0.388
350.0     0.388
350.25     0.388
350.5     0.388
350.75     0.392
351.0     0.39
351.25     0.396
351.5     0.396
351.75     0.398
352.0     0.398
352.25     0.4
352.5     0.4
352.75     0.4
353.0     0.402
353.25     0.404
353.5     0.404
353.75     0.404
354.0     0.404
354.25     0.402
354.5     0.406
354.75     0.406
355.0     0.408
355.25     0.41
355.5     0.414
355.75     0.414
356.0     0.416
356.25     0.418
356.5     0.42
356.75     0.418
357.0     0.418
357.25     0.418
357.5     0.42
357.75     0.422
358.0     0.422
358.25     0.422
358.5     0.422
358.75     0.422
359.0     0.424
359.25     0.43
359.5     0.436
359.75     0.436
360.0     0.436
360.25     0.436
360.5     0.436
360.75     0.436
361.0     0.442
361.25     0.442
361.5     0.44
361.75     0.442
362.0     0.446
362.25     0.446
362.5     0.446
362.75     0.446
363.0     0.446
363.25     0.446
363.5     0.444
363.75     0.444
364.0     0.444
364.25     0.444
364.5     0.446
364.75     0.446
365.0     0.448
365.25     0.448
365.5     0.448
365.75     0.448
366.0     0.45
366.25     0.45
366.5     0.45
366.75     0.45
367.0     0.45
367.25     0.45
367.5     0.454
367.75     0.454
368.0     0.454
368.25     0.454
368.5     0.456
368.75     0.458
369.0     0.458
369.25     0.458
369.5     0.46
369.75     0.46
370.0     0.46
370.25     0.46
370.5     0.46
370.75     0.46
371.0     0.46
371.25     0.462
371.5     0.468
371.75     0.47
372.0     0.472
372.25     0.472
372.5     0.474
372.75     0.474
373.0     0.476
373.25     0.476
373.5     0.478
373.75     0.478
374.0     0.482
374.25     0.48
374.5     0.482
374.75     0.482
375.0     0.488
375.25     0.486
375.5     0.486
375.75     0.486
376.0     0.486
376.25     0.486
376.5     0.486
376.75     0.488
377.0     0.488
377.25     0.488
377.5     0.488
377.75     0.49
378.0     0.49
378.25     0.49
378.5     0.494
378.75     0.498
379.0     0.498
379.25     0.498
379.5     0.5
379.75     0.502
380.0     0.502
380.25     0.502
380.5     0.504
380.75     0.504
381.0     0.504
381.25     0.504
381.5     0.504
381.75     0.506
382.0     0.506
382.25     0.506
382.5     0.506
382.75     0.508
383.0     0.51
383.25     0.512
383.5     0.512
383.75     0.512
384.0     0.512
384.25     0.512
384.5     0.514
384.75     0.514
385.0     0.514
385.25     0.516
385.5     0.516
385.75     0.514
386.0     0.516
386.25     0.516
386.5     0.516
386.75     0.516
387.0     0.52
387.25     0.52
387.5     0.52
387.75     0.52
388.0     0.52
388.25     0.524
388.5     0.524
388.75     0.524
389.0     0.524
389.25     0.524
389.5     0.524
389.75     0.524
390.0     0.526
390.25     0.528
390.5     0.528
390.75     0.528
391.0     0.528
391.25     0.528
391.5     0.528
391.75     0.528
392.0     0.53
392.25     0.53
392.5     0.53
392.75     0.534
393.0     0.536
393.25     0.536
393.5     0.536
393.75     0.538
394.0     0.538
394.25     0.538
394.5     0.538
394.75     0.538
395.0     0.538
395.25     0.538
395.5     0.538
395.75     0.542
396.0     0.542
396.25     0.542
396.5     0.544
396.75     0.544
397.0     0.544
397.25     0.544
397.5     0.544
397.75     0.546
398.0     0.546
398.25     0.546
398.5     0.55
398.75     0.552
399.0     0.552
399.25     0.55
399.5     0.548
399.75     0.548
400.0     0.548
400.25     0.548
400.5     0.55
400.75     0.552
401.0     0.552
401.25     0.554
401.5     0.556
401.75     0.554
402.0     0.556
402.25     0.558
402.5     0.558
402.75     0.558
403.0     0.558
403.25     0.56
403.5     0.56
403.75     0.56
404.0     0.562
404.25     0.562
404.5     0.562
404.75     0.564
405.0     0.566
405.25     0.566
405.5     0.566
405.75     0.566
406.0     0.568
406.25     0.568
406.5     0.568
406.75     0.568
407.0     0.57
407.25     0.57
407.5     0.57
407.75     0.572
408.0     0.572
408.25     0.572
408.5     0.572
408.75     0.574
409.0     0.574
409.25     0.574
409.5     0.574
409.75     0.574
410.0     0.574
410.25     0.578
410.5     0.578
410.75     0.578
411.0     0.58
411.25     0.582
411.5     0.584
411.75     0.584
412.0     0.586
412.25     0.586
412.5     0.588
412.75     0.588
413.0     0.588
413.25     0.588
413.5     0.588
413.75     0.59
414.0     0.592
414.25     0.592
414.5     0.592
414.75     0.592
415.0     0.594
415.25     0.594
415.5     0.594
415.75     0.594
416.0     0.594
416.25     0.594
416.5     0.594
416.75     0.596
417.0     0.596
417.25     0.596
417.5     0.598
417.75     0.598
418.0     0.598
418.25     0.598
418.5     0.598
418.75     0.598
419.0     0.598
419.25     0.6
419.5     0.6
419.75     0.6
420.0     0.6
420.25     0.6
420.5     0.604
420.75     0.606
421.0     0.606
421.25     0.606
421.5     0.606
421.75     0.61
422.0     0.61
422.25     0.61
422.5     0.61
422.75     0.61
423.0     0.61
423.25     0.61
423.5     0.61
423.75     0.61
424.0     0.61
424.25     0.61
424.5     0.612
424.75     0.612
425.0     0.614
425.25     0.614
425.5     0.614
425.75     0.614
426.0     0.616
426.25     0.616
426.5     0.618
426.75     0.618
427.0     0.618
427.25     0.618
427.5     0.62
427.75     0.62
428.0     0.62
428.25     0.624
428.5     0.624
428.75     0.624
429.0     0.626
429.25     0.626
429.5     0.626
429.75     0.626
430.0     0.626
430.25     0.626
430.5     0.626
430.75     0.626
431.0     0.626
431.25     0.626
431.5     0.626
431.75     0.624
432.0     0.624
432.25     0.624
432.5     0.624
432.75     0.624
433.0     0.624
433.25     0.626
433.5     0.626
433.75     0.626
434.0     0.626
434.25     0.626
434.5     0.628
434.75     0.628
435.0     0.63
435.25     0.63
435.5     0.63
435.75     0.63
436.0     0.63
436.25     0.63
436.5     0.63
436.75     0.632
437.0     0.632
437.25     0.632
437.5     0.63
437.75     0.63
438.0     0.632
438.25     0.636
438.5     0.636
438.75     0.632
439.0     0.632
439.25     0.632
439.5     0.632
439.75     0.632
440.0     0.634
440.25     0.634
440.5     0.634
440.75     0.634
441.0     0.636
441.25     0.636
441.5     0.636
441.75     0.636
442.0     0.634
442.25     0.638
442.5     0.638
442.75     0.636
443.0     0.636
443.25     0.636
443.5     0.636
443.75     0.638
444.0     0.642
444.25     0.644
444.5     0.646
444.75     0.646
445.0     0.646
445.25     0.648
445.5     0.65
445.75     0.652
446.0     0.652
446.25     0.652
446.5     0.654
446.75     0.654
447.0     0.654
447.25     0.654
447.5     0.654
447.75     0.656
448.0     0.656
448.25     0.656
448.5     0.656
448.75     0.656
449.0     0.658
449.25     0.656
449.5     0.66
449.75     0.658
450.0     0.658
450.25     0.658
450.5     0.658
450.75     0.658
451.0     0.658
451.25     0.658
451.5     0.658
451.75     0.658
452.0     0.658
452.25     0.658
452.5     0.66
452.75     0.66
453.0     0.66
453.25     0.66
453.5     0.662
453.75     0.664
454.0     0.664
454.25     0.662
454.5     0.662
454.75     0.662
455.0     0.662
455.25     0.662
455.5     0.662
455.75     0.664
456.0     0.664
456.25     0.664
456.5     0.664
456.75     0.664
457.0     0.664
457.25     0.664
457.5     0.664
457.75     0.666
458.0     0.668
458.25     0.668
458.5     0.668
458.75     0.67
459.0     0.67
459.25     0.67
459.5     0.67
459.75     0.67
460.0     0.67
460.25     0.672
460.5     0.67
460.75     0.67
461.0     0.67
461.25     0.67
461.5     0.67
461.75     0.672
462.0     0.672
462.25     0.678
462.5     0.68
462.75     0.68
463.0     0.68
463.25     0.68
463.5     0.68
463.75     0.682
464.0     0.682
464.25     0.682
464.5     0.682
464.75     0.682
465.0     0.682
465.25     0.682
465.5     0.682
465.75     0.682
466.0     0.682
466.25     0.682
466.5     0.682
466.75     0.682
467.0     0.682
467.25     0.682
467.5     0.682
467.75     0.684
468.0     0.684
468.25     0.684
468.5     0.684
468.75     0.684
469.0     0.684
469.25     0.684
469.5     0.684
469.75     0.684
470.0     0.684
470.25     0.686
470.5     0.686
470.75     0.686
471.0     0.69
471.25     0.69
471.5     0.69
471.75     0.69
472.0     0.69
472.25     0.69
472.5     0.692
472.75     0.692
473.0     0.692
473.25     0.692
473.5     0.694
473.75     0.694
474.0     0.694
474.25     0.696
474.5     0.696
474.75     0.696
475.0     0.696
475.25     0.696
475.5     0.696
475.75     0.698
476.0     0.698
476.25     0.698
476.5     0.698
476.75     0.698
477.0     0.698
477.25     0.698
477.5     0.698
477.75     0.7
478.0     0.7
478.25     0.7
478.5     0.7
478.75     0.7
479.0     0.702
479.25     0.702
479.5     0.702
479.75     0.702
480.0     0.702
480.25     0.702
480.5     0.702
480.75     0.702
481.0     0.702
481.25     0.706
481.5     0.708
481.75     0.708
482.0     0.708
482.25     0.708
482.5     0.708
482.75     0.708
483.0     0.708
483.25     0.708
483.5     0.706
483.75     0.71
484.0     0.712
484.25     0.712
484.5     0.712
484.75     0.712
485.0     0.712
485.25     0.712
485.5     0.714
485.75     0.714
486.0     0.712
486.25     0.712
486.5     0.712
486.75     0.712
487.0     0.714
487.25     0.716
487.5     0.716
487.75     0.716
488.0     0.718
488.25     0.72
488.5     0.72
488.75     0.72
489.0     0.72
489.25     0.72
489.5     0.72
489.75     0.72
490.0     0.72
490.25     0.72
490.5     0.722
490.75     0.724
491.0     0.724
491.25     0.724
491.5     0.726
491.75     0.728
492.0     0.728
492.25     0.728
492.5     0.728
492.75     0.728
493.0     0.728
493.25     0.728
493.5     0.728
493.75     0.728
494.0     0.73
494.25     0.73
494.5     0.732
494.75     0.734
495.0     0.736
495.25     0.736
495.5     0.736
495.75     0.736
496.0     0.736
496.25     0.736
496.5     0.736
496.75     0.738
497.0     0.738
497.25     0.738
497.5     0.74
497.75     0.744
498.0     0.744
498.25     0.748
498.5     0.748
498.75     0.748
499.0     0.746
499.25     0.746
499.5     0.748
499.75     0.748
500.0     0.748
500.25     0.748
500.5     0.748
500.75     0.748
501.0     0.748
501.25     0.75
501.5     0.75
501.75     0.75
502.0     0.75
502.25     0.75
502.5     0.75
502.75     0.748
503.0     0.75
503.25     0.75
503.5     0.75
503.75     0.75
504.0     0.75
504.25     0.75
504.5     0.75
504.75     0.75
505.0     0.75
505.25     0.75
505.5     0.75
505.75     0.75
506.0     0.752
506.25     0.752
506.5     0.752
506.75     0.752
507.0     0.752
507.25     0.752
507.5     0.752
507.75     0.754
508.0     0.754
508.25     0.754
508.5     0.754
508.75     0.754
509.0     0.754
509.25     0.754
509.5     0.756
509.75     0.756
510.0     0.756
510.25     0.756
510.5     0.756
510.75     0.756
511.0     0.756
511.25     0.756
511.5     0.756
511.75     0.756
512.0     0.758
512.25     0.758
512.5     0.758
512.75     0.758
513.0     0.758
513.25     0.76
513.5     0.76
513.75     0.76
514.0     0.762
514.25     0.762
514.5     0.762
514.75     0.762
515.0     0.762
515.25     0.762
515.5     0.762
515.75     0.762
516.0     0.762
516.25     0.762
516.5     0.764
516.75     0.766
517.0     0.766
517.25     0.764
517.5     0.766
517.75     0.766
518.0     0.766
518.25     0.766
518.5     0.768
518.75     0.768
519.0     0.768
519.25     0.77
519.5     0.768
519.75     0.768
520.0     0.768
520.25     0.768
520.5     0.768
520.75     0.768
521.0     0.768
521.25     0.768
521.5     0.768
521.75     0.768
522.0     0.77
522.25     0.77
522.5     0.77
522.75     0.77
523.0     0.77
523.25     0.77
523.5     0.772
523.75     0.772
524.0     0.772
524.25     0.772
524.5     0.772
524.75     0.772
525.0     0.772
525.25     0.772
525.5     0.772
525.75     0.772
526.0     0.774
526.25     0.774
526.5     0.774
526.75     0.774
527.0     0.774
527.25     0.774
527.5     0.776
527.75     0.776
528.0     0.776
528.25     0.778
528.5     0.778
528.75     0.778
529.0     0.778
529.25     0.78
529.5     0.78
529.75     0.782
530.0     0.782
530.25     0.782
530.5     0.782
530.75     0.782
531.0     0.782
531.25     0.782
531.5     0.782
531.75     0.782
532.0     0.782
532.25     0.782
532.5     0.782
532.75     0.782
533.0     0.782
533.25     0.782
533.5     0.782
533.75     0.782
534.0     0.782
534.25     0.782
534.5     0.782
534.75     0.784
535.0     0.786
535.25     0.786
535.5     0.786
535.75     0.786
536.0     0.786
536.25     0.786
536.5     0.786
536.75     0.786
537.0     0.788
537.25     0.788
537.5     0.788
537.75     0.79
538.0     0.788
538.25     0.788
538.5     0.79
538.75     0.79
539.0     0.79
539.25     0.79
539.5     0.79
539.75     0.792
540.0     0.792
540.25     0.792
540.5     0.794
540.75     0.794
541.0     0.794
541.25     0.796
541.5     0.796
541.75     0.798
542.0     0.798
542.25     0.798
542.5     0.798
542.75     0.798
543.0     0.798
543.25     0.798
543.5     0.798
543.75     0.798
544.0     0.798
544.25     0.798
544.5     0.8
544.75     0.802
545.0     0.802
545.25     0.802
545.5     0.802
545.75     0.802
546.0     0.802
546.25     0.802
546.5     0.802
546.75     0.802
547.0     0.802
547.25     0.802
547.5     0.802
547.75     0.802
548.0     0.802
548.25     0.802
548.5     0.802
548.75     0.802
549.0     0.802
549.25     0.802
549.5     0.802
549.75     0.802
550.0     0.802
550.25     0.802
550.5     0.802
550.75     0.802
551.0     0.802
551.25     0.802
551.5     0.802
551.75     0.802
552.0     0.802
552.25     0.802
552.5     0.802
552.75     0.802
553.0     0.802
553.25     0.802
553.5     0.802
553.75     0.802
554.0     0.802
554.25     0.802
554.5     0.802
554.75     0.802
555.0     0.802
555.25     0.804
555.5     0.804
555.75     0.804
556.0     0.804
556.25     0.806
556.5     0.806
556.75     0.808
557.0     0.81
557.25     0.81
557.5     0.81
557.75     0.81
558.0     0.814
558.25     0.814
558.5     0.814
558.75     0.814
559.0     0.814
559.25     0.814
559.5     0.814
559.75     0.814
560.0     0.814
560.25     0.814
560.5     0.814
560.75     0.814
561.0     0.818
561.25     0.818
561.5     0.818
561.75     0.816
562.0     0.816
562.25     0.816
562.5     0.816
562.75     0.816
563.0     0.816
563.25     0.816
563.5     0.816
563.75     0.816
564.0     0.816
564.25     0.816
564.5     0.816
564.75     0.816
565.0     0.816
565.25     0.816
565.5     0.818
565.75     0.82
566.0     0.82
566.25     0.82
566.5     0.82
566.75     0.82
567.0     0.82
567.25     0.822
567.5     0.822
567.75     0.822
568.0     0.824
568.25     0.824
568.5     0.824
568.75     0.824
569.0     0.824
569.25     0.826
569.5     0.826
569.75     0.826
570.0     0.826
570.25     0.826
570.5     0.826
570.75     0.826
571.0     0.828
571.25     0.828
571.5     0.828
571.75     0.83
572.0     0.83
572.25     0.83
572.5     0.83
572.75     0.832
573.0     0.832
573.25     0.832
573.5     0.832
573.75     0.832
574.0     0.832
574.25     0.834
574.5     0.836
574.75     0.838
575.0     0.838
575.25     0.838
575.5     0.84
575.75     0.84
576.0     0.84
576.25     0.84
576.5     0.84
576.75     0.84
577.0     0.84
577.25     0.84
577.5     0.84
577.75     0.84
578.0     0.84
578.25     0.842
578.5     0.842
578.75     0.842
579.0     0.842
579.25     0.842
579.5     0.842
579.75     0.842
580.0     0.842
580.25     0.842
580.5     0.842
580.75     0.842
581.0     0.842
581.25     0.844
581.5     0.844
581.75     0.844
582.0     0.844
582.25     0.844
582.5     0.844
582.75     0.844
583.0     0.844
583.25     0.844
583.5     0.844
583.75     0.844
584.0     0.844
584.25     0.844
584.5     0.844
584.75     0.844
585.0     0.846
585.25     0.846
585.5     0.846
585.75     0.846
586.0     0.846
586.25     0.848
586.5     0.848
586.75     0.848
587.0     0.848
587.25     0.848
587.5     0.848
587.75     0.848
588.0     0.848
588.25     0.848
588.5     0.848
588.75     0.848
589.0     0.848
589.25     0.848
589.5     0.848
589.75     0.85
590.0     0.85
590.25     0.85
590.5     0.85
590.75     0.85
591.0     0.85
591.25     0.852
591.5     0.852
591.75     0.852
592.0     0.852
592.25     0.852
592.5     0.852
592.75     0.852
593.0     0.852
593.25     0.852
593.5     0.854
593.75     0.854
594.0     0.854
594.25     0.854
594.5     0.854
594.75     0.854
595.0     0.854
595.25     0.854
595.5     0.854
595.75     0.854
596.0     0.854
596.25     0.854
596.5     0.854
596.75     0.854
597.0     0.854
597.25     0.854
597.5     0.856
597.75     0.856
598.0     0.856
598.25     0.856
598.5     0.856
598.75     0.856
599.0     0.856
599.25     0.856
599.5     0.856
599.75     0.856
600.0     0.858
600.25     0.86
600.5     0.86
600.75     0.862
601.0     0.862
601.25     0.862
601.5     0.862
601.75     0.862
602.0     0.862
602.25     0.862
602.5     0.862
602.75     0.862
603.0     0.862
603.25     0.864
603.5     0.864
603.75     0.864
604.0     0.864
604.25     0.864
604.5     0.864
604.75     0.864
605.0     0.864
605.25     0.864
605.5     0.864
605.75     0.864
606.0     0.864
606.25     0.864
606.5     0.864
606.75     0.864
607.0     0.864
607.25     0.864
607.5     0.864
607.75     0.864
608.0     0.862
608.25     0.862
608.5     0.862
608.75     0.862
609.0     0.862
609.25     0.862
609.5     0.864
609.75     0.862
610.0     0.862
610.25     0.862
610.5     0.862
610.75     0.862
611.0     0.862
611.25     0.862
611.5     0.862
611.75     0.862
612.0     0.862
612.25     0.862
612.5     0.862
612.75     0.862
613.0     0.862
613.25     0.864
613.5     0.864
613.75     0.864
614.0     0.864
614.25     0.864
614.5     0.864
614.75     0.864
615.0     0.864
615.25     0.864
615.5     0.864
615.75     0.864
616.0     0.864
616.25     0.864
616.5     0.864
616.75     0.864
617.0     0.864
617.25     0.864
617.5     0.864
617.75     0.864
618.0     0.864
618.25     0.864
618.5     0.864
618.75     0.864
619.0     0.864
619.25     0.864
619.5     0.864
619.75     0.864
620.0     0.864
620.25     0.864
620.5     0.866
620.75     0.866
621.0     0.866
621.25     0.866
621.5     0.866
621.75     0.866
622.0     0.866
622.25     0.866
622.5     0.866
622.75     0.866
623.0     0.866
623.25     0.866
623.5     0.866
623.75     0.866
624.0     0.866
624.25     0.868
624.5     0.868
624.75     0.868
625.0     0.868
625.25     0.868
625.5     0.87
625.75     0.87
626.0     0.87
626.25     0.87
626.5     0.87
626.75     0.872
627.0     0.872
627.25     0.874
627.5     0.874
627.75     0.874
628.0     0.874
628.25     0.874
628.5     0.874
628.75     0.874
629.0     0.874
629.25     0.874
629.5     0.876
629.75     0.876
630.0     0.874
630.25     0.874
630.5     0.874
630.75     0.874
631.0     0.874
631.25     0.874
631.5     0.874
631.75     0.874
632.0     0.874
632.25     0.874
632.5     0.874
632.75     0.874
633.0     0.874
633.25     0.874
633.5     0.874
633.75     0.874
634.0     0.874
634.25     0.874
634.5     0.874
634.75     0.874
635.0     0.874
635.25     0.874
635.5     0.874
635.75     0.874
636.0     0.876
636.25     0.876
636.5     0.876
636.75     0.876
637.0     0.878
637.25     0.878
637.5     0.878
637.75     0.878
638.0     0.878
638.25     0.878
638.5     0.878
638.75     0.878
639.0     0.878
639.25     0.878
639.5     0.88
639.75     0.88
640.0     0.88
640.25     0.88
640.5     0.88
640.75     0.88
641.0     0.88
641.25     0.88
641.5     0.88
641.75     0.88
642.0     0.88
642.25     0.88
642.5     0.88
642.75     0.88
643.0     0.882
643.25     0.882
643.5     0.882
643.75     0.882
644.0     0.882
644.25     0.884
644.5     0.884
644.75     0.884
645.0     0.884
645.25     0.884
645.5     0.884
645.75     0.884
646.0     0.884
646.25     0.884
646.5     0.886
646.75     0.888
647.0     0.888
647.25     0.888
647.5     0.888
647.75     0.888
648.0     0.89
648.25     0.89
648.5     0.89
648.75     0.89
649.0     0.89
649.25     0.888
649.5     0.89
649.75     0.89
650.0     0.89
650.25     0.89
650.5     0.892
650.75     0.892
651.0     0.892
651.25     0.892
651.5     0.892
651.75     0.892
652.0     0.892
652.25     0.892
652.5     0.892
652.75     0.892
653.0     0.892
653.25     0.892
653.5     0.892
653.75     0.892
654.0     0.892
654.25     0.892
654.5     0.892
654.75     0.892
655.0     0.892
655.25     0.892
655.5     0.892
655.75     0.892
656.0     0.892
656.25     0.892
656.5     0.892
656.75     0.892
657.0     0.894
657.25     0.894
657.5     0.894
657.75     0.894
658.0     0.894
658.25     0.894
658.5     0.894
658.75     0.894
659.0     0.894
659.25     0.894
659.5     0.894
659.75     0.894
660.0     0.894
660.25     0.894
660.5     0.894
660.75     0.894
661.0     0.894
661.25     0.894
661.5     0.894
661.75     0.894
662.0     0.894
662.25     0.894
662.5     0.894
662.75     0.894
663.0     0.894
663.25     0.894
663.5     0.894
663.75     0.894
664.0     0.894
664.25     0.894
664.5     0.894
664.75     0.894
665.0     0.894
665.25     0.894
665.5     0.892
665.75     0.894
666.0     0.894
666.25     0.894
666.5     0.894
666.75     0.894
667.0     0.894
667.25     0.894
667.5     0.894
667.75     0.894
668.0     0.894
668.25     0.894
668.5     0.894
668.75     0.894
669.0     0.894
669.25     0.894
669.5     0.894
669.75     0.894
670.0     0.894
670.25     0.894
670.5     0.894
670.75     0.894
671.0     0.894
671.25     0.894
671.5     0.894
671.75     0.894
672.0     0.894
672.25     0.894
672.5     0.894
672.75     0.894
673.0     0.894
673.25     0.894
673.5     0.894
673.75     0.896
674.0     0.896
674.25     0.896
674.5     0.896
674.75     0.898
675.0     0.898
675.25     0.898
675.5     0.898
675.75     0.898
676.0     0.898
676.25     0.898
676.5     0.898
676.75     0.898
677.0     0.898
677.25     0.898
677.5     0.898
677.75     0.898
678.0     0.898
678.25     0.898
678.5     0.898
678.75     0.898
679.0     0.898
679.25     0.898
679.5     0.898
679.75     0.898
680.0     0.898
680.25     0.9
680.5     0.9
680.75     0.9
681.0     0.9
681.25     0.9
681.5     0.9
681.75     0.9
682.0     0.9
682.25     0.9
682.5     0.9
682.75     0.9
683.0     0.9
683.25     0.9
683.5     0.9
683.75     0.9
684.0     0.9
684.25     0.9
684.5     0.9
684.75     0.902
685.0     0.902
685.25     0.902
685.5     0.902
685.75     0.902
686.0     0.902
686.25     0.902
686.5     0.902
686.75     0.902
687.0     0.902
687.25     0.902
687.5     0.902
687.75     0.904
688.0     0.904
688.25     0.904
688.5     0.904
688.75     0.904
689.0     0.904
689.25     0.904
689.5     0.904
689.75     0.904
690.0     0.906
690.25     0.906
690.5     0.906
690.75     0.908
691.0     0.908
691.25     0.908
691.5     0.908
691.75     0.908
692.0     0.908
692.25     0.908
692.5     0.908
692.75     0.91
693.0     0.91
693.25     0.91
693.5     0.91
693.75     0.91
694.0     0.91
694.25     0.91
694.5     0.91
694.75     0.91
695.0     0.91
695.25     0.91
695.5     0.91
695.75     0.91
696.0     0.912
696.25     0.912
696.5     0.912
696.75     0.912
697.0     0.912
697.25     0.912
697.5     0.912
697.75     0.914
698.0     0.914
698.25     0.912
698.5     0.912
698.75     0.912
699.0     0.914
699.25     0.914
699.5     0.914
699.75     0.914
700.0     0.914
700.25     0.914
700.5     0.914
700.75     0.914
701.0     0.912
701.25     0.912
701.5     0.912
701.75     0.912
702.0     0.912
702.25     0.912
702.5     0.912
702.75     0.912
703.0     0.914
703.25     0.914
703.5     0.914
703.75     0.914
704.0     0.914
704.25     0.914
704.5     0.914
704.75     0.914
705.0     0.914
705.25     0.914
705.5     0.914
705.75     0.914
706.0     0.914
706.25     0.914
706.5     0.914
706.75     0.914
707.0     0.914
707.25     0.914
707.5     0.914
707.75     0.914
708.0     0.914
708.25     0.916
708.5     0.916
708.75     0.916
709.0     0.916
709.25     0.916
709.5     0.916
709.75     0.916
710.0     0.916
710.25     0.916
710.5     0.918
710.75     0.918
711.0     0.918
711.25     0.918
711.5     0.918
711.75     0.918
712.0     0.918
712.25     0.918
712.5     0.92
712.75     0.92
713.0     0.92
713.25     0.92
713.5     0.922
713.75     0.922
714.0     0.922
714.25     0.922
714.5     0.922
714.75     0.922
715.0     0.922
715.25     0.922
715.5     0.922
715.75     0.922
716.0     0.922
716.25     0.922
716.5     0.922
716.75     0.924
717.0     0.924
717.25     0.924
717.5     0.924
717.75     0.924
718.0     0.924
718.25     0.924
718.5     0.924
718.75     0.924
719.0     0.924
719.25     0.924
719.5     0.924
719.75     0.924
720.0     0.924
720.25     0.924
720.5     0.924
720.75     0.924
721.0     0.924
721.25     0.924
721.5     0.924
721.75     0.924
722.0     0.926
722.25     0.926
722.5     0.926
722.75     0.926
723.0     0.926
723.25     0.926
723.5     0.926
723.75     0.926
724.0     0.926
724.25     0.926
724.5     0.926
724.75     0.926
725.0     0.926
725.25     0.928
725.5     0.928
725.75     0.928
726.0     0.928
726.25     0.928
726.5     0.928
726.75     0.928
727.0     0.928
727.25     0.928
727.5     0.928
727.75     0.928
728.0     0.928
728.25     0.928
728.5     0.928
728.75     0.928
729.0     0.928
729.25     0.928
729.5     0.928
729.75     0.928
730.0     0.928
730.25     0.928
730.5     0.928
730.75     0.928
731.0     0.928
731.25     0.928
731.5     0.928
731.75     0.928
732.0     0.93
732.25     0.93
732.5     0.93
732.75     0.93
733.0     0.93
733.25     0.93
733.5     0.93
733.75     0.932
734.0     0.934
734.25     0.934
734.5     0.934
734.75     0.934
735.0     0.934
735.25     0.934
735.5     0.934
735.75     0.936
736.0     0.936
736.25     0.936
736.5     0.938
736.75     0.938
737.0     0.938
737.25     0.938
737.5     0.938
737.75     0.938
738.0     0.938
738.25     0.938
738.5     0.938
738.75     0.938
739.0     0.94
739.25     0.94
739.5     0.94
739.75     0.94
740.0     0.94
740.25     0.94
740.5     0.94
740.75     0.94
741.0     0.94
741.25     0.94
741.5     0.942
741.75     0.942
742.0     0.942
742.25     0.942
742.5     0.942
742.75     0.944
743.0     0.944
743.25     0.944
743.5     0.944
743.75     0.944
744.0     0.944
744.25     0.944
744.5     0.944
744.75     0.946
745.0     0.946
745.25     0.946
745.5     0.946
745.75     0.946
746.0     0.946
746.25     0.946
746.5     0.946
746.75     0.946
747.0     0.946
747.25     0.946
747.5     0.946
747.75     0.946
748.0     0.946
748.25     0.946
748.5     0.946
748.75     0.946
749.0     0.946
749.25     0.946
749.5     0.946
749.75     0.946
750.0     0.946
750.25     0.946
750.5     0.946
750.75     0.946
751.0     0.946
751.25     0.946
751.5     0.946
751.75     0.948
752.0     0.948
752.25     0.948
752.5     0.948
752.75     0.948
753.0     0.948
753.25     0.948
753.5     0.948
753.75     0.948
754.0     0.95
754.25     0.95
754.5     0.95
754.75     0.95
755.0     0.95
755.25     0.95
755.5     0.95
755.75     0.95
756.0     0.95
756.25     0.95
756.5     0.95
756.75     0.95
757.0     0.95
757.25     0.95
757.5     0.95
757.75     0.95
758.0     0.952
758.25     0.952
758.5     0.952
758.75     0.952
759.0     0.952
759.25     0.952
759.5     0.952
759.75     0.952
760.0     0.952
760.25     0.952
760.5     0.952
760.75     0.952
761.0     0.952
761.25     0.952
761.5     0.952
761.75     0.952
762.0     0.952
762.25     0.952
762.5     0.952
762.75     0.952
763.0     0.952
763.25     0.952
763.5     0.952
763.75     0.952
764.0     0.956
764.25     0.956
764.5     0.956
764.75     0.956
765.0     0.956
765.25     0.956
765.5     0.956
765.75     0.956
766.0     0.956
766.25     0.956
766.5     0.956
766.75     0.958
767.0     0.958
767.25     0.958
767.5     0.958
767.75     0.958
768.0     0.958
768.25     0.958
768.5     0.958
768.75     0.958
769.0     0.958
769.25     0.958
769.5     0.958
769.75     0.958
770.0     0.958
770.25     0.958
770.5     0.958
770.75     0.958
771.0     0.958
771.25     0.958
771.5     0.958
771.75     0.958
772.0     0.958
772.25     0.958
772.5     0.958
772.75     0.958
773.0     0.958
773.25     0.958
773.5     0.958
773.75     0.958
774.0     0.958
774.25     0.958
774.5     0.958
774.75     0.958
775.0     0.958
775.25     0.958
775.5     0.958
775.75     0.958
776.0     0.958
776.25     0.958
776.5     0.958
776.75     0.958
777.0     0.958
777.25     0.958
777.5     0.958
777.75     0.96
778.0     0.96
778.25     0.96
778.5     0.96
778.75     0.96
779.0     0.96
779.25     0.96
779.5     0.96
779.75     0.96
780.0     0.96
780.25     0.96
780.5     0.96
780.75     0.96
781.0     0.96
781.25     0.96
781.5     0.962
781.75     0.962
782.0     0.962
782.25     0.962
782.5     0.962
782.75     0.962
783.0     0.962
783.25     0.962
783.5     0.962
783.75     0.962
784.0     0.962
784.25     0.962
784.5     0.962
784.75     0.962
785.0     0.962
785.25     0.962
785.5     0.962
785.75     0.962
786.0     0.962
786.25     0.962
786.5     0.962
786.75     0.962
787.0     0.962
787.25     0.962
787.5     0.962
787.75     0.962
788.0     0.962
788.25     0.962
788.5     0.962
788.75     0.962
789.0     0.962
789.25     0.962
789.5     0.962
789.75     0.962
790.0     0.962
790.25     0.962
790.5     0.962
790.75     0.962
791.0     0.962
791.25     0.962
791.5     0.962
791.75     0.964
792.0     0.962
792.25     0.962
792.5     0.962
792.75     0.962
793.0     0.962
793.25     0.962
793.5     0.962
793.75     0.962
794.0     0.962
794.25     0.962
794.5     0.962
794.75     0.962
795.0     0.962
795.25     0.962
795.5     0.962
795.75     0.962
796.0     0.962
796.25     0.962
796.5     0.964
796.75     0.964
797.0     0.964
797.25     0.964
797.5     0.964
797.75     0.964
798.0     0.964
798.25     0.964
798.5     0.964
798.75     0.964
799.0     0.964
799.25     0.964
799.5     0.964
799.75     0.964
800.0     0.964
800.25     0.964
800.5     0.964
800.75     0.964
801.0     0.964
801.25     0.964
801.5     0.964
801.75     0.964
802.0     0.964
802.25     0.964
802.5     0.964
802.75     0.966
803.0     0.966
803.25     0.966
803.5     0.966
803.75     0.966
804.0     0.968
804.25     0.968
804.5     0.968
804.75     0.968
805.0     0.968
805.25     0.968
805.5     0.968
805.75     0.968
806.0     0.968
806.25     0.968
806.5     0.968
806.75     0.97
807.0     0.97
807.25     0.97
807.5     0.97
807.75     0.97
808.0     0.97
808.25     0.97
808.5     0.97
808.75     0.97
809.0     0.97
809.25     0.97
809.5     0.97
809.75     0.97
810.0     0.97
810.25     0.97
810.5     0.97
810.75     0.97
811.0     0.97
811.25     0.97
811.5     0.97
811.75     0.97
812.0     0.97
812.25     0.97
812.5     0.97
812.75     0.97
813.0     0.97
813.25     0.972
813.5     0.972
813.75     0.972
814.0     0.972
814.25     0.972
814.5     0.972
814.75     0.972
815.0     0.972
815.25     0.972
815.5     0.972
815.75     0.972
816.0     0.972
816.25     0.972
816.5     0.972
816.75     0.972
817.0     0.972
817.25     0.972
817.5     0.972
817.75     0.972
818.0     0.972
818.25     0.972
818.5     0.972
818.75     0.972
819.0     0.972
819.25     0.972
819.5     0.972
819.75     0.972
820.0     0.972
820.25     0.972
820.5     0.972
820.75     0.972
821.0     0.972
821.25     0.972
821.5     0.972
821.75     0.972
822.0     0.972
822.25     0.972
822.5     0.972
822.75     0.972
823.0     0.972
823.25     0.974
823.5     0.974
823.75     0.974
824.0     0.972
824.25     0.972
824.5     0.972
824.75     0.972
825.0     0.974
825.25     0.974
825.5     0.974
825.75     0.976
826.0     0.976
826.25     0.976
826.5     0.976
826.75     0.976
827.0     0.978
827.25     0.978
827.5     0.978
827.75     0.978
828.0     0.978
828.25     0.978
828.5     0.978
828.75     0.978
829.0     0.978
829.25     0.978
829.5     0.978
829.75     0.978
830.0     0.978
830.25     0.978
830.5     0.978
830.75     0.978
831.0     0.978
831.25     0.978
831.5     0.978
831.75     0.978
832.0     0.978
832.25     0.978
832.5     0.978
832.75     0.978
833.0     0.978
833.25     0.978
833.5     0.978
833.75     0.978
834.0     0.978
834.25     0.978
834.5     0.978
834.75     0.978
835.0     0.978
835.25     0.978
835.5     0.978
835.75     0.978
836.0     0.978
836.25     0.978
836.5     0.978
836.75     0.978
837.0     0.978
837.25     0.978
837.5     0.98
837.75     0.98
838.0     0.98
838.25     0.98
838.5     0.98
838.75     0.98
839.0     0.98
839.25     0.98
839.5     0.98
839.75     0.98
840.0     0.98
840.25     0.98
840.5     0.98
840.75     0.98
841.0     0.98
841.25     0.98
841.5     0.98
841.75     0.98
842.0     0.98
842.25     0.98
842.5     0.98
842.75     0.98
843.0     0.98
843.25     0.98
843.5     0.98
843.75     0.98
844.0     0.98
844.25     0.98
844.5     0.98
844.75     0.98
845.0     0.98
845.25     0.98
845.5     0.98
845.75     0.98
846.0     0.98
846.25     0.98
846.5     0.98
846.75     0.98
847.0     0.98
847.25     0.98
847.5     0.98
847.75     0.98
848.0     0.98
848.25     0.98
848.5     0.98
848.75     0.98
849.0     0.98
849.25     0.98
849.5     0.98
849.75     0.98
850.0     0.98
850.25     0.98
850.5     0.98
850.75     0.98
851.0     0.98
851.25     0.98
851.5     0.98
851.75     0.98
852.0     0.98
852.25     0.98
852.5     0.98
852.75     0.98
853.0     0.98
853.25     0.98
853.5     0.98
853.75     0.98
854.0     0.98
854.25     0.98
854.5     0.98
854.75     0.98
855.0     0.98
855.25     0.98
855.5     0.98
855.75     0.98
856.0     0.98
856.25     0.98
856.5     0.98
856.75     0.98
857.0     0.98
857.25     0.98
857.5     0.98
857.75     0.98
858.0     0.98
858.25     0.98
858.5     0.98
858.75     0.98
859.0     0.98
859.25     0.98
859.5     0.98
859.75     0.98
860.0     0.98
860.25     0.98
860.5     0.98
860.75     0.98
861.0     0.98
861.25     0.98
861.5     0.98
861.75     0.98
862.0     0.98
862.25     0.98
862.5     0.98
862.75     0.98
863.0     0.98
863.25     0.98
863.5     0.98
863.75     0.98
864.0     0.98
864.25     0.98
864.5     0.982
864.75     0.982
865.0     0.982
865.25     0.982
865.5     0.986
865.75     0.986
866.0     0.986
866.25     0.986
866.5     0.986
866.75     0.986
867.0     0.986
867.25     0.986
867.5     0.986
867.75     0.986
868.0     0.986
868.25     0.986
868.5     0.986
868.75     0.986
869.0     0.986
869.25     0.986
869.5     0.986
869.75     0.986
870.0     0.986
870.25     0.986
870.5     0.986
870.75     0.986
871.0     0.986
871.25     0.986
871.5     0.986
871.75     0.986
872.0     0.986
872.25     0.986
872.5     0.986
872.75     0.986
873.0     0.986
873.25     0.986
873.5     0.986
873.75     0.986
874.0     0.986
874.25     0.986
874.5     0.986
874.75     0.986
875.0     0.986
875.25     0.986
875.5     0.986
875.75     0.986
876.0     0.986
876.25     0.986
876.5     0.986
876.75     0.986
877.0     0.986
877.25     0.986
877.5     0.986
877.75     0.986
878.0     0.986
878.25     0.986
878.5     0.986
878.75     0.986
879.0     0.986
879.25     0.986
879.5     0.986
879.75     0.986
880.0     0.986
880.25     0.986
880.5     0.986
880.75     0.986
881.0     0.986
881.25     0.988
881.5     0.988
881.75     0.988
882.0     0.988
882.25     0.988
882.5     0.988
882.75     0.988
883.0     0.988
883.25     0.988
883.5     0.988
883.75     0.988
884.0     0.988
884.25     0.988
884.5     0.988
884.75     0.988
885.0     0.988
885.25     0.988
885.5     0.988
885.75     0.988
886.0     0.988
886.25     0.988
886.5     0.988
886.75     0.988
887.0     0.988
887.25     0.988
887.5     0.988
887.75     0.988
888.0     0.988
888.25     0.988
888.5     0.988
888.75     0.988
889.0     0.988
889.25     0.988
889.5     0.988
889.75     0.988
890.0     0.988
890.25     0.988
890.5     0.99
890.75     0.99
891.0     0.99
891.25     0.99
891.5     0.99
891.75     0.99
892.0     0.99
892.25     0.99
892.5     0.99
892.75     0.99
893.0     0.99
893.25     0.99
893.5     0.99
893.75     0.99
894.0     0.99
894.25     0.99
894.5     0.99
894.75     0.992
895.0     0.992
895.25     0.992
895.5     0.992
895.75     0.992
896.0     0.992
896.25     0.992
896.5     0.992
896.75     0.992
897.0     0.992
897.25     0.992
897.5     0.992
897.75     0.992
898.0     0.992
898.25     0.992
898.5     0.992
898.75     0.992
899.0     0.992
899.25     0.992
899.5     0.992
899.75     0.992
900.0     0.992
900.25     0.992
900.5     0.992
900.75     0.992
901.0     0.992
901.25     0.992
901.5     0.992
901.75     0.992
902.0     0.992
902.25     0.992
902.5     0.992
902.75     0.992
903.0     0.992
903.25     0.992
903.5     0.992
903.75     0.992
904.0     0.992
904.25     0.992
904.5     0.992
904.75     0.992
905.0     0.992
905.25     0.992
905.5     0.992
905.75     0.992
906.0     0.992
906.25     0.992
906.5     0.992
906.75     0.992
907.0     0.992
907.25     0.992
907.5     0.992
907.75     0.992
908.0     0.992
908.25     0.992
908.5     0.992
908.75     0.992
909.0     0.992
909.25     0.992
909.5     0.992
909.75     0.992
910.0     0.992
910.25     0.992
910.5     0.992
910.75     0.992
911.0     0.992
911.25     0.992
911.5     0.992
911.75     0.992
912.0     0.992
912.25     0.992
912.5     0.992
912.75     0.992
913.0     0.992
913.25     0.992
913.5     0.992
913.75     0.992
914.0     0.992
914.25     0.992
914.5     0.992
914.75     0.992
915.0     0.992
915.25     0.992
915.5     0.992
915.75     0.992
916.0     0.992
916.25     0.992
916.5     0.992
916.75     0.992
917.0     0.992
917.25     0.992
917.5     0.992
917.75     0.992
918.0     0.992
918.25     0.992
918.5     0.992
918.75     0.992
919.0     0.992
919.25     0.992
919.5     0.992
919.75     0.992
920.0     0.992
920.25     0.992
920.5     0.992
920.75     0.992
921.0     0.992
921.25     0.992
921.5     0.992
921.75     0.992
922.0     0.992
922.25     0.992
922.5     0.992
922.75     0.992
923.0     0.992
923.25     0.992
923.5     0.992
923.75     0.992
924.0     0.992
924.25     0.992
924.5     0.992
924.75     0.992
925.0     0.992
925.25     0.992
925.5     0.992
925.75     0.992
926.0     0.992
926.25     0.992
926.5     0.992
926.75     0.992
927.0     0.992
927.25     0.992
927.5     0.992
927.75     0.992
928.0     0.992
928.25     0.992
928.5     0.992
928.75     0.992
929.0     0.992
929.25     0.992
929.5     0.992
929.75     0.992
930.0     0.992
930.25     0.992
930.5     0.992
930.75     0.992
931.0     0.992
931.25     0.992
931.5     0.992
931.75     0.992
932.0     0.992
932.25     0.994
932.5     0.994
932.75     0.994
933.0     0.994
933.25     0.994
933.5     0.994
933.75     0.994
934.0     0.994
934.25     0.994
934.5     0.994
934.75     0.994
935.0     0.994
935.25     0.994
935.5     0.994
935.75     0.994
936.0     0.994
936.25     0.994
936.5     0.996
936.75     0.996
937.0     0.996
937.25     0.996
937.5     0.996
937.75     0.996
938.0     0.996
938.25     0.996
938.5     0.996
938.75     0.996
939.0     0.996
939.25     0.996
939.5     0.996
939.75     0.996
940.0     0.996
940.25     0.996
940.5     0.996
940.75     0.996
941.0     0.996
941.25     0.996
941.5     0.996
941.75     0.996
942.0     0.996
942.25     0.996
942.5     0.996
942.75     0.996
943.0     0.996
943.25     0.996
943.5     0.996
943.75     0.996
944.0     0.996
944.25     0.996
944.5     0.996
944.75     0.996
945.0     0.996
945.25     0.996
945.5     0.996
945.75     0.996
946.0     0.996
946.25     0.996
946.5     0.996
946.75     0.996
947.0     0.996
947.25     0.996
947.5     0.996
947.75     0.996
948.0     0.996
948.25     0.996
948.5     0.996
948.75     0.996
949.0     0.996
949.25     0.996
949.5     0.996
949.75     0.996
950.0     0.996
950.25     0.996
950.5     0.996
950.75     0.996
951.0     0.996
951.25     0.996
951.5     0.996
951.75     0.996
952.0     0.996
952.25     0.996
952.5     0.996
952.75     0.996
953.0     0.996
953.25     0.996
953.5     0.996
953.75     0.996
954.0     0.996
954.25     0.996
954.5     0.996
954.75     0.996
955.0     0.996
955.25     0.996
955.5     0.996
955.75     0.996
956.0     0.996
956.25     0.996
956.5     0.996
956.75     0.996
957.0     0.996
957.25     0.996
957.5     0.996
957.75     0.996
958.0     0.996
958.25     0.996
958.5     0.996
958.75     0.996
959.0     0.996
959.25     0.996
959.5     0.996
959.75     0.996
960.0     0.996
960.25     0.996
960.5     0.996
960.75     0.996
961.0     0.996
961.25     0.996
961.5     0.996
961.75     0.996
962.0     0.996
962.25     0.996
962.5     0.996
962.75     0.996
963.0     0.996
963.25     0.996
963.5     0.996
963.75     0.996
964.0     0.996
964.25     0.996
964.5     0.996
964.75     0.996
965.0     0.996
965.25     0.996
965.5     0.996
965.75     0.996
966.0     0.996
966.25     0.996
966.5     0.996
966.75     0.996
967.0     0.996
967.25     0.996
967.5     0.996
967.75     0.996
968.0     0.996
968.25     0.996
968.5     0.996
968.75     0.996
969.0     0.996
969.25     0.996
969.5     0.996
969.75     0.996
970.0     0.996
970.25     0.996
970.5     0.996
970.75     0.996
971.0     0.996
971.25     0.996
971.5     0.996
971.75     0.996
972.0     0.996
972.25     0.996
972.5     0.996
972.75     0.996
973.0     0.996
973.25     0.996
973.5     0.996
973.75     0.996
974.0     0.996
974.25     0.996
974.5     0.996
974.75     0.996
975.0     0.996
975.25     0.996
975.5     0.996
975.75     0.996
976.0     0.996
976.25     0.996
976.5     0.996
976.75     0.996
977.0     0.996
977.25     0.996
977.5     0.996
977.75     0.996
978.0     0.996
978.25     0.996
978.5     0.996
978.75     0.996
979.0     0.996
979.25     0.996
979.5     0.996
979.75     0.996
980.0     0.996
980.25     0.996
980.5     0.996
980.75     0.996
981.0     0.996
981.25     0.996
981.5     0.996
981.75     0.996
982.0     0.996
982.25     0.996
982.5     0.996
982.75     0.996
983.0     0.996
983.25     0.996
983.5     0.996
983.75     0.996
984.0     0.996
984.25     0.996
984.5     0.996
984.75     0.996
985.0     0.996
985.25     0.996
985.5     0.996
985.75     0.996
986.0     0.996
986.25     0.996
986.5     0.996
986.75     0.996
987.0     0.996
987.25     0.996
987.5     0.996
987.75     0.996
988.0     0.996
988.25     0.996
988.5     0.996
988.75     0.996
989.0     0.996
989.25     0.996
989.5     0.996
989.75     0.996
990.0     0.996
990.25     0.996
990.5     0.996
990.75     0.996
991.0     0.996
991.25     0.996
991.5     0.996
991.75     0.996
992.0     0.996
992.25     0.996
992.5     0.996
992.75     0.996
993.0     0.996
993.25     0.996
993.5     0.996
993.75     0.996
994.0     0.996
994.25     0.996
994.5     0.996
994.75     0.996
995.0     0.996
995.25     0.996
995.5     0.994
995.75     0.994
996.0     0.994
996.25     0.994
996.5     0.994
996.75     0.994
997.0     0.994
997.25     0.994
997.5     0.994
997.75     0.994
998.0     0.994
998.25     0.994
998.5     0.994
998.75     0.994
999.0     0.994
999.25     0.994
999.5     0.994
999.75     0.994
1000.0     0.994
