0.25     1.0
0.5     1.0
0.75     1.0
1.0     1.0
1.25     1.0
1.5     1.0
1.75     1.0
2.0     1.0
2.25     1.0
2.5     1.0
2.75     1.0
3.0     1.0
3.25     1.0
3.5     1.0
3.75     1.0
4.0     1.0
4.25     1.0
4.5     1.0
4.75     1.0
5.0     1.0
5.25     1.0
5.5     1.0
5.75     1.0
6.0     1.0
6.25     1.0
6.5     1.0
6.75     1.0
7.0     1.0
7.25     1.0
7.5     1.0
7.75     1.0
8.0     1.0
8.25     1.0
8.5     1.0
8.75     1.0
9.0     1.0
9.25     1.0
9.5     1.0
9.75     1.0
10.0     1.0
10.25     1.0
10.5     1.0
10.75     1.0
11.0     1.0
11.25     1.0
11.5     1.0
11.75     1.0
12.0     1.0
12.25     1.0
12.5     1.0
12.75     1.0
13.0     1.0
13.25     1.0
13.5     1.0
13.75     1.0
14.0     1.0
14.25     1.0
14.5     1.0
14.75     1.0
15.0     1.0
15.25     1.0
15.5     1.0
15.75     1.0
16.0     1.0
16.25     1.0
16.5     1.0
16.75     1.0
17.0     1.0
17.25     1.0
17.5     1.0
17.75     1.0
18.0     1.0
18.25     1.0
18.5     1.0
18.75     1.0
19.0     1.0
19.25     1.0
19.5     1.0
19.75     1.0
20.0     1.0
20.25     1.0
20.5     1.0
20.75     1.0
21.0     1.0
21.25     1.0
21.5     1.0
21.75     1.0
22.0     1.0
22.25     1.0
22.5     1.0
22.75     1.0
23.0     1.0
23.25     1.0
23.5     1.0
23.75     1.0
24.0     1.0
24.25     1.0
24.5     1.0
24.75     1.0
25.0     1.0
25.25     1.0
25.5     1.0
25.75     1.0
26.0     1.0
26.25     1.0
26.5     1.0
26.75     1.0
27.0     1.0
27.25     1.0
27.5     1.0
27.75     1.0
28.0     1.0
28.25     1.0
28.5     1.0
28.75     1.0
29.0     1.0
29.25     1.0
29.5     1.0
29.75     1.0
30.0     1.0
30.25     1.0
30.5     1.0
30.75     1.0
31.0     1.0
31.25     1.0
31.5     1.0
31.75     1.0
32.0     1.0
32.25     1.0
32.5     1.0
32.75     1.0
33.0     1.0
33.25     1.0
33.5     1.0
33.75     1.0
34.0     1.0
34.25     1.0
34.5     1.0
34.75     1.0
35.0     1.0
35.25     1.0
35.5     1.0
35.75     1.0
36.0     1.0
36.25     1.0
36.5     1.0
36.75     1.0
37.0     1.0
37.25     1.0
37.5     1.0
37.75     1.0
38.0     1.0
38.25     1.0
38.5     1.0
38.75     1.0
39.0     1.0
39.25     1.0
39.5     1.0
39.75     1.0
40.0     1.0
40.25     1.0
40.5     1.0
40.75     1.0
41.0     1.0
41.25     1.0
41.5     1.0
41.75     1.0
42.0     1.0
42.25     1.0
42.5     1.0
42.75     1.0
43.0     1.0
43.25     1.0
43.5     1.0
43.75     1.0
44.0     1.0
44.25     1.0
44.5     1.0
44.75     1.0
45.0     1.0
45.25     1.0
45.5     1.0
45.75     1.0
46.0     1.0
46.25     1.0
46.5     1.0
46.75     1.0
47.0     1.0
47.25     1.0
47.5     1.0
47.75     1.0
48.0     1.0
48.25     1.0
48.5     1.0
48.75     1.0
49.0     1.0
49.25     1.0
49.5     1.0
49.75     1.0
50.0     1.0
50.25     1.0
50.5     1.0
50.75     1.0
51.0     1.0
51.25     1.0
51.5     1.0
51.75     1.0
52.0     1.0
52.25     1.0
52.5     1.0
52.75     1.0
53.0     1.0
53.25     1.0
53.5     1.0
53.75     1.0
54.0     1.0
54.25     1.0
54.5     1.0
54.75     1.0
55.0     1.0
55.25     1.0
55.5     1.0
55.75     1.0
56.0     1.0
56.25     1.0
56.5     1.0
56.75     1.0
57.0     1.0
57.25     1.0
57.5     1.0
57.75     1.0
58.0     1.0
58.25     1.0
58.5     1.0
58.75     1.0
59.0     1.0
59.25     1.0
59.5     1.0
59.75     1.0
60.0     0.998
60.25     0.998
60.5     0.998
60.75     0.998
61.0     0.998
61.25     0.998
61.5     0.998
61.75     0.998
62.0     0.998
62.25     0.998
62.5     0.998
62.75     0.998
63.0     0.998
63.25     0.998
63.5     0.998
63.75     0.998
64.0     0.998
64.25     0.998
64.5     0.998
64.75     0.998
65.0     0.998
65.25     0.998
65.5     0.998
65.75     0.998
66.0     0.998
66.25     0.998
66.5     0.998
66.75     0.998
67.0     0.998
67.25     0.998
67.5     0.998
67.75     0.998
68.0     0.998
68.25     0.998
68.5     0.998
68.75     0.998
69.0     0.998
69.25     0.998
69.5     0.998
69.75     0.998
70.0     0.998
70.25     0.998
70.5     0.998
70.75     0.996
71.0     0.996
71.25     0.996
71.5     0.996
71.75     0.996
72.0     0.996
72.25     0.996
72.5     0.996
72.75     0.996
73.0     0.996
73.25     0.996
73.5     0.996
73.75     0.996
74.0     0.996
74.25     0.996
74.5     0.996
74.75     0.996
75.0     0.996
75.25     0.996
75.5     0.996
75.75     0.996
76.0     0.996
76.25     0.996
76.5     0.996
76.75     0.996
77.0     0.996
77.25     0.996
77.5     0.996
77.75     0.996
78.0     0.996
78.25     0.994
78.5     0.994
78.75     0.994
79.0     0.994
79.25     0.994
79.5     0.994
79.75     0.994
80.0     0.994
80.25     0.994
80.5     0.994
80.75     0.994
81.0     0.994
81.25     0.994
81.5     0.994
81.75     0.994
82.0     0.994
82.25     0.994
82.5     0.994
82.75     0.994
83.0     0.994
83.25     0.994
83.5     0.994
83.75     0.994
84.0     0.994
84.25     0.994
84.5     0.994
84.75     0.994
85.0     0.994
85.25     0.994
85.5     0.994
85.75     0.994
86.0     0.994
86.25     0.994
86.5     0.994
86.75     0.994
87.0     0.994
87.25     0.994
87.5     0.994
87.75     0.994
88.0     0.994
88.25     0.994
88.5     0.994
88.75     0.994
89.0     0.994
89.25     0.994
89.5     0.994
89.75     0.994
90.0     0.994
90.25     0.994
90.5     0.994
90.75     0.994
91.0     0.994
91.25     0.994
91.5     0.994
91.75     0.994
92.0     0.994
92.25     0.994
92.5     0.994
92.75     0.994
93.0     0.994
93.25     0.994
93.5     0.994
93.75     0.994
94.0     0.994
94.25     0.994
94.5     0.994
94.75     0.994
95.0     0.994
95.25     0.994
95.5     0.994
95.75     0.994
96.0     0.994
96.25     0.994
96.5     0.994
96.75     0.994
97.0     0.994
97.25     0.994
97.5     0.994
97.75     0.994
98.0     0.994
98.25     0.994
98.5     0.994
98.75     0.994
99.0     0.994
99.25     0.994
99.5     0.994
99.75     0.994
100.0     0.994
100.25     0.994
100.5     0.994
100.75     0.994
101.0     0.994
101.25     0.994
101.5     0.994
101.75     0.994
102.0     0.994
102.25     0.994
102.5     0.994
102.75     0.994
103.0     0.994
103.25     0.994
103.5     0.994
103.75     0.994
104.0     0.994
104.25     0.994
104.5     0.994
104.75     0.994
105.0     0.994
105.25     0.994
105.5     0.994
105.75     0.994
106.0     0.994
106.25     0.994
106.5     0.994
106.75     0.994
107.0     0.994
107.25     0.994
107.5     0.994
107.75     0.994
108.0     0.994
108.25     0.994
108.5     0.994
108.75     0.994
109.0     0.994
109.25     0.994
109.5     0.994
109.75     0.994
110.0     0.994
110.25     0.994
110.5     0.994
110.75     0.994
111.0     0.994
111.25     0.994
111.5     0.994
111.75     0.994
112.0     0.994
112.25     0.994
112.5     0.994
112.75     0.994
113.0     0.994
113.25     0.994
113.5     0.994
113.75     0.994
114.0     0.994
114.25     0.994
114.5     0.994
114.75     0.994
115.0     0.994
115.25     0.994
115.5     0.994
115.75     0.994
116.0     0.994
116.25     0.994
116.5     0.994
116.75     0.994
117.0     0.994
117.25     0.994
117.5     0.994
117.75     0.994
118.0     0.994
118.25     0.994
118.5     0.994
118.75     0.994
119.0     0.994
119.25     0.994
119.5     0.994
119.75     0.994
120.0     0.994
120.25     0.994
120.5     0.994
120.75     0.994
121.0     0.994
121.25     0.994
121.5     0.994
121.75     0.994
122.0     0.994
122.25     0.994
122.5     0.994
122.75     0.994
123.0     0.994
123.25     0.994
123.5     0.994
123.75     0.994
124.0     0.994
124.25     0.994
124.5     0.994
124.75     0.994
125.0     0.994
125.25     0.994
125.5     0.994
125.75     0.994
126.0     0.994
126.25     0.994
126.5     0.994
126.75     0.994
127.0     0.994
127.25     0.994
127.5     0.994
127.75     0.994
128.0     0.994
128.25     0.994
128.5     0.994
128.75     0.994
129.0     0.994
129.25     0.994
129.5     0.994
129.75     0.994
130.0     0.994
130.25     0.994
130.5     0.994
130.75     0.994
131.0     0.994
131.25     0.994
131.5     0.994
131.75     0.994
132.0     0.994
132.25     0.994
132.5     0.994
132.75     0.994
133.0     0.994
133.25     0.994
133.5     0.994
133.75     0.994
134.0     0.994
134.25     0.994
134.5     0.994
134.75     0.994
135.0     0.994
135.25     0.994
135.5     0.994
135.75     0.994
136.0     0.994
136.25     0.994
136.5     0.994
136.75     0.994
137.0     0.994
137.25     0.994
137.5     0.994
137.75     0.994
138.0     0.994
138.25     0.994
138.5     0.994
138.75     0.994
139.0     0.994
139.25     0.994
139.5     0.994
139.75     0.994
140.0     0.994
140.25     0.994
140.5     0.994
140.75     0.994
141.0     0.994
141.25     0.994
141.5     0.994
141.75     0.994
142.0     0.994
142.25     0.994
142.5     0.994
142.75     0.994
143.0     0.994
143.25     0.994
143.5     0.994
143.75     0.994
144.0     0.994
144.25     0.994
144.5     0.994
144.75     0.994
145.0     0.994
145.25     0.994
145.5     0.994
145.75     0.994
146.0     0.994
146.25     0.994
146.5     0.994
146.75     0.994
147.0     0.994
147.25     0.994
147.5     0.994
147.75     0.994
148.0     0.994
148.25     0.994
148.5     0.994
148.75     0.994
149.0     0.994
149.25     0.994
149.5     0.994
149.75     0.994
150.0     0.994
150.25     0.992
150.5     0.992
150.75     0.992
151.0     0.992
151.25     0.992
151.5     0.992
151.75     0.992
152.0     0.992
152.25     0.992
152.5     0.992
152.75     0.992
153.0     0.992
153.25     0.992
153.5     0.99
153.75     0.99
154.0     0.99
154.25     0.99
154.5     0.99
154.75     0.99
155.0     0.99
155.25     0.99
155.5     0.99
155.75     0.99
156.0     0.99
156.25     0.99
156.5     0.99
156.75     0.99
157.0     0.99
157.25     0.99
157.5     0.99
157.75     0.99
158.0     0.99
158.25     0.99
158.5     0.99
158.75     0.99
159.0     0.99
159.25     0.99
159.5     0.99
159.75     0.99
160.0     0.99
160.25     0.99
160.5     0.99
160.75     0.99
161.0     0.99
161.25     0.99
161.5     0.99
161.75     0.99
162.0     0.99
162.25     0.99
162.5     0.99
162.75     0.99
163.0     0.99
163.25     0.99
163.5     0.99
163.75     0.99
164.0     0.99
164.25     0.988
164.5     0.988
164.75     0.988
165.0     0.988
165.25     0.986
165.5     0.986
165.75     0.986
166.0     0.984
166.25     0.984
166.5     0.984
166.75     0.984
167.0     0.984
167.25     0.984
167.5     0.984
167.75     0.984
168.0     0.984
168.25     0.984
168.5     0.984
168.75     0.984
169.0     0.984
169.25     0.984
169.5     0.984
169.75     0.984
170.0     0.984
170.25     0.984
170.5     0.982
170.75     0.982
171.0     0.982
171.25     0.982
171.5     0.982
171.75     0.982
172.0     0.982
172.25     0.982
172.5     0.982
172.75     0.982
173.0     0.982
173.25     0.982
173.5     0.982
173.75     0.982
174.0     0.982
174.25     0.98
174.5     0.98
174.75     0.98
175.0     0.98
175.25     0.98
175.5     0.98
175.75     0.98
176.0     0.98
176.25     0.98
176.5     0.98
176.75     0.98
177.0     0.98
177.25     0.98
177.5     0.98
177.75     0.98
178.0     0.98
178.25     0.98
178.5     0.98
178.75     0.98
179.0     0.98
179.25     0.98
179.5     0.98
179.75     0.98
180.0     0.98
180.25     0.98
180.5     0.98
180.75     0.98
181.0     0.98
181.25     0.98
181.5     0.978
181.75     0.978
182.0     0.978
182.25     0.978
182.5     0.978
182.75     0.978
183.0     0.978
183.25     0.978
183.5     0.978
183.75     0.978
184.0     0.978
184.25     0.976
184.5     0.976
184.75     0.976
185.0     0.976
185.25     0.976
185.5     0.976
185.75     0.976
186.0     0.976
186.25     0.976
186.5     0.976
186.75     0.974
187.0     0.974
187.25     0.974
187.5     0.974
187.75     0.974
188.0     0.974
188.25     0.974
188.5     0.974
188.75     0.974
189.0     0.974
189.25     0.974
189.5     0.974
189.75     0.974
190.0     0.974
190.25     0.974
190.5     0.974
190.75     0.974
191.0     0.974
191.25     0.974
191.5     0.974
191.75     0.972
192.0     0.972
192.25     0.972
192.5     0.972
192.75     0.972
193.0     0.972
193.25     0.972
193.5     0.972
193.75     0.972
194.0     0.972
194.25     0.972
194.5     0.972
194.75     0.972
195.0     0.972
195.25     0.972
195.5     0.972
195.75     0.972
196.0     0.972
196.25     0.972
196.5     0.972
196.75     0.972
197.0     0.972
197.25     0.972
197.5     0.972
197.75     0.972
198.0     0.972
198.25     0.97
198.5     0.97
198.75     0.97
199.0     0.97
199.25     0.97
199.5     0.97
199.75     0.97
200.0     0.97
200.25     0.97
200.5     0.968
200.75     0.966
201.0     0.966
201.25     0.966
201.5     0.966
201.75     0.966
202.0     0.966
202.25     0.966
202.5     0.966
202.75     0.966
203.0     0.966
203.25     0.966
203.5     0.966
203.75     0.966
204.0     0.966
204.25     0.966
204.5     0.966
204.75     0.966
205.0     0.966
205.25     0.966
205.5     0.966
205.75     0.966
206.0     0.966
206.25     0.966
206.5     0.966
206.75     0.966
207.0     0.966
207.25     0.966
207.5     0.966
207.75     0.966
208.0     0.966
208.25     0.966
208.5     0.966
208.75     0.966
209.0     0.966
209.25     0.966
209.5     0.966
209.75     0.966
210.0     0.966
210.25     0.966
210.5     0.966
210.75     0.966
211.0     0.966
211.25     0.966
211.5     0.966
211.75     0.966
212.0     0.966
212.25     0.966
212.5     0.966
212.75     0.966
213.0     0.966
213.25     0.966
213.5     0.966
213.75     0.966
214.0     0.966
214.25     0.966
214.5     0.966
214.75     0.966
215.0     0.966
215.25     0.966
215.5     0.966
215.75     0.966
216.0     0.966
216.25     0.966
216.5     0.966
216.75     0.966
217.0     0.966
217.25     0.964
217.5     0.964
217.75     0.964
218.0     0.964
218.25     0.964
218.5     0.964
218.75     0.964
219.0     0.964
219.25     0.964
219.5     0.964
219.75     0.962
220.0     0.962
220.25     0.962
220.5     0.962
220.75     0.962
221.0     0.962
221.25     0.96
221.5     0.96
221.75     0.96
222.0     0.96
222.25     0.96
222.5     0.96
222.75     0.96
223.0     0.96
223.25     0.96
223.5     0.96
223.75     0.958
224.0     0.958
224.25     0.956
224.5     0.956
224.75     0.956
225.0     0.956
225.25     0.956
225.5     0.956
225.75     0.956
226.0     0.956
226.25     0.956
226.5     0.956
226.75     0.956
227.0     0.956
227.25     0.956
227.5     0.956
227.75     0.956
228.0     0.956
228.25     0.956
228.5     0.956
228.75     0.956
229.0     0.956
229.25     0.956
229.5     0.956
229.75     0.956
230.0     0.956
230.25     0.956
230.5     0.956
230.75     0.956
231.0     0.956
231.25     0.956
231.5     0.956
231.75     0.956
232.0     0.956
232.25     0.956
232.5     0.954
232.75     0.952
233.0     0.95
233.25     0.95
233.5     0.948
233.75     0.948
234.0     0.95
234.25     0.95
234.5     0.95
234.75     0.948
235.0     0.948
235.25     0.948
235.5     0.944
235.75     0.944
236.0     0.942
236.25     0.94
236.5     0.94
236.75     0.94
237.0     0.94
237.25     0.94
237.5     0.94
237.75     0.94
238.0     0.938
238.25     0.938
238.5     0.938
238.75     0.938
239.0     0.936
239.25     0.936
239.5     0.934
239.75     0.934
240.0     0.934
240.25     0.934
240.5     0.934
240.75     0.934
241.0     0.93
241.25     0.93
241.5     0.93
241.75     0.93
242.0     0.93
242.25     0.93
242.5     0.93
242.75     0.93
243.0     0.93
243.25     0.93
243.5     0.93
243.75     0.93
244.0     0.93
244.25     0.93
244.5     0.93
244.75     0.93
245.0     0.93
245.25     0.93
245.5     0.93
245.75     0.93
246.0     0.93
246.25     0.93
246.5     0.93
246.75     0.93
247.0     0.93
247.25     0.93
247.5     0.93
247.75     0.93
248.0     0.93
248.25     0.93
248.5     0.928
248.75     0.928
249.0     0.928
249.25     0.928
249.5     0.928
249.75     0.928
250.0     0.926
250.25     0.926
250.5     0.926
250.75     0.926
251.0     0.926
251.25     0.924
251.5     0.924
251.75     0.924
252.0     0.924
252.25     0.924
252.5     0.924
252.75     0.924
253.0     0.924
253.25     0.924
253.5     0.924
253.75     0.924
254.0     0.922
254.25     0.922
254.5     0.922
254.75     0.922
255.0     0.922
255.25     0.922
255.5     0.924
255.75     0.924
256.0     0.924
256.25     0.924
256.5     0.922
256.75     0.922
257.0     0.922
257.25     0.92
257.5     0.92
257.75     0.92
258.0     0.918
258.25     0.918
258.5     0.918
258.75     0.918
259.0     0.916
259.25     0.916
259.5     0.912
259.75     0.912
260.0     0.912
260.25     0.912
260.5     0.914
260.75     0.912
261.0     0.912
261.25     0.912
261.5     0.914
261.75     0.912
262.0     0.91
262.25     0.906
262.5     0.906
262.75     0.904
263.0     0.904
263.25     0.904
263.5     0.904
263.75     0.904
264.0     0.902
264.25     0.902
264.5     0.9
264.75     0.9
265.0     0.898
265.25     0.898
265.5     0.896
265.75     0.894
266.0     0.894
266.25     0.892
266.5     0.892
266.75     0.894
267.0     0.894
267.25     0.894
267.5     0.888
267.75     0.888
268.0     0.888
268.25     0.886
268.5     0.884
268.75     0.882
269.0     0.88
269.25     0.88
269.5     0.878
269.75     0.872
270.0     0.868
270.25     0.864
270.5     0.862
270.75     0.862
271.0     0.862
271.25     0.86
271.5     0.86
271.75     0.86
272.0     0.858
272.25     0.856
272.5     0.858
272.75     0.856
273.0     0.854
273.25     0.854
273.5     0.854
273.75     0.854
274.0     0.852
274.25     0.852
274.5     0.848
274.75     0.848
275.0     0.846
275.25     0.846
275.5     0.844
275.75     0.844
276.0     0.842
276.25     0.842
276.5     0.842
276.75     0.842
277.0     0.842
277.25     0.842
277.5     0.842
277.75     0.842
278.0     0.84
278.25     0.838
278.5     0.836
278.75     0.834
279.0     0.832
279.25     0.83
279.5     0.83
279.75     0.83
280.0     0.83
280.25     0.828
280.5     0.828
280.75     0.828
281.0     0.826
281.25     0.824
281.5     0.824
281.75     0.822
282.0     0.82
282.25     0.818
282.5     0.814
282.75     0.812
283.0     0.812
283.25     0.81
283.5     0.81
283.75     0.806
284.0     0.806
284.25     0.806
284.5     0.806
284.75     0.806
285.0     0.804
285.25     0.8
285.5     0.8
285.75     0.802
286.0     0.802
286.25     0.8
286.5     0.798
286.75     0.8
287.0     0.802
287.25     0.802
287.5     0.798
287.75     0.796
288.0     0.796
288.25     0.796
288.5     0.794
288.75     0.788
289.0     0.784
289.25     0.782
289.5     0.78
289.75     0.782
290.0     0.782
290.25     0.782
290.5     0.78
290.75     0.78
291.0     0.78
291.25     0.778
291.5     0.778
291.75     0.774
292.0     0.774
292.25     0.772
292.5     0.772
292.75     0.772
293.0     0.772
293.25     0.772
293.5     0.772
293.75     0.772
294.0     0.77
294.25     0.77
294.5     0.766
294.75     0.764
295.0     0.764
295.25     0.762
295.5     0.762
295.75     0.762
296.0     0.76
296.25     0.76
296.5     0.76
296.75     0.76
297.0     0.76
297.25     0.76
297.5     0.76
297.75     0.76
298.0     0.76
298.25     0.76
298.5     0.76
298.75     0.756
299.0     0.756
299.25     0.756
299.5     0.756
299.75     0.756
300.0     0.756
300.25     0.756
300.5     0.756
300.75     0.754
301.0     0.754
301.25     0.754
301.5     0.754
301.75     0.754
302.0     0.754
302.25     0.752
302.5     0.752
302.75     0.752
303.0     0.752
303.25     0.752
303.5     0.752
303.75     0.75
304.0     0.75
304.25     0.75
304.5     0.75
304.75     0.75
305.0     0.75
305.25     0.748
305.5     0.748
305.75     0.748
306.0     0.748
306.25     0.748
306.5     0.746
306.75     0.742
307.0     0.74
307.25     0.738
307.5     0.738
307.75     0.738
308.0     0.738
308.25     0.736
308.5     0.736
308.75     0.734
309.0     0.736
309.25     0.734
309.5     0.734
309.75     0.734
310.0     0.734
310.25     0.732
310.5     0.73
310.75     0.728
311.0     0.728
311.25     0.728
311.5     0.724
311.75     0.724
312.0     0.722
312.25     0.722
312.5     0.722
312.75     0.724
313.0     0.724
313.25     0.722
313.5     0.722
313.75     0.722
314.0     0.722
314.25     0.72
314.5     0.718
314.75     0.716
315.0     0.718
315.25     0.718
315.5     0.716
315.75     0.714
316.0     0.714
316.25     0.714
316.5     0.712
316.75     0.712
317.0     0.71
317.25     0.71
317.5     0.71
317.75     0.708
318.0     0.706
318.25     0.706
318.5     0.706
318.75     0.706
319.0     0.704
319.25     0.704
319.5     0.702
319.75     0.702
320.0     0.698
320.25     0.698
320.5     0.696
320.75     0.694
321.0     0.688
321.25     0.69
321.5     0.69
321.75     0.686
322.0     0.684
322.25     0.684
322.5     0.684
322.75     0.684
323.0     0.684
323.25     0.684
323.5     0.684
323.75     0.68
324.0     0.678
324.25     0.678
324.5     0.678
324.75     0.674
325.0     0.672
325.25     0.674
325.5     0.672
325.75     0.674
326.0     0.674
326.25     0.674
326.5     0.674
326.75     0.674
327.0     0.672
327.25     0.672
327.5     0.67
327.75     0.67
328.0     0.67
328.25     0.67
328.5     0.67
328.75     0.67
329.0     0.67
329.25     0.666
329.5     0.662
329.75     0.662
330.0     0.658
330.25     0.66
330.5     0.66
330.75     0.66
331.0     0.658
331.25     0.658
331.5     0.658
331.75     0.656
332.0     0.652
332.25     0.652
332.5     0.648
332.75     0.648
333.0     0.648
333.25     0.648
333.5     0.648
333.75     0.648
334.0     0.648
334.25     0.646
334.5     0.646
334.75     0.646
335.0     0.646
335.25     0.646
335.5     0.646
335.75     0.644
336.0     0.644
336.25     0.64
336.5     0.64
336.75     0.64
337.0     0.638
337.25     0.636
337.5     0.636
337.75     0.636
338.0     0.636
338.25     0.634
338.5     0.634
338.75     0.634
339.0     0.634
339.25     0.634
339.5     0.632
339.75     0.632
340.0     0.63
340.25     0.628
340.5     0.628
340.75     0.626
341.0     0.626
341.25     0.626
341.5     0.624
341.75     0.624
342.0     0.624
342.25     0.624
342.5     0.624
342.75     0.618
343.0     0.618
343.25     0.618
343.5     0.618
343.75     0.618
344.0     0.618
344.25     0.618
344.5     0.618
344.75     0.618
345.0     0.618
345.25     0.618
345.5     0.618
345.75     0.618
346.0     0.618
346.25     0.618
346.5     0.618
346.75     0.618
347.0     0.618
347.25     0.616
347.5     0.618
347.75     0.618
348.0     0.618
348.25     0.616
348.5     0.616
348.75     0.612
349.0     0.612
349.25     0.612
349.5     0.612
349.75     0.612
350.0     0.612
350.25     0.612
350.5     0.612
350.75     0.608
351.0     0.61
351.25     0.604
351.5     0.604
351.75     0.602
352.0     0.602
352.25     0.6
352.5     0.6
352.75     0.6
353.0     0.598
353.25     0.596
353.5     0.596
353.75     0.596
354.0     0.596
354.25     0.598
354.5     0.594
354.75     0.594
355.0     0.592
355.25     0.59
355.5     0.586
355.75     0.586
356.0     0.584
356.25     0.582
356.5     0.58
356.75     0.582
357.0     0.582
357.25     0.582
357.5     0.58
357.75     0.578
358.0     0.578
358.25     0.578
358.5     0.578
358.75     0.578
359.0     0.576
359.25     0.57
359.5     0.564
359.75     0.564
360.0     0.564
360.25     0.564
360.5     0.564
360.75     0.564
361.0     0.558
361.25     0.558
361.5     0.56
361.75     0.558
362.0     0.554
362.25     0.554
362.5     0.554
362.75     0.554
363.0     0.554
363.25     0.554
363.5     0.556
363.75     0.556
364.0     0.556
364.25     0.556
364.5     0.554
364.75     0.554
365.0     0.552
365.25     0.552
365.5     0.552
365.75     0.552
366.0     0.55
366.25     0.55
366.5     0.55
366.75     0.55
367.0     0.55
367.25     0.55
367.5     0.546
367.75     0.546
368.0     0.546
368.25     0.546
368.5     0.544
368.75     0.542
369.0     0.542
369.25     0.542
369.5     0.54
369.75     0.54
370.0     0.54
370.25     0.54
370.5     0.54
370.75     0.54
371.0     0.54
371.25     0.538
371.5     0.532
371.75     0.53
372.0     0.528
372.25     0.528
372.5     0.526
372.75     0.526
373.0     0.524
373.25     0.524
373.5     0.522
373.75     0.522
374.0     0.518
374.25     0.52
374.5     0.518
374.75     0.518
375.0     0.512
375.25     0.514
375.5     0.514
375.75     0.514
376.0     0.514
376.25     0.514
376.5     0.514
376.75     0.512
377.0     0.512
377.25     0.512
377.5     0.512
377.75     0.51
378.0     0.51
378.25     0.51
378.5     0.506
378.75     0.502
379.0     0.502
379.25     0.502
379.5     0.5
379.75     0.498
380.0     0.498
380.25     0.498
380.5     0.496
380.75     0.496
381.0     0.496
381.25     0.496
381.5     0.496
381.75     0.494
382.0     0.494
382.25     0.494
382.5     0.494
382.75     0.492
383.0     0.49
383.25     0.488
383.5     0.488
383.75     0.488
384.0     0.488
384.25     0.488
384.5     0.486
384.75     0.486
385.0     0.486
385.25     0.484
385.5     0.484
385.75     0.486
386.0     0.484
386.25     0.484
386.5     0.484
386.75     0.484
387.0     0.48
387.25     0.48
387.5     0.48
387.75     0.48
388.0     0.48
388.25     0.476
388.5     0.476
388.75     0.476
389.0     0.476
389.25     0.476
389.5     0.476
389.75     0.476
390.0     0.474
390.25     0.472
390.5     0.472
390.75     0.472
391.0     0.472
391.25     0.472
391.5     0.472
391.75     0.472
392.0     0.47
392.25     0.47
392.5     0.47
392.75     0.466
393.0     0.464
393.25     0.464
393.5     0.464
393.75     0.462
394.0     0.462
394.25     0.462
394.5     0.462
394.75     0.462
395.0     0.462
395.25     0.462
395.5     0.462
395.75     0.458
396.0     0.458
396.25     0.458
396.5     0.456
396.75     0.456
397.0     0.456
397.25     0.456
397.5     0.456
397.75     0.454
398.0     0.454
398.25     0.454
398.5     0.45
398.75     0.448
399.0     0.448
399.25     0.45
399.5     0.452
399.75     0.452
400.0     0.452
400.25     0.452
400.5     0.45
400.75     0.448
401.0     0.448
401.25     0.446
401.5     0.444
401.75     0.446
402.0     0.444
402.25     0.442
402.5     0.442
402.75     0.442
403.0     0.442
403.25     0.44
403.5     0.44
403.75     0.44
404.0     0.438
404.25     0.438
404.5     0.438
404.75     0.436
405.0     0.434
405.25     0.434
405.5     0.434
405.75     0.434
406.0     0.432
406.25     0.432
406.5     0.432
406.75     0.432
407.0     0.43
407.25     0.43
407.5     0.43
407.75     0.428
408.0     0.428
408.25     0.428
408.5     0.428
408.75     0.426
409.0     0.426
409.25     0.426
409.5     0.426
409.75     0.426
410.0     0.426
410.25     0.422
410.5     0.422
410.75     0.422
411.0     0.42
411.25     0.418
411.5     0.416
411.75     0.416
412.0     0.414
412.25     0.414
412.5     0.412
412.75     0.412
413.0     0.412
413.25     0.412
413.5     0.412
413.75     0.41
414.0     0.408
414.25     0.408
414.5     0.408
414.75     0.408
415.0     0.406
415.25     0.406
415.5     0.406
415.75     0.406
416.0     0.406
416.25     0.406
416.5     0.406
416.75     0.404
417.0     0.404
417.25     0.404
417.5     0.402
417.75     0.402
418.0     0.402
418.25     0.402
418.5     0.402
418.75     0.402
419.0     0.402
419.25     0.4
419.5     0.4
419.75     0.4
420.0     0.4
420.25     0.4
420.5     0.396
420.75     0.394
421.0     0.394
421.25     0.394
421.5     0.394
421.75     0.39
422.0     0.39
422.25     0.39
422.5     0.39
422.75     0.39
423.0     0.39
423.25     0.39
423.5     0.39
423.75     0.39
424.0     0.39
424.25     0.39
424.5     0.388
424.75     0.388
425.0     0.386
425.25     0.386
425.5     0.386
425.75     0.386
426.0     0.384
426.25     0.384
426.5     0.382
426.75     0.382
427.0     0.382
427.25     0.382
427.5     0.38
427.75     0.38
428.0     0.38
428.25     0.376
428.5     0.376
428.75     0.376
429.0     0.374
429.25     0.374
429.5     0.374
429.75     0.374
430.0     0.374
430.25     0.374
430.5     0.374
430.75     0.374
431.0     0.374
431.25     0.374
431.5     0.374
431.75     0.376
432.0     0.376
432.25     0.376
432.5     0.376
432.75     0.376
433.0     0.376
433.25     0.374
433.5     0.374
433.75     0.374
434.0     0.374
434.25     0.374
434.5     0.372
434.75     0.372
435.0     0.37
435.25     0.37
435.5     0.37
435.75     0.37
436.0     0.37
436.25     0.37
436.5     0.37
436.75     0.368
437.0     0.368
437.25     0.368
437.5     0.37
437.75     0.37
438.0     0.368
438.25     0.364
438.5     0.364
438.75     0.368
439.0     0.368
439.25     0.368
439.5     0.368
439.75     0.368
440.0     0.366
440.25     0.366
440.5     0.366
440.75     0.366
441.0     0.364
441.25     0.364
441.5     0.364
441.75     0.364
442.0     0.366
442.25     0.362
442.5     0.362
442.75     0.364
443.0     0.364
443.25     0.364
443.5     0.364
443.75     0.362
444.0     0.358
444.25     0.356
444.5     0.354
444.75     0.354
445.0     0.354
445.25     0.352
445.5     0.35
445.75     0.348
446.0     0.348
446.25     0.348
446.5     0.346
446.75     0.346
447.0     0.346
447.25     0.346
447.5     0.346
447.75     0.344
448.0     0.344
448.25     0.344
448.5     0.344
448.75     0.344
449.0     0.342
449.25     0.344
449.5     0.34
449.75     0.342
450.0     0.342
450.25     0.342
450.5     0.342
450.75     0.342
451.0     0.342
451.25     0.342
451.5     0.342
451.75     0.342
452.0     0.342
452.25     0.342
452.5     0.34
452.75     0.34
453.0     0.34
453.25     0.34
453.5     0.338
453.75     0.336
454.0     0.336
454.25     0.338
454.5     0.338
454.75     0.338
455.0     0.338
455.25     0.338
455.5     0.338
455.75     0.336
456.0     0.336
456.25     0.336
456.5     0.336
456.75     0.336
457.0     0.336
457.25     0.336
457.5     0.336
457.75     0.334
458.0     0.332
458.25     0.332
458.5     0.332
458.75     0.33
459.0     0.33
459.25     0.33
459.5     0.33
459.75     0.33
460.0     0.33
460.25     0.328
460.5     0.33
460.75     0.33
461.0     0.33
461.25     0.33
461.5     0.33
461.75     0.328
462.0     0.328
462.25     0.322
462.5     0.32
462.75     0.32
463.0     0.32
463.25     0.32
463.5     0.32
463.75     0.318
464.0     0.318
464.25     0.318
464.5     0.318
464.75     0.318
465.0     0.318
465.25     0.318
465.5     0.318
465.75     0.318
466.0     0.318
466.25     0.318
466.5     0.318
466.75     0.318
467.0     0.318
467.25     0.318
467.5     0.318
467.75     0.316
468.0     0.316
468.25     0.316
468.5     0.316
468.75     0.316
469.0     0.316
469.25     0.316
469.5     0.316
469.75     0.316
470.0     0.316
470.25     0.314
470.5     0.314
470.75     0.314
471.0     0.31
471.25     0.31
471.5     0.31
471.75     0.31
472.0     0.31
472.25     0.31
472.5     0.308
472.75     0.308
473.0     0.308
473.25     0.308
473.5     0.306
473.75     0.306
474.0     0.306
474.25     0.304
474.5     0.304
474.75     0.304
475.0     0.304
475.25     0.304
475.5     0.304
475.75     0.302
476.0     0.302
476.25     0.302
476.5     0.302
476.75     0.302
477.0     0.302
477.25     0.302
477.5     0.302
477.75     0.3
478.0     0.3
478.25     0.3
478.5     0.3
478.75     0.3
479.0     0.298
479.25     0.298
479.5     0.298
479.75     0.298
480.0     0.298
480.25     0.298
480.5     0.298
480.75     0.298
481.0     0.298
481.25     0.294
481.5     0.292
481.75     0.292
482.0     0.292
482.25     0.292
482.5     0.292
482.75     0.292
483.0     0.292
483.25     0.292
483.5     0.294
483.75     0.29
484.0     0.288
484.25     0.288
484.5     0.288
484.75     0.288
485.0     0.288
485.25     0.288
485.5     0.286
485.75     0.286
486.0     0.288
486.25     0.288
486.5     0.288
486.75     0.288
487.0     0.286
487.25     0.284
487.5     0.284
487.75     0.284
488.0     0.282
488.25     0.28
488.5     0.28
488.75     0.28
489.0     0.28
489.25     0.28
489.5     0.28
489.75     0.28
490.0     0.28
490.25     0.28
490.5     0.278
490.75     0.276
491.0     0.276
491.25     0.276
491.5     0.274
491.75     0.272
492.0     0.272
492.25     0.272
492.5     0.272
492.75     0.272
493.0     0.272
493.25     0.272
493.5     0.272
493.75     0.272
494.0     0.27
494.25     0.27
494.5     0.268
494.75     0.266
495.0     0.264
495.25     0.264
495.5     0.264
495.75     0.264
496.0     0.264
496.25     0.264
496.5     0.264
496.75     0.262
497.0     0.262
497.25     0.262
497.5     0.26
497.75     0.256
498.0     0.256
498.25     0.252
498.5     0.252
498.75     0.252
499.0     0.254
499.25     0.254
499.5     0.252
499.75     0.252
500.0     0.252
500.25     0.252
500.5     0.252
500.75     0.252
501.0     0.252
501.25     0.25
501.5     0.25
501.75     0.25
502.0     0.25
502.25     0.25
502.5     0.25
502.75     0.252
503.0     0.25
503.25     0.25
503.5     0.25
503.75     0.25
504.0     0.25
504.25     0.25
504.5     0.25
504.75     0.25
505.0     0.25
505.25     0.25
505.5     0.25
505.75     0.25
506.0     0.248
506.25     0.248
506.5     0.248
506.75     0.248
507.0     0.248
507.25     0.248
507.5     0.248
507.75     0.246
508.0     0.246
508.25     0.246
508.5     0.246
508.75     0.246
509.0     0.246
509.25     0.246
509.5     0.244
509.75     0.244
510.0     0.244
510.25     0.244
510.5     0.244
510.75     0.244
511.0     0.244
511.25     0.244
511.5     0.244
511.75     0.244
512.0     0.242
512.25     0.242
512.5     0.242
512.75     0.242
513.0     0.242
513.25     0.24
513.5     0.24
513.75     0.24
514.0     0.238
514.25     0.238
514.5     0.238
514.75     0.238
515.0     0.238
515.25     0.238
515.5     0.238
515.75     0.238
516.0     0.238
516.25     0.238
516.5     0.236
516.75     0.234
517.0     0.234
517.25     0.236
517.5     0.234
517.75     0.234
518.0     0.234
518.25     0.234
518.5     0.232
518.75     0.232
519.0     0.232
519.25     0.23
519.5     0.232
519.75     0.232
520.0     0.232
520.25     0.232
520.5     0.232
520.75     0.232
521.0     0.232
521.25     0.232
521.5     0.232
521.75     0.232
522.0     0.23
522.25     0.23
522.5     0.23
522.75     0.23
523.0     0.23
523.25     0.23
523.5     0.228
523.75     0.228
524.0     0.228
524.25     0.228
524.5     0.228
524.75     0.228
525.0     0.228
525.25     0.228
525.5     0.228
525.75     0.228
526.0     0.226
526.25     0.226
526.5     0.226
526.75     0.226
527.0     0.226
527.25     0.226
527.5     0.224
527.75     0.224
528.0     0.224
528.25     0.222
528.5     0.222
528.75     0.222
529.0     0.222
529.25     0.22
529.5     0.22
529.75     0.218
530.0     0.218
530.25     0.218
530.5     0.218
530.75     0.218
531.0     0.218
531.25     0.218
531.5     0.218
531.75     0.218
532.0     0.218
532.25     0.218
532.5     0.218
532.75     0.218
533.0     0.218
533.25     0.218
533.5     0.218
533.75     0.218
534.0     0.218
534.25     0.218
534.5     0.218
534.75     0.216
535.0     0.214
535.25     0.214
535.5     0.214
535.75     0.214
536.0     0.214
536.25     0.214
536.5     0.214
536.75     0.214
537.0     0.212
537.25     0.212
537.5     0.212
537.75     0.21
538.0     0.212
538.25     0.212
538.5     0.21
538.75     0.21
539.0     0.21
539.25     0.21
539.5     0.21
539.75     0.208
540.0     0.208
540.25     0.208
540.5     0.206
540.75     0.206
541.0     0.206
541.25     0.204
541.5     0.204
541.75     0.202
542.0     0.202
542.25     0.202
542.5     0.202
542.75     0.202
543.0     0.202
543.25     0.202
543.5     0.202
543.75     0.202
544.0     0.202
544.25     0.202
544.5     0.2
544.75     0.198
545.0     0.198
545.25     0.198
545.5     0.198
545.75     0.198
546.0     0.198
546.25     0.198
546.5     0.198
546.75     0.198
547.0     0.198
547.25     0.198
547.5     0.198
547.75     0.198
548.0     0.198
548.25     0.198
548.5     0.198
548.75     0.198
549.0     0.198
549.25     0.198
549.5     0.198
549.75     0.198
550.0     0.198
550.25     0.198
550.5     0.198
550.75     0.198
551.0     0.198
551.25     0.198
551.5     0.198
551.75     0.198
552.0     0.198
552.25     0.198
552.5     0.198
552.75     0.198
553.0     0.198
553.25     0.198
553.5     0.198
553.75     0.198
554.0     0.198
554.25     0.198
554.5     0.198
554.75     0.198
555.0     0.198
555.25     0.196
555.5     0.196
555.75     0.196
556.0     0.196
556.25     0.194
556.5     0.194
556.75     0.192
557.0     0.19
557.25     0.19
557.5     0.19
557.75     0.19
558.0     0.186
558.25     0.186
558.5     0.186
558.75     0.186
559.0     0.186
559.25     0.186
559.5     0.186
559.75     0.186
560.0     0.186
560.25     0.186
560.5     0.186
560.75     0.186
561.0     0.182
561.25     0.182
561.5     0.182
561.75     0.184
562.0     0.184
562.25     0.184
562.5     0.184
562.75     0.184
563.0     0.184
563.25     0.184
563.5     0.184
563.75     0.184
564.0     0.184
564.25     0.184
564.5     0.184
564.75     0.184
565.0     0.184
565.25     0.184
565.5     0.182
565.75     0.18
566.0     0.18
566.25     0.18
566.5     0.18
566.75     0.18
567.0     0.18
567.25     0.178
567.5     0.178
567.75     0.178
568.0     0.176
568.25     0.176
568.5     0.176
568.75     0.176
569.0     0.176
569.25     0.174
569.5     0.174
569.75     0.174
570.0     0.174
570.25     0.174
570.5     0.174
570.75     0.174
571.0     0.172
571.25     0.172
571.5     0.172
571.75     0.17
572.0     0.17
572.25     0.17
572.5     0.17
572.75     0.168
573.0     0.168
573.25     0.168
573.5     0.168
573.75     0.168
574.0     0.168
574.25     0.166
574.5     0.164
574.75     0.162
575.0     0.162
575.25     0.162
575.5     0.16
575.75     0.16
576.0     0.16
576.25     0.16
576.5     0.16
576.75     0.16
577.0     0.16
577.25     0.16
577.5     0.16
577.75     0.16
578.0     0.16
578.25     0.158
578.5     0.158
578.75     0.158
579.0     0.158
579.25     0.158
579.5     0.158
579.75     0.158
580.0     0.158
580.25     0.158
580.5     0.158
580.75     0.158
581.0     0.158
581.25     0.156
581.5     0.156
581.75     0.156
582.0     0.156
582.25     0.156
582.5     0.156
582.75     0.156
583.0     0.156
583.25     0.156
583.5     0.156
583.75     0.156
584.0     0.156
584.25     0.156
584.5     0.156
584.75     0.156
585.0     0.154
585.25     0.154
585.5     0.154
585.75     0.154
586.0     0.154
586.25     0.152
586.5     0.152
586.75     0.152
587.0     0.152
587.25     0.152
587.5     0.152
587.75     0.152
588.0     0.152
588.25     0.152
588.5     0.152
588.75     0.152
589.0     0.152
589.25     0.152
589.5     0.152
589.75     0.15
590.0     0.15
590.25     0.15
590.5     0.15
590.75     0.15
591.0     0.15
591.25     0.148
591.5     0.148
591.75     0.148
592.0     0.148
592.25     0.148
592.5     0.148
592.75     0.148
593.0     0.148
593.25     0.148
593.5     0.146
593.75     0.146
594.0     0.146
594.25     0.146
594.5     0.146
594.75     0.146
595.0     0.146
595.25     0.146
595.5     0.146
595.75     0.146
596.0     0.146
596.25     0.146
596.5     0.146
596.75     0.146
597.0     0.146
597.25     0.146
597.5     0.144
597.75     0.144
598.0     0.144
598.25     0.144
598.5     0.144
598.75     0.144
599.0     0.144
599.25     0.144
599.5     0.144
599.75     0.144
600.0     0.142
600.25     0.14
600.5     0.14
600.75     0.138
601.0     0.138
601.25     0.138
601.5     0.138
601.75     0.138
602.0     0.138
602.25     0.138
602.5     0.138
602.75     0.138
603.0     0.138
603.25     0.136
603.5     0.136
603.75     0.136
604.0     0.136
604.25     0.136
604.5     0.136
604.75     0.136
605.0     0.136
605.25     0.136
605.5     0.136
605.75     0.136
606.0     0.136
606.25     0.136
606.5     0.136
606.75     0.136
607.0     0.136
607.25     0.136
607.5     0.136
607.75     0.136
608.0     0.138
608.25     0.138
608.5     0.138
608.75     0.138
609.0     0.138
609.25     0.138
609.5     0.136
609.75     0.138
610.0     0.138
610.25     0.138
610.5     0.138
610.75     0.138
611.0     0.138
611.25     0.138
611.5     0.138
611.75     0.138
612.0     0.138
612.25     0.138
612.5     0.138
612.75     0.138
613.0     0.138
613.25     0.136
613.5     0.136
613.75     0.136
614.0     0.136
614.25     0.136
614.5     0.136
614.75     0.136
615.0     0.136
615.25     0.136
615.5     0.136
615.75     0.136
616.0     0.136
616.25     0.136
616.5     0.136
616.75     0.136
617.0     0.136
617.25     0.136
617.5     0.136
617.75     0.136
618.0     0.136
618.25     0.136
618.5     0.136
618.75     0.136
619.0     0.136
619.25     0.136
619.5     0.136
619.75     0.136
620.0     0.136
620.25     0.136
620.5     0.134
620.75     0.134
621.0     0.134
621.25     0.134
621.5     0.134
621.75     0.134
622.0     0.134
622.25     0.134
622.5     0.134
622.75     0.134
623.0     0.134
623.25     0.134
623.5     0.134
623.75     0.134
624.0     0.134
624.25     0.132
624.5     0.132
624.75     0.132
625.0     0.132
625.25     0.132
625.5     0.13
625.75     0.13
626.0     0.13
626.25     0.13
626.5     0.13
626.75     0.128
627.0     0.128
627.25     0.126
627.5     0.126
627.75     0.126
628.0     0.126
628.25     0.126
628.5     0.126
628.75     0.126
629.0     0.126
629.25     0.126
629.5     0.124
629.75     0.124
630.0     0.126
630.25     0.126
630.5     0.126
630.75     0.126
631.0     0.126
631.25     0.126
631.5     0.126
631.75     0.126
632.0     0.126
632.25     0.126
632.5     0.126
632.75     0.126
633.0     0.126
633.25     0.126
633.5     0.126
633.75     0.126
634.0     0.126
634.25     0.126
634.5     0.126
634.75     0.126
635.0     0.126
635.25     0.126
635.5     0.126
635.75     0.126
636.0     0.124
636.25     0.124
636.5     0.124
636.75     0.124
637.0     0.122
637.25     0.122
637.5     0.122
637.75     0.122
638.0     0.122
638.25     0.122
638.5     0.122
638.75     0.122
639.0     0.122
639.25     0.122
639.5     0.12
639.75     0.12
640.0     0.12
640.25     0.12
640.5     0.12
640.75     0.12
641.0     0.12
641.25     0.12
641.5     0.12
641.75     0.12
642.0     0.12
642.25     0.12
642.5     0.12
642.75     0.12
643.0     0.118
643.25     0.118
643.5     0.118
643.75     0.118
644.0     0.118
644.25     0.116
644.5     0.116
644.75     0.116
645.0     0.116
645.25     0.116
645.5     0.116
645.75     0.116
646.0     0.116
646.25     0.116
646.5     0.114
646.75     0.112
647.0     0.112
647.25     0.112
647.5     0.112
647.75     0.112
648.0     0.11
648.25     0.11
648.5     0.11
648.75     0.11
649.0     0.11
649.25     0.112
649.5     0.11
649.75     0.11
650.0     0.11
650.25     0.11
650.5     0.108
650.75     0.108
651.0     0.108
651.25     0.108
651.5     0.108
651.75     0.108
652.0     0.108
652.25     0.108
652.5     0.108
652.75     0.108
653.0     0.108
653.25     0.108
653.5     0.108
653.75     0.108
654.0     0.108
654.25     0.108
654.5     0.108
654.75     0.108
655.0     0.108
655.25     0.108
655.5     0.108
655.75     0.108
656.0     0.108
656.25     0.108
656.5     0.108
656.75     0.108
657.0     0.106
657.25     0.106
657.5     0.106
657.75     0.106
658.0     0.106
658.25     0.106
658.5     0.106
658.75     0.106
659.0     0.106
659.25     0.106
659.5     0.106
659.75     0.106
660.0     0.106
660.25     0.106
660.5     0.106
660.75     0.106
661.0     0.106
661.25     0.106
661.5     0.106
661.75     0.106
662.0     0.106
662.25     0.106
662.5     0.106
662.75     0.106
663.0     0.106
663.25     0.106
663.5     0.106
663.75     0.106
664.0     0.106
664.25     0.106
664.5     0.106
664.75     0.106
665.0     0.106
665.25     0.106
665.5     0.108
665.75     0.106
666.0     0.106
666.25     0.106
666.5     0.106
666.75     0.106
667.0     0.106
667.25     0.106
667.5     0.106
667.75     0.106
668.0     0.106
668.25     0.106
668.5     0.106
668.75     0.106
669.0     0.106
669.25     0.106
669.5     0.106
669.75     0.106
670.0     0.106
670.25     0.106
670.5     0.106
670.75     0.106
671.0     0.106
671.25     0.106
671.5     0.106
671.75     0.106
672.0     0.106
672.25     0.106
672.5     0.106
672.75     0.106
673.0     0.106
673.25     0.106
673.5     0.106
673.75     0.104
674.0     0.104
674.25     0.104
674.5     0.104
674.75     0.102
675.0     0.102
675.25     0.102
675.5     0.102
675.75     0.102
676.0     0.102
676.25     0.102
676.5     0.102
676.75     0.102
677.0     0.102
677.25     0.102
677.5     0.102
677.75     0.102
678.0     0.102
678.25     0.102
678.5     0.102
678.75     0.102
679.0     0.102
679.25     0.102
679.5     0.102
679.75     0.102
680.0     0.102
680.25     0.1
680.5     0.1
680.75     0.1
681.0     0.1
681.25     0.1
681.5     0.1
681.75     0.1
682.0     0.1
682.25     0.1
682.5     0.1
682.75     0.1
683.0     0.1
683.25     0.1
683.5     0.1
683.75     0.1
684.0     0.1
684.25     0.1
684.5     0.1
684.75     0.098
685.0     0.098
685.25     0.098
685.5     0.098
685.75     0.098
686.0     0.098
686.25     0.098
686.5     0.098
686.75     0.098
687.0     0.098
687.25     0.098
687.5     0.098
687.75     0.096
688.0     0.096
688.25     0.096
688.5     0.096
688.75     0.096
689.0     0.096
689.25     0.096
689.5     0.096
689.75     0.096
690.0     0.094
690.25     0.094
690.5     0.094
690.75     0.092
691.0     0.092
691.25     0.092
691.5     0.092
691.75     0.092
692.0     0.092
692.25     0.092
692.5     0.092
692.75     0.09
693.0     0.09
693.25     0.09
693.5     0.09
693.75     0.09
694.0     0.09
694.25     0.09
694.5     0.09
694.75     0.09
695.0     0.09
695.25     0.09
695.5     0.09
695.75     0.09
696.0     0.088
696.25     0.088
696.5     0.088
696.75     0.088
697.0     0.088
697.25     0.088
697.5     0.088
697.75     0.086
698.0     0.086
698.25     0.088
698.5     0.088
698.75     0.088
699.0     0.086
699.25     0.086
699.5     0.086
699.75     0.086
700.0     0.086
700.25     0.086
700.5     0.086
700.75     0.086
701.0     0.088
701.25     0.088
701.5     0.088
701.75     0.088
702.0     0.088
702.25     0.088
702.5     0.088
702.75     0.088
703.0     0.086
703.25     0.086
703.5     0.086
703.75     0.086
704.0     0.086
704.25     0.086
704.5     0.086
704.75     0.086
705.0     0.086
705.25     0.086
705.5     0.086
705.75     0.086
706.0     0.086
706.25     0.086
706.5     0.086
706.75     0.086
707.0     0.086
707.25     0.086
707.5     0.086
707.75     0.086
708.0     0.086
708.25     0.084
708.5     0.084
708.75     0.084
709.0     0.084
709.25     0.084
709.5     0.084
709.75     0.084
710.0     0.084
710.25     0.084
710.5     0.082
710.75     0.082
711.0     0.082
711.25     0.082
711.5     0.082
711.75     0.082
712.0     0.082
712.25     0.082
712.5     0.08
712.75     0.08
713.0     0.08
713.25     0.08
713.5     0.078
713.75     0.078
714.0     0.078
714.25     0.078
714.5     0.078
714.75     0.078
715.0     0.078
715.25     0.078
715.5     0.078
715.75     0.078
716.0     0.078
716.25     0.078
716.5     0.078
716.75     0.076
717.0     0.076
717.25     0.076
717.5     0.076
717.75     0.076
718.0     0.076
718.25     0.076
718.5     0.076
718.75     0.076
719.0     0.076
719.25     0.076
719.5     0.076
719.75     0.076
720.0     0.076
720.25     0.076
720.5     0.076
720.75     0.076
721.0     0.076
721.25     0.076
721.5     0.076
721.75     0.076
722.0     0.074
722.25     0.074
722.5     0.074
722.75     0.074
723.0     0.074
723.25     0.074
723.5     0.074
723.75     0.074
724.0     0.074
724.25     0.074
724.5     0.074
724.75     0.074
725.0     0.074
725.25     0.072
725.5     0.072
725.75     0.072
726.0     0.072
726.25     0.072
726.5     0.072
726.75     0.072
727.0     0.072
727.25     0.072
727.5     0.072
727.75     0.072
728.0     0.072
728.25     0.072
728.5     0.072
728.75     0.072
729.0     0.072
729.25     0.072
729.5     0.072
729.75     0.072
730.0     0.072
730.25     0.072
730.5     0.072
730.75     0.072
731.0     0.072
731.25     0.072
731.5     0.072
731.75     0.072
732.0     0.07
732.25     0.07
732.5     0.07
732.75     0.07
733.0     0.07
733.25     0.07
733.5     0.07
733.75     0.068
734.0     0.066
734.25     0.066
734.5     0.066
734.75     0.066
735.0     0.066
735.25     0.066
735.5     0.066
735.75     0.064
736.0     0.064
736.25     0.064
736.5     0.062
736.75     0.062
737.0     0.062
737.25     0.062
737.5     0.062
737.75     0.062
738.0     0.062
738.25     0.062
738.5     0.062
738.75     0.062
739.0     0.06
739.25     0.06
739.5     0.06
739.75     0.06
740.0     0.06
740.25     0.06
740.5     0.06
740.75     0.06
741.0     0.06
741.25     0.06
741.5     0.058
741.75     0.058
742.0     0.058
742.25     0.058
742.5     0.058
742.75     0.056
743.0     0.056
743.25     0.056
743.5     0.056
743.75     0.056
744.0     0.056
744.25     0.056
744.5     0.056
744.75     0.054
745.0     0.054
745.25     0.054
745.5     0.054
745.75     0.054
746.0     0.054
746.25     0.054
746.5     0.054
746.75     0.054
747.0     0.054
747.25     0.054
747.5     0.054
747.75     0.054
748.0     0.054
748.25     0.054
748.5     0.054
748.75     0.054
749.0     0.054
749.25     0.054
749.5     0.054
749.75     0.054
750.0     0.054
750.25     0.054
750.5     0.054
750.75     0.054
751.0     0.054
751.25     0.054
751.5     0.054
751.75     0.052
752.0     0.052
752.25     0.052
752.5     0.052
752.75     0.052
753.0     0.052
753.25     0.052
753.5     0.052
753.75     0.052
754.0     0.05
754.25     0.05
754.5     0.05
754.75     0.05
755.0     0.05
755.25     0.05
755.5     0.05
755.75     0.05
756.0     0.05
756.25     0.05
756.5     0.05
756.75     0.05
757.0     0.05
757.25     0.05
757.5     0.05
757.75     0.05
758.0     0.048
758.25     0.048
758.5     0.048
758.75     0.048
759.0     0.048
759.25     0.048
759.5     0.048
759.75     0.048
760.0     0.048
760.25     0.048
760.5     0.048
760.75     0.048
761.0     0.048
761.25     0.048
761.5     0.048
761.75     0.048
762.0     0.048
762.25     0.048
762.5     0.048
762.75     0.048
763.0     0.048
763.25     0.048
763.5     0.048
763.75     0.048
764.0     0.044
764.25     0.044
764.5     0.044
764.75     0.044
765.0     0.044
765.25     0.044
765.5     0.044
765.75     0.044
766.0     0.044
766.25     0.044
766.5     0.044
766.75     0.042
767.0     0.042
767.25     0.042
767.5     0.042
767.75     0.042
768.0     0.042
768.25     0.042
768.5     0.042
768.75     0.042
769.0     0.042
769.25     0.042
769.5     0.042
769.75     0.042
770.0     0.042
770.25     0.042
770.5     0.042
770.75     0.042
771.0     0.042
771.25     0.042
771.5     0.042
771.75     0.042
772.0     0.042
772.25     0.042
772.5     0.042
772.75     0.042
773.0     0.042
773.25     0.042
773.5     0.042
773.75     0.042
774.0     0.042
774.25     0.042
774.5     0.042
774.75     0.042
775.0     0.042
775.25     0.042
775.5     0.042
775.75     0.042
776.0     0.042
776.25     0.042
776.5     0.042
776.75     0.042
777.0     0.042
777.25     0.042
777.5     0.042
777.75     0.04
778.0     0.04
778.25     0.04
778.5     0.04
778.75     0.04
779.0     0.04
779.25     0.04
779.5     0.04
779.75     0.04
780.0     0.04
780.25     0.04
780.5     0.04
780.75     0.04
781.0     0.04
781.25     0.04
781.5     0.038
781.75     0.038
782.0     0.038
782.25     0.038
782.5     0.038
782.75     0.038
783.0     0.038
783.25     0.038
783.5     0.038
783.75     0.038
784.0     0.038
784.25     0.038
784.5     0.038
784.75     0.038
785.0     0.038
785.25     0.038
785.5     0.038
785.75     0.038
786.0     0.038
786.25     0.038
786.5     0.038
786.75     0.038
787.0     0.038
787.25     0.038
787.5     0.038
787.75     0.038
788.0     0.038
788.25     0.038
788.5     0.038
788.75     0.038
789.0     0.038
789.25     0.038
789.5     0.038
789.75     0.038
790.0     0.038
790.25     0.038
790.5     0.038
790.75     0.038
791.0     0.038
791.25     0.038
791.5     0.038
791.75     0.036
792.0     0.038
792.25     0.038
792.5     0.038
792.75     0.038
793.0     0.038
793.25     0.038
793.5     0.038
793.75     0.038
794.0     0.038
794.25     0.038
794.5     0.038
794.75     0.038
795.0     0.038
795.25     0.038
795.5     0.038
795.75     0.038
796.0     0.038
796.25     0.038
796.5     0.036
796.75     0.036
797.0     0.036
797.25     0.036
797.5     0.036
797.75     0.036
798.0     0.036
798.25     0.036
798.5     0.036
798.75     0.036
799.0     0.036
799.25     0.036
799.5     0.036
799.75     0.036
800.0     0.036
800.25     0.036
800.5     0.036
800.75     0.036
801.0     0.036
801.25     0.036
801.5     0.036
801.75     0.036
802.0     0.036
802.25     0.036
802.5     0.036
802.75     0.034
803.0     0.034
803.25     0.034
803.5     0.034
803.75     0.034
804.0     0.032
804.25     0.032
804.5     0.032
804.75     0.032
805.0     0.032
805.25     0.032
805.5     0.032
805.75     0.032
806.0     0.032
806.25     0.032
806.5     0.032
806.75     0.03
807.0     0.03
807.25     0.03
807.5     0.03
807.75     0.03
808.0     0.03
808.25     0.03
808.5     0.03
808.75     0.03
809.0     0.03
809.25     0.03
809.5     0.03
809.75     0.03
810.0     0.03
810.25     0.03
810.5     0.03
810.75     0.03
811.0     0.03
811.25     0.03
811.5     0.03
811.75     0.03
812.0     0.03
812.25     0.03
812.5     0.03
812.75     0.03
813.0     0.03
813.25     0.028
813.5     0.028
813.75     0.028
814.0     0.028
814.25     0.028
814.5     0.028
814.75     0.028
815.0     0.028
815.25     0.028
815.5     0.028
815.75     0.028
816.0     0.028
816.25     0.028
816.5     0.028
816.75     0.028
817.0     0.028
817.25     0.028
817.5     0.028
817.75     0.028
818.0     0.028
818.25     0.028
818.5     0.028
818.75     0.028
819.0     0.028
819.25     0.028
819.5     0.028
819.75     0.028
820.0     0.028
820.25     0.028
820.5     0.028
820.75     0.028
821.0     0.028
821.25     0.028
821.5     0.028
821.75     0.028
822.0     0.028
822.25     0.028
822.5     0.028
822.75     0.028
823.0     0.028
823.25     0.026
823.5     0.026
823.75     0.026
824.0     0.028
824.25     0.028
824.5     0.028
824.75     0.028
825.0     0.026
825.25     0.026
825.5     0.026
825.75     0.024
826.0     0.024
826.25     0.024
826.5     0.024
826.75     0.024
827.0     0.022
827.25     0.022
827.5     0.022
827.75     0.022
828.0     0.022
828.25     0.022
828.5     0.022
828.75     0.022
829.0     0.022
829.25     0.022
829.5     0.022
829.75     0.022
830.0     0.022
830.25     0.022
830.5     0.022
830.75     0.022
831.0     0.022
831.25     0.022
831.5     0.022
831.75     0.022
832.0     0.022
832.25     0.022
832.5     0.022
832.75     0.022
833.0     0.022
833.25     0.022
833.5     0.022
833.75     0.022
834.0     0.022
834.25     0.022
834.5     0.022
834.75     0.022
835.0     0.022
835.25     0.022
835.5     0.022
835.75     0.022
836.0     0.022
836.25     0.022
836.5     0.022
836.75     0.022
837.0     0.022
837.25     0.022
837.5     0.02
837.75     0.02
838.0     0.02
838.25     0.02
838.5     0.02
838.75     0.02
839.0     0.02
839.25     0.02
839.5     0.02
839.75     0.02
840.0     0.02
840.25     0.02
840.5     0.02
840.75     0.02
841.0     0.02
841.25     0.02
841.5     0.02
841.75     0.02
842.0     0.02
842.25     0.02
842.5     0.02
842.75     0.02
843.0     0.02
843.25     0.02
843.5     0.02
843.75     0.02
844.0     0.02
844.25     0.02
844.5     0.02
844.75     0.02
845.0     0.02
845.25     0.02
845.5     0.02
845.75     0.02
846.0     0.02
846.25     0.02
846.5     0.02
846.75     0.02
847.0     0.02
847.25     0.02
847.5     0.02
847.75     0.02
848.0     0.02
848.25     0.02
848.5     0.02
848.75     0.02
849.0     0.02
849.25     0.02
849.5     0.02
849.75     0.02
850.0     0.02
850.25     0.02
850.5     0.02
850.75     0.02
851.0     0.02
851.25     0.02
851.5     0.02
851.75     0.02
852.0     0.02
852.25     0.02
852.5     0.02
852.75     0.02
853.0     0.02
853.25     0.02
853.5     0.02
853.75     0.02
854.0     0.02
854.25     0.02
854.5     0.02
854.75     0.02
855.0     0.02
855.25     0.02
855.5     0.02
855.75     0.02
856.0     0.02
856.25     0.02
856.5     0.02
856.75     0.02
857.0     0.02
857.25     0.02
857.5     0.02
857.75     0.02
858.0     0.02
858.25     0.02
858.5     0.02
858.75     0.02
859.0     0.02
859.25     0.02
859.5     0.02
859.75     0.02
860.0     0.02
860.25     0.02
860.5     0.02
860.75     0.02
861.0     0.02
861.25     0.02
861.5     0.02
861.75     0.02
862.0     0.02
862.25     0.02
862.5     0.02
862.75     0.02
863.0     0.02
863.25     0.02
863.5     0.02
863.75     0.02
864.0     0.02
864.25     0.02
864.5     0.018
864.75     0.018
865.0     0.018
865.25     0.018
865.5     0.014
865.75     0.014
866.0     0.014
866.25     0.014
866.5     0.014
866.75     0.014
867.0     0.014
867.25     0.014
867.5     0.014
867.75     0.014
868.0     0.014
868.25     0.014
868.5     0.014
868.75     0.014
869.0     0.014
869.25     0.014
869.5     0.014
869.75     0.014
870.0     0.014
870.25     0.014
870.5     0.014
870.75     0.014
871.0     0.014
871.25     0.014
871.5     0.014
871.75     0.014
872.0     0.014
872.25     0.014
872.5     0.014
872.75     0.014
873.0     0.014
873.25     0.014
873.5     0.014
873.75     0.014
874.0     0.014
874.25     0.014
874.5     0.014
874.75     0.014
875.0     0.014
875.25     0.014
875.5     0.014
875.75     0.014
876.0     0.014
876.25     0.014
876.5     0.014
876.75     0.014
877.0     0.014
877.25     0.014
877.5     0.014
877.75     0.014
878.0     0.014
878.25     0.014
878.5     0.014
878.75     0.014
879.0     0.014
879.25     0.014
879.5     0.014
879.75     0.014
880.0     0.014
880.25     0.014
880.5     0.014
880.75     0.014
881.0     0.014
881.25     0.012
881.5     0.012
881.75     0.012
882.0     0.012
882.25     0.012
882.5     0.012
882.75     0.012
883.0     0.012
883.25     0.012
883.5     0.012
883.75     0.012
884.0     0.012
884.25     0.012
884.5     0.012
884.75     0.012
885.0     0.012
885.25     0.012
885.5     0.012
885.75     0.012
886.0     0.012
886.25     0.012
886.5     0.012
886.75     0.012
887.0     0.012
887.25     0.012
887.5     0.012
887.75     0.012
888.0     0.012
888.25     0.012
888.5     0.012
888.75     0.012
889.0     0.012
889.25     0.012
889.5     0.012
889.75     0.012
890.0     0.012
890.25     0.012
890.5     0.01
890.75     0.01
891.0     0.01
891.25     0.01
891.5     0.01
891.75     0.01
892.0     0.01
892.25     0.01
892.5     0.01
892.75     0.01
893.0     0.01
893.25     0.01
893.5     0.01
893.75     0.01
894.0     0.01
894.25     0.01
894.5     0.01
894.75     0.008
895.0     0.008
895.25     0.008
895.5     0.008
895.75     0.008
896.0     0.008
896.25     0.008
896.5     0.008
896.75     0.008
897.0     0.008
897.25     0.008
897.5     0.008
897.75     0.008
898.0     0.008
898.25     0.008
898.5     0.008
898.75     0.008
899.0     0.008
899.25     0.008
899.5     0.008
899.75     0.008
900.0     0.008
900.25     0.008
900.5     0.008
900.75     0.008
901.0     0.008
901.25     0.008
901.5     0.008
901.75     0.008
902.0     0.008
902.25     0.008
902.5     0.008
902.75     0.008
903.0     0.008
903.25     0.008
903.5     0.008
903.75     0.008
904.0     0.008
904.25     0.008
904.5     0.008
904.75     0.008
905.0     0.008
905.25     0.008
905.5     0.008
905.75     0.008
906.0     0.008
906.25     0.008
906.5     0.008
906.75     0.008
907.0     0.008
907.25     0.008
907.5     0.008
907.75     0.008
908.0     0.008
908.25     0.008
908.5     0.008
908.75     0.008
909.0     0.008
909.25     0.008
909.5     0.008
909.75     0.008
910.0     0.008
910.25     0.008
910.5     0.008
910.75     0.008
911.0     0.008
911.25     0.008
911.5     0.008
911.75     0.008
912.0     0.008
912.25     0.008
912.5     0.008
912.75     0.008
913.0     0.008
913.25     0.008
913.5     0.008
913.75     0.008
914.0     0.008
914.25     0.008
914.5     0.008
914.75     0.008
915.0     0.008
915.25     0.008
915.5     0.008
915.75     0.008
916.0     0.008
916.25     0.008
916.5     0.008
916.75     0.008
917.0     0.008
917.25     0.008
917.5     0.008
917.75     0.008
918.0     0.008
918.25     0.008
918.5     0.008
918.75     0.008
919.0     0.008
919.25     0.008
919.5     0.008
919.75     0.008
920.0     0.008
920.25     0.008
920.5     0.008
920.75     0.008
921.0     0.008
921.25     0.008
921.5     0.008
921.75     0.008
922.0     0.008
922.25     0.008
922.5     0.008
922.75     0.008
923.0     0.008
923.25     0.008
923.5     0.008
923.75     0.008
924.0     0.008
924.25     0.008
924.5     0.008
924.75     0.008
925.0     0.008
925.25     0.008
925.5     0.008
925.75     0.008
926.0     0.008
926.25     0.008
926.5     0.008
926.75     0.008
927.0     0.008
927.25     0.008
927.5     0.008
927.75     0.008
928.0     0.008
928.25     0.008
928.5     0.008
928.75     0.008
929.0     0.008
929.25     0.008
929.5     0.008
929.75     0.008
930.0     0.008
930.25     0.008
930.5     0.008
930.75     0.008
931.0     0.008
931.25     0.008
931.5     0.008
931.75     0.008
932.0     0.008
932.25     0.006
932.5     0.006
932.75     0.006
933.0     0.006
933.25     0.006
933.5     0.006
933.75     0.006
934.0     0.006
934.25     0.006
934.5     0.006
934.75     0.006
935.0     0.006
935.25     0.006
935.5     0.006
935.75     0.006
936.0     0.006
936.25     0.006
936.5     0.004
936.75     0.004
937.0     0.004
937.25     0.004
937.5     0.004
937.75     0.004
938.0     0.004
938.25     0.004
938.5     0.004
938.75     0.004
939.0     0.004
939.25     0.004
939.5     0.004
939.75     0.004
940.0     0.004
940.25     0.004
940.5     0.004
940.75     0.004
941.0     0.004
941.25     0.004
941.5     0.004
941.75     0.004
942.0     0.004
942.25     0.004
942.5     0.004
942.75     0.004
943.0     0.004
943.25     0.004
943.5     0.004
943.75     0.004
944.0     0.004
944.25     0.004
944.5     0.004
944.75     0.004
945.0     0.004
945.25     0.004
945.5     0.004
945.75     0.004
946.0     0.004
946.25     0.004
946.5     0.004
946.75     0.004
947.0     0.004
947.25     0.004
947.5     0.004
947.75     0.004
948.0     0.004
948.25     0.004
948.5     0.004
948.75     0.004
949.0     0.004
949.25     0.004
949.5     0.004
949.75     0.004
950.0     0.004
950.25     0.004
950.5     0.004
950.75     0.004
951.0     0.004
951.25     0.004
951.5     0.004
951.75     0.004
952.0     0.004
952.25     0.004
952.5     0.004
952.75     0.004
953.0     0.004
953.25     0.004
953.5     0.004
953.75     0.004
954.0     0.004
954.25     0.004
954.5     0.004
954.75     0.004
955.0     0.004
955.25     0.004
955.5     0.004
955.75     0.004
956.0     0.004
956.25     0.004
956.5     0.004
956.75     0.004
957.0     0.004
957.25     0.004
957.5     0.004
957.75     0.004
958.0     0.004
958.25     0.004
958.5     0.004
958.75     0.004
959.0     0.004
959.25     0.004
959.5     0.004
959.75     0.004
960.0     0.004
960.25     0.004
960.5     0.004
960.75     0.004
961.0     0.004
961.25     0.004
961.5     0.004
961.75     0.004
962.0     0.004
962.25     0.004
962.5     0.004
962.75     0.004
963.0     0.004
963.25     0.004
963.5     0.004
963.75     0.004
964.0     0.004
964.25     0.004
964.5     0.004
964.75     0.004
965.0     0.004
965.25     0.004
965.5     0.004
965.75     0.004
966.0     0.004
966.25     0.004
966.5     0.004
966.75     0.004
967.0     0.004
967.25     0.004
967.5     0.004
967.75     0.004
968.0     0.004
968.25     0.004
968.5     0.004
968.75     0.004
969.0     0.004
969.25     0.004
969.5     0.004
969.75     0.004
970.0     0.004
970.25     0.004
970.5     0.004
970.75     0.004
971.0     0.004
971.25     0.004
971.5     0.004
971.75     0.004
972.0     0.004
972.25     0.004
972.5     0.004
972.75     0.004
973.0     0.004
973.25     0.004
973.5     0.004
973.75     0.004
974.0     0.004
974.25     0.004
974.5     0.004
974.75     0.004
975.0     0.004
975.25     0.004
975.5     0.004
975.75     0.004
976.0     0.004
976.25     0.004
976.5     0.004
976.75     0.004
977.0     0.004
977.25     0.004
977.5     0.004
977.75     0.004
978.0     0.004
978.25     0.004
978.5     0.004
978.75     0.004
979.0     0.004
979.25     0.004
979.5     0.004
979.75     0.004
980.0     0.004
980.25     0.004
980.5     0.004
980.75     0.004
981.0     0.004
981.25     0.004
981.5     0.004
981.75     0.004
982.0     0.004
982.25     0.004
982.5     0.004
982.75     0.004
983.0     0.004
983.25     0.004
983.5     0.004
983.75     0.004
984.0     0.004
984.25     0.004
984.5     0.004
984.75     0.004
985.0     0.004
985.25     0.004
985.5     0.004
985.75     0.004
986.0     0.004
986.25     0.004
986.5     0.004
986.75     0.004
987.0     0.004
987.25     0.004
987.5     0.004
987.75     0.004
988.0     0.004
988.25     0.004
988.5     0.004
988.75     0.004
989.0     0.004
989.25     0.004
989.5     0.004
989.75     0.004
990.0     0.004
990.25     0.004
990.5     0.004
990.75     0.004
991.0     0.004
991.25     0.004
991.5     0.004
991.75     0.004
992.0     0.004
992.25     0.004
992.5     0.004
992.75     0.004
993.0     0.004
993.25     0.004
993.5     0.004
993.75     0.004
994.0     0.004
994.25     0.004
994.5     0.004
994.75     0.004
995.0     0.004
995.25     0.004
995.5     0.006
995.75     0.006
996.0     0.006
996.25     0.006
996.5     0.006
996.75     0.006
997.0     0.006
997.25     0.006
997.5     0.006
997.75     0.006
998.0     0.006
998.25     0.006
998.5     0.006
998.75     0.006
999.0     0.006
999.25     0.006
999.5     0.006
999.75     0.006
1000.0     0.006
