  3.0    39.25000
  4.0    62.00000
  5.0    65.50000
 12.0    67.75000
 13.0   264.00000
 14.0    60.00000
 15.0    82.75000
 16.0   323.75000
 17.0    43.50000
 18.0    38.25000
 19.0   185.00000
 22.0   237.25000
 24.0   179.50000
 26.0    39.75000
 27.0   203.00000
 28.0    71.75000
 29.0   167.50000
 34.0   119.25000
 36.0    53.75000
 37.0   187.25000
 38.0   119.25000
 39.0   211.50000
 40.0    70.00000
 44.0    71.50000
 45.0    63.25000
 46.0    27.75000
 47.0   130.75000
 48.0    49.75000
 52.0   133.50000
 56.0    47.25000
 59.0    47.50000
 60.0   100.25000
 61.0   178.00000
 62.0   100.25000
 63.0   219.00000
 68.0   200.50000
 72.0    60.75000
 75.0   200.75000
 76.0    50.25000
 77.0    87.75000
 78.0    36.75000
 79.0   235.50000
 85.0   138.00000
 88.0    94.00000
 89.0   185.50000
 90.0   153.75000
 91.0   272.00000
 92.0    53.75000
 93.0   103.00000
 94.0   223.00000
 95.0    50.00000
 96.0    76.00000
100.0   146.00000
101.0   310.25000
102.0   233.25000
103.0    38.00000
104.0    58.00000
110.0   258.50000
113.0    43.50000
114.0   132.00000
117.0   120.00000
121.0   230.75000
124.0   176.75000
125.0    33.25000
127.0    31.25000
128.0   139.25000
130.0   139.25000
131.0   117.50000
132.0   108.75000
133.0    44.25000
135.0    85.75000
136.0   183.75000
138.0   114.25000
140.0    55.50000
142.0   212.50000
143.0   224.25000
144.0   189.00000
146.0    47.00000
147.0    30.75000
149.0    62.25000
151.0   156.00000
153.0   398.50000
154.0   177.75000
157.0    64.75000
160.0   254.00000
161.0   190.75000
162.0    88.50000
163.0   103.25000
166.0   191.00000
167.0   137.00000
168.0   189.00000
169.0    51.75000
170.0    78.00000
171.0   103.00000
172.0   119.50000
174.0    30.00000
175.0    66.00000
176.0   228.00000
177.0   123.25000
183.0   210.25000
185.0    94.50000
186.0   480.75000
187.0    59.50000
188.0   126.25000
189.0   147.50000
191.0    70.50000
192.0   277.50000
194.0   169.50000
197.0   141.25000
198.0   196.75000
199.0   121.25000
200.0    61.75000
202.0   186.25000
203.0    59.25000
204.0   232.50000
205.0   126.25000
206.0    55.00000
208.0   224.75000
210.0    62.00000
212.0   162.75000
213.0    66.50000
214.0    58.00000
215.0    68.00000
218.0    57.00000
219.0    51.00000
220.0    86.00000
222.0   216.75000
224.0   181.50000
225.0    20.00000
226.0    60.00000
230.0   280.25000
232.0   125.25000
233.0   130.00000
234.0    39.50000
235.0    99.25000
240.0   141.00000
241.0   182.75000
243.0    53.00000
246.0   174.00000
248.0    68.25000
249.0    41.75000
252.0   264.25000
254.0   168.25000
255.0   149.00000
256.0   137.00000
257.0   338.00000
258.0   141.50000
260.0    75.50000
261.0   294.00000
262.0   152.25000
263.0    73.00000
265.0    77.25000
266.0   212.25000
268.0   132.00000
269.0    67.00000
271.0   102.25000
272.0    70.75000
273.0   237.00000
276.0   205.25000
277.0    79.75000
280.0    57.25000
282.0    66.25000
283.0    58.00000
284.0    51.50000
286.0    57.25000
287.0   121.50000
290.0    41.75000
292.0   151.75000
293.0    47.50000
296.0    79.50000
297.0    42.25000
298.0   251.00000
300.0    38.25000
304.0   240.75000
305.0    34.75000
306.0   106.25000
310.0    79.25000
311.0   116.50000
313.0    65.00000
315.0    41.50000
316.0    82.00000
317.0   232.50000
318.0    34.25000
321.0   195.25000
326.0   167.25000
327.0    85.00000
328.0   104.50000
329.0    50.25000
331.0    59.00000
332.0   237.75000
335.0   123.00000
336.0    90.25000
341.0    54.75000
342.0    75.00000
343.0    27.50000
344.0    55.00000
345.0    59.75000
346.0    28.75000
348.0    52.25000
349.0    55.75000
350.0    44.00000
352.0   255.00000
353.0    83.50000
355.0    30.25000
356.0    88.25000
362.0   160.75000
364.0   128.75000
366.0    30.75000
369.0   264.00000
370.0   140.50000
371.0    42.00000
373.0    52.75000
374.0    82.50000
375.0    31.00000
376.0   315.25000
377.0   129.00000
378.0    45.75000
379.0   221.75000
380.0   135.75000
381.0    49.50000
382.0    56.25000
383.0   491.00000
384.0   159.00000
387.0   148.25000
389.0    75.25000
390.0   190.75000
391.0    34.00000
393.0   196.25000
396.0    32.75000
397.0    69.00000
400.0    27.50000
401.0    46.50000
402.0    36.25000
403.0    34.75000
404.0   174.00000
406.0   143.50000
409.0    47.25000
410.0   211.75000
412.0   697.50000
413.0    53.75000
414.0    22.50000
417.0   241.25000
418.0    49.50000
419.0    42.00000
420.0    47.50000
421.0   145.50000
422.0    75.00000
424.0   186.00000
426.0   148.50000
427.0    60.75000
429.0   174.50000
430.0    69.75000
432.0   157.50000
433.0   125.75000
434.0    75.50000
436.0    55.75000
439.0   128.00000
441.0    26.50000
442.0    45.25000
443.0   304.50000
444.0    84.75000
447.0    65.75000
448.0   118.00000
450.0   120.50000
451.0    34.75000
454.0    51.00000
456.0    48.50000
458.0    28.25000
460.0    52.50000
461.0    57.25000
464.0    98.50000
465.0   269.75000
466.0   129.75000
467.0    64.75000
468.0   119.00000
471.0    66.75000
472.0    52.00000
473.0   225.50000
478.0    54.50000
481.0    58.00000
482.0    48.75000
484.0    41.25000
485.0    80.25000
486.0    60.25000
489.0    45.50000
490.0    36.25000
491.0    34.50000
492.0    62.50000
493.0    71.50000
494.0    27.25000
495.0    31.25000
496.0    28.25000
