  3.0    81.93221
  4.0    76.45146
  5.0    73.48687
 12.0    81.39804
 13.0    71.65013
 14.0    89.07049
 15.0    67.28054
 16.0    87.30655
 17.0    84.91862
 18.0    88.24177
 19.0    87.99348
 22.0    90.89644
 24.0    94.77349
 26.0    86.19793
 27.0    81.78034
 28.0    78.34816
 29.0    43.13734
 34.0    92.03347
 36.0    83.63962
 37.0    91.20578
 38.0    76.88591
 39.0    78.56099
 40.0    86.83685
 44.0    81.73908
 45.0    73.62161
 46.0    84.06572
 47.0    88.35400
 48.0    83.75569
 52.0    83.23892
 56.0    80.72353
 59.0    86.05657
 60.0    78.87452
 61.0    72.28647
 62.0    61.85772
 63.0    84.79982
 68.0    85.18291
 72.0    79.86371
 75.0    86.40617
 76.0    83.63169
 77.0    60.52204
 78.0    82.23403
 79.0    88.35968
 85.0    91.03592
 88.0    46.37203
 89.0    69.87001
 90.0    75.25025
 91.0    84.35699
 92.0    77.98772
 93.0    73.91941
 94.0    92.36246
 95.0    85.86227
 96.0    70.34210
100.0    86.57867
101.0    94.97379
102.0    81.51941
103.0    86.93350
104.0    87.57494
110.0    73.73684
113.0    83.82355
114.0    78.79778
117.0    65.43370
121.0    85.59948
124.0    89.26012
125.0    83.09260
127.0    80.75622
128.0    89.94910
130.0    88.27192
131.0    70.58084
132.0    59.61816
133.0    87.29595
135.0    49.94793
136.0    82.78513
138.0    66.98141
140.0    90.83408
142.0    81.98396
143.0    88.19829
144.0    86.23279
146.0    79.89330
147.0    82.31685
149.0    74.19869
151.0    60.67186
153.0    82.73529
154.0    91.15660
157.0    63.96593
160.0    91.44474
161.0    84.52460
162.0    71.60037
163.0    62.55366
166.0    92.33032
167.0   100.07331
168.0    69.40802
169.0    91.62643
170.0    55.78736
171.0    57.50854
172.0    88.49665
174.0    76.26168
175.0    63.56972
176.0    90.56550
177.0    93.43461
183.0    70.65960
185.0    45.89667
186.0    97.52479
187.0    73.15013
188.0    66.97691
189.0    60.71774
191.0    73.44908
192.0    66.34878
194.0    79.96428
197.0    87.51800
198.0    81.80846
199.0    77.08340
200.0    72.32115
202.0    70.83985
203.0    67.82430
204.0    83.54716
205.0    72.87226
206.0    89.14226
208.0    91.83643
210.0    76.86972
212.0    75.18803
213.0    57.56473
214.0    84.39638
215.0    77.79964
218.0    87.70300
219.0    79.58906
220.0    67.26642
222.0    79.92923
224.0    82.42267
225.0    72.05472
226.0    84.31701
230.0    89.21264
232.0    83.27475
233.0    81.37417
234.0    82.25847
235.0    64.03011
240.0    87.70542
241.0    80.88884
243.0    88.10107
246.0    64.70953
248.0    71.23145
249.0    80.99893
252.0    83.28813
254.0    61.05077
255.0    86.04054
256.0    91.43195
257.0    78.81786
258.0    86.83107
260.0    62.93200
261.0    88.22317
262.0    68.54675
263.0    62.54133
265.0    67.88444
266.0    89.19258
268.0    77.90291
269.0    83.73440
271.0    70.07162
272.0    73.72476
273.0    79.71261
276.0    98.94966
277.0    67.53580
280.0    83.98994
282.0    85.92470
283.0    89.51251
284.0    96.08658
286.0    62.74814
287.0    74.35205
290.0    82.14894
292.0    86.85816
293.0    85.80338
296.0    67.17021
297.0    82.72610
298.0    72.12487
300.0    85.39298
304.0    81.09683
305.0    83.12450
306.0    51.42389
310.0    39.02206
311.0    72.68143
313.0    88.59492
315.0    84.90851
316.0    64.98486
317.0    88.22499
318.0    80.59973
321.0    76.88131
326.0    61.18474
327.0    80.24920
328.0    76.41578
329.0    77.69330
331.0    87.79981
332.0    75.64306
335.0    83.21028
336.0    70.43546
341.0    62.19377
342.0    74.98450
343.0    75.59870
344.0    89.62962
345.0    89.60061
346.0    82.06953
348.0    82.88835
349.0    84.37945
350.0    86.70854
352.0    92.22396
353.0    75.54025
355.0    78.59414
356.0    53.95994
362.0    54.95546
364.0    88.82550
366.0    80.39388
369.0    80.49133
370.0    91.55909
371.0    87.25242
373.0    95.96953
374.0    64.91208
375.0    84.04766
376.0    86.00499
377.0    85.86194
378.0    88.52670
379.0    90.11101
380.0    77.19873
381.0    82.64617
382.0    92.33988
383.0    95.94105
384.0    74.04490
387.0    75.60326
389.0    87.56524
390.0    87.64992
391.0    90.23821
393.0    87.45512
396.0    83.01145
397.0    81.78431
400.0    84.84303
401.0    83.06527
402.0    79.61993
403.0    78.08024
404.0    47.54396
406.0    83.56538
409.0    93.68884
410.0    77.29473
412.0    26.44844
413.0    90.29609
414.0    84.25894
417.0    73.14460
418.0    83.56468
419.0    69.76080
420.0    84.34894
421.0    85.77643
422.0    81.79591
424.0    82.64595
426.0    61.58937
427.0    80.95562
429.0    85.13560
430.0    68.91062
432.0    41.13007
433.0    84.12314
434.0    90.60662
436.0    92.42113
439.0    85.44645
441.0    84.21403
442.0    91.66736
443.0    88.80033
444.0    66.02230
447.0    73.97404
448.0    82.64268
450.0    76.38575
451.0    81.99963
454.0    96.92610
456.0    85.73638
458.0    77.32639
460.0    58.08141
461.0    91.26260
464.0    60.61656
465.0    79.82478
466.0    59.85530
467.0    84.04001
468.0    62.35420
471.0    79.73277
472.0    86.07613
473.0    79.98058
478.0    89.00152
481.0   101.72905
482.0    84.88403
484.0    82.35472
485.0    59.15883
486.0    81.31808
489.0    76.63811
490.0    83.23791
491.0    79.01219
492.0    88.35538
493.0    83.03640
494.0    86.60956
495.0    83.53122
496.0    85.92811
