  1.0    92.28990
  2.0    99.06357
  6.0    82.94965
  7.0    85.82391
  8.0    80.80588
  9.0    89.26334
 10.0    80.80104
 11.0    85.64206
 20.0    81.20314
 21.0    82.94733
 23.0    84.59070
 25.0   162.62847
 30.0    85.71016
 31.0    85.94638
 32.0    93.02670
 33.0    90.36829
 35.0   104.72572
 41.0    84.84735
 42.0    89.84423
 43.0    97.13807
 49.0   103.68349
 50.0    70.72327
 51.0   106.43159
 53.0    95.13114
 54.0    80.65692
 55.0    89.07574
 57.0    84.97243
 58.0   102.37201
 64.0    88.03245
 65.0    82.15755
 66.0    85.94508
 67.0    86.42951
 69.0    84.60713
 70.0    85.78461
 71.0    88.24002
 73.0    78.57353
 74.0    88.96033
 80.0    93.37394
 81.0   116.67312
 82.0    88.69939
 83.0    88.49107
 84.0    82.94757
 86.0   107.82508
 87.0    90.18604
 97.0   100.76754
 98.0    98.51307
 99.0    86.25381
105.0   101.16791
106.0    90.50346
107.0    82.29967
108.0    93.99336
109.0    86.92414
111.0    88.62311
112.0    81.42224
115.0    87.06058
116.0    97.44975
118.0    93.40117
119.0    94.18121
120.0   105.59088
122.0    88.67543
123.0    90.94419
126.0   101.47580
129.0    86.60215
134.0    89.78924
137.0    89.19584
139.0    97.13716
141.0   108.22364
145.0    83.86684
148.0   106.16629
150.0    86.87864
152.0   114.72923
155.0    85.70064
156.0    87.59066
158.0    85.56107
159.0    82.65713
164.0    83.27463
165.0    85.77748
173.0    94.98623
178.0    80.05916
179.0    82.79534
180.0   101.58729
181.0    98.46992
182.0    96.39983
184.0    76.78454
190.0    79.77284
193.0    82.31740
195.0    86.11807
196.0    98.46532
201.0    90.48018
207.0    87.47836
209.0    80.52318
211.0    85.99563
216.0    87.13399
217.0    85.25951
221.0    87.88410
223.0    87.77130
227.0    83.12694
228.0    82.79446
229.0   100.72959
231.0    91.31944
236.0    84.26576
237.0    98.54137
238.0    87.54013
239.0    90.64211
242.0    99.06855
244.0    92.40689
245.0   103.17829
247.0    90.86548
250.0    89.55238
251.0   103.50814
253.0   100.41921
259.0    85.47685
264.0    86.76462
267.0    85.96600
270.0    88.89013
274.0    83.77190
275.0    90.02389
278.0   100.79565
279.0    85.86040
281.0    75.87725
285.0    88.85150
288.0    91.35439
289.0    76.75267
291.0    86.51447
294.0    78.80796
295.0    84.01578
299.0    84.73611
301.0    87.50154
302.0   102.38209
303.0    97.07052
307.0    86.72465
308.0    85.02297
309.0    78.30531
312.0    83.28624
314.0    92.77582
319.0    90.09739
320.0    97.29171
322.0    84.81592
323.0    96.61492
324.0    98.22577
325.0    85.05963
330.0    99.49726
333.0    86.49854
334.0    84.84881
337.0    88.14917
338.0    83.73593
339.0    87.00714
340.0    85.21304
347.0    85.48746
351.0    91.78179
354.0    90.95093
357.0   115.03247
358.0    87.51644
359.0    92.26406
360.0    84.53775
361.0    97.10077
363.0    86.78526
365.0    86.02947
367.0    85.05470
368.0    91.14209
372.0    82.69833
385.0    87.85869
386.0    94.96524
388.0   107.07545
392.0    89.32654
394.0    98.68997
395.0    84.88476
398.0    83.52988
399.0    88.24293
405.0   114.27313
407.0    90.88996
408.0    86.43535
411.0    82.90177
415.0    88.64243
416.0    88.90699
423.0    94.79664
425.0    90.00343
428.0    92.88654
431.0    84.33817
435.0    86.14826
437.0    87.93342
438.0    85.98975
440.0    84.39205
445.0    85.78322
446.0    84.80502
449.0    95.53904
452.0    92.84354
453.0    84.69078
455.0   119.36518
457.0    87.72746
459.0    89.76149
462.0    93.58507
463.0    86.95302
469.0    87.95621
470.0    81.13700
474.0    88.92480
475.0    81.98515
476.0    82.26292
477.0    83.26422
479.0    85.35640
480.0    75.49478
483.0    84.57708
487.0    82.46150
488.0   117.95251
497.0   106.17362
498.0    77.48928
499.0    89.50900
500.0    94.88999
