  1.0   246.75000
  2.0   356.00000
  6.0    30.50000
  7.0    35.75000
  8.0   126.25000
  9.0    28.50000
 10.0    33.25000
 11.0    28.50000
 20.0    28.75000
 21.0    27.25000
 23.0    23.75000
 25.0   472.25000
 30.0    22.00000
 31.0    27.25000
 32.0    25.75000
 33.0    27.25000
 35.0   312.50000
 41.0    31.50000
 42.0   198.50000
 43.0    52.50000
 49.0    37.50000
 50.0   181.75000
 51.0   170.75000
 53.0   130.75000
 54.0    27.75000
 55.0    30.75000
 57.0    30.75000
 58.0   200.75000
 64.0    40.00000
 65.0    26.50000
 66.0   126.75000
 67.0    25.75000
 69.0    30.00000
 70.0    29.25000
 71.0   192.50000
 73.0    30.00000
 74.0    34.25000
 80.0   231.00000
 81.0   135.25000
 82.0    46.50000
 83.0    27.25000
 84.0    32.75000
 86.0    41.00000
 87.0   245.25000
 97.0    44.50000
 98.0   142.50000
 99.0    39.25000
105.0   245.75000
106.0   227.75000
107.0    25.75000
108.0   124.25000
109.0    51.00000
111.0    24.00000
112.0    24.75000
115.0    27.00000
116.0   107.75000
118.0   230.75000
119.0    50.25000
120.0   224.50000
122.0    31.25000
123.0   124.50000
126.0    45.00000
129.0    25.00000
134.0   127.50000
137.0    81.75000
139.0    51.75000
141.0   242.75000
145.0    26.25000
148.0   221.00000
150.0    26.75000
152.0   140.25000
155.0    31.50000
156.0    23.00000
158.0    35.75000
159.0    29.75000
164.0    36.75000
165.0    53.00000
173.0   181.25000
178.0    28.50000
179.0    31.50000
180.0   224.00000
181.0   191.00000
182.0    44.75000
184.0    27.75000
190.0    23.25000
193.0    29.25000
195.0   189.25000
196.0   286.25000
201.0    89.25000
207.0    34.00000
209.0    53.25000
211.0    29.00000
216.0    28.50000
217.0    26.50000
221.0   217.50000
223.0    25.25000
227.0    22.25000
228.0    65.00000
229.0    40.00000
231.0   215.50000
236.0    27.75000
237.0    39.75000
238.0    30.25000
239.0   209.50000
242.0   276.00000
244.0   204.00000
245.0   596.75000
247.0    30.75000
250.0   203.50000
251.0    52.50000
253.0   265.00000
259.0    33.25000
264.0    31.00000
267.0   126.25000
270.0    27.50000
274.0    31.75000
275.0    34.00000
278.0   289.00000
279.0   120.50000
281.0    22.25000
285.0    40.00000
288.0    30.75000
289.0   190.00000
291.0   159.50000
294.0    29.00000
295.0    24.00000
299.0    30.25000
301.0    29.75000
302.0   223.00000
303.0   126.75000
307.0    45.75000
308.0    32.25000
309.0   245.25000
312.0    23.25000
314.0    29.25000
319.0    25.75000
320.0    57.50000
322.0    31.50000
323.0    36.00000
324.0   136.25000
325.0    79.50000
330.0   298.75000
333.0    52.25000
334.0    26.25000
337.0    28.25000
338.0    22.75000
339.0    25.75000
340.0    26.75000
347.0    23.50000
351.0    24.25000
354.0    22.75000
357.0   364.25000
358.0    44.50000
359.0    39.50000
360.0    33.50000
361.0    33.75000
363.0    37.75000
365.0    24.25000
367.0    57.75000
368.0    48.75000
372.0    25.25000
385.0    33.50000
386.0   223.25000
388.0   209.00000
392.0    33.25000
394.0   224.25000
395.0    31.00000
398.0    40.75000
399.0    35.00000
405.0   175.00000
407.0   209.00000
408.0    25.75000
411.0    30.25000
415.0    28.50000
416.0   211.00000
423.0   321.25000
425.0   118.50000
428.0    43.75000
431.0    28.75000
435.0    24.50000
437.0    35.50000
438.0    34.00000
440.0    33.25000
445.0    30.50000
446.0    30.75000
449.0    56.25000
452.0   128.00000
453.0    22.75000
455.0   415.75000
457.0    35.50000
459.0    27.50000
462.0   203.75000
463.0    35.50000
469.0    22.75000
470.0    23.25000
474.0    30.50000
475.0    49.25000
476.0    29.50000
477.0    29.50000
479.0    32.00000
480.0    20.50000
483.0    33.25000
487.0    28.25000
488.0   236.00000
497.0   470.75000
498.0   120.00000
499.0    35.25000
500.0    35.75000
