  1.0   166.75000
  2.0   114.50000
  5.0    72.75000
  7.0    70.75000
  8.0    60.25000
  9.0    59.50000
 11.0   152.75000
 13.0    49.00000
 14.0    45.25000
 16.0   215.75000
 19.0   395.50000
 20.0    57.00000
 22.0   118.25000
 25.0   116.00000
 27.0   188.00000
 29.0   341.50000
 30.0    63.25000
 31.0   281.50000
 33.0    93.50000
 34.0   118.50000
 35.0    67.75000
 36.0    42.25000
 37.0    68.00000
 38.0   105.50000
 39.0    92.50000
 43.0   214.75000
 44.0    68.00000
 45.0   232.25000
 47.0    45.50000
 50.0   351.00000
 53.0   138.00000
 55.0    60.00000
 57.0   143.00000
 58.0   269.50000
 60.0   158.00000
 61.0   134.00000
 62.0   136.50000
 63.0   133.75000
 64.0   116.00000
 65.0    47.50000
 67.0    56.00000
 68.0   284.75000
 69.0   213.50000
 71.0   129.25000
 74.0   282.75000
 75.0    54.25000
 76.0    50.00000
 79.0   240.50000
 80.0   111.25000
 83.0    77.00000
 84.0   339.50000
 87.0    51.25000
 88.0    44.25000
 89.0    87.75000
 91.0    56.25000
 92.0   142.50000
 95.0   248.50000
 97.0   242.00000
 98.0   178.50000
101.0   228.25000
102.0    37.00000
105.0    54.50000
106.0   163.25000
107.0   241.50000
110.0   163.00000
111.0   380.00000
113.0    45.50000
114.0    45.25000
116.0   246.25000
117.0   456.50000
119.0    50.25000
122.0    60.00000
124.0    67.00000
128.0   138.25000
130.0    53.25000
131.0    91.00000
132.0    27.75000
133.0    52.50000
134.0    44.75000
136.0    41.75000
137.0    57.25000
138.0    97.00000
139.0   140.50000
141.0   191.25000
143.0   442.25000
144.0    64.50000
145.0    69.50000
148.0    66.00000
151.0   139.75000
152.0   174.50000
153.0   114.50000
154.0    74.50000
155.0    56.25000
158.0   119.00000
159.0    67.75000
160.0   146.00000
162.0   286.75000
163.0   157.00000
165.0   236.50000
166.0    63.25000
167.0   121.75000
169.0    30.50000
170.0    36.75000
171.0    62.25000
172.0    53.00000
173.0     0.00000
176.0    21.25000
178.0    75.00000
179.0   194.25000
181.0   173.75000
182.0    44.50000
183.0   200.25000
184.0   233.75000
186.0    50.50000
187.0   197.50000
189.0   307.25000
191.0   113.00000
192.0    65.75000
193.0   228.00000
194.0    90.50000
195.0    56.75000
196.0   207.75000
197.0   438.00000
198.0    65.00000
199.0    71.75000
200.0   109.00000
202.0   232.75000
203.0   234.50000
204.0   228.25000
205.0   160.00000
206.0   156.50000
208.0    56.50000
209.0    52.50000
210.0    45.75000
211.0   168.50000
213.0    59.00000
214.0    61.75000
215.0    50.50000
217.0    51.50000
218.0   477.50000
219.0   136.75000
220.0   130.75000
222.0    50.50000
223.0    42.25000
226.0    42.75000
227.0    61.75000
228.0    53.75000
229.0    52.25000
232.0    55.50000
234.0   278.50000
235.0    95.00000
236.0   179.75000
237.0   185.50000
238.0    66.00000
241.0   248.00000
242.0   261.50000
243.0    37.50000
244.0    52.50000
245.0   248.50000
246.0    60.50000
248.0   131.75000
250.0   145.00000
251.0    76.75000
253.0    70.00000
254.0   263.00000
255.0    92.00000
256.0   195.75000
257.0    47.00000
259.0    61.50000
260.0   280.25000
262.0    54.25000
264.0   337.75000
265.0    41.25000
266.0   133.00000
270.0    76.25000
271.0    56.00000
274.0    49.25000
276.0   388.25000
278.0   114.75000
281.0    95.00000
283.0    51.50000
284.0   140.00000
285.0   107.00000
288.0   141.50000
289.0   127.25000
291.0    53.50000
293.0    53.50000
294.0    67.00000
296.0   187.75000
297.0    94.75000
298.0   230.00000
299.0    70.00000
300.0    58.00000
301.0   178.25000
302.0    71.00000
304.0   184.25000
305.0   210.75000
306.0    62.75000
307.0   183.50000
308.0   144.00000
310.0   474.00000
311.0    61.50000
312.0   167.75000
313.0    67.00000
315.0   129.50000
318.0   160.75000
319.0    48.75000
320.0   161.25000
322.0   244.00000
323.0   426.25000
324.0    78.75000
325.0    91.75000
327.0   103.25000
328.0   241.25000
330.0    87.00000
331.0   366.00000
332.0   199.50000
333.0    31.00000
334.0   127.25000
336.0    60.25000
337.0   141.75000
338.0   343.50000
339.0    58.50000
340.0    56.25000
343.0   170.50000
344.0   123.75000
345.0    51.50000
346.0    49.50000
347.0    75.50000
348.0    78.25000
350.0   232.50000
351.0   181.00000
352.0   180.00000
353.0   226.25000
354.0   153.50000
355.0   393.50000
356.0    99.75000
357.0   270.25000
358.0   154.00000
362.0    85.25000
363.0   129.75000
369.0    76.25000
370.0   230.00000
371.0   265.25000
373.0    50.25000
375.0    80.00000
376.0    73.00000
379.0   161.50000
380.0   171.50000
381.0   126.50000
384.0   224.75000
386.0   120.75000
387.0    54.00000
388.0   136.50000
390.0    44.75000
393.0   117.00000
394.0    72.25000
395.0    34.50000
396.0    74.50000
398.0    63.50000
400.0   160.75000
401.0   105.25000
402.0   125.00000
403.0    45.50000
404.0   202.00000
405.0    93.00000
406.0    77.50000
409.0   126.25000
410.0    68.75000
411.0    50.50000
413.0   336.00000
414.0   129.25000
415.0    37.25000
416.0   125.75000
417.0   213.75000
420.0   144.75000
422.0   334.25000
423.0   305.50000
424.0    44.75000
425.0   149.50000
426.0    60.50000
428.0    53.25000
429.0   130.25000
431.0   171.50000
432.0    56.50000
434.0    49.25000
436.0    62.00000
437.0    54.50000
438.0    48.50000
440.0    35.75000
441.0    67.50000
442.0    61.50000
444.0    59.75000
446.0   232.50000
447.0   198.75000
448.0   294.25000
449.0   145.00000
450.0   323.75000
452.0   186.25000
453.0    67.75000
455.0    47.75000
456.0    33.00000
459.0    30.50000
461.0   215.00000
463.0    68.25000
466.0    31.00000
467.0    72.50000
468.0   139.75000
469.0    57.25000
470.0    83.00000
471.0   124.75000
475.0    63.50000
476.0   203.75000
477.0   247.50000
478.0   169.25000
479.0    58.25000
482.0    90.75000
483.0    64.75000
485.0    62.00000
488.0    53.75000
489.0   139.50000
492.0    79.50000
493.0   140.25000
496.0    95.75000
497.0   175.25000
499.0   164.75000
500.0   148.75000
