  1.0    51.24652
  2.0    48.92564
  5.0    61.80256
  7.0    50.17478
  8.0    93.00270
  9.0    68.37946
 11.0    87.59062
 13.0    78.72029
 14.0    84.29484
 16.0    88.64223
 19.0    77.39872
 20.0    85.36931
 22.0    72.71729
 25.0    56.00104
 27.0    78.17320
 29.0    84.60553
 30.0    81.48318
 31.0    90.82453
 33.0    56.98895
 34.0    81.43293
 35.0    77.76940
 36.0    88.37591
 37.0    73.78758
 38.0    56.31306
 39.0    57.55781
 43.0    90.96299
 44.0    84.40720
 45.0    96.59545
 47.0    82.02488
 50.0    88.40102
 53.0    60.14665
 55.0    83.97957
 57.0   100.50355
 58.0    86.04344
 60.0    77.01297
 61.0    81.05862
 62.0    87.71454
 63.0    79.72078
 64.0    82.74291
 65.0    84.92707
 67.0    76.63470
 68.0    64.27812
 69.0    92.22037
 71.0    78.68001
 74.0    82.41602
 75.0    80.31870
 76.0    85.62645
 79.0    98.98825
 80.0    78.00953
 83.0    51.87197
 84.0    83.93815
 87.0    86.38954
 88.0    83.21743
 89.0    74.03288
 91.0    85.97219
 92.0    93.09389
 95.0    72.46980
 97.0    84.06866
 98.0    87.07360
101.0    93.05541
102.0    71.45987
105.0    85.17019
106.0    72.04363
107.0   118.11835
110.0    52.39337
111.0    81.02819
113.0    84.21407
114.0    77.87366
116.0    78.42749
117.0    89.45563
119.0    85.08666
122.0    78.76750
124.0    56.85803
128.0    92.85738
130.0    78.78833
131.0    67.28134
132.0    78.51850
133.0    82.00609
134.0    82.97252
136.0    88.41792
137.0    90.32774
138.0    71.26901
139.0    87.97592
141.0    84.23426
143.0    86.53937
144.0    63.99951
145.0    70.72512
148.0    58.94432
151.0    77.06505
152.0    91.45945
153.0    73.08117
154.0    75.71898
155.0    82.24562
158.0    81.66069
159.0    79.87363
160.0    70.42484
162.0    59.95133
163.0    77.41763
165.0    91.30149
166.0    82.48644
167.0    80.88939
169.0    83.08979
170.0    74.97606
171.0    83.16311
172.0    79.78735
173.0     8.15191
176.0    65.98566
178.0    72.78145
179.0    85.46034
181.0    87.14166
182.0    89.27134
183.0    91.58250
184.0    81.21684
186.0    78.44870
187.0    94.43220
189.0    82.00199
191.0    83.12561
192.0    80.29035
193.0    93.78976
194.0    90.17006
195.0    77.11781
196.0    83.03541
197.0    87.88564
198.0    85.21063
199.0    65.76045
200.0    72.97995
202.0   102.13057
203.0    86.86991
204.0    95.08200
205.0    50.45933
206.0    67.15832
208.0    78.83497
209.0    82.35984
210.0    84.98884
211.0    50.67841
213.0    77.43874
214.0    80.68758
215.0    79.08122
217.0    82.33450
218.0    88.26751
219.0    67.00900
220.0    84.24902
222.0    80.86023
223.0    88.65167
226.0    85.20773
227.0    65.32146
228.0    73.70211
229.0    85.32771
232.0    81.11005
234.0    86.01998
235.0    69.85471
236.0    64.82918
237.0    91.76602
238.0    82.21527
241.0    49.83076
242.0    77.14107
243.0    83.67265
244.0    94.17668
245.0    75.91562
246.0    85.30371
248.0    74.21411
250.0    76.29999
251.0    69.50796
253.0    65.13187
254.0    97.24333
255.0    45.49704
256.0    78.70578
257.0    85.08843
259.0    87.16975
260.0    82.67400
262.0    86.95269
264.0    88.62683
265.0    82.95776
266.0    74.74554
270.0    80.69088
271.0    84.76111
274.0    80.21392
276.0    85.21467
278.0    75.21933
281.0    55.96589
283.0    67.74921
284.0    94.43110
285.0    66.72501
288.0    87.32346
289.0    64.92832
291.0    84.20761
293.0    89.71370
294.0    83.45096
296.0    85.47920
297.0    68.49848
298.0    90.27904
299.0    83.48750
300.0    91.22879
301.0    69.03779
302.0    58.38315
304.0    74.10798
305.0    90.62748
306.0    74.77010
307.0    65.71348
308.0    83.89403
310.0    81.54896
311.0    79.24556
312.0    87.65082
313.0    78.52729
315.0    83.32502
318.0    73.67806
319.0    78.85812
320.0    82.11399
322.0    78.28343
323.0    65.25826
324.0    81.54367
325.0    80.79928
327.0    69.15978
328.0    95.24517
330.0    50.08384
331.0    77.74967
332.0    77.62544
333.0    82.18481
334.0    81.82258
336.0    72.18933
337.0    89.43901
338.0    82.93133
339.0    69.74054
340.0    80.26115
343.0    80.40762
344.0    76.30976
345.0    88.42083
346.0    69.98662
347.0    60.12282
348.0    60.01629
350.0    91.79835
351.0    79.62511
352.0    54.49617
353.0    86.78464
354.0    62.74076
355.0    91.00301
356.0    39.38906
357.0    86.65515
358.0    79.15097
362.0    81.06263
363.0    86.24136
369.0    82.34224
370.0    92.52712
371.0    87.52454
373.0    81.17961
375.0    46.04286
376.0    65.61302
379.0    40.09809
380.0    90.58515
381.0    75.46653
384.0    88.28080
386.0    74.37789
387.0    80.16715
388.0    85.58292
390.0    89.96818
393.0    69.83560
394.0    68.57059
395.0    85.83306
396.0    78.56436
398.0    78.17552
400.0    59.68903
401.0    63.28542
402.0    85.01519
403.0    89.12326
404.0    80.80766
405.0    80.40896
406.0    86.71806
409.0    83.32379
410.0    84.40455
411.0    76.96320
413.0    87.87497
414.0    71.47016
415.0    91.10511
416.0    76.02774
417.0   100.41512
420.0    80.27920
422.0    83.72610
423.0    98.60964
424.0    81.61743
425.0    85.62346
426.0    84.72982
428.0    82.77023
429.0    84.86556
431.0    66.75571
432.0    75.41339
434.0    75.30033
436.0    66.15316
437.0    73.16722
438.0    81.03098
440.0    78.47620
441.0    76.15416
442.0    87.70600
444.0    81.67451
446.0    92.72141
447.0    83.62950
448.0    74.55899
449.0    74.45821
450.0    84.05381
452.0    66.44589
453.0    72.47529
455.0    89.02198
456.0    78.66641
459.0    77.69523
461.0    91.97665
463.0    91.22931
466.0    76.86991
467.0    71.60844
468.0    74.91245
469.0    90.64413
470.0    80.34642
471.0    86.31786
475.0    68.92264
476.0    85.17504
477.0    83.14703
478.0    52.38967
479.0    82.86943
482.0    78.96872
483.0    85.77939
485.0    77.15293
488.0    77.37079
489.0    84.80315
492.0    81.57075
493.0    84.64317
496.0    59.64142
497.0    92.66254
499.0    53.00147
500.0    81.08709
