  3.0    77.00000
  4.0    31.00000
  6.0    42.00000
 10.0    31.50000
 12.0   297.25000
 15.0    25.50000
 17.0   293.75000
 18.0    30.25000
 21.0    52.00000
 23.0    28.50000
 24.0    30.25000
 26.0    25.50000
 28.0    30.00000
 32.0   127.25000
 40.0   137.00000
 41.0    54.75000
 42.0    28.00000
 46.0   120.25000
 48.0   129.25000
 49.0    30.50000
 51.0    30.00000
 52.0    25.50000
 54.0    39.75000
 56.0    50.25000
 59.0   279.50000
 66.0   389.25000
 70.0    25.75000
 72.0   278.00000
 73.0   123.00000
 77.0   217.50000
 78.0    36.00000
 81.0    56.00000
 82.0    42.25000
 85.0    37.00000
 86.0   307.50000
 90.0    31.00000
 93.0    27.00000
 94.0    41.50000
 96.0   100.00000
 99.0    31.25000
100.0   200.75000
103.0    25.00000
104.0    36.50000
108.0    31.75000
109.0    32.25000
112.0    69.75000
115.0   226.50000
118.0   296.25000
120.0    51.75000
121.0    30.00000
123.0    35.00000
125.0    46.00000
126.0    53.75000
127.0   332.75000
129.0    29.75000
135.0    34.50000
140.0    65.50000
142.0   145.00000
146.0    29.50000
147.0    40.75000
149.0    77.75000
150.0    30.25000
156.0   186.50000
157.0    65.00000
161.0   195.50000
164.0    44.75000
168.0    35.00000
174.0   211.50000
175.0    35.50000
177.0   199.00000
180.0    24.50000
185.0    31.50000
188.0   142.25000
190.0    25.25000
201.0   191.50000
207.0   279.00000
212.0   144.00000
216.0    33.25000
221.0    32.25000
224.0    32.75000
225.0   231.75000
230.0   100.00000
231.0    26.00000
233.0   183.75000
239.0   225.00000
240.0   123.25000
247.0    30.25000
249.0    33.25000
252.0   248.00000
258.0   217.75000
261.0    32.00000
263.0    76.75000
267.0    25.75000
268.0   230.50000
269.0   415.00000
272.0   216.00000
273.0   213.25000
275.0    30.00000
277.0   292.50000
279.0    30.00000
280.0   208.75000
282.0    28.00000
286.0    25.75000
287.0    22.00000
290.0    27.50000
292.0    27.25000
295.0   188.00000
303.0   240.50000
309.0   205.75000
314.0   144.50000
316.0    28.50000
317.0    29.75000
321.0    36.25000
326.0   223.00000
329.0    28.50000
335.0    34.25000
341.0    28.25000
342.0   228.00000
349.0    33.75000
359.0    26.00000
360.0    22.50000
361.0   100.25000
364.0    30.00000
365.0   230.50000
366.0    32.75000
367.0    36.50000
368.0   203.25000
372.0    31.25000
374.0   126.25000
377.0    49.75000
378.0    34.25000
382.0    23.50000
383.0   395.75000
385.0    36.50000
389.0    34.00000
391.0    38.00000
392.0   166.25000
397.0   215.00000
399.0    33.50000
407.0    50.00000
408.0    33.25000
412.0    31.25000
418.0   216.00000
419.0   243.25000
421.0   244.00000
427.0    36.75000
430.0    24.25000
433.0    31.50000
435.0    29.00000
439.0   105.50000
443.0   112.00000
445.0   143.25000
451.0    23.75000
454.0   204.75000
457.0    50.25000
458.0   259.25000
460.0   279.00000
462.0   218.00000
464.0    31.00000
465.0   324.00000
472.0    45.50000
473.0    30.00000
474.0   203.00000
480.0    28.00000
481.0   201.75000
484.0   119.00000
486.0    27.75000
487.0    31.00000
490.0   162.25000
491.0   341.25000
494.0   198.00000
495.0    30.00000
498.0    41.00000
