  3.0    80.66223
  4.0    85.96548
  6.0    85.15428
 10.0    89.06453
 12.0   110.61914
 15.0    87.21182
 17.0    96.13942
 18.0    85.07913
 21.0    89.93609
 23.0    89.77256
 24.0    83.36981
 26.0    84.47150
 28.0    86.77075
 32.0    87.10077
 40.0    90.83569
 41.0    86.29073
 42.0    84.92443
 46.0    91.93030
 48.0    91.15007
 49.0    86.05435
 51.0    85.36287
 52.0    84.29921
 54.0    95.69266
 56.0    90.71885
 59.0    93.46126
 66.0   115.29003
 70.0    83.10220
 72.0    91.96893
 73.0    84.71787
 77.0   102.24818
 78.0    83.98037
 81.0    80.94077
 82.0    89.58217
 85.0    91.30637
 86.0    95.93721
 90.0    86.52071
 93.0    85.56279
 94.0   105.19176
 96.0    97.99390
 99.0    84.41371
100.0    92.67868
103.0    83.33434
104.0    93.54743
108.0    88.19639
109.0    84.67480
112.0    85.54198
115.0   104.88382
118.0   117.59502
120.0    87.75184
121.0    90.32891
123.0    83.65603
125.0    87.15458
126.0    87.79804
127.0   103.43271
129.0    86.27131
135.0    83.67808
140.0    99.90228
142.0    90.57774
146.0    84.35596
147.0    97.70026
149.0    87.65033
150.0    85.55552
156.0    88.43591
157.0    93.10546
161.0    99.38058
164.0    84.52746
168.0    92.13043
174.0    95.49708
175.0    85.87660
177.0    94.57783
180.0    83.80495
185.0    82.78644
188.0    97.92567
190.0    85.68194
201.0    87.83862
207.0    86.92175
212.0    88.60497
216.0    83.40434
221.0    84.37209
224.0    82.02033
225.0    95.20399
230.0    87.92945
231.0    86.53715
233.0    97.85876
239.0    95.74727
240.0    88.89190
247.0    87.83639
249.0    86.95093
252.0   101.02987
258.0   104.40910
261.0    74.35642
263.0    87.96307
267.0    85.06725
268.0    96.82707
269.0    94.85127
272.0    91.97718
273.0   104.69861
275.0    75.20667
277.0   102.53074
279.0    85.19619
280.0    92.77981
282.0    83.24767
286.0    80.82777
287.0    72.94830
290.0    87.83903
292.0    85.87900
295.0    95.04965
303.0   113.76622
309.0    94.20713
314.0    95.48753
316.0    83.34994
317.0    86.78608
321.0    95.20909
326.0    97.32567
329.0    85.04327
335.0    86.92772
341.0    83.43032
342.0    96.95419
349.0    82.44291
359.0    84.02561
360.0    85.51762
361.0    92.71400
364.0    77.60245
365.0    96.67795
366.0    87.19965
367.0    82.26624
368.0    80.51522
372.0    83.49997
374.0    90.73404
377.0    86.29757
378.0    84.94740
382.0    86.07938
383.0   113.95841
385.0    82.26301
389.0    92.81784
391.0    83.57717
392.0    96.56878
397.0    94.66450
399.0    91.76440
407.0    89.56067
408.0    87.55241
412.0    88.92282
418.0    99.47406
419.0   104.55325
421.0    94.92709
427.0    83.03547
430.0    84.46928
433.0    83.39607
435.0    83.94233
439.0    86.60098
443.0    99.41800
445.0    89.09835
451.0    87.19521
454.0    91.92219
457.0    90.08375
458.0    94.84918
460.0   107.06726
462.0    92.06198
464.0    84.17287
465.0    96.78298
472.0    85.11826
473.0    86.56667
474.0   101.22527
480.0    90.61654
481.0   104.53023
484.0    93.30758
486.0    87.42935
487.0    86.49815
490.0    98.38001
491.0   111.23039
494.0    90.71719
495.0    85.96194
498.0    82.81223
