 10.0   548.00000
 15.0   504.00000
 19.0   488.50000
 22.0   383.00000
 24.0   481.50000
 30.0   751.50000
 32.0   284.50000
 33.0   280.75000
 42.0   432.75000
 43.0   421.00000
 44.0   176.25000
 47.0   300.00000
 52.0   337.25000
 53.0   413.75000
 55.0   505.75000
 60.0   360.25000
 61.0   837.75000
 65.0   170.00000
 68.0   661.25000
 71.0   582.00000
 73.0   544.00000
 80.0   384.25000
 81.0   675.50000
 82.0   258.50000
 85.0   584.75000
 86.0   540.25000
 88.0   633.00000
 89.0   447.25000
 90.0   630.25000
 93.0   299.25000
 95.0   475.25000
 98.0   667.25000
109.0   374.50000
110.0   232.00000
121.0   272.00000
122.0   424.75000
123.0   289.50000
124.0   406.00000
126.0   588.75000
131.0   275.25000
133.0     0.00000
136.0   397.50000
140.0   261.00000
147.0   463.50000
156.0   649.75000
157.0   274.75000
161.0   365.25000
162.0   509.25000
163.0   663.25000
164.0   502.50000
165.0   594.50000
170.0   503.75000
171.0   632.00000
172.0   265.75000
174.0   296.25000
175.0   636.50000
176.0   365.00000
178.0   288.50000
180.0   440.75000
182.0   518.75000
187.0   519.00000
188.0   270.75000
189.0   305.25000
191.0   274.00000
193.0   173.75000
194.0   503.75000
197.0   558.25000
198.0   441.75000
200.0   753.25000
203.0   389.25000
204.0   285.50000
205.0   513.50000
207.0   287.50000
208.0   548.00000
214.0    75.50000
228.0   237.75000
231.0   323.00000
235.0   448.25000
236.0   719.00000
237.0   375.50000
238.0   344.50000
243.0   328.25000
244.0   600.50000
245.0   402.25000
251.0   606.75000
252.0   622.25000
254.0   352.75000
258.0   463.25000
265.0   540.50000
266.0   348.75000
275.0   517.00000
276.0   233.75000
287.0   466.25000
290.0   519.00000
291.0   512.50000
294.0   457.25000
295.0   354.25000
300.0   276.00000
306.0   312.75000
312.0   362.00000
327.0   464.75000
328.0   384.00000
332.0   169.25000
341.0   424.75000
346.0   789.75000
348.0   399.25000
351.0   403.00000
354.0   460.50000
355.0   363.75000
356.0   255.25000
357.0   272.25000
358.0   216.50000
359.0   719.00000
360.0   356.25000
362.0   718.50000
365.0   410.75000
366.0   307.25000
367.0   278.75000
369.0   406.50000
370.0   364.25000
373.0   632.50000
375.0   504.50000
379.0   280.50000
380.0   345.00000
382.0   544.50000
398.0   274.75000
400.0   271.50000
404.0   498.50000
408.0   617.00000
411.0   358.00000
414.0   378.75000
416.0   397.50000
418.0   264.75000
419.0   534.75000
421.0   358.50000
422.0   348.50000
424.0   356.25000
425.0   558.75000
430.0   262.75000
431.0   690.25000
435.0   520.50000
437.0   274.50000
442.0   524.50000
444.0   348.50000
448.0   293.50000
451.0   391.50000
452.0   362.50000
454.0   331.00000
456.0   261.25000
458.0   295.00000
459.0   271.50000
460.0   523.25000
462.0   578.75000
463.0   416.50000
471.0   327.00000
475.0   347.00000
478.0   656.25000
479.0   269.75000
480.0   315.75000
485.0   357.50000
486.0   282.75000
488.0   406.25000
498.0   512.00000
