 10.0    94.22330
 15.0    72.33269
 19.0   101.52699
 22.0    93.12206
 24.0    90.34870
 30.0    76.26887
 32.0    98.54672
 33.0    92.26164
 42.0    85.45557
 43.0    56.32378
 44.0    98.53079
 47.0    92.47691
 52.0    80.03593
 53.0    94.05416
 55.0    93.54034
 60.0    83.21323
 61.0    88.58082
 65.0    94.51159
 68.0    92.60211
 71.0    97.47520
 73.0    90.42736
 80.0    94.84994
 81.0    84.20405
 82.0    96.32021
 85.0   101.67314
 86.0    81.35554
 88.0    94.18057
 89.0    77.05837
 90.0    83.55999
 93.0    91.99545
 95.0    94.50902
 98.0    93.59876
109.0    77.30117
110.0    92.77020
121.0    95.40493
122.0    69.18088
123.0    96.00969
124.0    98.91986
126.0    81.83607
131.0    99.83129
133.0    97.81153
136.0    89.37286
140.0   100.91901
147.0    87.09182
156.0    85.08646
157.0    92.54012
161.0    88.91113
162.0   100.97859
163.0    83.76364
164.0    78.82883
165.0    93.89757
170.0    87.72198
171.0    89.46274
172.0    95.85988
174.0    92.34727
175.0    74.32318
176.0    87.59266
178.0    94.79483
180.0    71.16019
182.0   102.60537
187.0    87.18522
188.0   106.32206
189.0    93.49806
191.0    96.12663
193.0   102.65031
194.0    96.97473
197.0   100.40213
198.0    88.05680
200.0    90.00230
203.0    99.93436
204.0    90.54806
205.0    92.04344
207.0    96.65443
208.0    85.08776
214.0   107.27699
228.0    95.29344
231.0    88.45442
235.0    97.85060
236.0    98.34925
237.0    96.19084
238.0    84.41301
243.0    97.45653
244.0    91.75680
245.0    93.48675
251.0    76.45063
252.0    85.31427
254.0    87.87840
258.0    95.33881
265.0    88.13207
266.0    94.65401
275.0    92.30603
276.0   100.16905
287.0    84.82502
290.0    92.90652
291.0    85.17417
294.0    91.55057
295.0    98.85003
300.0    96.98157
306.0    92.24402
312.0    90.18195
327.0    93.16699
328.0    95.32351
332.0   104.68590
341.0    86.87158
346.0    88.51885
348.0    86.47858
351.0    98.34951
354.0    88.38380
355.0    89.18596
356.0   100.96479
357.0    95.59498
358.0    96.02748
359.0    82.83921
360.0    91.97364
362.0    89.59561
365.0    84.14420
366.0    87.44386
367.0    88.56847
369.0    90.73728
370.0    90.20276
373.0    94.90288
375.0   101.42319
379.0    94.94835
380.0    99.31747
382.0    94.27464
398.0    96.58137
400.0    94.09774
404.0    87.18971
408.0    88.94373
411.0    94.05832
414.0    90.48246
416.0   102.17600
418.0   100.14565
419.0    86.64569
421.0    97.97723
422.0    90.37834
424.0    90.75172
425.0    80.30720
430.0    98.13423
431.0    93.16878
435.0    95.78214
437.0    92.68612
442.0    89.35099
444.0    78.54872
448.0    60.31988
451.0    93.26519
452.0    92.98697
454.0    97.40726
456.0    92.58267
458.0    97.76761
459.0    97.25143
460.0    85.88451
462.0   100.76912
463.0   103.99501
471.0    99.32195
475.0    91.03907
478.0    97.29015
479.0    91.59651
480.0    94.06272
485.0    95.94524
486.0    91.48002
488.0    87.25291
498.0    94.51308
