  1.0   130.40297
  2.0   100.43873
  3.0   117.24749
  4.0   133.55137
  5.0    96.27036
  6.0    95.03025
  7.0    97.25339
  8.0   112.94306
  9.0    96.24561
 11.0   104.45069
 12.0   120.66680
 13.0   110.47560
 14.0   101.88689
 16.0   110.05598
 17.0   112.81089
 18.0   104.34921
 20.0   139.73785
 21.0   108.26847
 23.0   100.34231
 25.0    99.33161
 26.0   113.92720
 27.0    94.40596
 28.0   109.58388
 29.0   101.21269
 31.0   110.23510
 34.0   103.04019
 35.0   113.45848
 36.0    91.59437
 37.0   105.48685
 38.0   110.24517
 39.0    97.01257
 40.0   101.06587
 41.0   100.52790
 45.0    97.93247
 46.0   107.07578
 48.0   142.00889
 49.0   114.25137
 50.0   129.67573
 51.0   122.19060
 54.0   122.10637
 56.0    91.96836
 57.0    94.18569
 58.0    97.02044
 59.0   122.67819
 62.0   108.74044
 63.0    95.03103
 64.0    95.25156
 66.0    99.63192
 67.0   102.11240
 69.0    95.47668
 70.0   110.74881
 72.0   104.37590
 74.0   119.24631
 75.0    97.18294
 76.0    89.94794
 77.0    95.94844
 78.0   101.20731
 79.0   103.85250
 83.0   101.63264
 84.0   129.46220
 87.0   137.82853
 91.0   100.00600
 92.0    96.89588
 94.0    98.96948
 96.0   112.38063
 97.0    98.01187
 99.0   113.78513
100.0    97.71055
101.0   107.63338
102.0   129.93840
103.0    97.15133
104.0   132.01792
105.0   113.66400
106.0   107.96313
107.0   104.79040
108.0   105.98143
111.0    98.04167
112.0    98.05012
113.0   100.05649
114.0   105.76490
115.0    96.61928
116.0   112.83667
117.0   105.34069
118.0    89.12583
119.0   100.34459
120.0   105.82590
125.0   107.81510
127.0   110.24408
128.0    89.53043
129.0    96.42365
130.0   102.29594
132.0    97.57402
134.0    96.17006
135.0   124.68734
137.0   106.54813
138.0    98.72283
139.0    96.30809
141.0   117.45813
142.0   105.04496
143.0    82.77345
144.0   104.02084
145.0    94.36321
146.0    88.90282
148.0    95.58151
149.0   107.01630
150.0   104.78787
151.0   101.02950
152.0   114.97770
153.0    91.05681
154.0    96.33239
155.0    96.29371
158.0   119.33617
159.0   102.09914
160.0   100.68800
166.0   126.02047
167.0   103.80207
168.0    92.09296
169.0   123.88737
173.0   125.99637
177.0    99.75582
179.0    97.48883
181.0   105.49840
183.0   110.01279
184.0   108.57315
185.0   100.15943
186.0   107.84623
190.0    99.50042
192.0   103.90630
195.0   102.79071
196.0   103.33664
199.0    86.34857
201.0   118.59026
202.0   119.13938
206.0    99.65039
209.0   134.59264
210.0   107.97326
211.0    99.75243
212.0   112.96275
213.0    97.44607
215.0   102.35518
216.0   118.23568
217.0   109.83945
218.0   102.61544
219.0   114.01243
220.0   100.17161
221.0   125.71232
222.0   117.45376
223.0   104.43787
224.0   105.96789
225.0   101.34302
226.0   108.92070
227.0   108.93705
229.0    79.35927
230.0    92.40503
232.0   103.60520
233.0   106.79170
234.0   110.52034
239.0    97.61078
240.0   101.44566
241.0   114.40284
242.0   105.47301
246.0    92.81939
247.0   106.44524
248.0   110.25161
249.0   110.47388
250.0    96.43206
253.0   101.28434
255.0   120.48827
256.0   103.17647
257.0   111.39915
259.0   103.38261
260.0    97.68059
261.0   113.76403
262.0   104.49493
263.0   105.55451
264.0   118.18122
267.0   102.77459
268.0   120.87801
269.0   102.91472
270.0   113.59521
271.0   103.35017
272.0   105.99425
273.0   118.41055
274.0   108.14737
277.0   111.07361
278.0   107.94971
279.0   102.16703
280.0   108.65333
281.0   101.22718
282.0   116.93095
283.0   107.89580
284.0   103.47384
285.0    92.53423
286.0   103.69532
288.0   114.75411
289.0   116.39784
292.0   138.02471
293.0   108.56291
296.0   100.46789
297.0   119.75717
298.0   108.23390
299.0   101.62135
301.0   119.24978
302.0    99.69074
303.0    94.45038
304.0   117.25336
305.0    99.20250
307.0   111.87168
308.0   127.44013
309.0    99.06593
310.0   107.30367
311.0    97.85546
313.0   105.41495
314.0   113.56104
315.0   112.56720
316.0    96.90596
317.0   102.83801
318.0   104.43729
319.0   114.91690
320.0   115.89628
321.0   145.28151
322.0   102.29782
323.0   110.17118
324.0   115.11998
325.0   103.13917
326.0   118.90991
329.0   123.97195
330.0    98.28195
331.0   134.30478
333.0   111.36356
334.0   123.60891
335.0   106.69737
336.0    94.71586
337.0    99.15931
338.0   105.66384
339.0   105.87326
340.0   109.87074
342.0   111.16092
343.0   116.80641
344.0   102.50391
345.0    99.64182
347.0   102.03378
349.0    97.73775
350.0   117.18122
352.0   115.64933
353.0    99.24735
361.0    96.90765
363.0   108.96883
364.0    96.19745
368.0    94.64496
371.0    91.30087
372.0    96.00326
374.0   107.05928
376.0    63.03859
377.0    95.93056
378.0   115.08385
381.0    95.34431
383.0   116.96261
384.0   111.30094
385.0   105.34495
386.0   123.34964
387.0   109.72770
388.0   117.64566
389.0    98.64719
390.0   137.38293
391.0   104.67193
392.0   102.62185
393.0   108.43238
394.0   126.18132
395.0   122.35823
396.0    94.42816
397.0   102.35876
399.0   117.40475
401.0   101.69052
402.0   104.29954
403.0   112.54077
405.0   108.26309
406.0   111.97580
407.0   108.46048
409.0   137.05427
410.0   123.10500
412.0   103.44498
413.0   108.28159
415.0   102.61934
417.0    99.37889
420.0   119.37114
423.0    91.65834
426.0   113.39343
427.0   121.64998
428.0   105.28527
429.0    97.04489
432.0   102.90800
433.0    99.67771
434.0   114.62087
436.0   114.37823
438.0   115.96642
439.0   116.80504
440.0   107.91875
441.0   101.28515
443.0   104.29636
445.0    98.62156
446.0   105.17950
447.0   106.81369
449.0   102.15990
450.0    85.54707
453.0    99.85933
455.0   124.87236
457.0   110.34085
461.0   100.98272
464.0   109.40546
465.0   103.55668
466.0    98.02405
467.0    96.10245
468.0   114.78354
469.0   102.63501
470.0   114.16917
472.0   110.55321
473.0   111.13811
474.0   121.13468
476.0   129.36584
477.0    96.14598
481.0   104.96828
482.0   102.55423
483.0   102.58943
484.0   103.39115
487.0    98.79621
489.0   105.97647
490.0    90.36511
491.0   115.66057
492.0   105.32727
493.0   109.61197
494.0   116.81461
495.0   113.95386
496.0   106.96167
497.0   107.95587
499.0   113.23553
500.0   116.49779
