  1.0   526.00000
  2.0   336.75000
  3.0   481.50000
  4.0   408.00000
  5.0   317.75000
  6.0   276.00000
  7.0   429.00000
  8.0   529.75000
  9.0   365.25000
 11.0   393.00000
 12.0   374.00000
 13.0   590.25000
 14.0   425.75000
 16.0   320.25000
 17.0   661.50000
 18.0   299.25000
 20.0   345.25000
 21.0   259.50000
 23.0   272.50000
 25.0   386.25000
 26.0   222.25000
 27.0   326.50000
 28.0   268.50000
 29.0   449.75000
 31.0   319.00000
 34.0   438.00000
 35.0   482.00000
 36.0   383.00000
 37.0   513.00000
 38.0   342.00000
 39.0   692.25000
 40.0   465.75000
 41.0   314.00000
 45.0   258.75000
 46.0   306.75000
 48.0   219.25000
 49.0   472.75000
 50.0   445.50000
 51.0   482.25000
 54.0   635.00000
 56.0   466.25000
 57.0   583.00000
 58.0   286.50000
 59.0   611.00000
 62.0   285.75000
 63.0   326.50000
 64.0   292.50000
 66.0   470.75000
 67.0   271.00000
 69.0   286.00000
 70.0   434.00000
 72.0   465.75000
 74.0   633.75000
 75.0   293.75000
 76.0   526.50000
 77.0   269.00000
 78.0   563.50000
 79.0   398.25000
 83.0   285.75000
 84.0   450.75000
 87.0   653.75000
 91.0   531.50000
 92.0   503.25000
 94.0   328.50000
 96.0   243.75000
 97.0   272.00000
 99.0   429.00000
100.0   324.00000
101.0   525.50000
102.0   474.75000
103.0   459.00000
104.0   470.75000
105.0   382.50000
106.0   575.00000
107.0   270.50000
108.0   347.00000
111.0   476.75000
112.0   265.25000
113.0   365.75000
114.0   227.25000
115.0   331.50000
116.0   189.75000
117.0   264.50000
118.0   557.25000
119.0   304.00000
120.0   283.00000
125.0   438.75000
127.0   232.25000
128.0   377.25000
129.0   186.75000
130.0   447.00000
132.0   312.50000
134.0   286.25000
135.0   483.25000
137.0   179.00000
138.0   255.00000
139.0   319.75000
141.0   504.25000
142.0   267.00000
143.0   434.00000
144.0   358.75000
145.0   410.50000
146.0   372.25000
148.0   424.50000
149.0   270.75000
150.0   366.25000
151.0   356.00000
152.0   385.50000
153.0   329.50000
154.0   684.50000
155.0   509.50000
158.0   551.00000
159.0   309.50000
160.0   286.75000
166.0   715.25000
167.0   435.00000
168.0   328.00000
169.0   181.25000
173.0   436.00000
177.0   431.50000
179.0   461.00000
181.0   380.00000
183.0   390.75000
184.0   405.75000
185.0   176.25000
186.0   374.50000
190.0   747.50000
192.0   641.75000
195.0   392.00000
196.0   286.50000
199.0   309.50000
201.0   404.00000
202.0   296.50000
206.0   387.50000
209.0   770.25000
210.0   271.00000
211.0   672.25000
212.0   399.25000
213.0   326.50000
215.0   432.50000
216.0   297.00000
217.0   371.50000
218.0   194.00000
219.0   469.00000
220.0   311.50000
221.0   240.75000
222.0   300.25000
223.0   440.75000
224.0   310.00000
225.0   368.00000
226.0   298.00000
227.0   295.25000
229.0   492.50000
230.0   430.25000
232.0   412.50000
233.0   282.00000
234.0   249.00000
239.0   255.50000
240.0   187.50000
241.0   336.50000
242.0   343.75000
246.0   437.75000
247.0   349.00000
248.0   516.00000
249.0   423.25000
250.0   410.00000
253.0   280.00000
255.0   377.00000
256.0   381.00000
257.0   637.00000
259.0   363.00000
260.0   327.00000
261.0   266.25000
262.0   458.25000
263.0   600.00000
264.0   209.50000
267.0   643.25000
268.0   453.00000
269.0   232.75000
270.0   426.50000
271.0   294.25000
272.0   292.25000
273.0   220.50000
274.0   434.00000
277.0   380.25000
278.0   632.25000
279.0   270.75000
280.0   936.00000
281.0   273.00000
282.0   380.75000
283.0   203.00000
284.0   359.25000
285.0   460.25000
286.0   323.75000
288.0   473.50000
289.0   321.00000
292.0   579.25000
293.0   410.75000
296.0   187.50000
297.0   317.75000
298.0   466.00000
299.0   283.25000
301.0   537.75000
302.0   333.00000
303.0   523.50000
304.0   348.75000
305.0   514.25000
307.0   313.75000
308.0   205.00000
309.0   468.50000
310.0   438.50000
311.0   322.00000
313.0   437.00000
314.0   370.75000
315.0   270.25000
316.0   614.25000
317.0   697.25000
318.0   387.75000
319.0   176.00000
320.0   220.25000
321.0   202.25000
322.0   524.25000
323.0   517.75000
324.0   399.75000
325.0   275.75000
326.0   647.25000
329.0   439.25000
330.0   781.75000
331.0   408.50000
333.0   626.00000
334.0   515.00000
335.0   306.75000
336.0   684.00000
337.0   295.50000
338.0   259.00000
339.0   498.50000
340.0   400.50000
342.0   245.50000
343.0   474.50000
344.0   369.25000
345.0   402.75000
347.0   294.50000
349.0   700.00000
350.0   524.50000
352.0   311.50000
353.0   334.00000
361.0   236.25000
363.0   289.75000
364.0   282.75000
368.0   499.75000
371.0   279.25000
372.0   466.25000
374.0   329.50000
376.0     0.00000
377.0   622.25000
378.0   449.75000
381.0   495.25000
383.0   295.25000
384.0   247.50000
385.0   281.50000
386.0   363.50000
387.0   302.25000
388.0   264.50000
389.0   266.75000
390.0    72.00000
391.0   402.00000
392.0   394.50000
393.0   429.25000
394.0   209.50000
395.0   572.25000
396.0   234.25000
397.0   429.50000
399.0   390.00000
401.0   362.25000
402.0   418.75000
403.0   491.50000
405.0   256.50000
406.0   336.25000
407.0   443.50000
409.0   129.00000
410.0   464.00000
412.0   306.25000
413.0   526.00000
415.0   467.50000
417.0   462.00000
420.0   253.75000
423.0   304.50000
426.0   356.75000
427.0   303.50000
428.0   373.50000
429.0   479.50000
432.0   334.75000
433.0   557.25000
434.0   499.75000
436.0   300.50000
438.0   250.50000
439.0   407.00000
440.0   411.25000
441.0   812.25000
443.0   411.50000
445.0   282.75000
446.0   236.00000
447.0   427.50000
449.0   314.75000
450.0   450.50000
453.0   291.50000
455.0   346.75000
457.0   399.50000
461.0   579.75000
464.0   327.50000
465.0   256.00000
466.0   572.75000
467.0   494.00000
468.0   189.75000
469.0   571.25000
470.0   361.25000
472.0   253.75000
473.0   217.50000
474.0   387.00000
476.0   580.50000
477.0   650.00000
481.0   275.00000
482.0   437.75000
483.0   267.50000
484.0   860.75000
487.0   428.50000
489.0   426.25000
490.0   440.75000
491.0   293.25000
492.0   376.50000
493.0   315.25000
494.0   319.00000
495.0   400.75000
496.0   395.00000
497.0   425.50000
499.0   298.00000
500.0   291.00000
