  1.0   488.00000
  9.0   768.25000
 12.0   401.50000
 19.0   582.00000
 20.0   684.00000
 23.0   449.75000
 24.0   510.50000
 31.0   414.25000
 34.0   394.00000
 37.0   825.50000
 39.0   344.25000
 45.0   340.25000
 49.0   676.00000
 50.0   670.00000
 56.0   337.50000
 69.0   318.50000
 71.0   914.75000
 74.0   317.00000
 80.0   485.00000
 83.0   381.75000
 89.0   318.75000
 98.0   973.50000
 99.0   388.00000
109.0   607.00000
111.0   470.25000
112.0   354.75000
122.0   689.50000
130.0   666.75000
131.0   305.75000
137.0   233.50000
141.0   606.00000
142.0   395.25000
146.0   582.50000
149.0   765.00000
151.0   530.50000
155.0   695.75000
158.0   590.50000
159.0   311.00000
160.0   284.25000
163.0   398.75000
165.0   590.75000
168.0   750.50000
170.0   342.50000
171.0   416.00000
174.0   359.00000
178.0   320.75000
180.0   379.25000
181.0   962.00000
182.0   557.75000
187.0   286.50000
191.0   388.00000
192.0   475.50000
195.0   318.00000
196.0   694.25000
197.0   547.25000
200.0   582.00000
201.0   528.00000
204.0   708.75000
206.0   524.25000
212.0   339.50000
213.0   472.25000
214.0   483.25000
216.0   631.00000
218.0   542.50000
223.0   593.25000
224.0   345.50000
231.0     0.00000
233.0   527.00000
235.0   510.75000
236.0   550.00000
240.0   284.75000
245.0   825.00000
249.0   279.50000
251.0   841.00000
254.0   383.75000
260.0   523.75000
262.0   476.00000
263.0   686.75000
265.0   435.75000
268.0   675.25000
272.0   387.00000
273.0   508.75000
281.0   420.00000
286.0   772.75000
292.0   506.25000
296.0   210.75000
298.0   470.00000
299.0   394.75000
301.0   412.75000
303.0   611.75000
305.0   396.25000
307.0   681.00000
308.0   562.50000
309.0   409.50000
310.0   502.00000
311.0   753.50000
317.0   420.75000
320.0   639.75000
324.0   419.50000
330.0   586.75000
332.0   556.25000
333.0   447.00000
335.0   367.00000
341.0   785.00000
344.0   455.75000
346.0   509.75000
353.0   961.50000
354.0   278.75000
356.0   697.00000
358.0   388.75000
359.0   379.00000
360.0   317.50000
367.0   386.00000
368.0   443.25000
374.0   724.75000
381.0   428.75000
385.0   413.25000
389.0   562.50000
391.0   280.25000
396.0   448.50000
400.0   796.00000
402.0   820.25000
406.0   692.50000
407.0   411.00000
414.0   347.00000
417.0   410.50000
419.0   407.75000
421.0   633.00000
424.0   364.50000
425.0   626.00000
428.0   220.25000
429.0   618.50000
435.0   412.00000
439.0   514.00000
448.0   534.75000
459.0   332.50000
465.0   400.50000
466.0   477.75000
467.0   819.50000
469.0   386.75000
470.0   500.25000
473.0   427.75000
475.0   638.75000
476.0   523.75000
479.0   542.75000
483.0   339.75000
485.0   744.25000
496.0   417.75000
498.0   309.75000
499.0   600.75000
