  1.0    94.74879
  9.0    99.66313
 12.0    86.17703
 19.0    89.98366
 20.0    97.62213
 23.0    89.39880
 24.0    89.09737
 31.0    85.70350
 34.0    93.94832
 37.0    90.21306
 39.0   103.72701
 45.0    99.33536
 49.0   100.64185
 50.0    97.96059
 56.0    86.96221
 69.0    99.97110
 71.0    81.60308
 74.0    97.80012
 80.0    93.69752
 83.0    87.55431
 89.0    96.74556
 98.0    88.57551
 99.0    87.21166
109.0    84.76923
111.0    79.02527
112.0    99.19171
122.0    77.05628
130.0    91.16490
131.0    98.19257
137.0    97.50163
141.0    87.64699
142.0    96.31271
146.0    90.36580
149.0    93.79132
151.0    84.00344
155.0    87.67105
158.0    80.10549
159.0    98.11402
160.0    94.47842
163.0    95.29028
165.0    87.94739
168.0    92.28801
170.0    97.49647
171.0    78.99523
174.0    87.53875
178.0   100.13087
180.0    90.58397
181.0    98.41068
182.0    68.93481
187.0    90.00712
191.0    75.93531
192.0    85.62513
195.0    94.57782
196.0    91.46567
197.0    87.67412
200.0    79.76615
201.0    57.47915
204.0    82.65134
206.0    95.24765
212.0    92.10706
213.0    75.05016
214.0    79.75728
216.0    93.08697
218.0    91.85139
223.0    89.42062
224.0    87.86216
231.0    87.00559
233.0    95.50132
235.0    98.63507
236.0    79.85674
240.0    81.19417
245.0    85.39026
249.0    99.27019
251.0    92.69576
254.0    94.19724
260.0    96.38609
262.0    85.70112
263.0     7.00985
265.0    95.23266
268.0    96.43798
272.0    89.46532
273.0    99.05107
281.0    89.87361
286.0    86.10998
292.0    91.67426
296.0   102.49360
298.0    79.32369
299.0    92.71251
301.0   100.32198
303.0    95.00552
305.0    91.61066
307.0    88.58263
308.0    91.15513
309.0    87.08221
310.0    85.68240
311.0    82.22103
317.0   100.34356
320.0    91.32513
324.0   102.63405
330.0    74.62138
332.0    95.79288
333.0    97.74401
335.0    95.32660
341.0    94.19493
344.0    90.77681
346.0    95.75550
353.0    96.14414
354.0    95.73626
356.0    91.69032
358.0    75.52561
359.0    94.70453
360.0    87.67256
367.0    93.80844
368.0    84.59469
374.0    88.04245
381.0    89.47928
385.0    86.19079
389.0    84.82053
391.0   100.79027
396.0    83.81911
400.0    91.54604
402.0    93.90695
406.0    93.37742
407.0    90.66659
414.0    95.73540
417.0    94.18426
419.0    90.24135
421.0    88.78608
424.0    86.95164
425.0    86.61681
428.0    99.59593
429.0   103.95765
435.0    87.49775
439.0    89.50715
448.0    90.05666
459.0    91.12618
465.0    93.62317
466.0    95.34468
467.0    98.15764
469.0    91.77102
470.0    96.32939
473.0    96.14255
475.0    95.23125
476.0    97.12523
479.0    86.25799
483.0    94.03701
485.0    97.51569
496.0    85.34261
498.0    93.68416
499.0    82.67607
