  2.0   105.99535
  3.0   106.74198
  4.0   109.36727
  5.0   112.38523
  6.0   111.92872
  7.0   117.50507
  8.0   102.82327
 10.0    98.82680
 11.0    96.56823
 13.0    92.76189
 14.0   112.09921
 15.0   113.94915
 16.0   104.72542
 17.0   107.28199
 18.0   129.23047
 21.0    95.29791
 22.0   102.64591
 25.0    96.78894
 26.0   106.98471
 27.0   113.36014
 28.0    98.58712
 29.0   105.99342
 30.0   102.18525
 32.0   105.18189
 33.0   118.26248
 35.0    93.74439
 36.0   112.46038
 38.0   110.16660
 40.0   118.45105
 41.0   108.82774
 42.0    82.48861
 43.0    95.80307
 44.0   101.75335
 46.0   128.79328
 47.0   109.12063
 48.0    94.11058
 51.0    98.25304
 52.0    97.32181
 53.0   129.77934
 54.0   107.14208
 55.0   108.51378
 57.0   104.63993
 58.0   115.77798
 59.0    98.24418
 60.0   103.35141
 61.0    94.61381
 62.0   119.94452
 63.0   102.11108
 64.0    98.41006
 65.0    90.97915
 66.0   108.82560
 67.0   103.07690
 68.0   102.41243
 70.0   125.75843
 72.0   101.67559
 73.0   113.36241
 75.0   115.41020
 76.0   101.32628
 77.0   102.32921
 78.0    99.73745
 79.0   108.92757
 81.0    97.91442
 82.0   117.15742
 84.0    95.35787
 85.0    98.15385
 86.0   102.17018
 87.0   102.90263
 88.0   121.00491
 90.0   108.18631
 91.0   121.48928
 92.0   129.75280
 93.0   101.01950
 94.0    82.28602
 95.0   112.38719
 96.0   119.19095
 97.0    97.33236
100.0   100.88606
101.0   106.20441
102.0   112.99212
103.0   116.04051
104.0   102.51046
105.0   104.74139
106.0    98.90119
107.0   108.23314
108.0   118.45642
110.0    98.27366
113.0   106.03387
114.0    93.42931
115.0   113.25650
116.0   107.03184
117.0   100.88579
118.0   110.40600
119.0    99.80173
120.0   103.30933
121.0   119.32902
123.0    94.55280
124.0   104.73584
125.0    99.81103
126.0    98.19438
127.0   104.79938
128.0   105.62511
129.0   113.77038
132.0    93.25674
133.0    97.97118
134.0   100.94032
135.0   100.83368
136.0    97.49845
138.0    99.89722
139.0   112.37858
140.0   116.50102
143.0   101.75184
144.0   117.82772
145.0    99.76130
147.0   122.33223
148.0   102.85219
150.0    97.55075
152.0   107.76205
153.0   106.88687
154.0   109.65747
156.0   115.75480
157.0    99.44553
161.0   128.56781
162.0    98.72921
164.0   104.83955
166.0   116.46788
167.0   100.09404
169.0    89.95343
172.0   101.58435
173.0   128.19250
175.0   110.34896
176.0   107.64353
177.0   122.56377
179.0   102.94311
183.0    98.97063
184.0   103.52026
185.0   100.41485
186.0   112.66101
188.0   113.68543
189.0    95.92122
190.0   106.09932
193.0   100.06474
194.0   108.17642
198.0   101.71523
199.0   104.76183
202.0    96.79649
203.0   105.52603
205.0   109.22166
207.0   105.13585
208.0    98.47860
209.0   108.27290
210.0   120.34267
211.0   104.31077
215.0   106.72706
217.0    97.79774
219.0    91.60437
220.0    91.00216
221.0    96.80874
222.0    95.78998
225.0   122.72977
226.0   101.73675
227.0   106.91782
228.0   102.28052
229.0   111.16128
230.0    87.25966
232.0   115.83394
234.0   104.00456
237.0   105.49215
238.0   105.69344
239.0    97.98689
241.0   118.36165
242.0    98.08081
243.0   105.88424
244.0   116.35817
246.0    92.29357
247.0   102.77330
248.0   111.74441
250.0   119.54216
252.0    99.59937
253.0   100.48611
255.0   105.54431
256.0    93.49592
257.0   105.73128
258.0   101.45410
259.0   102.34286
261.0   112.45918
264.0   108.76832
266.0   110.29551
267.0   102.89661
269.0   104.18480
270.0   104.99233
271.0   104.93822
274.0    95.57313
275.0   111.40668
276.0   113.84603
277.0   105.21766
278.0   122.82018
279.0   116.01996
280.0    99.79727
282.0   105.83436
283.0   121.48337
284.0   128.89837
285.0   106.91621
287.0   108.40736
288.0   104.70965
289.0    97.48753
290.0   112.50698
291.0   114.02255
293.0   120.05201
294.0    93.99919
295.0   108.26614
297.0   119.67308
300.0   102.87755
302.0    99.60426
304.0    98.28840
306.0   102.00912
312.0    91.66188
313.0    96.68551
314.0   104.21743
315.0   101.27586
316.0   117.57666
318.0   115.74302
319.0   117.89802
321.0   108.02694
322.0   116.22415
323.0   120.19868
325.0   108.18786
326.0    93.96674
327.0   108.57838
328.0   123.95506
329.0   107.51231
331.0   101.51623
334.0   129.42862
336.0   108.49032
337.0    96.72688
338.0   116.59270
339.0   103.57212
340.0   120.53348
342.0   101.48770
343.0    98.87287
345.0   128.65523
347.0   107.31518
348.0    94.37190
349.0   107.15169
350.0   112.51965
351.0   128.76187
352.0   108.23874
355.0   104.89048
357.0   108.06259
361.0   101.71691
362.0    94.85847
363.0    96.63022
364.0   103.45467
365.0   110.76537
366.0   110.13316
369.0   108.43274
370.0   127.63773
371.0   108.19761
372.0    86.02183
373.0   102.88504
375.0   109.12667
376.0   102.83537
377.0   104.05839
378.0    95.92166
379.0    97.54605
380.0   113.20446
382.0   106.45074
383.0    92.76570
384.0    99.80847
386.0   118.32850
387.0   112.79207
388.0   104.30386
390.0   104.17886
392.0   125.40947
393.0   129.39035
394.0   108.70611
395.0   102.40369
397.0   121.04436
398.0   102.52125
399.0   103.64161
401.0    95.30576
403.0    95.49942
404.0   102.88324
405.0   109.88070
408.0    99.68795
409.0   103.61163
410.0    96.26927
411.0    96.13452
412.0    93.06088
413.0   104.34653
415.0   110.13064
416.0   118.35325
418.0    96.84192
420.0   105.38233
422.0   110.49271
423.0   118.32241
426.0   104.73808
427.0    96.05102
430.0   126.57971
431.0   102.55661
432.0    99.49892
433.0    91.35311
434.0   103.20827
436.0    98.62292
437.0    97.60212
438.0   103.64466
440.0   103.25305
441.0   101.63497
442.0   105.55358
443.0   123.47292
444.0   108.53976
445.0   101.01606
446.0    93.22081
447.0   112.76070
449.0   112.54765
450.0   109.12015
451.0    97.72883
452.0   109.82558
453.0   113.79239
454.0   132.11484
455.0   129.74916
456.0   129.42020
457.0   102.92987
458.0   100.46084
460.0    94.89670
461.0   119.14501
462.0    94.51185
463.0   119.19123
464.0   106.20726
468.0   108.29155
471.0   114.73968
472.0   111.52982
474.0   117.49520
477.0   103.69329
478.0   131.86391
480.0   112.59384
481.0   114.96777
482.0   124.76065
484.0   127.64883
486.0   124.73153
487.0   114.77411
488.0   102.97060
489.0   123.26231
490.0   109.78623
491.0    95.07018
492.0    99.74028
493.0   129.60775
494.0   108.52994
495.0   105.05650
497.0   104.55268
500.0    98.34584
