  2.0   434.25000
  3.0   306.75000
  4.0   957.25000
  5.0   746.00000
  6.0   356.00000
  7.0   424.50000
  8.0   288.50000
 10.0   375.25000
 11.0   403.75000
 13.0   369.75000
 14.0   560.50000
 15.0   357.75000
 16.0   348.75000
 17.0   398.00000
 18.0   260.75000
 21.0   665.50000
 22.0   649.50000
 25.0   653.25000
 26.0     0.00000
 27.0   300.50000
 28.0   454.75000
 29.0   866.75000
 30.0   325.75000
 32.0   344.25000
 33.0   513.75000
 35.0   656.75000
 36.0   674.25000
 38.0   400.25000
 40.0   684.75000
 41.0   362.75000
 42.0     0.00000
 43.0   667.00000
 44.0   427.00000
 46.0   237.00000
 47.0   481.50000
 48.0   476.00000
 51.0   407.50000
 52.0   371.00000
 53.0   606.50000
 54.0   952.25000
 55.0   436.75000
 57.0   269.25000
 58.0   412.50000
 59.0   621.50000
 60.0   355.50000
 61.0   388.75000
 62.0   359.25000
 63.0   689.75000
 64.0   391.25000
 65.0     0.00000
 66.0   443.50000
 67.0   393.50000
 68.0   286.75000
 70.0   669.00000
 72.0   375.50000
 73.0   806.50000
 75.0   627.00000
 76.0   363.50000
 77.0   408.00000
 78.0   465.50000
 79.0   755.00000
 81.0   556.25000
 82.0   625.75000
 84.0   539.50000
 85.0   315.00000
 86.0   727.25000
 87.0   408.50000
 88.0   483.25000
 90.0   547.00000
 91.0   646.25000
 92.0   623.25000
 93.0   578.00000
 94.0     0.00000
 95.0   187.00000
 96.0   347.00000
 97.0   271.00000
100.0   615.25000
101.0   359.75000
102.0   475.75000
103.0   222.75000
104.0   752.00000
105.0   744.00000
106.0   562.75000
107.0   366.00000
108.0   317.25000
110.0   432.50000
113.0   916.50000
114.0   543.00000
115.0   226.00000
116.0   591.75000
117.0   334.25000
118.0   385.75000
119.0   589.50000
120.0   395.75000
121.0   922.25000
123.0   509.75000
124.0   869.25000
125.0   448.50000
126.0   419.25000
127.0   762.00000
128.0   356.25000
129.0   213.75000
132.0   676.00000
133.0   653.75000
134.0   552.00000
135.0   493.25000
136.0   640.50000
138.0   604.25000
139.0   415.50000
140.0   366.25000
143.0   611.75000
144.0   331.00000
145.0   601.50000
147.0   196.50000
148.0   323.75000
150.0   715.50000
152.0   568.75000
153.0   212.50000
154.0   878.25000
156.0   614.25000
157.0   795.50000
161.0   290.00000
162.0   387.25000
164.0   347.75000
166.0   577.25000
167.0   487.75000
169.0   479.00000
172.0   531.00000
173.0   414.25000
175.0   329.50000
176.0   511.50000
177.0   431.75000
179.0   687.75000
183.0   445.75000
184.0   283.75000
185.0   322.00000
186.0   528.50000
188.0   543.50000
189.0   503.00000
190.0   583.50000
193.0   395.50000
194.0   307.25000
198.0   492.00000
199.0   229.00000
202.0   359.25000
203.0   275.50000
205.0   349.75000
207.0   608.50000
208.0   636.25000
209.0   400.75000
210.0   742.25000
211.0   578.75000
215.0   619.75000
217.0   704.25000
219.0   452.50000
220.0   632.00000
221.0   718.50000
222.0   811.00000
225.0   452.50000
226.0   549.25000
227.0   469.25000
228.0   346.25000
229.0   332.00000
230.0   561.25000
232.0   656.00000
234.0   312.25000
237.0   376.50000
238.0   900.00000
239.0   553.25000
241.0   428.50000
242.0   649.50000
243.0   394.75000
244.0   296.50000
246.0   380.00000
247.0   277.25000
248.0   292.75000
250.0   354.00000
252.0   507.75000
253.0   952.50000
255.0   269.00000
256.0   533.25000
257.0   742.00000
258.0   280.25000
259.0   630.50000
261.0   629.75000
264.0   365.00000
266.0   375.50000
267.0   308.75000
269.0   724.75000
270.0   447.50000
271.0   682.50000
274.0   482.00000
275.0   879.75000
276.0   808.00000
277.0   422.50000
278.0   437.25000
279.0   507.75000
280.0   400.00000
282.0   356.75000
283.0   651.00000
284.0   277.00000
285.0   836.25000
287.0   711.25000
288.0   424.50000
289.0   723.00000
290.0   312.50000
291.0   756.50000
293.0   285.50000
294.0   289.50000
295.0   498.75000
297.0   313.25000
300.0   338.50000
302.0   487.75000
304.0   433.00000
306.0   630.75000
312.0   780.25000
313.0   221.25000
314.0   452.75000
315.0   235.00000
316.0   406.50000
318.0   406.50000
319.0   687.25000
321.0   318.00000
322.0   582.75000
323.0   319.50000
325.0   284.25000
326.0   534.00000
327.0   600.25000
328.0   356.25000
329.0   356.00000
331.0   545.25000
334.0   348.25000
336.0   650.50000
337.0   331.75000
338.0   515.25000
339.0   423.25000
340.0   561.00000
342.0   385.00000
343.0   338.75000
345.0   795.00000
347.0   289.00000
348.0   641.25000
349.0   368.00000
350.0   277.75000
351.0   254.75000
352.0   499.25000
355.0   272.75000
357.0   706.50000
361.0   442.25000
362.0   428.00000
363.0   344.75000
364.0   553.75000
365.0   331.75000
366.0   270.50000
369.0   487.50000
370.0   419.50000
371.0   634.00000
372.0   489.75000
373.0   480.50000
375.0   787.00000
376.0   529.00000
377.0   272.25000
378.0   456.75000
379.0   997.00000
380.0   715.50000
382.0   644.25000
383.0   854.25000
384.0   287.00000
386.0   447.25000
387.0   418.25000
388.0   291.50000
390.0   556.00000
392.0   662.50000
393.0   547.25000
394.0   321.00000
395.0   410.75000
397.0   203.00000
398.0   353.25000
399.0   439.50000
401.0   666.75000
403.0   489.25000
404.0   227.25000
405.0   385.25000
408.0   738.00000
409.0   553.50000
410.0   863.50000
411.0   346.75000
412.0   668.50000
413.0   438.25000
415.0   523.75000
416.0   668.75000
418.0   492.50000
420.0   400.25000
422.0   484.00000
423.0   336.50000
426.0   610.75000
427.0   448.00000
430.0   246.25000
431.0   381.25000
432.0   302.25000
433.0   432.50000
434.0   395.25000
436.0   427.25000
437.0   558.00000
438.0   263.50000
440.0   608.75000
441.0   487.00000
442.0   246.00000
443.0   564.50000
444.0   301.50000
445.0   514.00000
446.0   674.50000
447.0   597.75000
449.0   545.00000
450.0   227.50000
451.0   420.00000
452.0   224.50000
453.0   761.75000
454.0   368.75000
455.0   264.00000
456.0   624.50000
457.0   727.00000
458.0   317.50000
460.0   389.50000
461.0   311.75000
462.0   470.00000
463.0   432.75000
464.0   540.25000
468.0   310.50000
471.0   154.75000
472.0   435.75000
474.0   881.25000
477.0   407.50000
478.0   774.25000
480.0   743.50000
481.0   314.50000
482.0   302.75000
484.0   471.00000
486.0   455.75000
487.0   396.25000
488.0   302.50000
489.0   855.50000
490.0   796.00000
491.0   442.25000
492.0   331.00000
493.0   717.00000
494.0   551.50000
495.0   871.75000
497.0   401.25000
500.0   471.50000
