  1.0    26.75000
  3.0    70.25000
  4.0   360.75000
  6.0   372.25000
  8.0   216.25000
 10.0   216.25000
 11.0   320.25000
 12.0    40.25000
 14.0   217.75000
 18.0   228.00000
 19.0    52.25000
 20.0   190.25000
 21.0   232.00000
 24.0   119.75000
 27.0    95.00000
 28.0   123.50000
 29.0   254.00000
 30.0    51.75000
 32.0   509.75000
 34.0    67.75000
 35.0    91.00000
 38.0   279.00000
 39.0    82.00000
 40.0   198.25000
 41.0   153.00000
 42.0   226.25000
 43.0   234.00000
 44.0    75.25000
 45.0    90.25000
 48.0   105.75000
 51.0   165.75000
 52.0    75.50000
 53.0   153.00000
 54.0    82.25000
 55.0   262.50000
 57.0   342.25000
 59.0    56.75000
 60.0   283.00000
 61.0    36.25000
 65.0   241.75000
 66.0    47.75000
 69.0   111.50000
 70.0    67.50000
 71.0    40.50000
 72.0    57.25000
 75.0    28.25000
 76.0   393.25000
 80.0    41.75000
 81.0   106.00000
 82.0    92.75000
 83.0    78.75000
 84.0    44.50000
 85.0    94.00000
 86.0   100.25000
 87.0    34.50000
 89.0   159.50000
 91.0   382.00000
 96.0    53.50000
 97.0   244.25000
 98.0    54.75000
101.0   240.50000
104.0    93.75000
107.0    38.00000
108.0    32.75000
109.0   171.00000
113.0   194.25000
114.0   188.50000
115.0    80.00000
116.0    32.50000
117.0    57.25000
119.0   202.75000
120.0   199.50000
128.0    74.25000
131.0   104.00000
132.0    58.00000
133.0   138.25000
137.0    90.00000
138.0    55.25000
145.0   136.25000
146.0    97.25000
147.0   126.50000
148.0    81.75000
150.0   115.25000
151.0    32.75000
152.0    84.50000
153.0    62.25000
154.0    94.50000
156.0    87.75000
157.0   129.00000
158.0   129.25000
159.0   123.00000
160.0    55.50000
164.0   103.00000
165.0    55.50000
167.0   121.50000
173.0   128.50000
175.0    51.25000
176.0    42.00000
179.0   107.00000
181.0   502.50000
182.0    44.00000
183.0    55.00000
186.0    27.25000
192.0   437.00000
193.0   122.75000
194.0   112.75000
196.0    37.25000
198.0   232.25000
205.0   141.25000
206.0    42.50000
207.0   147.25000
208.0    93.50000
210.0    77.25000
211.0    34.75000
212.0    64.25000
215.0   213.50000
216.0    37.25000
218.0    57.50000
219.0   238.50000
222.0    49.75000
226.0    42.00000
227.0    83.00000
229.0    89.75000
230.0   143.25000
233.0   106.50000
234.0   123.25000
235.0    43.75000
237.0    43.00000
241.0   175.50000
242.0    40.25000
243.0   132.75000
244.0   195.50000
245.0   435.00000
247.0    88.25000
248.0   202.25000
249.0    56.00000
251.0   214.75000
252.0    88.00000
254.0    69.00000
256.0   235.00000
257.0    83.00000
259.0    48.00000
261.0    28.00000
262.0    55.00000
263.0    56.75000
265.0   109.50000
266.0   102.75000
267.0    35.25000
270.0   147.25000
271.0    32.50000
272.0    91.50000
274.0    84.00000
276.0    47.25000
277.0    27.00000
278.0   173.00000
280.0    51.00000
281.0    46.75000
284.0   100.75000
285.0    48.50000
287.0   180.75000
288.0   142.50000
290.0   138.50000
291.0    67.25000
292.0   167.50000
295.0    52.00000
296.0   272.25000
298.0    59.75000
300.0    45.50000
301.0   149.50000
303.0    55.00000
304.0   430.50000
308.0   124.50000
312.0   111.50000
313.0    90.75000
314.0   135.50000
315.0   183.00000
316.0   238.00000
317.0    22.25000
320.0    66.75000
321.0    97.25000
323.0   273.00000
324.0    55.00000
325.0    46.00000
326.0   113.75000
328.0   131.75000
329.0   297.50000
330.0    66.25000
331.0    85.75000
332.0   252.50000
333.0    36.00000
334.0   217.50000
335.0   204.75000
336.0    77.75000
339.0    29.25000
340.0   127.75000
343.0   101.25000
344.0    27.75000
345.0   276.75000
349.0   102.75000
350.0   145.75000
351.0   145.50000
352.0    26.00000
356.0    29.75000
357.0    79.00000
358.0   433.25000
360.0   263.75000
363.0    56.50000
364.0    62.50000
365.0   104.50000
367.0    50.25000
369.0   113.25000
370.0    43.25000
371.0    61.75000
373.0    76.50000
376.0   153.25000
378.0   298.00000
379.0   136.50000
380.0    54.25000
381.0   121.25000
383.0    50.75000
386.0   167.75000
388.0    37.50000
389.0    92.25000
391.0   213.25000
392.0   197.25000
394.0    72.00000
396.0    45.00000
399.0    52.25000
401.0   143.25000
402.0    62.25000
404.0   289.25000
405.0    61.75000
406.0   155.00000
408.0   209.50000
409.0   140.75000
414.0   124.25000
415.0    67.75000
417.0   111.50000
419.0   313.50000
420.0   226.25000
421.0   223.50000
422.0    71.00000
425.0   185.00000
427.0   255.75000
430.0    36.50000
432.0    64.00000
434.0    45.25000
439.0   266.50000
440.0   108.50000
442.0   192.50000
445.0   205.50000
446.0    31.00000
450.0    43.75000
451.0   141.25000
455.0    47.00000
456.0    43.25000
461.0   247.25000
463.0   250.00000
464.0   397.00000
465.0    46.25000
466.0   127.25000
469.0   166.50000
470.0   153.75000
473.0    55.75000
475.0   129.75000
476.0    37.50000
478.0   212.00000
481.0   103.50000
482.0   261.50000
483.0   156.25000
487.0   151.00000
488.0   144.00000
490.0    35.50000
491.0    55.25000
493.0   115.00000
496.0   301.75000
497.0   312.00000
499.0   295.50000
