  1.0    87.52264
  3.0    79.43736
  4.0    94.32855
  6.0    65.02909
  8.0    83.74521
 10.0    80.31994
 11.0    93.13675
 12.0    78.34688
 14.0    83.97101
 18.0    78.20218
 19.0    69.22279
 20.0    64.36267
 21.0    81.30134
 24.0    78.01592
 27.0    61.58129
 28.0    75.72837
 29.0    84.38516
 30.0    82.61764
 32.0    94.84029
 34.0    60.78821
 35.0    84.33593
 38.0    83.06739
 39.0    55.22945
 40.0    68.81295
 41.0    63.94096
 42.0    82.96754
 43.0    67.53688
 44.0    69.69957
 45.0    55.99519
 48.0    74.43413
 51.0    54.95727
 52.0    57.66265
 53.0    64.15264
 54.0    83.08727
 55.0    67.31511
 57.0    72.38183
 59.0    89.66048
 60.0    97.34223
 61.0    89.89124
 65.0    86.24004
 66.0    83.71326
 69.0    59.60555
 70.0    83.56274
 71.0    92.07433
 72.0    86.73270
 75.0    81.10709
 76.0    82.36007
 80.0    84.35485
 81.0    73.53020
 82.0    79.21766
 83.0    78.88164
 84.0    82.88579
 85.0    67.91446
 86.0    72.12279
 87.0    85.29730
 89.0   120.78755
 91.0    82.95957
 96.0    82.65653
 97.0    87.40095
 98.0    84.22997
101.0    82.71618
104.0    64.38021
107.0    81.00646
108.0    83.04683
109.0    66.35972
113.0    94.00578
114.0    84.72014
115.0    79.17586
116.0    84.51233
117.0    60.51772
119.0    84.22585
120.0    73.92582
128.0    76.07366
131.0    63.32453
132.0    67.26382
133.0    75.82374
137.0    77.96879
138.0    90.66969
145.0    84.33666
146.0    69.49584
147.0    86.48313
148.0    72.02299
150.0    70.36840
151.0    85.90111
152.0    85.82193
153.0    84.39172
154.0    44.81051
156.0    76.36579
157.0    72.39781
158.0    76.47927
159.0    79.20468
160.0    86.74414
164.0    70.92830
165.0    87.21041
167.0    70.67755
173.0    80.13864
175.0    83.09417
176.0    91.44961
179.0    80.21758
181.0    58.60304
182.0    89.75445
183.0    89.48991
186.0    84.67703
192.0    87.30654
193.0    65.08926
194.0    53.37762
196.0    84.39429
198.0    92.13287
205.0    75.27780
206.0    88.63479
207.0    70.62431
208.0    82.71352
210.0    78.13622
211.0    87.21527
212.0    70.90557
215.0    87.63493
216.0    82.54288
218.0    77.56746
219.0    94.11854
222.0    79.86776
226.0    86.24732
227.0    64.97084
229.0    71.01904
230.0    84.73471
233.0    76.30466
234.0    80.12674
235.0    86.60029
237.0    82.77224
241.0    62.79830
242.0    93.43556
243.0    77.59507
244.0    75.91954
245.0    93.99265
247.0    64.50174
248.0    77.07383
249.0    95.94244
251.0    73.55629
252.0    75.62355
254.0    74.49341
256.0    93.30595
257.0    60.94796
259.0    77.22547
261.0    74.73069
262.0    71.76414
263.0    78.43372
265.0    54.67448
266.0    76.12072
267.0    82.32640
270.0    77.37076
271.0    83.52771
272.0    53.70873
274.0    54.45120
276.0    88.04395
277.0    83.79978
278.0    52.61455
280.0    81.85565
281.0    90.38752
284.0    83.13564
285.0    86.02636
287.0    65.98100
288.0    89.71142
290.0    83.73966
291.0    82.51573
292.0    73.75551
295.0    83.80596
296.0    95.48731
298.0    85.16234
300.0    93.37687
301.0    76.94479
303.0    82.66198
304.0    91.73752
308.0    79.11232
312.0    73.90639
313.0    73.21445
314.0    85.23778
315.0    78.08909
316.0    73.46857
317.0    57.84698
320.0    71.88141
321.0    70.25289
323.0    85.74537
324.0    87.43498
325.0    86.56622
326.0    72.67758
328.0    76.49431
329.0    83.10564
330.0    64.93535
331.0    63.75034
332.0    83.48505
333.0    81.23463
334.0    85.60857
335.0    73.56965
336.0    82.62054
339.0    75.81333
340.0    79.55422
343.0    67.99829
344.0    84.68229
345.0    93.39998
349.0    85.75995
350.0    84.72022
351.0    85.47364
352.0    87.09833
356.0    83.76754
357.0    68.56996
358.0    84.30475
360.0    82.33957
363.0    86.03113
364.0    56.71470
365.0    66.50358
367.0    73.83110
369.0    85.86292
370.0    83.76044
371.0    81.20425
373.0    85.87069
376.0    82.70324
378.0    86.57046
379.0    81.00586
380.0    87.89522
381.0    72.36170
383.0    86.70666
386.0    84.86355
388.0    89.06495
389.0    73.48370
391.0    80.82143
392.0    81.61675
394.0    66.00884
396.0    57.67154
399.0    86.26556
401.0    83.66805
402.0    76.47499
404.0    89.37932
405.0    67.22182
406.0    65.66574
408.0    89.20352
409.0    80.94678
414.0    77.82901
415.0    61.85704
417.0    82.26950
419.0    88.20980
420.0    90.99146
421.0    81.06210
422.0    82.21360
425.0    72.45620
427.0    81.89485
430.0    86.64891
432.0    67.53441
434.0    80.11911
439.0    80.15115
440.0    77.98425
442.0    82.95711
445.0    80.45884
446.0    81.22238
450.0    85.82316
451.0    81.33949
455.0    84.45863
456.0    82.97926
461.0    69.97757
463.0    95.23706
464.0   101.03259
465.0    76.68140
466.0    87.03040
469.0    63.81501
470.0    63.22618
473.0    86.74676
475.0    80.10261
476.0    86.53224
478.0    90.57990
481.0    90.48268
482.0    68.08603
483.0    83.96616
487.0    57.85050
488.0    88.28030
490.0    79.23585
491.0    72.99784
493.0    88.31247
496.0    86.81258
497.0    81.95473
499.0    87.22536
