  2.0   291.25000
  5.0    42.50000
  7.0    30.00000
  9.0   128.25000
 13.0    29.75000
 15.0   288.75000
 16.0   123.00000
 17.0    28.25000
 22.0    29.50000
 23.0    26.75000
 25.0    34.50000
 26.0   211.25000
 31.0    58.75000
 33.0    32.75000
 36.0    27.00000
 37.0    25.75000
 46.0   288.00000
 47.0    55.25000
 49.0    50.25000
 50.0   377.00000
 56.0    51.75000
 58.0   300.75000
 62.0   209.00000
 63.0    23.00000
 64.0   140.25000
 67.0    27.50000
 68.0    36.25000
 73.0   195.25000
 74.0    29.25000
 77.0    39.25000
 78.0    31.25000
 79.0    36.00000
 88.0    31.75000
 90.0   444.00000
 92.0    27.25000
 93.0   216.00000
 94.0    34.25000
 95.0   300.50000
 99.0    24.00000
100.0    35.25000
102.0    74.75000
103.0   129.25000
105.0    35.50000
106.0    50.75000
110.0    29.75000
111.0    28.25000
112.0    30.00000
118.0   319.25000
121.0    26.75000
122.0    30.25000
123.0   345.25000
124.0    28.00000
125.0    25.50000
126.0   225.25000
127.0   198.00000
129.0    31.00000
130.0   322.00000
134.0    25.75000
135.0    41.50000
136.0    36.00000
139.0    34.50000
140.0   397.00000
141.0    39.75000
142.0   156.00000
143.0    33.25000
144.0    31.75000
149.0    39.00000
155.0   196.25000
161.0   270.25000
162.0    28.75000
163.0    23.00000
166.0    20.50000
168.0   278.75000
169.0    27.00000
170.0    32.00000
171.0    32.75000
172.0    48.25000
174.0    30.25000
177.0    40.75000
178.0    28.00000
180.0   208.00000
184.0    36.25000
185.0    29.75000
187.0    27.00000
188.0    47.75000
189.0    27.25000
190.0    86.50000
191.0    24.75000
195.0   286.50000
197.0   579.25000
199.0    28.00000
200.0    23.75000
201.0    28.75000
202.0   281.00000
203.0    33.00000
204.0    97.50000
209.0    31.25000
213.0    37.25000
214.0   126.50000
217.0    36.00000
220.0   194.50000
221.0    26.50000
223.0    29.75000
224.0   268.50000
225.0    32.75000
228.0   253.75000
231.0   241.50000
232.0   124.75000
236.0   460.75000
238.0   201.25000
239.0    26.25000
240.0    32.25000
246.0   283.75000
250.0    37.25000
253.0    24.50000
255.0   547.00000
258.0   268.00000
260.0   129.25000
264.0    27.25000
268.0    27.25000
269.0    29.75000
273.0    29.75000
275.0    57.00000
279.0    74.00000
282.0    25.75000
283.0   209.00000
286.0    26.00000
289.0    23.75000
293.0    31.00000
294.0    28.25000
297.0    26.75000
299.0   254.25000
302.0   278.25000
305.0   269.75000
306.0    32.50000
307.0    33.00000
309.0    28.50000
310.0    47.50000
311.0    26.25000
318.0   253.00000
319.0    25.00000
322.0    22.50000
327.0    25.25000
337.0    34.25000
338.0    31.25000
341.0    26.25000
342.0    26.00000
346.0   214.00000
347.0    29.75000
348.0    23.50000
353.0   418.75000
354.0    21.00000
355.0   426.00000
359.0    37.00000
361.0    52.50000
362.0    30.75000
366.0    33.75000
368.0    30.50000
372.0   296.00000
374.0    34.50000
375.0   127.00000
377.0   321.50000
382.0   132.75000
384.0    45.00000
385.0    28.25000
387.0    43.50000
390.0    17.75000
393.0   199.25000
395.0    29.50000
397.0    28.50000
398.0   242.25000
400.0   284.50000
403.0    32.25000
407.0    30.25000
410.0    45.25000
411.0    19.50000
412.0   123.25000
413.0    23.50000
416.0    23.75000
418.0   281.25000
423.0   205.50000
424.0   409.25000
426.0    29.50000
428.0   127.75000
429.0    26.25000
431.0   274.25000
433.0    31.00000
435.0    30.50000
436.0    29.25000
437.0    32.75000
438.0    28.25000
441.0   366.25000
443.0    44.25000
444.0    37.50000
447.0   450.50000
448.0    33.75000
449.0   126.50000
452.0   138.75000
453.0    24.50000
454.0   378.50000
457.0    29.25000
458.0    31.25000
459.0   294.75000
460.0    40.50000
462.0    29.75000
467.0   257.00000
468.0   278.25000
471.0   266.25000
472.0    53.75000
474.0    78.25000
477.0   275.50000
479.0   279.50000
480.0    30.25000
484.0    34.50000
485.0   205.75000
486.0    76.25000
489.0    24.50000
492.0    31.25000
494.0    43.00000
495.0   218.25000
498.0   236.50000
500.0    28.00000
