  2.0    97.17564
  5.0    83.01823
  7.0    88.81023
  9.0    99.21732
 13.0    81.62346
 15.0    92.29267
 16.0    84.30749
 17.0    85.05775
 22.0    85.18555
 23.0    81.14685
 25.0    79.61229
 26.0    90.42090
 31.0    89.52906
 33.0    89.48209
 36.0    83.43243
 37.0    86.58073
 46.0    88.81315
 47.0    82.16339
 49.0    91.77696
 50.0    94.98376
 56.0   102.31111
 58.0    92.47763
 62.0    80.69105
 63.0    91.79909
 64.0    85.27880
 67.0    83.38833
 68.0    89.18754
 73.0    90.12742
 74.0    92.15914
 77.0    85.72254
 78.0    84.63005
 79.0    95.98930
 88.0    87.20091
 90.0   100.13519
 92.0    85.05114
 93.0    85.59308
 94.0    95.06933
 95.0    95.11145
 99.0    81.60531
100.0    87.06998
102.0    89.13986
103.0    80.28115
105.0    90.22363
106.0    90.68238
110.0    89.68940
111.0    89.10322
112.0    86.16286
118.0    93.64595
121.0    82.61325
122.0    90.10036
123.0    98.21749
124.0    85.36030
125.0    87.01725
126.0    95.72001
127.0    96.95137
129.0    84.16333
130.0   130.10768
134.0    81.35939
135.0    94.11959
136.0    90.07318
139.0    88.35926
140.0    94.10226
141.0    93.93737
142.0    86.09962
143.0    83.94731
144.0    84.05181
149.0    86.38465
155.0    90.46921
161.0    95.17839
162.0    91.19148
163.0    72.25496
166.0    85.92350
168.0    97.42574
169.0    78.98813
170.0    82.24749
171.0    85.76584
172.0    90.93742
174.0    86.82630
177.0    92.69771
178.0    91.78101
180.0    88.33345
184.0    88.77219
185.0    91.21329
187.0    80.45027
188.0   110.31386
189.0    85.11632
190.0    91.21950
191.0    76.74051
195.0    97.62203
197.0   118.47284
199.0    85.43479
200.0    87.70411
201.0    85.81767
202.0   101.01967
203.0    83.43820
204.0    89.92831
209.0    86.15717
213.0    89.76532
214.0    91.70422
217.0    94.39255
220.0    88.10712
221.0    83.36045
223.0    87.40195
224.0   105.75937
225.0    84.99327
228.0    85.65250
231.0   100.30420
232.0    94.44682
236.0   108.65160
238.0    85.18714
239.0    85.14088
240.0    86.62034
246.0    94.25746
250.0    81.07245
253.0    92.85466
255.0   102.21414
258.0    93.16559
260.0    92.58768
264.0    88.86231
268.0    86.87202
269.0    85.01003
273.0    85.33470
275.0    86.85740
279.0    89.64776
282.0    87.67080
283.0    90.29575
286.0    88.84050
289.0    82.36178
293.0    80.34296
294.0    86.86807
297.0    88.00188
299.0   108.18863
302.0    91.21352
305.0    90.61715
306.0    85.74603
307.0    86.71058
309.0    84.83940
310.0    90.87517
311.0    81.81781
318.0    88.51045
319.0    91.49748
322.0    76.24053
327.0    84.59186
337.0    92.73877
338.0    79.49008
341.0    85.23828
342.0    79.72157
346.0    97.16686
347.0    87.60517
348.0    79.07770
353.0    95.96271
354.0    82.78017
355.0    95.68465
359.0    82.63414
361.0    92.31822
362.0    85.44062
366.0    89.22019
368.0    89.63747
372.0    97.49731
374.0    87.81320
375.0    94.46288
377.0    95.70279
382.0    93.28607
384.0    95.29934
385.0    85.86592
387.0    88.31441
390.0    79.37316
393.0    79.16243
395.0    87.55496
397.0    86.55109
398.0   111.38901
400.0    99.63875
403.0    85.40056
407.0    87.41337
410.0    81.87784
411.0    87.64299
412.0    93.56829
413.0    85.21305
416.0    86.42255
418.0   103.09905
423.0    84.17876
424.0    88.56060
426.0    82.47468
428.0    80.88530
429.0    86.22961
431.0    94.64213
433.0    88.48537
435.0    90.48827
436.0    93.10011
437.0    85.00121
438.0    86.12289
441.0    95.86623
443.0    85.43660
444.0    86.01851
447.0   110.13050
448.0    91.48863
449.0    85.12820
452.0    97.41334
453.0    92.19537
454.0   119.32938
457.0    86.99185
458.0    87.98749
459.0    88.88376
460.0    88.62599
462.0    86.30132
467.0    88.05794
468.0    93.04314
471.0   100.71472
472.0    79.36384
474.0    83.73980
477.0    96.32183
479.0   100.18908
480.0    88.48412
484.0    88.32286
485.0    87.31071
486.0    94.11181
489.0    86.61233
492.0    86.95695
494.0    85.42423
495.0   103.39703
498.0    90.49312
500.0    84.53777
