  7.0    96.49891
  8.0    96.43986
 12.0   101.24262
 14.0   106.47410
 15.0    95.93142
 18.0    95.74290
 20.0    95.00662
 21.0   102.21015
 25.0    97.41848
 29.0    90.56478
 36.0    98.73914
 43.0    99.14912
 50.0    90.47361
 52.0    80.48971
 62.0    97.45377
 66.0    97.43802
 67.0    97.66074
 68.0   110.65484
 71.0    94.23133
 80.0    90.08940
 87.0    94.75584
103.0    92.24745
106.0    97.88045
121.0    98.79431
128.0    99.12923
131.0    92.07518
134.0    91.38814
144.0    98.99803
145.0    99.06980
146.0    96.85171
149.0    91.44469
151.0    94.56989
165.0    95.55052
169.0    90.21051
172.0    98.93268
175.0    98.40864
178.0    97.80655
179.0    77.02792
182.0   109.64590
197.0    96.57447
201.0    99.38193
209.0   102.22193
211.0    87.07739
212.0    93.93606
221.0    79.82359
222.0    97.55012
228.0    90.26587
229.0    93.77323
230.0    92.06327
236.0    92.81452
239.0    94.91766
240.0    90.98250
241.0    76.93998
242.0    87.20893
245.0    97.85373
254.0   105.57027
261.0    95.43110
262.0   100.33887
266.0    97.08397
267.0    98.68172
284.0    96.36944
286.0    94.26388
290.0    93.64099
291.0    86.80941
298.0   100.52755
300.0    92.83417
301.0   109.28054
306.0    95.65635
310.0    93.31392
318.0    98.53446
320.0    80.82095
324.0    86.77759
327.0    97.45402
328.0    98.34039
330.0    98.15222
336.0    86.54849
339.0    93.92776
343.0    95.35236
350.0    93.57695
354.0   101.10568
362.0    87.90173
367.0    96.80381
368.0    98.84263
369.0   101.67610
381.0    95.41614
392.0    98.25681
402.0    99.24285
403.0    93.24794
406.0    99.41445
408.0    92.74345
410.0    98.14355
414.0    92.65527
424.0   103.39356
426.0    54.60992
432.0    92.48722
433.0    89.05686
435.0    94.08401
440.0    71.81300
444.0    86.39013
461.0    94.91561
463.0    89.58525
464.0    72.88574
480.0    96.69102
481.0    93.72666
484.0   111.82110
487.0    95.15776
492.0    98.04437
493.0    89.91418
499.0    81.60763
500.0    95.41289
