  7.0   401.25000
  8.0   286.50000
 12.0   451.50000
 14.0   364.25000
 15.0   514.00000
 18.0   393.25000
 20.0   409.75000
 21.0   458.50000
 25.0   566.75000
 29.0   672.75000
 36.0   380.75000
 43.0   838.50000
 50.0   446.50000
 52.0   348.25000
 62.0   411.00000
 66.0   522.00000
 67.0   453.50000
 68.0   377.50000
 71.0   519.75000
 80.0   514.00000
 87.0   376.50000
103.0   390.25000
106.0   416.50000
121.0   410.50000
128.0   511.00000
131.0   386.75000
134.0   517.75000
144.0   585.00000
145.0   395.50000
146.0   462.25000
149.0   607.50000
151.0   539.75000
165.0   580.50000
169.0   348.00000
172.0   383.75000
175.0   332.25000
178.0   381.25000
179.0   425.50000
182.0   300.75000
197.0   641.50000
201.0   667.75000
209.0   420.25000
211.0   631.00000
212.0   331.50000
221.0   420.00000
222.0   450.25000
228.0   352.25000
229.0   474.75000
230.0   476.75000
236.0   417.25000
239.0   502.75000
240.0   507.50000
241.0   600.75000
242.0   524.75000
245.0   433.25000
254.0   446.75000
261.0   341.00000
262.0   392.25000
266.0   391.75000
267.0   666.25000
284.0   516.00000
286.0   635.75000
290.0   692.00000
291.0   351.50000
298.0   417.25000
300.0   562.75000
301.0   590.00000
306.0   480.50000
310.0   764.50000
318.0   592.50000
320.0   576.75000
324.0   592.50000
327.0   403.50000
328.0   407.25000
330.0   400.75000
336.0   395.25000
339.0   463.25000
343.0   518.00000
350.0   407.50000
354.0   437.00000
362.0   464.75000
367.0   437.50000
368.0   505.75000
369.0   801.25000
381.0   531.00000
392.0   448.25000
402.0   397.50000
403.0   478.75000
406.0   601.50000
408.0   409.75000
410.0   681.50000
414.0   395.00000
424.0   383.25000
426.0   663.75000
432.0   394.25000
433.0   408.75000
435.0   562.25000
440.0   418.75000
444.0   520.00000
461.0   382.00000
463.0   494.00000
464.0   599.75000
480.0   605.50000
481.0   478.50000
484.0   497.75000
487.0   476.75000
492.0   640.75000
493.0   568.75000
499.0   397.50000
500.0   414.25000
