  1.0    98.98841
  2.0   118.68759
  3.0   115.78677
  4.0   127.94953
  5.0    93.49629
  6.0   100.00360
  9.0   101.72999
 10.0   107.55460
 11.0   107.49404
 13.0   101.88347
 16.0   133.51573
 17.0   106.73079
 19.0   117.26085
 22.0   112.68014
 23.0   102.01721
 24.0    91.88991
 26.0   102.49281
 27.0    99.66303
 28.0    97.89145
 30.0    99.62353
 31.0   109.67375
 32.0   176.52564
 33.0   143.12426
 34.0   100.04573
 35.0   105.03518
 37.0   103.46437
 38.0   120.50871
 39.0   103.91208
 40.0   104.95344
 41.0   120.19409
 42.0    98.94584
 44.0   107.81050
 45.0   101.63642
 46.0   111.80632
 47.0    97.44315
 48.0   116.26329
 49.0   100.57529
 51.0   120.82341
 53.0   116.09188
 54.0   128.42390
 55.0   113.95691
 56.0   139.50396
 57.0   125.46071
 58.0   112.61185
 59.0   142.07828
 60.0   135.95745
 61.0   122.04424
 63.0   110.54105
 64.0   112.09900
 65.0   115.48615
 69.0   105.97475
 70.0   111.34426
 72.0   105.46709
 73.0   102.60186
 74.0   118.93787
 75.0   107.54510
 76.0   112.44057
 77.0    94.37624
 78.0   110.75207
 79.0   106.63262
 81.0    96.64830
 82.0   102.43436
 83.0   102.34538
 84.0   107.35569
 85.0   116.55927
 86.0   116.54199
 88.0   104.98567
 89.0    95.32959
 90.0    96.49478
 91.0    99.60210
 92.0   102.01210
 93.0    97.85137
 94.0   110.12705
 95.0    96.19945
 96.0   103.37905
 97.0    99.45275
 98.0    96.91215
 99.0    96.67617
100.0    97.81415
101.0    99.09028
102.0   106.11371
104.0   100.55740
105.0   104.45432
107.0   108.50316
108.0   134.16749
109.0   108.59334
110.0   120.68552
111.0    98.59737
112.0   106.91838
113.0   131.67651
114.0   129.92817
115.0   136.80050
116.0   105.94467
117.0   115.83393
118.0   111.63984
119.0   103.78240
120.0   108.75672
122.0   108.33621
123.0   103.47740
124.0   106.07207
125.0   121.41166
126.0   102.12459
127.0   118.84648
129.0   103.11423
130.0   104.12681
132.0    98.93259
133.0    99.23757
135.0   103.22488
136.0   102.83677
137.0   108.65581
138.0   116.47292
139.0   126.21593
140.0   107.22105
141.0   101.93088
142.0   121.04674
143.0   118.09835
147.0   115.61405
148.0   107.97847
150.0   108.56761
152.0   111.49610
153.0    97.35242
154.0   106.51297
155.0   106.10074
156.0   125.64592
157.0   113.48639
158.0   102.58984
159.0   105.16482
160.0    99.29987
161.0   105.12566
162.0    98.50309
163.0   103.68210
164.0    98.78302
166.0    99.04944
167.0   100.93187
168.0   104.33892
170.0   138.13884
171.0   118.05772
173.0   108.12977
174.0    98.96354
176.0    97.21970
177.0   149.61105
180.0   103.29696
181.0    98.33630
183.0   102.26732
184.0   108.27394
185.0   105.40607
186.0   110.33600
187.0    96.56774
188.0   105.52418
189.0   110.13833
190.0   114.45766
191.0   103.35871
192.0   104.73278
193.0   105.33045
194.0   115.42566
195.0   105.71344
196.0   100.21875
198.0   113.15974
199.0   108.73420
200.0   104.55664
202.0   114.50505
203.0   106.74316
204.0    95.44676
205.0   105.97564
206.0   103.95877
207.0   135.27313
208.0   103.13368
210.0    99.67284
213.0   110.57740
214.0    99.51594
215.0   106.75159
216.0   106.90766
217.0   103.57942
218.0    90.32579
219.0    99.45687
220.0   100.85628
223.0   101.53717
224.0    96.61164
225.0   103.19809
226.0   100.90655
227.0    99.70883
231.0    98.23111
232.0   103.86507
233.0   104.13953
234.0   126.45693
235.0   116.86176
237.0    95.79859
238.0    91.88588
243.0   122.71102
244.0   107.29728
246.0   109.61227
247.0   121.25433
248.0   106.26392
249.0   108.33105
250.0   107.89291
251.0   105.02153
252.0   120.16086
253.0   119.70912
255.0    95.01933
256.0   114.44543
257.0   103.74620
258.0   101.56971
259.0   122.31976
260.0   102.64359
263.0    93.84284
264.0   114.45296
265.0   111.78911
268.0    99.61527
269.0   106.11526
270.0   107.00924
271.0   110.42232
272.0   101.08575
273.0   130.56449
274.0   111.56754
275.0   106.59068
276.0   123.00180
277.0    98.76385
278.0    96.18607
279.0   104.35563
280.0    98.59337
281.0    98.38888
282.0   106.92401
283.0   108.71112
285.0   101.61663
287.0   110.37917
288.0   141.23174
289.0    96.41825
292.0   112.72502
293.0   113.74047
294.0   106.78438
295.0    93.36119
296.0   109.50353
297.0    99.86658
299.0   109.76293
302.0   104.50386
303.0   116.25516
304.0    89.55251
305.0   104.40043
307.0   105.22944
308.0   108.08751
309.0   112.01179
311.0   106.80384
312.0    93.50422
313.0   114.87842
314.0   124.30696
315.0   124.83350
316.0   110.88598
317.0   108.90254
319.0   108.31853
321.0   109.07273
322.0   116.74898
323.0    97.96698
325.0   116.74631
326.0    99.63923
329.0   118.20562
331.0   105.65281
332.0   107.74974
333.0   157.88197
334.0   109.34535
335.0   118.94339
337.0   103.58127
338.0   108.69305
340.0   101.97835
341.0    96.20478
342.0   120.36064
344.0   107.18071
345.0   103.41196
346.0   105.83739
347.0   110.47601
348.0   108.77386
349.0   118.24987
351.0   102.36130
352.0   128.72662
353.0   104.40946
355.0   105.09423
356.0   117.09535
357.0   120.96477
358.0   107.08560
359.0    87.21809
360.0   103.23218
361.0   104.13621
363.0    95.12533
364.0   101.24860
365.0   111.18019
366.0   108.00228
370.0    98.23504
371.0   116.73798
372.0   117.26597
373.0   108.37935
374.0   102.31458
375.0   103.94628
376.0   103.81819
377.0   101.88077
378.0   114.66305
379.0    90.62364
380.0   109.66309
382.0   109.66167
383.0   132.80529
384.0   107.00864
385.0   103.30191
386.0    98.99848
387.0   106.01977
388.0    98.09884
389.0    91.63711
390.0   114.80998
391.0   149.95646
393.0   108.69638
394.0   100.07064
395.0    92.87970
396.0    98.73720
397.0   106.01959
398.0   111.68487
399.0    98.83019
400.0   105.75995
401.0   114.85663
404.0   128.38766
405.0   103.97960
407.0   115.32752
409.0   100.28223
411.0   119.60866
412.0   115.13824
413.0   104.73345
415.0   102.43947
416.0   100.47709
417.0   116.96316
418.0   103.70285
419.0   106.59386
420.0   105.89958
421.0   110.24841
422.0   110.43903
423.0   100.79218
425.0   108.79815
427.0   110.29670
428.0   114.27088
429.0   108.13974
430.0   102.51619
431.0   107.22985
434.0   107.43313
436.0   141.59793
437.0   110.43791
438.0   113.15188
439.0   103.02425
441.0   118.80933
442.0   104.95698
443.0   116.83100
445.0   108.58578
446.0    94.75268
447.0   102.60802
448.0   117.98600
449.0    98.74037
450.0    96.99512
451.0   102.18804
452.0    99.96457
453.0   104.53046
454.0   110.89471
455.0   100.30695
456.0   110.14918
457.0   119.37884
458.0    98.37450
459.0    98.33593
460.0   105.69194
462.0   117.11546
465.0   107.12153
466.0   106.04410
467.0   120.87469
468.0   102.87317
469.0   110.74787
470.0   107.23586
471.0   110.22719
472.0   103.72144
473.0   107.45524
474.0   128.76725
475.0   115.47603
476.0   105.37691
477.0   119.83303
478.0   115.38489
479.0   107.42665
482.0   102.04390
483.0   105.92904
485.0   102.36320
486.0   104.52713
488.0   107.68051
489.0   109.84173
490.0    97.52570
491.0   108.20524
494.0   105.88623
495.0   110.88904
496.0    97.49398
497.0   108.42751
498.0   121.69974
