  1.0   580.25000
  2.0   403.50000
  3.0   464.50000
  4.0   350.25000
  5.0   442.75000
  6.0   478.50000
  9.0   667.50000
 10.0   773.50000
 11.0   272.50000
 13.0   533.25000
 16.0   539.00000
 17.0   323.00000
 19.0   332.25000
 22.0   375.25000
 23.0   396.00000
 24.0   414.00000
 26.0   587.00000
 27.0   632.50000
 28.0   470.50000
 30.0   405.00000
 31.0   221.50000
 32.0    10.50000
 33.0   155.75000
 34.0   467.50000
 35.0   449.75000
 37.0   427.25000
 38.0   373.75000
 39.0   434.50000
 40.0   358.50000
 41.0   562.00000
 42.0   573.00000
 44.0   249.50000
 45.0   405.00000
 46.0     0.00000
 47.0   409.50000
 48.0   419.25000
 49.0   602.00000
 51.0   349.50000
 53.0   236.75000
 54.0   339.75000
 55.0   353.50000
 56.0   222.25000
 57.0   343.25000
 58.0   515.75000
 59.0   318.00000
 60.0   253.50000
 61.0   328.50000
 63.0   418.25000
 64.0   361.50000
 65.0   450.75000
 69.0   391.25000
 70.0   536.75000
 72.0   409.75000
 73.0   512.50000
 74.0   542.00000
 75.0   681.50000
 76.0   410.00000
 77.0   532.00000
 78.0   426.75000
 79.0   389.75000
 81.0   493.75000
 82.0   494.75000
 83.0   277.25000
 84.0   477.25000
 85.0   665.00000
 86.0   364.75000
 88.0   411.75000
 89.0   665.75000
 90.0   368.25000
 91.0   461.25000
 92.0   537.50000
 93.0   408.00000
 94.0   387.50000
 95.0   424.75000
 96.0   326.25000
 97.0   988.25000
 98.0   327.25000
 99.0   528.50000
100.0   650.00000
101.0   409.00000
102.0   338.50000
104.0   530.75000
105.0   498.00000
107.0   485.50000
108.0   281.25000
109.0   379.75000
110.0   318.75000
111.0   623.00000
112.0   396.25000
113.0   345.75000
114.0   309.25000
115.0   345.25000
116.0   319.25000
117.0   563.50000
118.0   436.50000
119.0   418.75000
120.0   446.50000
122.0   255.00000
123.0   469.50000
124.0   283.00000
125.0   325.50000
126.0   524.50000
127.0   472.00000
129.0     0.00000
130.0   471.75000
132.0   364.75000
133.0   546.75000
135.0   370.00000
136.0   594.00000
137.0   484.00000
138.0   736.50000
139.0   252.75000
140.0   319.25000
141.0   619.75000
142.0   704.25000
143.0   623.75000
147.0   390.00000
148.0   477.25000
150.0   400.25000
152.0   395.50000
153.0   372.75000
154.0   505.00000
155.0   378.50000
156.0   413.25000
157.0   353.50000
158.0   379.50000
159.0   432.00000
160.0   456.00000
161.0   265.25000
162.0   390.75000
163.0   599.25000
164.0   335.75000
166.0   409.25000
167.0   412.00000
168.0   292.50000
170.0   349.00000
171.0   250.75000
173.0   416.75000
174.0   417.75000
176.0   526.75000
177.0   199.75000
180.0   492.75000
181.0   494.50000
183.0   362.00000
184.0   291.75000
185.0   560.50000
186.0   426.00000
187.0   400.75000
188.0   388.75000
189.0   347.75000
190.0   553.75000
191.0   401.25000
192.0   521.25000
193.0   511.75000
194.0   455.75000
195.0   389.00000
196.0   375.00000
198.0   487.75000
199.0   419.50000
200.0   613.25000
202.0   347.00000
203.0   653.25000
204.0   533.75000
205.0   496.75000
206.0   391.25000
207.0   185.00000
208.0   601.50000
210.0   515.25000
213.0   409.75000
214.0   604.50000
215.0   518.50000
216.0   417.50000
217.0   457.25000
218.0   605.00000
219.0   923.50000
220.0   580.00000
223.0   640.00000
224.0   398.75000
225.0   460.75000
226.0   494.25000
227.0   660.25000
231.0   411.25000
232.0   404.75000
233.0   305.50000
234.0   303.00000
235.0   579.50000
237.0   403.75000
238.0   459.25000
243.0   431.25000
244.0   628.25000
246.0   343.00000
247.0   468.75000
248.0   462.00000
249.0   554.00000
250.0   752.00000
251.0   684.00000
252.0   351.00000
253.0   397.25000
255.0   400.00000
256.0   366.75000
257.0   593.25000
258.0   307.25000
259.0   424.00000
260.0   605.00000
263.0   433.50000
264.0   790.00000
265.0   593.75000
268.0   410.50000
269.0   328.75000
270.0   265.00000
271.0   437.75000
272.0   549.25000
273.0   331.25000
274.0   424.75000
275.0   387.75000
276.0   387.75000
277.0   553.00000
278.0   689.00000
279.0   350.00000
280.0   565.75000
281.0   607.50000
282.0   499.00000
283.0   817.25000
285.0   414.00000
287.0   413.75000
288.0   229.50000
289.0   361.75000
292.0   335.75000
293.0   799.00000
294.0   386.00000
295.0   638.00000
296.0   419.00000
297.0   287.75000
299.0   381.00000
302.0   563.75000
303.0   298.50000
304.0   476.25000
305.0   313.00000
307.0   625.75000
308.0   408.00000
309.0   423.75000
311.0   379.50000
312.0   401.00000
313.0   536.25000
314.0   316.25000
315.0   344.75000
316.0   711.00000
317.0   395.00000
319.0   429.75000
321.0   323.00000
322.0   365.75000
323.0   285.00000
325.0   533.00000
326.0   407.50000
329.0   269.00000
331.0   378.00000
332.0   445.00000
333.0    68.75000
334.0   472.00000
335.0   370.25000
337.0   588.25000
338.0   813.00000
340.0   451.50000
341.0   403.50000
342.0   319.25000
344.0   727.25000
345.0   491.75000
346.0   522.25000
347.0   563.25000
348.0   800.25000
349.0   395.00000
351.0   458.00000
352.0   493.00000
353.0   402.50000
355.0   382.75000
356.0   332.75000
357.0   622.00000
358.0   488.50000
359.0   603.75000
360.0   413.75000
361.0   394.75000
363.0   325.50000
364.0   408.25000
365.0   523.50000
366.0   233.25000
370.0   636.25000
371.0   525.25000
372.0   524.75000
373.0   248.75000
374.0   410.00000
375.0   461.75000
376.0   488.75000
377.0   483.25000
378.0   244.50000
379.0   447.50000
380.0   630.75000
382.0   445.75000
383.0   354.00000
384.0   385.00000
385.0   308.50000
386.0   466.75000
387.0   470.75000
388.0   442.75000
389.0   395.50000
390.0   274.75000
391.0   230.00000
393.0   330.00000
394.0   408.50000
395.0   470.50000
396.0   694.50000
397.0   454.75000
398.0   260.00000
399.0   407.50000
400.0   615.00000
401.0   549.75000
404.0   537.00000
405.0   438.25000
407.0   421.75000
409.0   410.75000
411.0   402.00000
412.0   423.00000
413.0   383.25000
415.0   605.75000
416.0   401.00000
417.0   357.50000
418.0   577.75000
419.0   291.25000
420.0   393.25000
421.0   331.00000
422.0   404.50000
423.0   440.50000
425.0   476.50000
427.0   423.75000
428.0   433.00000
429.0   535.50000
430.0   409.00000
431.0   613.25000
434.0   547.50000
436.0   216.50000
437.0   414.75000
438.0   377.75000
439.0   334.50000
441.0   438.50000
442.0   902.50000
443.0   480.75000
445.0   381.75000
446.0   358.50000
447.0   405.75000
448.0   213.25000
449.0   490.50000
450.0   397.00000
451.0   524.25000
452.0   521.50000
453.0   419.75000
454.0   499.00000
455.0   584.25000
456.0   424.25000
457.0   571.00000
458.0   523.50000
459.0   519.25000
460.0   460.00000
462.0   388.50000
465.0   415.25000
466.0   446.50000
467.0   689.50000
468.0   783.50000
469.0   700.25000
470.0   334.50000
471.0   328.00000
472.0   378.50000
473.0   410.25000
474.0   319.75000
475.0   764.75000
476.0   469.00000
477.0   440.00000
478.0   659.50000
479.0   536.25000
482.0   378.00000
483.0   377.25000
485.0   410.00000
486.0   644.25000
488.0   230.00000
489.0   377.25000
490.0   479.00000
491.0   407.75000
494.0   418.00000
495.0   455.50000
496.0   412.00000
497.0   353.00000
498.0   285.75000
