0.25     0.0
0.5     0.0
0.75     0.0
1.0     0.0
1.25     0.0
1.5     0.0
1.75     0.0
2.0     0.0
2.25     0.0
2.5     0.0
2.75     0.0
3.0     0.0
3.25     0.0
3.5     0.0
3.75     0.0
4.0     0.0
4.25     0.0
4.5     0.0
4.75     0.0
5.0     0.0
5.25     0.0
5.5     0.0
5.75     0.0
6.0     0.0
6.25     0.0
6.5     0.0
6.75     0.0
7.0     0.0
7.25     0.0
7.5     0.0
7.75     0.0
8.0     0.0
8.25     0.0
8.5     0.0
8.75     0.0
9.0     0.0
9.25     0.0
9.5     0.0
9.75     0.0
10.0     0.0
10.25     0.0
10.5     0.0
10.75     0.0
11.0     0.0
11.25     0.0
11.5     0.0
11.75     0.0
12.0     0.0
12.25     0.0
12.5     0.0
12.75     0.0
13.0     0.0
13.25     0.0
13.5     0.0
13.75     0.0
14.0     0.0
14.25     0.0
14.5     0.0
14.75     0.0
15.0     0.0
15.25     0.0
15.5     0.0
15.75     0.0
16.0     0.0
16.25     0.0
16.5     0.0
16.75     0.0
17.0     0.0
17.25     0.0
17.5     0.0
17.75     0.0
18.0     0.0
18.25     0.0
18.5     0.0
18.75     0.0
19.0     0.0
19.25     0.0
19.5     0.0
19.75     0.0
20.0     0.0
20.25     0.0
20.5     0.0
20.75     0.0
21.0     0.0
21.25     0.0
21.5     0.0
21.75     0.0
22.0     0.0
22.25     0.0
22.5     0.0
22.75     0.0
23.0     0.0
23.25     0.0
23.5     0.0
23.75     0.0
24.0     0.0
24.25     0.0
24.5     0.0
24.75     0.0
25.0     0.0
25.25     0.0
25.5     0.0
25.75     0.0
26.0     0.0
26.25     0.0
26.5     0.0
26.75     0.0
27.0     0.0
27.25     0.0
27.5     0.0
27.75     0.0
28.0     0.0
28.25     0.0
28.5     0.0
28.75     0.0
29.0     0.0
29.25     0.0
29.5     0.0
29.75     0.0
30.0     0.0
30.25     0.0
30.5     0.0
30.75     0.0
31.0     0.0
31.25     0.0
31.5     0.0
31.75     0.0
32.0     0.0
32.25     0.0
32.5     0.0
32.75     0.0
33.0     0.0
33.25     0.0
33.5     0.0
33.75     0.0
34.0     0.0
34.25     0.0
34.5     0.0
34.75     0.0
35.0     0.0
35.25     0.0
35.5     0.0
35.75     0.0
36.0     0.0
36.25     0.0
36.5     0.0
36.75     0.0
37.0     0.0
37.25     0.0
37.5     0.0
37.75     0.0
38.0     0.0
38.25     0.0
38.5     0.0
38.75     0.0
39.0     0.0
39.25     0.0
39.5     0.0
39.75     0.0
40.0     0.0
40.25     0.0
40.5     0.0
40.75     0.0
41.0     0.0
41.25     0.0
41.5     0.0
41.75     0.0
42.0     0.0
42.25     0.0
42.5     0.0
42.75     0.0
43.0     0.0
43.25     0.0
43.5     0.0
43.75     0.0
44.0     0.0
44.25     0.0
44.5     0.0
44.75     0.0
45.0     0.0
45.25     0.0
45.5     0.0
45.75     0.0
46.0     0.0
46.25     0.0
46.5     0.0
46.75     0.0
47.0     0.0
47.25     0.0
47.5     0.0
47.75     0.0
48.0     0.0
48.25     0.0
48.5     0.0
48.75     0.0
49.0     0.0
49.25     0.0
49.5     0.0
49.75     0.0
50.0     0.0
50.25     0.0
50.5     0.0
50.75     0.0
51.0     0.0
51.25     0.0
51.5     0.0
51.75     0.0
52.0     0.0
52.25     0.0
52.5     0.0
52.75     0.0
53.0     0.0
53.25     0.0
53.5     0.0
53.75     0.0
54.0     0.0
54.25     0.0
54.5     0.0
54.75     0.0
55.0     0.0
55.25     0.0
55.5     0.0
55.75     0.0
56.0     0.0
56.25     0.0
56.5     0.002
56.75     0.002
57.0     0.002
57.25     0.002
57.5     0.002
57.75     0.002
58.0     0.002
58.25     0.002
58.5     0.002
58.75     0.002
59.0     0.002
59.25     0.002
59.5     0.002
59.75     0.002
60.0     0.002
60.25     0.002
60.5     0.002
60.75     0.002
61.0     0.002
61.25     0.002
61.5     0.002
61.75     0.002
62.0     0.002
62.25     0.002
62.5     0.002
62.75     0.004
63.0     0.004
63.25     0.004
63.5     0.004
63.75     0.004
64.0     0.004
64.25     0.004
64.5     0.004
64.75     0.004
65.0     0.004
65.25     0.004
65.5     0.004
65.75     0.004
66.0     0.004
66.25     0.004
66.5     0.004
66.75     0.004
67.0     0.004
67.25     0.004
67.5     0.004
67.75     0.004
68.0     0.004
68.25     0.004
68.5     0.004
68.75     0.004
69.0     0.004
69.25     0.004
69.5     0.004
69.75     0.004
70.0     0.004
70.25     0.004
70.5     0.004
70.75     0.004
71.0     0.004
71.25     0.004
71.5     0.004
71.75     0.004
72.0     0.004
72.25     0.004
72.5     0.004
72.75     0.004
73.0     0.006
73.25     0.006
73.5     0.006
73.75     0.006
74.0     0.006
74.25     0.006
74.5     0.006
74.75     0.006
75.0     0.006
75.25     0.006
75.5     0.006
75.75     0.006
76.0     0.006
76.25     0.006
76.5     0.006
76.75     0.006
77.0     0.006
77.25     0.006
77.5     0.006
77.75     0.006
78.0     0.006
78.25     0.006
78.5     0.006
78.75     0.006
79.0     0.006
79.25     0.006
79.5     0.006
79.75     0.006
80.0     0.006
80.25     0.006
80.5     0.006
80.75     0.006
81.0     0.006
81.25     0.006
81.5     0.006
81.75     0.006
82.0     0.006
82.25     0.006
82.5     0.006
82.75     0.006
83.0     0.006
83.25     0.006
83.5     0.006
83.75     0.006
84.0     0.006
84.25     0.006
84.5     0.006
84.75     0.006
85.0     0.006
85.25     0.006
85.5     0.006
85.75     0.006
86.0     0.006
86.25     0.006
86.5     0.006
86.75     0.006
87.0     0.006
87.25     0.006
87.5     0.006
87.75     0.006
88.0     0.006
88.25     0.006
88.5     0.006
88.75     0.006
89.0     0.006
89.25     0.006
89.5     0.006
89.75     0.006
90.0     0.006
90.25     0.006
90.5     0.006
90.75     0.006
91.0     0.006
91.25     0.006
91.5     0.006
91.75     0.006
92.0     0.006
92.25     0.006
92.5     0.006
92.75     0.006
93.0     0.006
93.25     0.006
93.5     0.006
93.75     0.006
94.0     0.006
94.25     0.006
94.5     0.006
94.75     0.006
95.0     0.006
95.25     0.006
95.5     0.006
95.75     0.006
96.0     0.006
96.25     0.006
96.5     0.006
96.75     0.006
97.0     0.006
97.25     0.006
97.5     0.006
97.75     0.006
98.0     0.006
98.25     0.006
98.5     0.006
98.75     0.006
99.0     0.008
99.25     0.008
99.5     0.008
99.75     0.008
100.0     0.008
100.25     0.008
100.5     0.008
100.75     0.008
101.0     0.008
101.25     0.008
101.5     0.008
101.75     0.008
102.0     0.008
102.25     0.008
102.5     0.008
102.75     0.008
103.0     0.008
103.25     0.008
103.5     0.008
103.75     0.008
104.0     0.008
104.25     0.008
104.5     0.008
104.75     0.008
105.0     0.008
105.25     0.008
105.5     0.008
105.75     0.008
106.0     0.008
106.25     0.008
106.5     0.008
106.75     0.008
107.0     0.008
107.25     0.008
107.5     0.008
107.75     0.008
108.0     0.008
108.25     0.008
108.5     0.008
108.75     0.01
109.0     0.01
109.25     0.01
109.5     0.01
109.75     0.01
110.0     0.01
110.25     0.01
110.5     0.01
110.75     0.01
111.0     0.01
111.25     0.01
111.5     0.01
111.75     0.01
112.0     0.01
112.25     0.01
112.5     0.01
112.75     0.012
113.0     0.012
113.25     0.012
113.5     0.012
113.75     0.012
114.0     0.012
114.25     0.012
114.5     0.012
114.75     0.012
115.0     0.012
115.25     0.012
115.5     0.012
115.75     0.012
116.0     0.012
116.25     0.012
116.5     0.012
116.75     0.012
117.0     0.012
117.25     0.012
117.5     0.012
117.75     0.012
118.0     0.012
118.25     0.012
118.5     0.012
118.75     0.012
119.0     0.012
119.25     0.012
119.5     0.012
119.75     0.012
120.0     0.012
120.25     0.012
120.5     0.012
120.75     0.012
121.0     0.012
121.25     0.012
121.5     0.012
121.75     0.012
122.0     0.012
122.25     0.012
122.5     0.012
122.75     0.012
123.0     0.012
123.25     0.012
123.5     0.012
123.75     0.012
124.0     0.012
124.25     0.012
124.5     0.012
124.75     0.012
125.0     0.012
125.25     0.012
125.5     0.012
125.75     0.012
126.0     0.012
126.25     0.012
126.5     0.012
126.75     0.012
127.0     0.012
127.25     0.012
127.5     0.012
127.75     0.012
128.0     0.012
128.25     0.012
128.5     0.012
128.75     0.012
129.0     0.012
129.25     0.012
129.5     0.012
129.75     0.012
130.0     0.012
130.25     0.012
130.5     0.012
130.75     0.012
131.0     0.012
131.25     0.012
131.5     0.012
131.75     0.012
132.0     0.012
132.25     0.012
132.5     0.012
132.75     0.012
133.0     0.012
133.25     0.012
133.5     0.012
133.75     0.012
134.0     0.012
134.25     0.012
134.5     0.012
134.75     0.012
135.0     0.012
135.25     0.012
135.5     0.012
135.75     0.012
136.0     0.012
136.25     0.012
136.5     0.012
136.75     0.012
137.0     0.012
137.25     0.012
137.5     0.012
137.75     0.012
138.0     0.012
138.25     0.012
138.5     0.014
138.75     0.012
139.0     0.012
139.25     0.01
139.5     0.01
139.75     0.01
140.0     0.01
140.25     0.01
140.5     0.01
140.75     0.012
141.0     0.012
141.25     0.012
141.5     0.012
141.75     0.012
142.0     0.012
142.25     0.012
142.5     0.012
142.75     0.012
143.0     0.012
143.25     0.012
143.5     0.012
143.75     0.012
144.0     0.012
144.25     0.012
144.5     0.012
144.75     0.012
145.0     0.012
145.25     0.012
145.5     0.012
145.75     0.012
146.0     0.012
146.25     0.012
146.5     0.012
146.75     0.012
147.0     0.012
147.25     0.014
147.5     0.012
147.75     0.01
148.0     0.01
148.25     0.01
148.5     0.012
148.75     0.014
149.0     0.014
149.25     0.014
149.5     0.014
149.75     0.014
150.0     0.014
150.25     0.014
150.5     0.014
150.75     0.014
151.0     0.014
151.25     0.014
151.5     0.014
151.75     0.014
152.0     0.014
152.25     0.014
152.5     0.014
152.75     0.014
153.0     0.014
153.25     0.014
153.5     0.014
153.75     0.014
154.0     0.014
154.25     0.014
154.5     0.016
154.75     0.016
155.0     0.016
155.25     0.018
155.5     0.018
155.75     0.018
156.0     0.02
156.25     0.02
156.5     0.02
156.75     0.022
157.0     0.022
157.25     0.024
157.5     0.024
157.75     0.024
158.0     0.024
158.25     0.024
158.5     0.024
158.75     0.024
159.0     0.024
159.25     0.024
159.5     0.024
159.75     0.024
160.0     0.024
160.25     0.026
160.5     0.026
160.75     0.026
161.0     0.026
161.25     0.026
161.5     0.026
161.75     0.026
162.0     0.026
162.25     0.026
162.5     0.026
162.75     0.026
163.0     0.026
163.25     0.026
163.5     0.026
163.75     0.026
164.0     0.026
164.25     0.026
164.5     0.026
164.75     0.026
165.0     0.026
165.25     0.026
165.5     0.026
165.75     0.026
166.0     0.028
166.25     0.028
166.5     0.028
166.75     0.03
167.0     0.034
167.25     0.034
167.5     0.034
167.75     0.036
168.0     0.038
168.25     0.038
168.5     0.038
168.75     0.038
169.0     0.038
169.25     0.038
169.5     0.038
169.75     0.038
170.0     0.038
170.25     0.038
170.5     0.038
170.75     0.038
171.0     0.038
171.25     0.038
171.5     0.038
171.75     0.04
172.0     0.04
172.25     0.04
172.5     0.04
172.75     0.04
173.0     0.04
173.25     0.04
173.5     0.042
173.75     0.042
174.0     0.042
174.25     0.042
174.5     0.042
174.75     0.042
175.0     0.042
175.25     0.042
175.5     0.042
175.75     0.042
176.0     0.042
176.25     0.042
176.5     0.042
176.75     0.042
177.0     0.042
177.25     0.042
177.5     0.042
177.75     0.042
178.0     0.042
178.25     0.042
178.5     0.042
178.75     0.042
179.0     0.042
179.25     0.042
179.5     0.042
179.75     0.044
180.0     0.044
180.25     0.044
180.5     0.044
180.75     0.044
181.0     0.044
181.25     0.044
181.5     0.044
181.75     0.044
182.0     0.044
182.25     0.046
182.5     0.046
182.75     0.046
183.0     0.046
183.25     0.046
183.5     0.046
183.75     0.046
184.0     0.046
184.25     0.048
184.5     0.048
184.75     0.048
185.0     0.048
185.25     0.048
185.5     0.048
185.75     0.048
186.0     0.048
186.25     0.05
186.5     0.05
186.75     0.05
187.0     0.05
187.25     0.05
187.5     0.05
187.75     0.05
188.0     0.052
188.25     0.054
188.5     0.054
188.75     0.054
189.0     0.054
189.25     0.054
189.5     0.054
189.75     0.054
190.0     0.054
190.25     0.054
190.5     0.056
190.75     0.056
191.0     0.056
191.25     0.056
191.5     0.056
191.75     0.056
192.0     0.056
192.25     0.056
192.5     0.056
192.75     0.056
193.0     0.056
193.25     0.056
193.5     0.056
193.75     0.056
194.0     0.056
194.25     0.058
194.5     0.058
194.75     0.058
195.0     0.058
195.25     0.058
195.5     0.058
195.75     0.058
196.0     0.058
196.25     0.058
196.5     0.058
196.75     0.06
197.0     0.06
197.25     0.06
197.5     0.06
197.75     0.06
198.0     0.06
198.25     0.06
198.5     0.06
198.75     0.06
199.0     0.06
199.25     0.06
199.5     0.06
199.75     0.06
200.0     0.06
200.25     0.06
200.5     0.06
200.75     0.06
201.0     0.06
201.25     0.06
201.5     0.06
201.75     0.06
202.0     0.06
202.25     0.06
202.5     0.06
202.75     0.06
203.0     0.062
203.25     0.062
203.5     0.062
203.75     0.062
204.0     0.062
204.25     0.062
204.5     0.064
204.75     0.064
205.0     0.064
205.25     0.066
205.5     0.066
205.75     0.066
206.0     0.066
206.25     0.066
206.5     0.066
206.75     0.068
207.0     0.068
207.25     0.07
207.5     0.07
207.75     0.07
208.0     0.07
208.25     0.07
208.5     0.072
208.75     0.072
209.0     0.072
209.25     0.072
209.5     0.072
209.75     0.072
210.0     0.072
210.25     0.072
210.5     0.074
210.75     0.074
211.0     0.072
211.25     0.072
211.5     0.072
211.75     0.072
212.0     0.072
212.25     0.072
212.5     0.072
212.75     0.072
213.0     0.072
213.25     0.072
213.5     0.072
213.75     0.074
214.0     0.076
214.25     0.076
214.5     0.076
214.75     0.078
215.0     0.078
215.25     0.078
215.5     0.078
215.75     0.078
216.0     0.078
216.25     0.078
216.5     0.078
216.75     0.08
217.0     0.08
217.25     0.08
217.5     0.08
217.75     0.08
218.0     0.082
218.25     0.082
218.5     0.082
218.75     0.082
219.0     0.082
219.25     0.082
219.5     0.082
219.75     0.082
220.0     0.082
220.25     0.082
220.5     0.082
220.75     0.082
221.0     0.082
221.25     0.082
221.5     0.082
221.75     0.082
222.0     0.082
222.25     0.082
222.5     0.082
222.75     0.084
223.0     0.086
223.25     0.088
223.5     0.088
223.75     0.088
224.0     0.09
224.25     0.09
224.5     0.09
224.75     0.09
225.0     0.09
225.25     0.09
225.5     0.09
225.75     0.09
226.0     0.09
226.25     0.09
226.5     0.09
226.75     0.09
227.0     0.092
227.25     0.092
227.5     0.092
227.75     0.092
228.0     0.092
228.25     0.092
228.5     0.094
228.75     0.096
229.0     0.096
229.25     0.096
229.5     0.096
229.75     0.096
230.0     0.096
230.25     0.096
230.5     0.096
230.75     0.096
231.0     0.096
231.25     0.096
231.5     0.096
231.75     0.096
232.0     0.096
232.25     0.096
232.5     0.096
232.75     0.096
233.0     0.096
233.25     0.096
233.5     0.096
233.75     0.096
234.0     0.096
234.25     0.096
234.5     0.098
234.75     0.098
235.0     0.1
235.25     0.1
235.5     0.104
235.75     0.106
236.0     0.106
236.25     0.106
236.5     0.106
236.75     0.106
237.0     0.106
237.25     0.106
237.5     0.106
237.75     0.106
238.0     0.106
238.25     0.106
238.5     0.106
238.75     0.106
239.0     0.106
239.25     0.106
239.5     0.106
239.75     0.106
240.0     0.106
240.25     0.106
240.5     0.106
240.75     0.106
241.0     0.106
241.25     0.106
241.5     0.106
241.75     0.106
242.0     0.106
242.25     0.106
242.5     0.106
242.75     0.106
243.0     0.108
243.25     0.108
243.5     0.11
243.75     0.11
244.0     0.11
244.25     0.11
244.5     0.11
244.75     0.11
245.0     0.11
245.25     0.112
245.5     0.112
245.75     0.112
246.0     0.112
246.25     0.112
246.5     0.112
246.75     0.112
247.0     0.114
247.25     0.114
247.5     0.114
247.75     0.114
248.0     0.114
248.25     0.114
248.5     0.114
248.75     0.114
249.0     0.114
249.25     0.114
249.5     0.114
249.75     0.114
250.0     0.114
250.25     0.114
250.5     0.116
250.75     0.116
251.0     0.116
251.25     0.116
251.5     0.116
251.75     0.116
252.0     0.116
252.25     0.116
252.5     0.116
252.75     0.118
253.0     0.118
253.25     0.118
253.5     0.118
253.75     0.118
254.0     0.118
254.25     0.118
254.5     0.118
254.75     0.118
255.0     0.118
255.25     0.118
255.5     0.118
255.75     0.118
256.0     0.118
256.25     0.12
256.5     0.12
256.75     0.12
257.0     0.12
257.25     0.122
257.5     0.122
257.75     0.122
258.0     0.122
258.25     0.122
258.5     0.122
258.75     0.122
259.0     0.122
259.25     0.122
259.5     0.122
259.75     0.122
260.0     0.122
260.25     0.122
260.5     0.122
260.75     0.122
261.0     0.122
261.25     0.122
261.5     0.122
261.75     0.122
262.0     0.122
262.25     0.122
262.5     0.122
262.75     0.122
263.0     0.122
263.25     0.122
263.5     0.124
263.75     0.124
264.0     0.124
264.25     0.124
264.5     0.124
264.75     0.124
265.0     0.124
265.25     0.124
265.5     0.126
265.75     0.126
266.0     0.126
266.25     0.126
266.5     0.128
266.75     0.13
267.0     0.13
267.25     0.13
267.5     0.13
267.75     0.132
268.0     0.132
268.25     0.132
268.5     0.132
268.75     0.132
269.0     0.132
269.25     0.132
269.5     0.132
269.75     0.132
270.0     0.134
270.25     0.134
270.5     0.134
270.75     0.134
271.0     0.134
271.25     0.134
271.5     0.134
271.75     0.134
272.0     0.134
272.25     0.134
272.5     0.134
272.75     0.134
273.0     0.134
273.25     0.134
273.5     0.134
273.75     0.138
274.0     0.138
274.25     0.14
274.5     0.14
274.75     0.14
275.0     0.14
275.25     0.14
275.5     0.14
275.75     0.14
276.0     0.14
276.25     0.14
276.5     0.142
276.75     0.142
277.0     0.142
277.25     0.142
277.5     0.142
277.75     0.144
278.0     0.144
278.25     0.144
278.5     0.144
278.75     0.144
279.0     0.146
279.25     0.148
279.5     0.15
279.75     0.15
280.0     0.148
280.25     0.148
280.5     0.148
280.75     0.148
281.0     0.148
281.25     0.148
281.5     0.148
281.75     0.148
282.0     0.148
282.25     0.148
282.5     0.15
282.75     0.15
283.0     0.15
283.25     0.15
283.5     0.15
283.75     0.15
284.0     0.15
284.25     0.15
284.5     0.15
284.75     0.15
285.0     0.152
285.25     0.152
285.5     0.152
285.75     0.152
286.0     0.154
286.25     0.154
286.5     0.154
286.75     0.154
287.0     0.154
287.25     0.156
287.5     0.156
287.75     0.156
288.0     0.156
288.25     0.156
288.5     0.158
288.75     0.158
289.0     0.158
289.25     0.16
289.5     0.16
289.75     0.16
290.0     0.16
290.25     0.158
290.5     0.158
290.75     0.158
291.0     0.158
291.25     0.158
291.5     0.158
291.75     0.158
292.0     0.158
292.25     0.158
292.5     0.158
292.75     0.16
293.0     0.158
293.25     0.16
293.5     0.162
293.75     0.162
294.0     0.162
294.25     0.164
294.5     0.168
294.75     0.168
295.0     0.168
295.25     0.172
295.5     0.172
295.75     0.172
296.0     0.174
296.25     0.176
296.5     0.176
296.75     0.178
297.0     0.178
297.25     0.18
297.5     0.18
297.75     0.18
298.0     0.18
298.25     0.178
298.5     0.178
298.75     0.178
299.0     0.178
299.25     0.178
299.5     0.178
299.75     0.178
300.0     0.178
300.25     0.178
300.5     0.178
300.75     0.178
301.0     0.178
301.25     0.18
301.5     0.18
301.75     0.18
302.0     0.18
302.25     0.18
302.5     0.18
302.75     0.18
303.0     0.18
303.25     0.18
303.5     0.182
303.75     0.182
304.0     0.182
304.25     0.182
304.5     0.182
304.75     0.182
305.0     0.182
305.25     0.182
305.5     0.182
305.75     0.182
306.0     0.182
306.25     0.184
306.5     0.186
306.75     0.186
307.0     0.186
307.25     0.186
307.5     0.188
307.75     0.188
308.0     0.19
308.25     0.19
308.5     0.192
308.75     0.192
309.0     0.194
309.25     0.194
309.5     0.194
309.75     0.194
310.0     0.196
310.25     0.198
310.5     0.2
310.75     0.202
311.0     0.202
311.25     0.202
311.5     0.202
311.75     0.202
312.0     0.2
312.25     0.2
312.5     0.2
312.75     0.202
313.0     0.202
313.25     0.202
313.5     0.202
313.75     0.202
314.0     0.202
314.25     0.202
314.5     0.202
314.75     0.202
315.0     0.202
315.25     0.202
315.5     0.202
315.75     0.202
316.0     0.202
316.25     0.202
316.5     0.202
316.75     0.204
317.0     0.204
317.25     0.204
317.5     0.204
317.75     0.204
318.0     0.204
318.25     0.206
318.5     0.206
318.75     0.206
319.0     0.206
319.25     0.208
319.5     0.208
319.75     0.208
320.0     0.208
320.25     0.208
320.5     0.208
320.75     0.208
321.0     0.208
321.25     0.208
321.5     0.21
321.75     0.212
322.0     0.212
322.25     0.212
322.5     0.214
322.75     0.214
323.0     0.214
323.25     0.214
323.5     0.214
323.75     0.214
324.0     0.214
324.25     0.214
324.5     0.214
324.75     0.214
325.0     0.214
325.25     0.216
325.5     0.216
325.75     0.216
326.0     0.216
326.25     0.218
326.5     0.218
326.75     0.218
327.0     0.218
327.25     0.218
327.5     0.218
327.75     0.22
328.0     0.22
328.25     0.222
328.5     0.224
328.75     0.224
329.0     0.224
329.25     0.224
329.5     0.224
329.75     0.228
330.0     0.226
330.25     0.226
330.5     0.226
330.75     0.23
331.0     0.23
331.25     0.234
331.5     0.234
331.75     0.234
332.0     0.234
332.25     0.234
332.5     0.236
332.75     0.236
333.0     0.236
333.25     0.236
333.5     0.236
333.75     0.236
334.0     0.236
334.25     0.238
334.5     0.238
334.75     0.238
335.0     0.238
335.25     0.238
335.5     0.24
335.75     0.24
336.0     0.242
336.25     0.24
336.5     0.246
336.75     0.246
337.0     0.244
337.25     0.248
337.5     0.248
337.75     0.248
338.0     0.248
338.25     0.248
338.5     0.248
338.75     0.248
339.0     0.248
339.25     0.248
339.5     0.248
339.75     0.248
340.0     0.248
340.25     0.248
340.5     0.248
340.75     0.248
341.0     0.248
341.25     0.25
341.5     0.25
341.75     0.25
342.0     0.25
342.25     0.25
342.5     0.25
342.75     0.25
343.0     0.25
343.25     0.25
343.5     0.25
343.75     0.25
344.0     0.25
344.25     0.252
344.5     0.252
344.75     0.254
345.0     0.254
345.25     0.254
345.5     0.254
345.75     0.254
346.0     0.254
346.25     0.256
346.5     0.256
346.75     0.26
347.0     0.266
347.25     0.262
347.5     0.262
347.75     0.266
348.0     0.274
348.25     0.272
348.5     0.272
348.75     0.274
349.0     0.274
349.25     0.274
349.5     0.274
349.75     0.274
350.0     0.274
350.25     0.274
350.5     0.274
350.75     0.274
351.0     0.274
351.25     0.274
351.5     0.276
351.75     0.278
352.0     0.278
352.25     0.278
352.5     0.28
352.75     0.28
353.0     0.282
353.25     0.282
353.5     0.284
353.75     0.284
354.0     0.284
354.25     0.286
354.5     0.286
354.75     0.288
355.0     0.286
355.25     0.286
355.5     0.288
355.75     0.288
356.0     0.288
356.25     0.292
356.5     0.292
356.75     0.296
357.0     0.296
357.25     0.296
357.5     0.298
357.75     0.298
358.0     0.298
358.25     0.298
358.5     0.298
358.75     0.3
359.0     0.298
359.25     0.3
359.5     0.304
359.75     0.306
360.0     0.306
360.25     0.306
360.5     0.308
360.75     0.306
361.0     0.306
361.25     0.308
361.5     0.31
361.75     0.31
362.0     0.31
362.25     0.312
362.5     0.31
362.75     0.31
363.0     0.312
363.25     0.312
363.5     0.312
363.75     0.316
364.0     0.316
364.25     0.318
364.5     0.318
364.75     0.318
365.0     0.318
365.25     0.32
365.5     0.32
365.75     0.318
366.0     0.318
366.25     0.32
366.5     0.32
366.75     0.32
367.0     0.32
367.25     0.324
367.5     0.324
367.75     0.324
368.0     0.324
368.25     0.324
368.5     0.324
368.75     0.324
369.0     0.328
369.25     0.328
369.5     0.33
369.75     0.33
370.0     0.332
370.25     0.33
370.5     0.33
370.75     0.33
371.0     0.334
371.25     0.334
371.5     0.334
371.75     0.334
372.0     0.336
372.25     0.336
372.5     0.34
372.75     0.34
373.0     0.344
373.25     0.344
373.5     0.344
373.75     0.344
374.0     0.346
374.25     0.348
374.5     0.348
374.75     0.35
375.0     0.352
375.25     0.352
375.5     0.352
375.75     0.354
376.0     0.354
376.25     0.354
376.5     0.354
376.75     0.354
377.0     0.358
377.25     0.36
377.5     0.362
377.75     0.362
378.0     0.36
378.25     0.36
378.5     0.36
378.75     0.36
379.0     0.36
379.25     0.36
379.5     0.358
379.75     0.358
380.0     0.36
380.25     0.364
380.5     0.37
380.75     0.37
381.0     0.372
381.25     0.372
381.5     0.372
381.75     0.374
382.0     0.374
382.25     0.376
382.5     0.376
382.75     0.376
383.0     0.376
383.25     0.376
383.5     0.376
383.75     0.376
384.0     0.378
384.25     0.378
384.5     0.378
384.75     0.382
385.0     0.384
385.25     0.384
385.5     0.384
385.75     0.384
386.0     0.386
386.25     0.386
386.5     0.39
386.75     0.39
387.0     0.394
387.25     0.394
387.5     0.394
387.75     0.396
388.0     0.4
388.25     0.402
388.5     0.406
388.75     0.406
389.0     0.408
389.25     0.41
389.5     0.412
389.75     0.412
390.0     0.412
390.25     0.412
390.5     0.412
390.75     0.412
391.0     0.412
391.25     0.412
391.5     0.412
391.75     0.418
392.0     0.42
392.25     0.422
392.5     0.424
392.75     0.424
393.0     0.424
393.25     0.424
393.5     0.424
393.75     0.424
394.0     0.426
394.25     0.428
394.5     0.428
394.75     0.428
395.0     0.43
395.25     0.43
395.5     0.43
395.75     0.43
396.0     0.43
396.25     0.432
396.5     0.434
396.75     0.438
397.0     0.44
397.25     0.44
397.5     0.44
397.75     0.444
398.0     0.446
398.25     0.446
398.5     0.446
398.75     0.446
399.0     0.446
399.25     0.448
399.5     0.45
399.75     0.454
400.0     0.454
400.25     0.458
400.5     0.46
400.75     0.462
401.0     0.462
401.25     0.464
401.5     0.47
401.75     0.472
402.0     0.472
402.25     0.472
402.5     0.472
402.75     0.472
403.0     0.472
403.25     0.472
403.5     0.474
403.75     0.474
404.0     0.474
404.25     0.474
404.5     0.474
404.75     0.474
405.0     0.474
405.25     0.476
405.5     0.476
405.75     0.478
406.0     0.48
406.25     0.48
406.5     0.482
406.75     0.484
407.0     0.484
407.25     0.486
407.5     0.486
407.75     0.486
408.0     0.486
408.25     0.486
408.5     0.486
408.75     0.49
409.0     0.492
409.25     0.492
409.5     0.492
409.75     0.492
410.0     0.492
410.25     0.492
410.5     0.494
410.75     0.494
411.0     0.496
411.25     0.496
411.5     0.496
411.75     0.496
412.0     0.5
412.25     0.504
412.5     0.504
412.75     0.504
413.0     0.504
413.25     0.504
413.5     0.504
413.75     0.506
414.0     0.506
414.25     0.506
414.5     0.508
414.75     0.51
415.0     0.51
415.25     0.51
415.5     0.51
415.75     0.51
416.0     0.51
416.25     0.51
416.5     0.51
416.75     0.512
417.0     0.514
417.25     0.514
417.5     0.514
417.75     0.512
418.0     0.512
418.25     0.516
418.5     0.518
418.75     0.518
419.0     0.522
419.25     0.522
419.5     0.522
419.75     0.522
420.0     0.522
420.25     0.522
420.5     0.522
420.75     0.522
421.0     0.522
421.25     0.522
421.5     0.524
421.75     0.524
422.0     0.524
422.25     0.526
422.5     0.528
422.75     0.528
423.0     0.528
423.25     0.528
423.5     0.53
423.75     0.532
424.0     0.536
424.25     0.534
424.5     0.534
424.75     0.534
425.0     0.534
425.25     0.534
425.5     0.536
425.75     0.536
426.0     0.536
426.25     0.536
426.5     0.538
426.75     0.54
427.0     0.54
427.25     0.54
427.5     0.542
427.75     0.546
428.0     0.544
428.25     0.544
428.5     0.546
428.75     0.546
429.0     0.548
429.25     0.548
429.5     0.548
429.75     0.55
430.0     0.552
430.25     0.552
430.5     0.552
430.75     0.552
431.0     0.552
431.25     0.552
431.5     0.554
431.75     0.554
432.0     0.554
432.25     0.558
432.5     0.56
432.75     0.562
433.0     0.562
433.25     0.562
433.5     0.562
433.75     0.564
434.0     0.564
434.25     0.564
434.5     0.564
434.75     0.568
435.0     0.568
435.25     0.568
435.5     0.568
435.75     0.568
436.0     0.568
436.25     0.568
436.5     0.57
436.75     0.572
437.0     0.572
437.25     0.572
437.5     0.572
437.75     0.572
438.0     0.572
438.25     0.572
438.5     0.572
438.75     0.574
439.0     0.574
439.25     0.574
439.5     0.574
439.75     0.576
440.0     0.58
440.25     0.584
440.5     0.586
440.75     0.59
441.0     0.59
441.25     0.59
441.5     0.592
441.75     0.592
442.0     0.592
442.25     0.592
442.5     0.59
442.75     0.59
443.0     0.59
443.25     0.592
443.5     0.594
443.75     0.594
444.0     0.594
444.25     0.594
444.5     0.594
444.75     0.594
445.0     0.594
445.25     0.594
445.5     0.594
445.75     0.594
446.0     0.594
446.25     0.596
446.5     0.6
446.75     0.6
447.0     0.6
447.25     0.6
447.5     0.6
447.75     0.602
448.0     0.604
448.25     0.608
448.5     0.608
448.75     0.61
449.0     0.61
449.25     0.61
449.5     0.612
449.75     0.612
450.0     0.61
450.25     0.61
450.5     0.612
450.75     0.612
451.0     0.612
451.25     0.612
451.5     0.614
451.75     0.616
452.0     0.616
452.25     0.616
452.5     0.616
452.75     0.616
453.0     0.616
453.25     0.614
453.5     0.618
453.75     0.618
454.0     0.62
454.25     0.62
454.5     0.62
454.75     0.622
455.0     0.622
455.25     0.622
455.5     0.622
455.75     0.624
456.0     0.624
456.25     0.626
456.5     0.626
456.75     0.626
457.0     0.626
457.25     0.63
457.5     0.63
457.75     0.63
458.0     0.63
458.25     0.63
458.5     0.632
458.75     0.632
459.0     0.636
459.25     0.636
459.5     0.636
459.75     0.636
460.0     0.636
460.25     0.636
460.5     0.638
460.75     0.64
461.0     0.64
461.25     0.64
461.5     0.64
461.75     0.64
462.0     0.64
462.25     0.642
462.5     0.644
462.75     0.644
463.0     0.644
463.25     0.644
463.5     0.644
463.75     0.644
464.0     0.644
464.25     0.646
464.5     0.646
464.75     0.646
465.0     0.65
465.25     0.65
465.5     0.65
465.75     0.652
466.0     0.652
466.25     0.652
466.5     0.652
466.75     0.652
467.0     0.652
467.25     0.652
467.5     0.652
467.75     0.652
468.0     0.652
468.25     0.654
468.5     0.656
468.75     0.656
469.0     0.656
469.25     0.656
469.5     0.656
469.75     0.656
470.0     0.656
470.25     0.656
470.5     0.656
470.75     0.656
471.0     0.656
471.25     0.656
471.5     0.656
471.75     0.656
472.0     0.658
472.25     0.658
472.5     0.66
472.75     0.66
473.0     0.66
473.25     0.66
473.5     0.662
473.75     0.662
474.0     0.664
474.25     0.664
474.5     0.664
474.75     0.664
475.0     0.664
475.25     0.666
475.5     0.668
475.75     0.668
476.0     0.668
476.25     0.668
476.5     0.67
476.75     0.67
477.0     0.672
477.25     0.674
477.5     0.676
477.75     0.676
478.0     0.676
478.25     0.678
478.5     0.678
478.75     0.678
479.0     0.678
479.25     0.678
479.5     0.678
479.75     0.68
480.0     0.68
480.25     0.68
480.5     0.68
480.75     0.68
481.0     0.68
481.25     0.682
481.5     0.682
481.75     0.682
482.0     0.684
482.25     0.684
482.5     0.684
482.75     0.684
483.0     0.688
483.25     0.688
483.5     0.688
483.75     0.688
484.0     0.688
484.25     0.69
484.5     0.69
484.75     0.692
485.0     0.692
485.25     0.692
485.5     0.692
485.75     0.694
486.0     0.694
486.25     0.694
486.5     0.696
486.75     0.698
487.0     0.698
487.25     0.698
487.5     0.698
487.75     0.7
488.0     0.7
488.25     0.7
488.5     0.7
488.75     0.702
489.0     0.702
489.25     0.704
489.5     0.704
489.75     0.706
490.0     0.706
490.25     0.706
490.5     0.706
490.75     0.708
491.0     0.708
491.25     0.708
491.5     0.708
491.75     0.708
492.0     0.708
492.25     0.708
492.5     0.708
492.75     0.71
493.0     0.71
493.25     0.71
493.5     0.71
493.75     0.71
494.0     0.71
494.25     0.71
494.5     0.712
494.75     0.712
495.0     0.712
495.25     0.712
495.5     0.712
495.75     0.714
496.0     0.714
496.25     0.714
496.5     0.714
496.75     0.714
497.0     0.716
497.25     0.718
497.5     0.72
497.75     0.72
498.0     0.72
498.25     0.72
498.5     0.72
498.75     0.72
499.0     0.722
499.25     0.722
499.5     0.724
499.75     0.726
500.0     0.726
500.25     0.726
500.5     0.726
500.75     0.726
501.0     0.726
501.25     0.726
501.5     0.728
501.75     0.728
502.0     0.728
502.25     0.728
502.5     0.728
502.75     0.728
503.0     0.73
503.25     0.73
503.5     0.73
503.75     0.73
504.0     0.732
504.25     0.732
504.5     0.732
504.75     0.732
505.0     0.732
505.25     0.732
505.5     0.732
505.75     0.732
506.0     0.732
506.25     0.732
506.5     0.732
506.75     0.734
507.0     0.734
507.25     0.734
507.5     0.736
507.75     0.738
508.0     0.74
508.25     0.74
508.5     0.74
508.75     0.74
509.0     0.742
509.25     0.742
509.5     0.742
509.75     0.742
510.0     0.742
510.25     0.742
510.5     0.744
510.75     0.744
511.0     0.744
511.25     0.744
511.5     0.744
511.75     0.744
512.0     0.744
512.25     0.746
512.5     0.748
512.75     0.748
513.0     0.748
513.25     0.748
513.5     0.748
513.75     0.748
514.0     0.75
514.25     0.75
514.5     0.752
514.75     0.75
515.0     0.75
515.25     0.75
515.5     0.75
515.75     0.75
516.0     0.75
516.25     0.75
516.5     0.752
516.75     0.752
517.0     0.752
517.25     0.752
517.5     0.752
517.75     0.752
518.0     0.752
518.25     0.752
518.5     0.754
518.75     0.754
519.0     0.754
519.25     0.754
519.5     0.756
519.75     0.756
520.0     0.756
520.25     0.758
520.5     0.758
520.75     0.758
521.0     0.76
521.25     0.762
521.5     0.76
521.75     0.76
522.0     0.76
522.25     0.76
522.5     0.76
522.75     0.762
523.0     0.762
523.25     0.762
523.5     0.762
523.75     0.762
524.0     0.762
524.25     0.762
524.5     0.762
524.75     0.762
525.0     0.762
525.25     0.764
525.5     0.766
525.75     0.766
526.0     0.768
526.25     0.768
526.5     0.768
526.75     0.768
527.0     0.768
527.25     0.768
527.5     0.768
527.75     0.768
528.0     0.768
528.25     0.768
528.5     0.768
528.75     0.768
529.0     0.768
529.25     0.768
529.5     0.768
529.75     0.768
530.0     0.77
530.25     0.77
530.5     0.772
530.75     0.774
531.0     0.774
531.25     0.774
531.5     0.774
531.75     0.774
532.0     0.774
532.25     0.774
532.5     0.774
532.75     0.774
533.0     0.774
533.25     0.772
533.5     0.772
533.75     0.772
534.0     0.772
534.25     0.772
534.5     0.772
534.75     0.772
535.0     0.772
535.25     0.772
535.5     0.772
535.75     0.772
536.0     0.774
536.25     0.774
536.5     0.774
536.75     0.774
537.0     0.774
537.25     0.776
537.5     0.776
537.75     0.776
538.0     0.778
538.25     0.778
538.5     0.78
538.75     0.78
539.0     0.78
539.25     0.782
539.5     0.782
539.75     0.782
540.0     0.782
540.25     0.782
540.5     0.782
540.75     0.782
541.0     0.782
541.25     0.782
541.5     0.784
541.75     0.784
542.0     0.784
542.25     0.784
542.5     0.782
542.75     0.782
543.0     0.782
543.25     0.782
543.5     0.782
543.75     0.782
544.0     0.782
544.25     0.782
544.5     0.782
544.75     0.782
545.0     0.782
545.25     0.782
545.5     0.782
545.75     0.782
546.0     0.786
546.25     0.786
546.5     0.786
546.75     0.786
547.0     0.786
547.25     0.786
547.5     0.786
547.75     0.786
548.0     0.786
548.25     0.786
548.5     0.786
548.75     0.786
549.0     0.786
549.25     0.786
549.5     0.786
549.75     0.786
550.0     0.788
550.25     0.788
550.5     0.788
550.75     0.788
551.0     0.788
551.25     0.788
551.5     0.788
551.75     0.788
552.0     0.788
552.25     0.788
552.5     0.788
552.75     0.79
553.0     0.79
553.25     0.79
553.5     0.79
553.75     0.79
554.0     0.79
554.25     0.79
554.5     0.79
554.75     0.79
555.0     0.79
555.25     0.79
555.5     0.79
555.75     0.79
556.0     0.792
556.25     0.792
556.5     0.792
556.75     0.792
557.0     0.792
557.25     0.792
557.5     0.792
557.75     0.792
558.0     0.792
558.25     0.794
558.5     0.794
558.75     0.794
559.0     0.794
559.25     0.794
559.5     0.798
559.75     0.798
560.0     0.798
560.25     0.798
560.5     0.798
560.75     0.798
561.0     0.798
561.25     0.8
561.5     0.8
561.75     0.8
562.0     0.8
562.25     0.8
562.5     0.8
562.75     0.8
563.0     0.8
563.25     0.8
563.5     0.8
563.75     0.8
564.0     0.802
564.25     0.802
564.5     0.802
564.75     0.804
565.0     0.804
565.25     0.804
565.5     0.804
565.75     0.806
566.0     0.806
566.25     0.806
566.5     0.806
566.75     0.806
567.0     0.806
567.25     0.806
567.5     0.806
567.75     0.808
568.0     0.808
568.25     0.808
568.5     0.808
568.75     0.81
569.0     0.81
569.25     0.81
569.5     0.81
569.75     0.81
570.0     0.81
570.25     0.81
570.5     0.81
570.75     0.81
571.0     0.81
571.25     0.81
571.5     0.81
571.75     0.81
572.0     0.81
572.25     0.81
572.5     0.81
572.75     0.81
573.0     0.81
573.25     0.812
573.5     0.812
573.75     0.812
574.0     0.812
574.25     0.812
574.5     0.812
574.75     0.812
575.0     0.812
575.25     0.812
575.5     0.812
575.75     0.812
576.0     0.814
576.25     0.814
576.5     0.814
576.75     0.814
577.0     0.814
577.25     0.814
577.5     0.814
577.75     0.814
578.0     0.814
578.25     0.814
578.5     0.814
578.75     0.814
579.0     0.814
579.25     0.814
579.5     0.814
579.75     0.814
580.0     0.814
580.25     0.814
580.5     0.814
580.75     0.814
581.0     0.814
581.25     0.814
581.5     0.814
581.75     0.814
582.0     0.814
582.25     0.814
582.5     0.814
582.75     0.814
583.0     0.816
583.25     0.82
583.5     0.82
583.75     0.82
584.0     0.82
584.25     0.822
584.5     0.822
584.75     0.822
585.0     0.822
585.25     0.822
585.5     0.824
585.75     0.824
586.0     0.824
586.25     0.824
586.5     0.826
586.75     0.826
587.0     0.826
587.25     0.826
587.5     0.826
587.75     0.826
588.0     0.826
588.25     0.826
588.5     0.826
588.75     0.826
589.0     0.826
589.25     0.826
589.5     0.826
589.75     0.826
590.0     0.826
590.25     0.826
590.5     0.826
590.75     0.826
591.0     0.828
591.25     0.828
591.5     0.828
591.75     0.828
592.0     0.828
592.25     0.828
592.5     0.828
592.75     0.828
593.0     0.828
593.25     0.828
593.5     0.828
593.75     0.828
594.0     0.828
594.25     0.828
594.5     0.828
594.75     0.828
595.0     0.828
595.25     0.828
595.5     0.828
595.75     0.828
596.0     0.828
596.25     0.828
596.5     0.828
596.75     0.828
597.0     0.83
597.25     0.83
597.5     0.832
597.75     0.832
598.0     0.832
598.25     0.83
598.5     0.83
598.75     0.83
599.0     0.83
599.25     0.832
599.5     0.832
599.75     0.834
600.0     0.834
600.25     0.834
600.5     0.834
600.75     0.834
601.0     0.834
601.25     0.834
601.5     0.834
601.75     0.834
602.0     0.834
602.25     0.834
602.5     0.834
602.75     0.834
603.0     0.834
603.25     0.834
603.5     0.834
603.75     0.834
604.0     0.834
604.25     0.834
604.5     0.834
604.75     0.834
605.0     0.834
605.25     0.836
605.5     0.836
605.75     0.836
606.0     0.836
606.25     0.836
606.5     0.836
606.75     0.836
607.0     0.836
607.25     0.836
607.5     0.838
607.75     0.838
608.0     0.838
608.25     0.84
608.5     0.84
608.75     0.84
609.0     0.84
609.25     0.84
609.5     0.84
609.75     0.84
610.0     0.84
610.25     0.84
610.5     0.84
610.75     0.84
611.0     0.84
611.25     0.84
611.5     0.84
611.75     0.84
612.0     0.84
612.25     0.84
612.5     0.84
612.75     0.84
613.0     0.84
613.25     0.84
613.5     0.84
613.75     0.84
614.0     0.84
614.25     0.84
614.5     0.84
614.75     0.842
615.0     0.842
615.25     0.842
615.5     0.842
615.75     0.84
616.0     0.84
616.25     0.84
616.5     0.84
616.75     0.84
617.0     0.842
617.25     0.842
617.5     0.842
617.75     0.842
618.0     0.842
618.25     0.842
618.5     0.846
618.75     0.846
619.0     0.846
619.25     0.846
619.5     0.846
619.75     0.846
620.0     0.846
620.25     0.846
620.5     0.846
620.75     0.848
621.0     0.85
621.25     0.85
621.5     0.85
621.75     0.85
622.0     0.85
622.25     0.85
622.5     0.85
622.75     0.85
623.0     0.85
623.25     0.85
623.5     0.85
623.75     0.85
624.0     0.85
624.25     0.85
624.5     0.85
624.75     0.85
625.0     0.852
625.25     0.852
625.5     0.852
625.75     0.852
626.0     0.852
626.25     0.852
626.5     0.852
626.75     0.852
627.0     0.852
627.25     0.852
627.5     0.852
627.75     0.854
628.0     0.854
628.25     0.854
628.5     0.854
628.75     0.854
629.0     0.854
629.25     0.856
629.5     0.856
629.75     0.856
630.0     0.856
630.25     0.856
630.5     0.858
630.75     0.858
631.0     0.858
631.25     0.858
631.5     0.858
631.75     0.858
632.0     0.858
632.25     0.858
632.5     0.858
632.75     0.858
633.0     0.858
633.25     0.858
633.5     0.86
633.75     0.86
634.0     0.86
634.25     0.86
634.5     0.86
634.75     0.86
635.0     0.862
635.25     0.862
635.5     0.862
635.75     0.862
636.0     0.864
636.25     0.864
636.5     0.864
636.75     0.864
637.0     0.864
637.25     0.864
637.5     0.864
637.75     0.864
638.0     0.864
638.25     0.864
638.5     0.864
638.75     0.864
639.0     0.864
639.25     0.864
639.5     0.864
639.75     0.864
640.0     0.864
640.25     0.864
640.5     0.864
640.75     0.862
641.0     0.862
641.25     0.862
641.5     0.862
641.75     0.862
642.0     0.862
642.25     0.862
642.5     0.862
642.75     0.862
643.0     0.862
643.25     0.862
643.5     0.862
643.75     0.864
644.0     0.864
644.25     0.864
644.5     0.864
644.75     0.864
645.0     0.866
645.25     0.866
645.5     0.866
645.75     0.866
646.0     0.866
646.25     0.868
646.5     0.868
646.75     0.868
647.0     0.87
647.25     0.87
647.5     0.87
647.75     0.87
648.0     0.87
648.25     0.87
648.5     0.87
648.75     0.87
649.0     0.87
649.25     0.87
649.5     0.87
649.75     0.87
650.0     0.87
650.25     0.87
650.5     0.87
650.75     0.87
651.0     0.87
651.25     0.872
651.5     0.872
651.75     0.872
652.0     0.872
652.25     0.872
652.5     0.874
652.75     0.876
653.0     0.876
653.25     0.876
653.5     0.878
653.75     0.878
654.0     0.878
654.25     0.878
654.5     0.878
654.75     0.876
655.0     0.876
655.25     0.876
655.5     0.876
655.75     0.876
656.0     0.878
656.25     0.878
656.5     0.878
656.75     0.878
657.0     0.878
657.25     0.878
657.5     0.878
657.75     0.878
658.0     0.878
658.25     0.878
658.5     0.878
658.75     0.878
659.0     0.878
659.25     0.878
659.5     0.878
659.75     0.878
660.0     0.878
660.25     0.878
660.5     0.88
660.75     0.88
661.0     0.88
661.25     0.88
661.5     0.88
661.75     0.88
662.0     0.88
662.25     0.88
662.5     0.88
662.75     0.88
663.0     0.88
663.25     0.88
663.5     0.88
663.75     0.88
664.0     0.88
664.25     0.88
664.5     0.88
664.75     0.882
665.0     0.882
665.25     0.882
665.5     0.882
665.75     0.882
666.0     0.882
666.25     0.884
666.5     0.884
666.75     0.884
667.0     0.884
667.25     0.884
667.5     0.884
667.75     0.888
668.0     0.888
668.25     0.888
668.5     0.888
668.75     0.888
669.0     0.888
669.25     0.888
669.5     0.888
669.75     0.888
670.0     0.888
670.25     0.888
670.5     0.888
670.75     0.888
671.0     0.888
671.25     0.888
671.5     0.888
671.75     0.888
672.0     0.89
672.25     0.892
672.5     0.892
672.75     0.892
673.0     0.892
673.25     0.892
673.5     0.892
673.75     0.892
674.0     0.892
674.25     0.892
674.5     0.892
674.75     0.892
675.0     0.892
675.25     0.892
675.5     0.892
675.75     0.892
676.0     0.892
676.25     0.892
676.5     0.892
676.75     0.892
677.0     0.892
677.25     0.892
677.5     0.892
677.75     0.892
678.0     0.892
678.25     0.892
678.5     0.892
678.75     0.892
679.0     0.892
679.25     0.892
679.5     0.892
679.75     0.894
680.0     0.894
680.25     0.894
680.5     0.894
680.75     0.894
681.0     0.896
681.25     0.896
681.5     0.898
681.75     0.898
682.0     0.898
682.25     0.898
682.5     0.898
682.75     0.898
683.0     0.898
683.25     0.898
683.5     0.898
683.75     0.898
684.0     0.898
684.25     0.898
684.5     0.898
684.75     0.898
685.0     0.898
685.25     0.9
685.5     0.9
685.75     0.9
686.0     0.9
686.25     0.902
686.5     0.902
686.75     0.904
687.0     0.904
687.25     0.906
687.5     0.906
687.75     0.906
688.0     0.906
688.25     0.906
688.5     0.906
688.75     0.908
689.0     0.908
689.25     0.908
689.5     0.908
689.75     0.908
690.0     0.908
690.25     0.908
690.5     0.908
690.75     0.908
691.0     0.908
691.25     0.908
691.5     0.908
691.75     0.91
692.0     0.91
692.25     0.91
692.5     0.91
692.75     0.91
693.0     0.912
693.25     0.912
693.5     0.912
693.75     0.912
694.0     0.912
694.25     0.912
694.5     0.912
694.75     0.912
695.0     0.912
695.25     0.912
695.5     0.912
695.75     0.912
696.0     0.912
696.25     0.912
696.5     0.912
696.75     0.912
697.0     0.912
697.25     0.912
697.5     0.912
697.75     0.912
698.0     0.914
698.25     0.914
698.5     0.914
698.75     0.914
699.0     0.914
699.25     0.914
699.5     0.914
699.75     0.914
700.0     0.914
700.25     0.914
700.5     0.916
700.75     0.914
701.0     0.912
701.25     0.912
701.5     0.912
701.75     0.912
702.0     0.912
702.25     0.912
702.5     0.912
702.75     0.912
703.0     0.912
703.25     0.912
703.5     0.912
703.75     0.914
704.0     0.914
704.25     0.914
704.5     0.914
704.75     0.914
705.0     0.914
705.25     0.914
705.5     0.914
705.75     0.914
706.0     0.914
706.25     0.914
706.5     0.914
706.75     0.916
707.0     0.916
707.25     0.916
707.5     0.916
707.75     0.916
708.0     0.916
708.25     0.916
708.5     0.916
708.75     0.916
709.0     0.916
709.25     0.916
709.5     0.916
709.75     0.916
710.0     0.916
710.25     0.916
710.5     0.916
710.75     0.916
711.0     0.916
711.25     0.916
711.5     0.918
711.75     0.918
712.0     0.918
712.25     0.918
712.5     0.918
712.75     0.918
713.0     0.918
713.25     0.918
713.5     0.918
713.75     0.918
714.0     0.918
714.25     0.92
714.5     0.92
714.75     0.92
715.0     0.92
715.25     0.92
715.5     0.92
715.75     0.92
716.0     0.92
716.25     0.92
716.5     0.92
716.75     0.92
717.0     0.92
717.25     0.92
717.5     0.92
717.75     0.92
718.0     0.92
718.25     0.92
718.5     0.92
718.75     0.92
719.0     0.92
719.25     0.92
719.5     0.92
719.75     0.92
720.0     0.92
720.25     0.92
720.5     0.92
720.75     0.92
721.0     0.92
721.25     0.92
721.5     0.92
721.75     0.92
722.0     0.92
722.25     0.92
722.5     0.92
722.75     0.92
723.0     0.922
723.25     0.922
723.5     0.922
723.75     0.922
724.0     0.922
724.25     0.922
724.5     0.922
724.75     0.922
725.0     0.924
725.25     0.924
725.5     0.924
725.75     0.924
726.0     0.924
726.25     0.924
726.5     0.924
726.75     0.924
727.0     0.924
727.25     0.924
727.5     0.924
727.75     0.924
728.0     0.924
728.25     0.924
728.5     0.924
728.75     0.924
729.0     0.924
729.25     0.924
729.5     0.924
729.75     0.924
730.0     0.924
730.25     0.924
730.5     0.922
730.75     0.924
731.0     0.924
731.25     0.926
731.5     0.926
731.75     0.928
732.0     0.928
732.25     0.928
732.5     0.928
732.75     0.928
733.0     0.928
733.25     0.928
733.5     0.928
733.75     0.928
734.0     0.928
734.25     0.928
734.5     0.928
734.75     0.928
735.0     0.928
735.25     0.928
735.5     0.928
735.75     0.928
736.0     0.928
736.25     0.928
736.5     0.928
736.75     0.928
737.0     0.93
737.25     0.93
737.5     0.93
737.75     0.93
738.0     0.93
738.25     0.93
738.5     0.93
738.75     0.93
739.0     0.93
739.25     0.93
739.5     0.93
739.75     0.93
740.0     0.93
740.25     0.93
740.5     0.93
740.75     0.93
741.0     0.93
741.25     0.932
741.5     0.934
741.75     0.934
742.0     0.934
742.25     0.934
742.5     0.936
742.75     0.936
743.0     0.936
743.25     0.936
743.5     0.938
743.75     0.938
744.0     0.938
744.25     0.938
744.5     0.938
744.75     0.938
745.0     0.94
745.25     0.94
745.5     0.94
745.75     0.94
746.0     0.94
746.25     0.94
746.5     0.94
746.75     0.94
747.0     0.94
747.25     0.94
747.5     0.94
747.75     0.94
748.0     0.94
748.25     0.94
748.5     0.94
748.75     0.94
749.0     0.94
749.25     0.94
749.5     0.94
749.75     0.942
750.0     0.942
750.25     0.942
750.5     0.942
750.75     0.942
751.0     0.942
751.25     0.942
751.5     0.942
751.75     0.942
752.0     0.942
752.25     0.942
752.5     0.942
752.75     0.942
753.0     0.942
753.25     0.942
753.5     0.942
753.75     0.942
754.0     0.942
754.25     0.942
754.5     0.942
754.75     0.942
755.0     0.942
755.25     0.942
755.5     0.942
755.75     0.942
756.0     0.942
756.25     0.942
756.5     0.942
756.75     0.942
757.0     0.942
757.25     0.942
757.5     0.942
757.75     0.942
758.0     0.942
758.25     0.942
758.5     0.942
758.75     0.942
759.0     0.942
759.25     0.942
759.5     0.942
759.75     0.942
760.0     0.942
760.25     0.942
760.5     0.942
760.75     0.942
761.0     0.942
761.25     0.942
761.5     0.942
761.75     0.942
762.0     0.942
762.25     0.942
762.5     0.942
762.75     0.942
763.0     0.942
763.25     0.942
763.5     0.942
763.75     0.942
764.0     0.942
764.25     0.942
764.5     0.942
764.75     0.942
765.0     0.942
765.25     0.944
765.5     0.944
765.75     0.944
766.0     0.944
766.25     0.944
766.5     0.944
766.75     0.944
767.0     0.944
767.25     0.944
767.5     0.944
767.75     0.944
768.0     0.944
768.25     0.944
768.5     0.944
768.75     0.944
769.0     0.944
769.25     0.944
769.5     0.944
769.75     0.944
770.0     0.944
770.25     0.944
770.5     0.944
770.75     0.944
771.0     0.944
771.25     0.946
771.5     0.946
771.75     0.946
772.0     0.946
772.25     0.946
772.5     0.946
772.75     0.946
773.0     0.946
773.25     0.946
773.5     0.946
773.75     0.946
774.0     0.946
774.25     0.946
774.5     0.946
774.75     0.946
775.0     0.946
775.25     0.946
775.5     0.946
775.75     0.946
776.0     0.946
776.25     0.946
776.5     0.946
776.75     0.946
777.0     0.946
777.25     0.946
777.5     0.946
777.75     0.946
778.0     0.946
778.25     0.946
778.5     0.946
778.75     0.946
779.0     0.946
779.25     0.946
779.5     0.946
779.75     0.946
780.0     0.946
780.25     0.946
780.5     0.946
780.75     0.946
781.0     0.946
781.25     0.946
781.5     0.946
781.75     0.946
782.0     0.946
782.25     0.946
782.5     0.946
782.75     0.946
783.0     0.946
783.25     0.946
783.5     0.946
783.75     0.946
784.0     0.946
784.25     0.946
784.5     0.946
784.75     0.946
785.0     0.948
785.25     0.948
785.5     0.948
785.75     0.948
786.0     0.948
786.25     0.95
786.5     0.95
786.75     0.95
787.0     0.95
787.25     0.95
787.5     0.952
787.75     0.952
788.0     0.952
788.25     0.952
788.5     0.952
788.75     0.952
789.0     0.952
789.25     0.952
789.5     0.952
789.75     0.952
790.0     0.952
790.25     0.952
790.5     0.952
790.75     0.952
791.0     0.952
791.25     0.952
791.5     0.952
791.75     0.952
792.0     0.952
792.25     0.952
792.5     0.952
792.75     0.952
793.0     0.952
793.25     0.952
793.5     0.952
793.75     0.952
794.0     0.952
794.25     0.952
794.5     0.952
794.75     0.952
795.0     0.952
795.25     0.952
795.5     0.952
795.75     0.952
796.0     0.952
796.25     0.952
796.5     0.952
796.75     0.952
797.0     0.952
797.25     0.952
797.5     0.952
797.75     0.952
798.0     0.952
798.25     0.952
798.5     0.952
798.75     0.952
799.0     0.952
799.25     0.952
799.5     0.952
799.75     0.952
800.0     0.952
800.25     0.952
800.5     0.952
800.75     0.952
801.0     0.952
801.25     0.952
801.5     0.952
801.75     0.952
802.0     0.952
802.25     0.952
802.5     0.952
802.75     0.952
803.0     0.952
803.25     0.952
803.5     0.954
803.75     0.954
804.0     0.954
804.25     0.954
804.5     0.954
804.75     0.954
805.0     0.954
805.25     0.954
805.5     0.954
805.75     0.954
806.0     0.954
806.25     0.954
806.5     0.954
806.75     0.954
807.0     0.954
807.25     0.954
807.5     0.954
807.75     0.954
808.0     0.954
808.25     0.954
808.5     0.954
808.75     0.954
809.0     0.954
809.25     0.954
809.5     0.954
809.75     0.954
810.0     0.954
810.25     0.954
810.5     0.954
810.75     0.954
811.0     0.954
811.25     0.954
811.5     0.954
811.75     0.954
812.0     0.954
812.25     0.954
812.5     0.954
812.75     0.954
813.0     0.954
813.25     0.954
813.5     0.956
813.75     0.956
814.0     0.956
814.25     0.956
814.5     0.956
814.75     0.956
815.0     0.956
815.25     0.956
815.5     0.956
815.75     0.956
816.0     0.956
816.25     0.956
816.5     0.956
816.75     0.956
817.0     0.956
817.25     0.956
817.5     0.956
817.75     0.956
818.0     0.956
818.25     0.956
818.5     0.956
818.75     0.956
819.0     0.956
819.25     0.956
819.5     0.956
819.75     0.956
820.0     0.956
820.25     0.956
820.5     0.956
820.75     0.956
821.0     0.956
821.25     0.956
821.5     0.956
821.75     0.956
822.0     0.956
822.25     0.956
822.5     0.956
822.75     0.956
823.0     0.956
823.25     0.956
823.5     0.956
823.75     0.956
824.0     0.956
824.25     0.956
824.5     0.956
824.75     0.956
825.0     0.956
825.25     0.956
825.5     0.956
825.75     0.956
826.0     0.956
826.25     0.956
826.5     0.956
826.75     0.956
827.0     0.956
827.25     0.956
827.5     0.956
827.75     0.956
828.0     0.956
828.25     0.956
828.5     0.956
828.75     0.958
829.0     0.958
829.25     0.958
829.5     0.958
829.75     0.958
830.0     0.958
830.25     0.958
830.5     0.958
830.75     0.958
831.0     0.958
831.25     0.958
831.5     0.958
831.75     0.958
832.0     0.958
832.25     0.958
832.5     0.958
832.75     0.958
833.0     0.958
833.25     0.958
833.5     0.96
833.75     0.96
834.0     0.96
834.25     0.96
834.5     0.96
834.75     0.96
835.0     0.96
835.25     0.96
835.5     0.96
835.75     0.96
836.0     0.96
836.25     0.96
836.5     0.96
836.75     0.96
837.0     0.96
837.25     0.96
837.5     0.96
837.75     0.96
838.0     0.96
838.25     0.96
838.5     0.96
838.75     0.96
839.0     0.96
839.25     0.96
839.5     0.96
839.75     0.96
840.0     0.96
840.25     0.96
840.5     0.96
840.75     0.96
841.0     0.96
841.25     0.96
841.5     0.96
841.75     0.96
842.0     0.96
842.25     0.96
842.5     0.96
842.75     0.962
843.0     0.962
843.25     0.962
843.5     0.962
843.75     0.962
844.0     0.962
844.25     0.964
844.5     0.964
844.75     0.964
845.0     0.964
845.25     0.964
845.5     0.964
845.75     0.964
846.0     0.964
846.25     0.964
846.5     0.964
846.75     0.964
847.0     0.964
847.25     0.964
847.5     0.964
847.75     0.964
848.0     0.964
848.25     0.964
848.5     0.964
848.75     0.964
849.0     0.964
849.25     0.964
849.5     0.964
849.75     0.964
850.0     0.964
850.25     0.964
850.5     0.966
850.75     0.966
851.0     0.966
851.25     0.966
851.5     0.966
851.75     0.966
852.0     0.966
852.25     0.966
852.5     0.966
852.75     0.966
853.0     0.966
853.25     0.966
853.5     0.966
853.75     0.968
854.0     0.968
854.25     0.968
854.5     0.968
854.75     0.968
855.0     0.968
855.25     0.968
855.5     0.968
855.75     0.968
856.0     0.968
856.25     0.968
856.5     0.968
856.75     0.968
857.0     0.968
857.25     0.968
857.5     0.968
857.75     0.968
858.0     0.968
858.25     0.968
858.5     0.968
858.75     0.968
859.0     0.968
859.25     0.968
859.5     0.968
859.75     0.968
860.0     0.968
860.25     0.968
860.5     0.968
860.75     0.968
861.0     0.968
861.25     0.968
861.5     0.968
861.75     0.968
862.0     0.968
862.25     0.968
862.5     0.968
862.75     0.968
863.0     0.968
863.25     0.968
863.5     0.968
863.75     0.968
864.0     0.968
864.25     0.968
864.5     0.968
864.75     0.968
865.0     0.968
865.25     0.968
865.5     0.968
865.75     0.968
866.0     0.968
866.25     0.968
866.5     0.968
866.75     0.968
867.0     0.968
867.25     0.968
867.5     0.968
867.75     0.968
868.0     0.968
868.25     0.968
868.5     0.968
868.75     0.968
869.0     0.968
869.25     0.968
869.5     0.968
869.75     0.968
870.0     0.968
870.25     0.968
870.5     0.968
870.75     0.97
871.0     0.97
871.25     0.97
871.5     0.97
871.75     0.97
872.0     0.97
872.25     0.97
872.5     0.97
872.75     0.97
873.0     0.97
873.25     0.97
873.5     0.97
873.75     0.97
874.0     0.97
874.25     0.97
874.5     0.97
874.75     0.97
875.0     0.97
875.25     0.97
875.5     0.97
875.75     0.97
876.0     0.97
876.25     0.97
876.5     0.97
876.75     0.97
877.0     0.97
877.25     0.97
877.5     0.97
877.75     0.97
878.0     0.97
878.25     0.97
878.5     0.97
878.75     0.97
879.0     0.97
879.25     0.97
879.5     0.97
879.75     0.97
880.0     0.97
880.25     0.97
880.5     0.97
880.75     0.97
881.0     0.97
881.25     0.97
881.5     0.972
881.75     0.972
882.0     0.972
882.25     0.972
882.5     0.972
882.75     0.972
883.0     0.972
883.25     0.972
883.5     0.972
883.75     0.972
884.0     0.972
884.25     0.972
884.5     0.972
884.75     0.972
885.0     0.972
885.25     0.972
885.5     0.972
885.75     0.972
886.0     0.972
886.25     0.972
886.5     0.972
886.75     0.972
887.0     0.972
887.25     0.972
887.5     0.972
887.75     0.972
888.0     0.972
888.25     0.972
888.5     0.972
888.75     0.972
889.0     0.972
889.25     0.972
889.5     0.972
889.75     0.972
890.0     0.972
890.25     0.972
890.5     0.972
890.75     0.972
891.0     0.972
891.25     0.972
891.5     0.972
891.75     0.972
892.0     0.972
892.25     0.972
892.5     0.972
892.75     0.972
893.0     0.972
893.25     0.974
893.5     0.974
893.75     0.974
894.0     0.974
894.25     0.974
894.5     0.974
894.75     0.974
895.0     0.974
895.25     0.974
895.5     0.974
895.75     0.974
896.0     0.974
896.25     0.974
896.5     0.974
896.75     0.974
897.0     0.974
897.25     0.974
897.5     0.974
897.75     0.974
898.0     0.974
898.25     0.974
898.5     0.974
898.75     0.974
899.0     0.974
899.25     0.974
899.5     0.974
899.75     0.974
900.0     0.974
900.25     0.974
900.5     0.974
900.75     0.974
901.0     0.974
901.25     0.974
901.5     0.974
901.75     0.974
902.0     0.974
902.25     0.974
902.5     0.974
902.75     0.974
903.0     0.974
903.25     0.974
903.5     0.974
903.75     0.974
904.0     0.974
904.25     0.974
904.5     0.974
904.75     0.974
905.0     0.974
905.25     0.974
905.5     0.974
905.75     0.974
906.0     0.974
906.25     0.974
906.5     0.974
906.75     0.974
907.0     0.974
907.25     0.974
907.5     0.974
907.75     0.976
908.0     0.976
908.25     0.976
908.5     0.976
908.75     0.976
909.0     0.976
909.25     0.976
909.5     0.976
909.75     0.976
910.0     0.976
910.25     0.976
910.5     0.976
910.75     0.976
911.0     0.976
911.25     0.976
911.5     0.976
911.75     0.976
912.0     0.976
912.25     0.976
912.5     0.976
912.75     0.978
913.0     0.978
913.25     0.978
913.5     0.978
913.75     0.978
914.0     0.98
914.25     0.98
914.5     0.98
914.75     0.98
915.0     0.98
915.25     0.98
915.5     0.98
915.75     0.98
916.0     0.98
916.25     0.98
916.5     0.98
916.75     0.98
917.0     0.98
917.25     0.98
917.5     0.98
917.75     0.98
918.0     0.98
918.25     0.98
918.5     0.98
918.75     0.98
919.0     0.98
919.25     0.98
919.5     0.98
919.75     0.98
920.0     0.98
920.25     0.98
920.5     0.98
920.75     0.98
921.0     0.98
921.25     0.98
921.5     0.98
921.75     0.98
922.0     0.98
922.25     0.98
922.5     0.98
922.75     0.98
923.0     0.98
923.25     0.98
923.5     0.98
923.75     0.98
924.0     0.98
924.25     0.98
924.5     0.98
924.75     0.98
925.0     0.98
925.25     0.98
925.5     0.98
925.75     0.98
926.0     0.98
926.25     0.98
926.5     0.98
926.75     0.98
927.0     0.98
927.25     0.98
927.5     0.98
927.75     0.98
928.0     0.98
928.25     0.98
928.5     0.98
928.75     0.98
929.0     0.98
929.25     0.98
929.5     0.98
929.75     0.98
930.0     0.98
930.25     0.98
930.5     0.98
930.75     0.98
931.0     0.98
931.25     0.98
931.5     0.98
931.75     0.98
932.0     0.98
932.25     0.98
932.5     0.98
932.75     0.98
933.0     0.98
933.25     0.98
933.5     0.98
933.75     0.98
934.0     0.98
934.25     0.98
934.5     0.98
934.75     0.98
935.0     0.98
935.25     0.98
935.5     0.98
935.75     0.98
936.0     0.98
936.25     0.98
936.5     0.98
936.75     0.98
937.0     0.98
937.25     0.98
937.5     0.98
937.75     0.98
938.0     0.982
938.25     0.982
938.5     0.982
938.75     0.982
939.0     0.982
939.25     0.982
939.5     0.982
939.75     0.982
940.0     0.982
940.25     0.982
940.5     0.982
940.75     0.982
941.0     0.982
941.25     0.982
941.5     0.982
941.75     0.982
942.0     0.982
942.25     0.982
942.5     0.982
942.75     0.982
943.0     0.982
943.25     0.982
943.5     0.982
943.75     0.982
944.0     0.982
944.25     0.982
944.5     0.982
944.75     0.982
945.0     0.982
945.25     0.982
945.5     0.982
945.75     0.982
946.0     0.982
946.25     0.982
946.5     0.982
946.75     0.982
947.0     0.982
947.25     0.982
947.5     0.982
947.75     0.982
948.0     0.982
948.25     0.982
948.5     0.982
948.75     0.982
949.0     0.982
949.25     0.982
949.5     0.982
949.75     0.982
950.0     0.982
950.25     0.982
950.5     0.982
950.75     0.982
951.0     0.982
951.25     0.982
951.5     0.982
951.75     0.982
952.0     0.982
952.25     0.982
952.5     0.982
952.75     0.982
953.0     0.982
953.25     0.982
953.5     0.982
953.75     0.982
954.0     0.982
954.25     0.982
954.5     0.982
954.75     0.982
955.0     0.982
955.25     0.982
955.5     0.982
955.75     0.982
956.0     0.982
956.25     0.982
956.5     0.982
956.75     0.984
957.0     0.984
957.25     0.984
957.5     0.984
957.75     0.984
958.0     0.984
958.25     0.984
958.5     0.984
958.75     0.984
959.0     0.984
959.25     0.984
959.5     0.984
959.75     0.984
960.0     0.984
960.25     0.984
960.5     0.986
960.75     0.986
961.0     0.986
961.25     0.986
961.5     0.986
961.75     0.986
962.0     0.986
962.25     0.986
962.5     0.986
962.75     0.986
963.0     0.986
963.25     0.986
963.5     0.986
963.75     0.986
964.0     0.986
964.25     0.986
964.5     0.986
964.75     0.986
965.0     0.986
965.25     0.986
965.5     0.986
965.75     0.986
966.0     0.986
966.25     0.986
966.5     0.986
966.75     0.986
967.0     0.986
967.25     0.986
967.5     0.986
967.75     0.986
968.0     0.986
968.25     0.986
968.5     0.986
968.75     0.986
969.0     0.986
969.25     0.986
969.5     0.986
969.75     0.986
970.0     0.986
970.25     0.986
970.5     0.986
970.75     0.986
971.0     0.986
971.25     0.986
971.5     0.986
971.75     0.986
972.0     0.986
972.25     0.986
972.5     0.986
972.75     0.986
973.0     0.986
973.25     0.986
973.5     0.986
973.75     0.986
974.0     0.986
974.25     0.986
974.5     0.986
974.75     0.986
975.0     0.986
975.25     0.986
975.5     0.986
975.75     0.986
976.0     0.986
976.25     0.986
976.5     0.986
976.75     0.986
977.0     0.986
977.25     0.986
977.5     0.986
977.75     0.986
978.0     0.986
978.25     0.986
978.5     0.986
978.75     0.986
979.0     0.986
979.25     0.986
979.5     0.986
979.75     0.986
980.0     0.986
980.25     0.986
980.5     0.986
980.75     0.986
981.0     0.986
981.25     0.986
981.5     0.986
981.75     0.986
982.0     0.986
982.25     0.986
982.5     0.986
982.75     0.986
983.0     0.986
983.25     0.986
983.5     0.986
983.75     0.988
984.0     0.988
984.25     0.988
984.5     0.988
984.75     0.988
985.0     0.988
985.25     0.988
985.5     0.988
985.75     0.988
986.0     0.988
986.25     0.988
986.5     0.988
986.75     0.988
987.0     0.988
987.25     0.988
987.5     0.988
987.75     0.988
988.0     0.988
988.25     0.988
988.5     0.988
988.75     0.988
989.0     0.988
989.25     0.988
989.5     0.988
989.75     0.988
990.0     0.988
990.25     0.988
990.5     0.988
990.75     0.988
991.0     0.988
991.25     0.988
991.5     0.988
991.75     0.992
992.0     0.992
992.25     0.992
992.5     0.992
992.75     0.992
993.0     0.992
993.25     0.992
993.5     0.992
993.75     0.992
994.0     0.992
994.25     0.992
994.5     0.992
994.75     0.992
995.0     0.992
995.25     0.992
995.5     0.992
995.75     0.992
996.0     0.992
996.25     0.992
996.5     0.992
996.75     0.992
997.0     0.992
997.25     0.992
997.5     0.992
997.75     0.992
998.0     0.992
998.25     0.992
998.5     0.992
998.75     0.992
999.0     0.992
999.25     0.992
999.5     0.992
999.75     0.992
1000.0     0.992
