0.25     1.0
0.5     1.0
0.75     1.0
1.0     1.0
1.25     1.0
1.5     1.0
1.75     1.0
2.0     1.0
2.25     1.0
2.5     1.0
2.75     1.0
3.0     1.0
3.25     1.0
3.5     1.0
3.75     1.0
4.0     1.0
4.25     1.0
4.5     1.0
4.75     1.0
5.0     1.0
5.25     1.0
5.5     1.0
5.75     1.0
6.0     1.0
6.25     1.0
6.5     1.0
6.75     1.0
7.0     1.0
7.25     1.0
7.5     1.0
7.75     1.0
8.0     1.0
8.25     1.0
8.5     1.0
8.75     1.0
9.0     1.0
9.25     1.0
9.5     1.0
9.75     1.0
10.0     1.0
10.25     1.0
10.5     1.0
10.75     1.0
11.0     1.0
11.25     1.0
11.5     1.0
11.75     1.0
12.0     1.0
12.25     1.0
12.5     1.0
12.75     1.0
13.0     1.0
13.25     1.0
13.5     1.0
13.75     1.0
14.0     1.0
14.25     1.0
14.5     1.0
14.75     1.0
15.0     1.0
15.25     1.0
15.5     1.0
15.75     1.0
16.0     1.0
16.25     1.0
16.5     1.0
16.75     1.0
17.0     1.0
17.25     1.0
17.5     1.0
17.75     1.0
18.0     1.0
18.25     1.0
18.5     1.0
18.75     1.0
19.0     1.0
19.25     1.0
19.5     1.0
19.75     1.0
20.0     1.0
20.25     1.0
20.5     1.0
20.75     1.0
21.0     1.0
21.25     1.0
21.5     1.0
21.75     1.0
22.0     1.0
22.25     1.0
22.5     1.0
22.75     1.0
23.0     1.0
23.25     1.0
23.5     1.0
23.75     1.0
24.0     1.0
24.25     1.0
24.5     1.0
24.75     1.0
25.0     1.0
25.25     1.0
25.5     1.0
25.75     1.0
26.0     1.0
26.25     1.0
26.5     1.0
26.75     1.0
27.0     1.0
27.25     1.0
27.5     1.0
27.75     1.0
28.0     1.0
28.25     1.0
28.5     1.0
28.75     1.0
29.0     1.0
29.25     1.0
29.5     1.0
29.75     1.0
30.0     1.0
30.25     1.0
30.5     1.0
30.75     1.0
31.0     1.0
31.25     1.0
31.5     1.0
31.75     1.0
32.0     1.0
32.25     1.0
32.5     1.0
32.75     1.0
33.0     1.0
33.25     1.0
33.5     1.0
33.75     1.0
34.0     1.0
34.25     1.0
34.5     1.0
34.75     1.0
35.0     1.0
35.25     1.0
35.5     1.0
35.75     1.0
36.0     1.0
36.25     1.0
36.5     1.0
36.75     1.0
37.0     1.0
37.25     1.0
37.5     1.0
37.75     1.0
38.0     1.0
38.25     1.0
38.5     1.0
38.75     1.0
39.0     1.0
39.25     1.0
39.5     1.0
39.75     1.0
40.0     1.0
40.25     1.0
40.5     1.0
40.75     1.0
41.0     1.0
41.25     1.0
41.5     1.0
41.75     1.0
42.0     1.0
42.25     1.0
42.5     1.0
42.75     1.0
43.0     1.0
43.25     1.0
43.5     1.0
43.75     1.0
44.0     1.0
44.25     1.0
44.5     1.0
44.75     1.0
45.0     1.0
45.25     1.0
45.5     1.0
45.75     1.0
46.0     1.0
46.25     1.0
46.5     1.0
46.75     1.0
47.0     1.0
47.25     1.0
47.5     1.0
47.75     1.0
48.0     1.0
48.25     1.0
48.5     1.0
48.75     1.0
49.0     1.0
49.25     1.0
49.5     1.0
49.75     1.0
50.0     1.0
50.25     1.0
50.5     1.0
50.75     1.0
51.0     1.0
51.25     1.0
51.5     1.0
51.75     1.0
52.0     1.0
52.25     1.0
52.5     1.0
52.75     1.0
53.0     1.0
53.25     1.0
53.5     1.0
53.75     1.0
54.0     1.0
54.25     1.0
54.5     1.0
54.75     1.0
55.0     1.0
55.25     1.0
55.5     1.0
55.75     1.0
56.0     1.0
56.25     1.0
56.5     0.998
56.75     0.998
57.0     0.998
57.25     0.998
57.5     0.998
57.75     0.998
58.0     0.998
58.25     0.998
58.5     0.998
58.75     0.998
59.0     0.998
59.25     0.998
59.5     0.998
59.75     0.998
60.0     0.998
60.25     0.998
60.5     0.998
60.75     0.998
61.0     0.998
61.25     0.998
61.5     0.998
61.75     0.998
62.0     0.998
62.25     0.998
62.5     0.998
62.75     0.996
63.0     0.996
63.25     0.996
63.5     0.996
63.75     0.996
64.0     0.996
64.25     0.996
64.5     0.996
64.75     0.996
65.0     0.996
65.25     0.996
65.5     0.996
65.75     0.996
66.0     0.996
66.25     0.996
66.5     0.996
66.75     0.996
67.0     0.996
67.25     0.996
67.5     0.996
67.75     0.996
68.0     0.996
68.25     0.996
68.5     0.996
68.75     0.996
69.0     0.996
69.25     0.996
69.5     0.996
69.75     0.996
70.0     0.996
70.25     0.996
70.5     0.996
70.75     0.996
71.0     0.996
71.25     0.996
71.5     0.996
71.75     0.996
72.0     0.996
72.25     0.996
72.5     0.996
72.75     0.996
73.0     0.994
73.25     0.994
73.5     0.994
73.75     0.994
74.0     0.994
74.25     0.994
74.5     0.994
74.75     0.994
75.0     0.994
75.25     0.994
75.5     0.994
75.75     0.994
76.0     0.994
76.25     0.994
76.5     0.994
76.75     0.994
77.0     0.994
77.25     0.994
77.5     0.994
77.75     0.994
78.0     0.994
78.25     0.994
78.5     0.994
78.75     0.994
79.0     0.994
79.25     0.994
79.5     0.994
79.75     0.994
80.0     0.994
80.25     0.994
80.5     0.994
80.75     0.994
81.0     0.994
81.25     0.994
81.5     0.994
81.75     0.994
82.0     0.994
82.25     0.994
82.5     0.994
82.75     0.994
83.0     0.994
83.25     0.994
83.5     0.994
83.75     0.994
84.0     0.994
84.25     0.994
84.5     0.994
84.75     0.994
85.0     0.994
85.25     0.994
85.5     0.994
85.75     0.994
86.0     0.994
86.25     0.994
86.5     0.994
86.75     0.994
87.0     0.994
87.25     0.994
87.5     0.994
87.75     0.994
88.0     0.994
88.25     0.994
88.5     0.994
88.75     0.994
89.0     0.994
89.25     0.994
89.5     0.994
89.75     0.994
90.0     0.994
90.25     0.994
90.5     0.994
90.75     0.994
91.0     0.994
91.25     0.994
91.5     0.994
91.75     0.994
92.0     0.994
92.25     0.994
92.5     0.994
92.75     0.994
93.0     0.994
93.25     0.994
93.5     0.994
93.75     0.994
94.0     0.994
94.25     0.994
94.5     0.994
94.75     0.994
95.0     0.994
95.25     0.994
95.5     0.994
95.75     0.994
96.0     0.994
96.25     0.994
96.5     0.994
96.75     0.994
97.0     0.994
97.25     0.994
97.5     0.994
97.75     0.994
98.0     0.994
98.25     0.994
98.5     0.994
98.75     0.994
99.0     0.992
99.25     0.992
99.5     0.992
99.75     0.992
100.0     0.992
100.25     0.992
100.5     0.992
100.75     0.992
101.0     0.992
101.25     0.992
101.5     0.992
101.75     0.992
102.0     0.992
102.25     0.992
102.5     0.992
102.75     0.992
103.0     0.992
103.25     0.992
103.5     0.992
103.75     0.992
104.0     0.992
104.25     0.992
104.5     0.992
104.75     0.992
105.0     0.992
105.25     0.992
105.5     0.992
105.75     0.992
106.0     0.992
106.25     0.992
106.5     0.992
106.75     0.992
107.0     0.992
107.25     0.992
107.5     0.992
107.75     0.992
108.0     0.992
108.25     0.992
108.5     0.992
108.75     0.99
109.0     0.99
109.25     0.99
109.5     0.99
109.75     0.99
110.0     0.99
110.25     0.99
110.5     0.99
110.75     0.99
111.0     0.99
111.25     0.99
111.5     0.99
111.75     0.99
112.0     0.99
112.25     0.99
112.5     0.99
112.75     0.988
113.0     0.988
113.25     0.988
113.5     0.988
113.75     0.988
114.0     0.988
114.25     0.988
114.5     0.988
114.75     0.988
115.0     0.988
115.25     0.988
115.5     0.988
115.75     0.988
116.0     0.988
116.25     0.988
116.5     0.988
116.75     0.988
117.0     0.988
117.25     0.988
117.5     0.988
117.75     0.988
118.0     0.988
118.25     0.988
118.5     0.988
118.75     0.988
119.0     0.988
119.25     0.988
119.5     0.988
119.75     0.988
120.0     0.988
120.25     0.988
120.5     0.988
120.75     0.988
121.0     0.988
121.25     0.988
121.5     0.988
121.75     0.988
122.0     0.988
122.25     0.988
122.5     0.988
122.75     0.988
123.0     0.988
123.25     0.988
123.5     0.988
123.75     0.988
124.0     0.988
124.25     0.988
124.5     0.988
124.75     0.988
125.0     0.988
125.25     0.988
125.5     0.988
125.75     0.988
126.0     0.988
126.25     0.988
126.5     0.988
126.75     0.988
127.0     0.988
127.25     0.988
127.5     0.988
127.75     0.988
128.0     0.988
128.25     0.988
128.5     0.988
128.75     0.988
129.0     0.988
129.25     0.988
129.5     0.988
129.75     0.988
130.0     0.988
130.25     0.988
130.5     0.988
130.75     0.988
131.0     0.988
131.25     0.988
131.5     0.988
131.75     0.988
132.0     0.988
132.25     0.988
132.5     0.988
132.75     0.988
133.0     0.988
133.25     0.988
133.5     0.988
133.75     0.988
134.0     0.988
134.25     0.988
134.5     0.988
134.75     0.988
135.0     0.988
135.25     0.988
135.5     0.988
135.75     0.988
136.0     0.988
136.25     0.988
136.5     0.988
136.75     0.988
137.0     0.988
137.25     0.988
137.5     0.988
137.75     0.988
138.0     0.988
138.25     0.988
138.5     0.986
138.75     0.988
139.0     0.988
139.25     0.99
139.5     0.99
139.75     0.99
140.0     0.99
140.25     0.99
140.5     0.99
140.75     0.988
141.0     0.988
141.25     0.988
141.5     0.988
141.75     0.988
142.0     0.988
142.25     0.988
142.5     0.988
142.75     0.988
143.0     0.988
143.25     0.988
143.5     0.988
143.75     0.988
144.0     0.988
144.25     0.988
144.5     0.988
144.75     0.988
145.0     0.988
145.25     0.988
145.5     0.988
145.75     0.988
146.0     0.988
146.25     0.988
146.5     0.988
146.75     0.988
147.0     0.988
147.25     0.986
147.5     0.988
147.75     0.99
148.0     0.99
148.25     0.99
148.5     0.988
148.75     0.986
149.0     0.986
149.25     0.986
149.5     0.986
149.75     0.986
150.0     0.986
150.25     0.986
150.5     0.986
150.75     0.986
151.0     0.986
151.25     0.986
151.5     0.986
151.75     0.986
152.0     0.986
152.25     0.986
152.5     0.986
152.75     0.986
153.0     0.986
153.25     0.986
153.5     0.986
153.75     0.986
154.0     0.986
154.25     0.986
154.5     0.984
154.75     0.984
155.0     0.984
155.25     0.982
155.5     0.982
155.75     0.982
156.0     0.98
156.25     0.98
156.5     0.98
156.75     0.978
157.0     0.978
157.25     0.976
157.5     0.976
157.75     0.976
158.0     0.976
158.25     0.976
158.5     0.976
158.75     0.976
159.0     0.976
159.25     0.976
159.5     0.976
159.75     0.976
160.0     0.976
160.25     0.974
160.5     0.974
160.75     0.974
161.0     0.974
161.25     0.974
161.5     0.974
161.75     0.974
162.0     0.974
162.25     0.974
162.5     0.974
162.75     0.974
163.0     0.974
163.25     0.974
163.5     0.974
163.75     0.974
164.0     0.974
164.25     0.974
164.5     0.974
164.75     0.974
165.0     0.974
165.25     0.974
165.5     0.974
165.75     0.974
166.0     0.972
166.25     0.972
166.5     0.972
166.75     0.97
167.0     0.966
167.25     0.966
167.5     0.966
167.75     0.964
168.0     0.962
168.25     0.962
168.5     0.962
168.75     0.962
169.0     0.962
169.25     0.962
169.5     0.962
169.75     0.962
170.0     0.962
170.25     0.962
170.5     0.962
170.75     0.962
171.0     0.962
171.25     0.962
171.5     0.962
171.75     0.96
172.0     0.96
172.25     0.96
172.5     0.96
172.75     0.96
173.0     0.96
173.25     0.96
173.5     0.958
173.75     0.958
174.0     0.958
174.25     0.958
174.5     0.958
174.75     0.958
175.0     0.958
175.25     0.958
175.5     0.958
175.75     0.958
176.0     0.958
176.25     0.958
176.5     0.958
176.75     0.958
177.0     0.958
177.25     0.958
177.5     0.958
177.75     0.958
178.0     0.958
178.25     0.958
178.5     0.958
178.75     0.958
179.0     0.958
179.25     0.958
179.5     0.958
179.75     0.956
180.0     0.956
180.25     0.956
180.5     0.956
180.75     0.956
181.0     0.956
181.25     0.956
181.5     0.956
181.75     0.956
182.0     0.956
182.25     0.954
182.5     0.954
182.75     0.954
183.0     0.954
183.25     0.954
183.5     0.954
183.75     0.954
184.0     0.954
184.25     0.952
184.5     0.952
184.75     0.952
185.0     0.952
185.25     0.952
185.5     0.952
185.75     0.952
186.0     0.952
186.25     0.95
186.5     0.95
186.75     0.95
187.0     0.95
187.25     0.95
187.5     0.95
187.75     0.95
188.0     0.948
188.25     0.946
188.5     0.946
188.75     0.946
189.0     0.946
189.25     0.946
189.5     0.946
189.75     0.946
190.0     0.946
190.25     0.946
190.5     0.944
190.75     0.944
191.0     0.944
191.25     0.944
191.5     0.944
191.75     0.944
192.0     0.944
192.25     0.944
192.5     0.944
192.75     0.944
193.0     0.944
193.25     0.944
193.5     0.944
193.75     0.944
194.0     0.944
194.25     0.942
194.5     0.942
194.75     0.942
195.0     0.942
195.25     0.942
195.5     0.942
195.75     0.942
196.0     0.942
196.25     0.942
196.5     0.942
196.75     0.94
197.0     0.94
197.25     0.94
197.5     0.94
197.75     0.94
198.0     0.94
198.25     0.94
198.5     0.94
198.75     0.94
199.0     0.94
199.25     0.94
199.5     0.94
199.75     0.94
200.0     0.94
200.25     0.94
200.5     0.94
200.75     0.94
201.0     0.94
201.25     0.94
201.5     0.94
201.75     0.94
202.0     0.94
202.25     0.94
202.5     0.94
202.75     0.94
203.0     0.938
203.25     0.938
203.5     0.938
203.75     0.938
204.0     0.938
204.25     0.938
204.5     0.936
204.75     0.936
205.0     0.936
205.25     0.934
205.5     0.934
205.75     0.934
206.0     0.934
206.25     0.934
206.5     0.934
206.75     0.932
207.0     0.932
207.25     0.93
207.5     0.93
207.75     0.93
208.0     0.93
208.25     0.93
208.5     0.928
208.75     0.928
209.0     0.928
209.25     0.928
209.5     0.928
209.75     0.928
210.0     0.928
210.25     0.928
210.5     0.926
210.75     0.926
211.0     0.928
211.25     0.928
211.5     0.928
211.75     0.928
212.0     0.928
212.25     0.928
212.5     0.928
212.75     0.928
213.0     0.928
213.25     0.928
213.5     0.928
213.75     0.926
214.0     0.924
214.25     0.924
214.5     0.924
214.75     0.922
215.0     0.922
215.25     0.922
215.5     0.922
215.75     0.922
216.0     0.922
216.25     0.922
216.5     0.922
216.75     0.92
217.0     0.92
217.25     0.92
217.5     0.92
217.75     0.92
218.0     0.918
218.25     0.918
218.5     0.918
218.75     0.918
219.0     0.918
219.25     0.918
219.5     0.918
219.75     0.918
220.0     0.918
220.25     0.918
220.5     0.918
220.75     0.918
221.0     0.918
221.25     0.918
221.5     0.918
221.75     0.918
222.0     0.918
222.25     0.918
222.5     0.918
222.75     0.916
223.0     0.914
223.25     0.912
223.5     0.912
223.75     0.912
224.0     0.91
224.25     0.91
224.5     0.91
224.75     0.91
225.0     0.91
225.25     0.91
225.5     0.91
225.75     0.91
226.0     0.91
226.25     0.91
226.5     0.91
226.75     0.91
227.0     0.908
227.25     0.908
227.5     0.908
227.75     0.908
228.0     0.908
228.25     0.908
228.5     0.906
228.75     0.904
229.0     0.904
229.25     0.904
229.5     0.904
229.75     0.904
230.0     0.904
230.25     0.904
230.5     0.904
230.75     0.904
231.0     0.904
231.25     0.904
231.5     0.904
231.75     0.904
232.0     0.904
232.25     0.904
232.5     0.904
232.75     0.904
233.0     0.904
233.25     0.904
233.5     0.904
233.75     0.904
234.0     0.904
234.25     0.904
234.5     0.902
234.75     0.902
235.0     0.9
235.25     0.9
235.5     0.896
235.75     0.894
236.0     0.894
236.25     0.894
236.5     0.894
236.75     0.894
237.0     0.894
237.25     0.894
237.5     0.894
237.75     0.894
238.0     0.894
238.25     0.894
238.5     0.894
238.75     0.894
239.0     0.894
239.25     0.894
239.5     0.894
239.75     0.894
240.0     0.894
240.25     0.894
240.5     0.894
240.75     0.894
241.0     0.894
241.25     0.894
241.5     0.894
241.75     0.894
242.0     0.894
242.25     0.894
242.5     0.894
242.75     0.894
243.0     0.892
243.25     0.892
243.5     0.89
243.75     0.89
244.0     0.89
244.25     0.89
244.5     0.89
244.75     0.89
245.0     0.89
245.25     0.888
245.5     0.888
245.75     0.888
246.0     0.888
246.25     0.888
246.5     0.888
246.75     0.888
247.0     0.886
247.25     0.886
247.5     0.886
247.75     0.886
248.0     0.886
248.25     0.886
248.5     0.886
248.75     0.886
249.0     0.886
249.25     0.886
249.5     0.886
249.75     0.886
250.0     0.886
250.25     0.886
250.5     0.884
250.75     0.884
251.0     0.884
251.25     0.884
251.5     0.884
251.75     0.884
252.0     0.884
252.25     0.884
252.5     0.884
252.75     0.882
253.0     0.882
253.25     0.882
253.5     0.882
253.75     0.882
254.0     0.882
254.25     0.882
254.5     0.882
254.75     0.882
255.0     0.882
255.25     0.882
255.5     0.882
255.75     0.882
256.0     0.882
256.25     0.88
256.5     0.88
256.75     0.88
257.0     0.88
257.25     0.878
257.5     0.878
257.75     0.878
258.0     0.878
258.25     0.878
258.5     0.878
258.75     0.878
259.0     0.878
259.25     0.878
259.5     0.878
259.75     0.878
260.0     0.878
260.25     0.878
260.5     0.878
260.75     0.878
261.0     0.878
261.25     0.878
261.5     0.878
261.75     0.878
262.0     0.878
262.25     0.878
262.5     0.878
262.75     0.878
263.0     0.878
263.25     0.878
263.5     0.876
263.75     0.876
264.0     0.876
264.25     0.876
264.5     0.876
264.75     0.876
265.0     0.876
265.25     0.876
265.5     0.874
265.75     0.874
266.0     0.874
266.25     0.874
266.5     0.872
266.75     0.87
267.0     0.87
267.25     0.87
267.5     0.87
267.75     0.868
268.0     0.868
268.25     0.868
268.5     0.868
268.75     0.868
269.0     0.868
269.25     0.868
269.5     0.868
269.75     0.868
270.0     0.866
270.25     0.866
270.5     0.866
270.75     0.866
271.0     0.866
271.25     0.866
271.5     0.866
271.75     0.866
272.0     0.866
272.25     0.866
272.5     0.866
272.75     0.866
273.0     0.866
273.25     0.866
273.5     0.866
273.75     0.862
274.0     0.862
274.25     0.86
274.5     0.86
274.75     0.86
275.0     0.86
275.25     0.86
275.5     0.86
275.75     0.86
276.0     0.86
276.25     0.86
276.5     0.858
276.75     0.858
277.0     0.858
277.25     0.858
277.5     0.858
277.75     0.856
278.0     0.856
278.25     0.856
278.5     0.856
278.75     0.856
279.0     0.854
279.25     0.852
279.5     0.85
279.75     0.85
280.0     0.852
280.25     0.852
280.5     0.852
280.75     0.852
281.0     0.852
281.25     0.852
281.5     0.852
281.75     0.852
282.0     0.852
282.25     0.852
282.5     0.85
282.75     0.85
283.0     0.85
283.25     0.85
283.5     0.85
283.75     0.85
284.0     0.85
284.25     0.85
284.5     0.85
284.75     0.85
285.0     0.848
285.25     0.848
285.5     0.848
285.75     0.848
286.0     0.846
286.25     0.846
286.5     0.846
286.75     0.846
287.0     0.846
287.25     0.844
287.5     0.844
287.75     0.844
288.0     0.844
288.25     0.844
288.5     0.842
288.75     0.842
289.0     0.842
289.25     0.84
289.5     0.84
289.75     0.84
290.0     0.84
290.25     0.842
290.5     0.842
290.75     0.842
291.0     0.842
291.25     0.842
291.5     0.842
291.75     0.842
292.0     0.842
292.25     0.842
292.5     0.842
292.75     0.84
293.0     0.842
293.25     0.84
293.5     0.838
293.75     0.838
294.0     0.838
294.25     0.836
294.5     0.832
294.75     0.832
295.0     0.832
295.25     0.828
295.5     0.828
295.75     0.828
296.0     0.826
296.25     0.824
296.5     0.824
296.75     0.822
297.0     0.822
297.25     0.82
297.5     0.82
297.75     0.82
298.0     0.82
298.25     0.822
298.5     0.822
298.75     0.822
299.0     0.822
299.25     0.822
299.5     0.822
299.75     0.822
300.0     0.822
300.25     0.822
300.5     0.822
300.75     0.822
301.0     0.822
301.25     0.82
301.5     0.82
301.75     0.82
302.0     0.82
302.25     0.82
302.5     0.82
302.75     0.82
303.0     0.82
303.25     0.82
303.5     0.818
303.75     0.818
304.0     0.818
304.25     0.818
304.5     0.818
304.75     0.818
305.0     0.818
305.25     0.818
305.5     0.818
305.75     0.818
306.0     0.818
306.25     0.816
306.5     0.814
306.75     0.814
307.0     0.814
307.25     0.814
307.5     0.812
307.75     0.812
308.0     0.81
308.25     0.81
308.5     0.808
308.75     0.808
309.0     0.806
309.25     0.806
309.5     0.806
309.75     0.806
310.0     0.804
310.25     0.802
310.5     0.8
310.75     0.798
311.0     0.798
311.25     0.798
311.5     0.798
311.75     0.798
312.0     0.8
312.25     0.8
312.5     0.8
312.75     0.798
313.0     0.798
313.25     0.798
313.5     0.798
313.75     0.798
314.0     0.798
314.25     0.798
314.5     0.798
314.75     0.798
315.0     0.798
315.25     0.798
315.5     0.798
315.75     0.798
316.0     0.798
316.25     0.798
316.5     0.798
316.75     0.796
317.0     0.796
317.25     0.796
317.5     0.796
317.75     0.796
318.0     0.796
318.25     0.794
318.5     0.794
318.75     0.794
319.0     0.794
319.25     0.792
319.5     0.792
319.75     0.792
320.0     0.792
320.25     0.792
320.5     0.792
320.75     0.792
321.0     0.792
321.25     0.792
321.5     0.79
321.75     0.788
322.0     0.788
322.25     0.788
322.5     0.786
322.75     0.786
323.0     0.786
323.25     0.786
323.5     0.786
323.75     0.786
324.0     0.786
324.25     0.786
324.5     0.786
324.75     0.786
325.0     0.786
325.25     0.784
325.5     0.784
325.75     0.784
326.0     0.784
326.25     0.782
326.5     0.782
326.75     0.782
327.0     0.782
327.25     0.782
327.5     0.782
327.75     0.78
328.0     0.78
328.25     0.778
328.5     0.776
328.75     0.776
329.0     0.776
329.25     0.776
329.5     0.776
329.75     0.772
330.0     0.774
330.25     0.774
330.5     0.774
330.75     0.77
331.0     0.77
331.25     0.766
331.5     0.766
331.75     0.766
332.0     0.766
332.25     0.766
332.5     0.764
332.75     0.764
333.0     0.764
333.25     0.764
333.5     0.764
333.75     0.764
334.0     0.764
334.25     0.762
334.5     0.762
334.75     0.762
335.0     0.762
335.25     0.762
335.5     0.76
335.75     0.76
336.0     0.758
336.25     0.76
336.5     0.754
336.75     0.754
337.0     0.756
337.25     0.752
337.5     0.752
337.75     0.752
338.0     0.752
338.25     0.752
338.5     0.752
338.75     0.752
339.0     0.752
339.25     0.752
339.5     0.752
339.75     0.752
340.0     0.752
340.25     0.752
340.5     0.752
340.75     0.752
341.0     0.752
341.25     0.75
341.5     0.75
341.75     0.75
342.0     0.75
342.25     0.75
342.5     0.75
342.75     0.75
343.0     0.75
343.25     0.75
343.5     0.75
343.75     0.75
344.0     0.75
344.25     0.748
344.5     0.748
344.75     0.746
345.0     0.746
345.25     0.746
345.5     0.746
345.75     0.746
346.0     0.746
346.25     0.744
346.5     0.744
346.75     0.74
347.0     0.734
347.25     0.738
347.5     0.738
347.75     0.734
348.0     0.726
348.25     0.728
348.5     0.728
348.75     0.726
349.0     0.726
349.25     0.726
349.5     0.726
349.75     0.726
350.0     0.726
350.25     0.726
350.5     0.726
350.75     0.726
351.0     0.726
351.25     0.726
351.5     0.724
351.75     0.722
352.0     0.722
352.25     0.722
352.5     0.72
352.75     0.72
353.0     0.718
353.25     0.718
353.5     0.716
353.75     0.716
354.0     0.716
354.25     0.714
354.5     0.714
354.75     0.712
355.0     0.714
355.25     0.714
355.5     0.712
355.75     0.712
356.0     0.712
356.25     0.708
356.5     0.708
356.75     0.704
357.0     0.704
357.25     0.704
357.5     0.702
357.75     0.702
358.0     0.702
358.25     0.702
358.5     0.702
358.75     0.7
359.0     0.702
359.25     0.7
359.5     0.696
359.75     0.694
360.0     0.694
360.25     0.694
360.5     0.692
360.75     0.694
361.0     0.694
361.25     0.692
361.5     0.69
361.75     0.69
362.0     0.69
362.25     0.688
362.5     0.69
362.75     0.69
363.0     0.688
363.25     0.688
363.5     0.688
363.75     0.684
364.0     0.684
364.25     0.682
364.5     0.682
364.75     0.682
365.0     0.682
365.25     0.68
365.5     0.68
365.75     0.682
366.0     0.682
366.25     0.68
366.5     0.68
366.75     0.68
367.0     0.68
367.25     0.676
367.5     0.676
367.75     0.676
368.0     0.676
368.25     0.676
368.5     0.676
368.75     0.676
369.0     0.672
369.25     0.672
369.5     0.67
369.75     0.67
370.0     0.668
370.25     0.67
370.5     0.67
370.75     0.67
371.0     0.666
371.25     0.666
371.5     0.666
371.75     0.666
372.0     0.664
372.25     0.664
372.5     0.66
372.75     0.66
373.0     0.656
373.25     0.656
373.5     0.656
373.75     0.656
374.0     0.654
374.25     0.652
374.5     0.652
374.75     0.65
375.0     0.648
375.25     0.648
375.5     0.648
375.75     0.646
376.0     0.646
376.25     0.646
376.5     0.646
376.75     0.646
377.0     0.642
377.25     0.64
377.5     0.638
377.75     0.638
378.0     0.64
378.25     0.64
378.5     0.64
378.75     0.64
379.0     0.64
379.25     0.64
379.5     0.642
379.75     0.642
380.0     0.64
380.25     0.636
380.5     0.63
380.75     0.63
381.0     0.628
381.25     0.628
381.5     0.628
381.75     0.626
382.0     0.626
382.25     0.624
382.5     0.624
382.75     0.624
383.0     0.624
383.25     0.624
383.5     0.624
383.75     0.624
384.0     0.622
384.25     0.622
384.5     0.622
384.75     0.618
385.0     0.616
385.25     0.616
385.5     0.616
385.75     0.616
386.0     0.614
386.25     0.614
386.5     0.61
386.75     0.61
387.0     0.606
387.25     0.606
387.5     0.606
387.75     0.604
388.0     0.6
388.25     0.598
388.5     0.594
388.75     0.594
389.0     0.592
389.25     0.59
389.5     0.588
389.75     0.588
390.0     0.588
390.25     0.588
390.5     0.588
390.75     0.588
391.0     0.588
391.25     0.588
391.5     0.588
391.75     0.582
392.0     0.58
392.25     0.578
392.5     0.576
392.75     0.576
393.0     0.576
393.25     0.576
393.5     0.576
393.75     0.576
394.0     0.574
394.25     0.572
394.5     0.572
394.75     0.572
395.0     0.57
395.25     0.57
395.5     0.57
395.75     0.57
396.0     0.57
396.25     0.568
396.5     0.566
396.75     0.562
397.0     0.56
397.25     0.56
397.5     0.56
397.75     0.556
398.0     0.554
398.25     0.554
398.5     0.554
398.75     0.554
399.0     0.554
399.25     0.552
399.5     0.55
399.75     0.546
400.0     0.546
400.25     0.542
400.5     0.54
400.75     0.538
401.0     0.538
401.25     0.536
401.5     0.53
401.75     0.528
402.0     0.528
402.25     0.528
402.5     0.528
402.75     0.528
403.0     0.528
403.25     0.528
403.5     0.526
403.75     0.526
404.0     0.526
404.25     0.526
404.5     0.526
404.75     0.526
405.0     0.526
405.25     0.524
405.5     0.524
405.75     0.522
406.0     0.52
406.25     0.52
406.5     0.518
406.75     0.516
407.0     0.516
407.25     0.514
407.5     0.514
407.75     0.514
408.0     0.514
408.25     0.514
408.5     0.514
408.75     0.51
409.0     0.508
409.25     0.508
409.5     0.508
409.75     0.508
410.0     0.508
410.25     0.508
410.5     0.506
410.75     0.506
411.0     0.504
411.25     0.504
411.5     0.504
411.75     0.504
412.0     0.5
412.25     0.496
412.5     0.496
412.75     0.496
413.0     0.496
413.25     0.496
413.5     0.496
413.75     0.494
414.0     0.494
414.25     0.494
414.5     0.492
414.75     0.49
415.0     0.49
415.25     0.49
415.5     0.49
415.75     0.49
416.0     0.49
416.25     0.49
416.5     0.49
416.75     0.488
417.0     0.486
417.25     0.486
417.5     0.486
417.75     0.488
418.0     0.488
418.25     0.484
418.5     0.482
418.75     0.482
419.0     0.478
419.25     0.478
419.5     0.478
419.75     0.478
420.0     0.478
420.25     0.478
420.5     0.478
420.75     0.478
421.0     0.478
421.25     0.478
421.5     0.476
421.75     0.476
422.0     0.476
422.25     0.474
422.5     0.472
422.75     0.472
423.0     0.472
423.25     0.472
423.5     0.47
423.75     0.468
424.0     0.464
424.25     0.466
424.5     0.466
424.75     0.466
425.0     0.466
425.25     0.466
425.5     0.464
425.75     0.464
426.0     0.464
426.25     0.464
426.5     0.462
426.75     0.46
427.0     0.46
427.25     0.46
427.5     0.458
427.75     0.454
428.0     0.456
428.25     0.456
428.5     0.454
428.75     0.454
429.0     0.452
429.25     0.452
429.5     0.452
429.75     0.45
430.0     0.448
430.25     0.448
430.5     0.448
430.75     0.448
431.0     0.448
431.25     0.448
431.5     0.446
431.75     0.446
432.0     0.446
432.25     0.442
432.5     0.44
432.75     0.438
433.0     0.438
433.25     0.438
433.5     0.438
433.75     0.436
434.0     0.436
434.25     0.436
434.5     0.436
434.75     0.432
435.0     0.432
435.25     0.432
435.5     0.432
435.75     0.432
436.0     0.432
436.25     0.432
436.5     0.43
436.75     0.428
437.0     0.428
437.25     0.428
437.5     0.428
437.75     0.428
438.0     0.428
438.25     0.428
438.5     0.428
438.75     0.426
439.0     0.426
439.25     0.426
439.5     0.426
439.75     0.424
440.0     0.42
440.25     0.416
440.5     0.414
440.75     0.41
441.0     0.41
441.25     0.41
441.5     0.408
441.75     0.408
442.0     0.408
442.25     0.408
442.5     0.41
442.75     0.41
443.0     0.41
443.25     0.408
443.5     0.406
443.75     0.406
444.0     0.406
444.25     0.406
444.5     0.406
444.75     0.406
445.0     0.406
445.25     0.406
445.5     0.406
445.75     0.406
446.0     0.406
446.25     0.404
446.5     0.4
446.75     0.4
447.0     0.4
447.25     0.4
447.5     0.4
447.75     0.398
448.0     0.396
448.25     0.392
448.5     0.392
448.75     0.39
449.0     0.39
449.25     0.39
449.5     0.388
449.75     0.388
450.0     0.39
450.25     0.39
450.5     0.388
450.75     0.388
451.0     0.388
451.25     0.388
451.5     0.386
451.75     0.384
452.0     0.384
452.25     0.384
452.5     0.384
452.75     0.384
453.0     0.384
453.25     0.386
453.5     0.382
453.75     0.382
454.0     0.38
454.25     0.38
454.5     0.38
454.75     0.378
455.0     0.378
455.25     0.378
455.5     0.378
455.75     0.376
456.0     0.376
456.25     0.374
456.5     0.374
456.75     0.374
457.0     0.374
457.25     0.37
457.5     0.37
457.75     0.37
458.0     0.37
458.25     0.37
458.5     0.368
458.75     0.368
459.0     0.364
459.25     0.364
459.5     0.364
459.75     0.364
460.0     0.364
460.25     0.364
460.5     0.362
460.75     0.36
461.0     0.36
461.25     0.36
461.5     0.36
461.75     0.36
462.0     0.36
462.25     0.358
462.5     0.356
462.75     0.356
463.0     0.356
463.25     0.356
463.5     0.356
463.75     0.356
464.0     0.356
464.25     0.354
464.5     0.354
464.75     0.354
465.0     0.35
465.25     0.35
465.5     0.35
465.75     0.348
466.0     0.348
466.25     0.348
466.5     0.348
466.75     0.348
467.0     0.348
467.25     0.348
467.5     0.348
467.75     0.348
468.0     0.348
468.25     0.346
468.5     0.344
468.75     0.344
469.0     0.344
469.25     0.344
469.5     0.344
469.75     0.344
470.0     0.344
470.25     0.344
470.5     0.344
470.75     0.344
471.0     0.344
471.25     0.344
471.5     0.344
471.75     0.344
472.0     0.342
472.25     0.342
472.5     0.34
472.75     0.34
473.0     0.34
473.25     0.34
473.5     0.338
473.75     0.338
474.0     0.336
474.25     0.336
474.5     0.336
474.75     0.336
475.0     0.336
475.25     0.334
475.5     0.332
475.75     0.332
476.0     0.332
476.25     0.332
476.5     0.33
476.75     0.33
477.0     0.328
477.25     0.326
477.5     0.324
477.75     0.324
478.0     0.324
478.25     0.322
478.5     0.322
478.75     0.322
479.0     0.322
479.25     0.322
479.5     0.322
479.75     0.32
480.0     0.32
480.25     0.32
480.5     0.32
480.75     0.32
481.0     0.32
481.25     0.318
481.5     0.318
481.75     0.318
482.0     0.316
482.25     0.316
482.5     0.316
482.75     0.316
483.0     0.312
483.25     0.312
483.5     0.312
483.75     0.312
484.0     0.312
484.25     0.31
484.5     0.31
484.75     0.308
485.0     0.308
485.25     0.308
485.5     0.308
485.75     0.306
486.0     0.306
486.25     0.306
486.5     0.304
486.75     0.302
487.0     0.302
487.25     0.302
487.5     0.302
487.75     0.3
488.0     0.3
488.25     0.3
488.5     0.3
488.75     0.298
489.0     0.298
489.25     0.296
489.5     0.296
489.75     0.294
490.0     0.294
490.25     0.294
490.5     0.294
490.75     0.292
491.0     0.292
491.25     0.292
491.5     0.292
491.75     0.292
492.0     0.292
492.25     0.292
492.5     0.292
492.75     0.29
493.0     0.29
493.25     0.29
493.5     0.29
493.75     0.29
494.0     0.29
494.25     0.29
494.5     0.288
494.75     0.288
495.0     0.288
495.25     0.288
495.5     0.288
495.75     0.286
496.0     0.286
496.25     0.286
496.5     0.286
496.75     0.286
497.0     0.284
497.25     0.282
497.5     0.28
497.75     0.28
498.0     0.28
498.25     0.28
498.5     0.28
498.75     0.28
499.0     0.278
499.25     0.278
499.5     0.276
499.75     0.274
500.0     0.274
500.25     0.274
500.5     0.274
500.75     0.274
501.0     0.274
501.25     0.274
501.5     0.272
501.75     0.272
502.0     0.272
502.25     0.272
502.5     0.272
502.75     0.272
503.0     0.27
503.25     0.27
503.5     0.27
503.75     0.27
504.0     0.268
504.25     0.268
504.5     0.268
504.75     0.268
505.0     0.268
505.25     0.268
505.5     0.268
505.75     0.268
506.0     0.268
506.25     0.268
506.5     0.268
506.75     0.266
507.0     0.266
507.25     0.266
507.5     0.264
507.75     0.262
508.0     0.26
508.25     0.26
508.5     0.26
508.75     0.26
509.0     0.258
509.25     0.258
509.5     0.258
509.75     0.258
510.0     0.258
510.25     0.258
510.5     0.256
510.75     0.256
511.0     0.256
511.25     0.256
511.5     0.256
511.75     0.256
512.0     0.256
512.25     0.254
512.5     0.252
512.75     0.252
513.0     0.252
513.25     0.252
513.5     0.252
513.75     0.252
514.0     0.25
514.25     0.25
514.5     0.248
514.75     0.25
515.0     0.25
515.25     0.25
515.5     0.25
515.75     0.25
516.0     0.25
516.25     0.25
516.5     0.248
516.75     0.248
517.0     0.248
517.25     0.248
517.5     0.248
517.75     0.248
518.0     0.248
518.25     0.248
518.5     0.246
518.75     0.246
519.0     0.246
519.25     0.246
519.5     0.244
519.75     0.244
520.0     0.244
520.25     0.242
520.5     0.242
520.75     0.242
521.0     0.24
521.25     0.238
521.5     0.24
521.75     0.24
522.0     0.24
522.25     0.24
522.5     0.24
522.75     0.238
523.0     0.238
523.25     0.238
523.5     0.238
523.75     0.238
524.0     0.238
524.25     0.238
524.5     0.238
524.75     0.238
525.0     0.238
525.25     0.236
525.5     0.234
525.75     0.234
526.0     0.232
526.25     0.232
526.5     0.232
526.75     0.232
527.0     0.232
527.25     0.232
527.5     0.232
527.75     0.232
528.0     0.232
528.25     0.232
528.5     0.232
528.75     0.232
529.0     0.232
529.25     0.232
529.5     0.232
529.75     0.232
530.0     0.23
530.25     0.23
530.5     0.228
530.75     0.226
531.0     0.226
531.25     0.226
531.5     0.226
531.75     0.226
532.0     0.226
532.25     0.226
532.5     0.226
532.75     0.226
533.0     0.226
533.25     0.228
533.5     0.228
533.75     0.228
534.0     0.228
534.25     0.228
534.5     0.228
534.75     0.228
535.0     0.228
535.25     0.228
535.5     0.228
535.75     0.228
536.0     0.226
536.25     0.226
536.5     0.226
536.75     0.226
537.0     0.226
537.25     0.224
537.5     0.224
537.75     0.224
538.0     0.222
538.25     0.222
538.5     0.22
538.75     0.22
539.0     0.22
539.25     0.218
539.5     0.218
539.75     0.218
540.0     0.218
540.25     0.218
540.5     0.218
540.75     0.218
541.0     0.218
541.25     0.218
541.5     0.216
541.75     0.216
542.0     0.216
542.25     0.216
542.5     0.218
542.75     0.218
543.0     0.218
543.25     0.218
543.5     0.218
543.75     0.218
544.0     0.218
544.25     0.218
544.5     0.218
544.75     0.218
545.0     0.218
545.25     0.218
545.5     0.218
545.75     0.218
546.0     0.214
546.25     0.214
546.5     0.214
546.75     0.214
547.0     0.214
547.25     0.214
547.5     0.214
547.75     0.214
548.0     0.214
548.25     0.214
548.5     0.214
548.75     0.214
549.0     0.214
549.25     0.214
549.5     0.214
549.75     0.214
550.0     0.212
550.25     0.212
550.5     0.212
550.75     0.212
551.0     0.212
551.25     0.212
551.5     0.212
551.75     0.212
552.0     0.212
552.25     0.212
552.5     0.212
552.75     0.21
553.0     0.21
553.25     0.21
553.5     0.21
553.75     0.21
554.0     0.21
554.25     0.21
554.5     0.21
554.75     0.21
555.0     0.21
555.25     0.21
555.5     0.21
555.75     0.21
556.0     0.208
556.25     0.208
556.5     0.208
556.75     0.208
557.0     0.208
557.25     0.208
557.5     0.208
557.75     0.208
558.0     0.208
558.25     0.206
558.5     0.206
558.75     0.206
559.0     0.206
559.25     0.206
559.5     0.202
559.75     0.202
560.0     0.202
560.25     0.202
560.5     0.202
560.75     0.202
561.0     0.202
561.25     0.2
561.5     0.2
561.75     0.2
562.0     0.2
562.25     0.2
562.5     0.2
562.75     0.2
563.0     0.2
563.25     0.2
563.5     0.2
563.75     0.2
564.0     0.198
564.25     0.198
564.5     0.198
564.75     0.196
565.0     0.196
565.25     0.196
565.5     0.196
565.75     0.194
566.0     0.194
566.25     0.194
566.5     0.194
566.75     0.194
567.0     0.194
567.25     0.194
567.5     0.194
567.75     0.192
568.0     0.192
568.25     0.192
568.5     0.192
568.75     0.19
569.0     0.19
569.25     0.19
569.5     0.19
569.75     0.19
570.0     0.19
570.25     0.19
570.5     0.19
570.75     0.19
571.0     0.19
571.25     0.19
571.5     0.19
571.75     0.19
572.0     0.19
572.25     0.19
572.5     0.19
572.75     0.19
573.0     0.19
573.25     0.188
573.5     0.188
573.75     0.188
574.0     0.188
574.25     0.188
574.5     0.188
574.75     0.188
575.0     0.188
575.25     0.188
575.5     0.188
575.75     0.188
576.0     0.186
576.25     0.186
576.5     0.186
576.75     0.186
577.0     0.186
577.25     0.186
577.5     0.186
577.75     0.186
578.0     0.186
578.25     0.186
578.5     0.186
578.75     0.186
579.0     0.186
579.25     0.186
579.5     0.186
579.75     0.186
580.0     0.186
580.25     0.186
580.5     0.186
580.75     0.186
581.0     0.186
581.25     0.186
581.5     0.186
581.75     0.186
582.0     0.186
582.25     0.186
582.5     0.186
582.75     0.186
583.0     0.184
583.25     0.18
583.5     0.18
583.75     0.18
584.0     0.18
584.25     0.178
584.5     0.178
584.75     0.178
585.0     0.178
585.25     0.178
585.5     0.176
585.75     0.176
586.0     0.176
586.25     0.176
586.5     0.174
586.75     0.174
587.0     0.174
587.25     0.174
587.5     0.174
587.75     0.174
588.0     0.174
588.25     0.174
588.5     0.174
588.75     0.174
589.0     0.174
589.25     0.174
589.5     0.174
589.75     0.174
590.0     0.174
590.25     0.174
590.5     0.174
590.75     0.174
591.0     0.172
591.25     0.172
591.5     0.172
591.75     0.172
592.0     0.172
592.25     0.172
592.5     0.172
592.75     0.172
593.0     0.172
593.25     0.172
593.5     0.172
593.75     0.172
594.0     0.172
594.25     0.172
594.5     0.172
594.75     0.172
595.0     0.172
595.25     0.172
595.5     0.172
595.75     0.172
596.0     0.172
596.25     0.172
596.5     0.172
596.75     0.172
597.0     0.17
597.25     0.17
597.5     0.168
597.75     0.168
598.0     0.168
598.25     0.17
598.5     0.17
598.75     0.17
599.0     0.17
599.25     0.168
599.5     0.168
599.75     0.166
600.0     0.166
600.25     0.166
600.5     0.166
600.75     0.166
601.0     0.166
601.25     0.166
601.5     0.166
601.75     0.166
602.0     0.166
602.25     0.166
602.5     0.166
602.75     0.166
603.0     0.166
603.25     0.166
603.5     0.166
603.75     0.166
604.0     0.166
604.25     0.166
604.5     0.166
604.75     0.166
605.0     0.166
605.25     0.164
605.5     0.164
605.75     0.164
606.0     0.164
606.25     0.164
606.5     0.164
606.75     0.164
607.0     0.164
607.25     0.164
607.5     0.162
607.75     0.162
608.0     0.162
608.25     0.16
608.5     0.16
608.75     0.16
609.0     0.16
609.25     0.16
609.5     0.16
609.75     0.16
610.0     0.16
610.25     0.16
610.5     0.16
610.75     0.16
611.0     0.16
611.25     0.16
611.5     0.16
611.75     0.16
612.0     0.16
612.25     0.16
612.5     0.16
612.75     0.16
613.0     0.16
613.25     0.16
613.5     0.16
613.75     0.16
614.0     0.16
614.25     0.16
614.5     0.16
614.75     0.158
615.0     0.158
615.25     0.158
615.5     0.158
615.75     0.16
616.0     0.16
616.25     0.16
616.5     0.16
616.75     0.16
617.0     0.158
617.25     0.158
617.5     0.158
617.75     0.158
618.0     0.158
618.25     0.158
618.5     0.154
618.75     0.154
619.0     0.154
619.25     0.154
619.5     0.154
619.75     0.154
620.0     0.154
620.25     0.154
620.5     0.154
620.75     0.152
621.0     0.15
621.25     0.15
621.5     0.15
621.75     0.15
622.0     0.15
622.25     0.15
622.5     0.15
622.75     0.15
623.0     0.15
623.25     0.15
623.5     0.15
623.75     0.15
624.0     0.15
624.25     0.15
624.5     0.15
624.75     0.15
625.0     0.148
625.25     0.148
625.5     0.148
625.75     0.148
626.0     0.148
626.25     0.148
626.5     0.148
626.75     0.148
627.0     0.148
627.25     0.148
627.5     0.148
627.75     0.146
628.0     0.146
628.25     0.146
628.5     0.146
628.75     0.146
629.0     0.146
629.25     0.144
629.5     0.144
629.75     0.144
630.0     0.144
630.25     0.144
630.5     0.142
630.75     0.142
631.0     0.142
631.25     0.142
631.5     0.142
631.75     0.142
632.0     0.142
632.25     0.142
632.5     0.142
632.75     0.142
633.0     0.142
633.25     0.142
633.5     0.14
633.75     0.14
634.0     0.14
634.25     0.14
634.5     0.14
634.75     0.14
635.0     0.138
635.25     0.138
635.5     0.138
635.75     0.138
636.0     0.136
636.25     0.136
636.5     0.136
636.75     0.136
637.0     0.136
637.25     0.136
637.5     0.136
637.75     0.136
638.0     0.136
638.25     0.136
638.5     0.136
638.75     0.136
639.0     0.136
639.25     0.136
639.5     0.136
639.75     0.136
640.0     0.136
640.25     0.136
640.5     0.136
640.75     0.138
641.0     0.138
641.25     0.138
641.5     0.138
641.75     0.138
642.0     0.138
642.25     0.138
642.5     0.138
642.75     0.138
643.0     0.138
643.25     0.138
643.5     0.138
643.75     0.136
644.0     0.136
644.25     0.136
644.5     0.136
644.75     0.136
645.0     0.134
645.25     0.134
645.5     0.134
645.75     0.134
646.0     0.134
646.25     0.132
646.5     0.132
646.75     0.132
647.0     0.13
647.25     0.13
647.5     0.13
647.75     0.13
648.0     0.13
648.25     0.13
648.5     0.13
648.75     0.13
649.0     0.13
649.25     0.13
649.5     0.13
649.75     0.13
650.0     0.13
650.25     0.13
650.5     0.13
650.75     0.13
651.0     0.13
651.25     0.128
651.5     0.128
651.75     0.128
652.0     0.128
652.25     0.128
652.5     0.126
652.75     0.124
653.0     0.124
653.25     0.124
653.5     0.122
653.75     0.122
654.0     0.122
654.25     0.122
654.5     0.122
654.75     0.124
655.0     0.124
655.25     0.124
655.5     0.124
655.75     0.124
656.0     0.122
656.25     0.122
656.5     0.122
656.75     0.122
657.0     0.122
657.25     0.122
657.5     0.122
657.75     0.122
658.0     0.122
658.25     0.122
658.5     0.122
658.75     0.122
659.0     0.122
659.25     0.122
659.5     0.122
659.75     0.122
660.0     0.122
660.25     0.122
660.5     0.12
660.75     0.12
661.0     0.12
661.25     0.12
661.5     0.12
661.75     0.12
662.0     0.12
662.25     0.12
662.5     0.12
662.75     0.12
663.0     0.12
663.25     0.12
663.5     0.12
663.75     0.12
664.0     0.12
664.25     0.12
664.5     0.12
664.75     0.118
665.0     0.118
665.25     0.118
665.5     0.118
665.75     0.118
666.0     0.118
666.25     0.116
666.5     0.116
666.75     0.116
667.0     0.116
667.25     0.116
667.5     0.116
667.75     0.112
668.0     0.112
668.25     0.112
668.5     0.112
668.75     0.112
669.0     0.112
669.25     0.112
669.5     0.112
669.75     0.112
670.0     0.112
670.25     0.112
670.5     0.112
670.75     0.112
671.0     0.112
671.25     0.112
671.5     0.112
671.75     0.112
672.0     0.11
672.25     0.108
672.5     0.108
672.75     0.108
673.0     0.108
673.25     0.108
673.5     0.108
673.75     0.108
674.0     0.108
674.25     0.108
674.5     0.108
674.75     0.108
675.0     0.108
675.25     0.108
675.5     0.108
675.75     0.108
676.0     0.108
676.25     0.108
676.5     0.108
676.75     0.108
677.0     0.108
677.25     0.108
677.5     0.108
677.75     0.108
678.0     0.108
678.25     0.108
678.5     0.108
678.75     0.108
679.0     0.108
679.25     0.108
679.5     0.108
679.75     0.106
680.0     0.106
680.25     0.106
680.5     0.106
680.75     0.106
681.0     0.104
681.25     0.104
681.5     0.102
681.75     0.102
682.0     0.102
682.25     0.102
682.5     0.102
682.75     0.102
683.0     0.102
683.25     0.102
683.5     0.102
683.75     0.102
684.0     0.102
684.25     0.102
684.5     0.102
684.75     0.102
685.0     0.102
685.25     0.1
685.5     0.1
685.75     0.1
686.0     0.1
686.25     0.098
686.5     0.098
686.75     0.096
687.0     0.096
687.25     0.094
687.5     0.094
687.75     0.094
688.0     0.094
688.25     0.094
688.5     0.094
688.75     0.092
689.0     0.092
689.25     0.092
689.5     0.092
689.75     0.092
690.0     0.092
690.25     0.092
690.5     0.092
690.75     0.092
691.0     0.092
691.25     0.092
691.5     0.092
691.75     0.09
692.0     0.09
692.25     0.09
692.5     0.09
692.75     0.09
693.0     0.088
693.25     0.088
693.5     0.088
693.75     0.088
694.0     0.088
694.25     0.088
694.5     0.088
694.75     0.088
695.0     0.088
695.25     0.088
695.5     0.088
695.75     0.088
696.0     0.088
696.25     0.088
696.5     0.088
696.75     0.088
697.0     0.088
697.25     0.088
697.5     0.088
697.75     0.088
698.0     0.086
698.25     0.086
698.5     0.086
698.75     0.086
699.0     0.086
699.25     0.086
699.5     0.086
699.75     0.086
700.0     0.086
700.25     0.086
700.5     0.084
700.75     0.086
701.0     0.088
701.25     0.088
701.5     0.088
701.75     0.088
702.0     0.088
702.25     0.088
702.5     0.088
702.75     0.088
703.0     0.088
703.25     0.088
703.5     0.088
703.75     0.086
704.0     0.086
704.25     0.086
704.5     0.086
704.75     0.086
705.0     0.086
705.25     0.086
705.5     0.086
705.75     0.086
706.0     0.086
706.25     0.086
706.5     0.086
706.75     0.084
707.0     0.084
707.25     0.084
707.5     0.084
707.75     0.084
708.0     0.084
708.25     0.084
708.5     0.084
708.75     0.084
709.0     0.084
709.25     0.084
709.5     0.084
709.75     0.084
710.0     0.084
710.25     0.084
710.5     0.084
710.75     0.084
711.0     0.084
711.25     0.084
711.5     0.082
711.75     0.082
712.0     0.082
712.25     0.082
712.5     0.082
712.75     0.082
713.0     0.082
713.25     0.082
713.5     0.082
713.75     0.082
714.0     0.082
714.25     0.08
714.5     0.08
714.75     0.08
715.0     0.08
715.25     0.08
715.5     0.08
715.75     0.08
716.0     0.08
716.25     0.08
716.5     0.08
716.75     0.08
717.0     0.08
717.25     0.08
717.5     0.08
717.75     0.08
718.0     0.08
718.25     0.08
718.5     0.08
718.75     0.08
719.0     0.08
719.25     0.08
719.5     0.08
719.75     0.08
720.0     0.08
720.25     0.08
720.5     0.08
720.75     0.08
721.0     0.08
721.25     0.08
721.5     0.08
721.75     0.08
722.0     0.08
722.25     0.08
722.5     0.08
722.75     0.08
723.0     0.078
723.25     0.078
723.5     0.078
723.75     0.078
724.0     0.078
724.25     0.078
724.5     0.078
724.75     0.078
725.0     0.076
725.25     0.076
725.5     0.076
725.75     0.076
726.0     0.076
726.25     0.076
726.5     0.076
726.75     0.076
727.0     0.076
727.25     0.076
727.5     0.076
727.75     0.076
728.0     0.076
728.25     0.076
728.5     0.076
728.75     0.076
729.0     0.076
729.25     0.076
729.5     0.076
729.75     0.076
730.0     0.076
730.25     0.076
730.5     0.078
730.75     0.076
731.0     0.076
731.25     0.074
731.5     0.074
731.75     0.072
732.0     0.072
732.25     0.072
732.5     0.072
732.75     0.072
733.0     0.072
733.25     0.072
733.5     0.072
733.75     0.072
734.0     0.072
734.25     0.072
734.5     0.072
734.75     0.072
735.0     0.072
735.25     0.072
735.5     0.072
735.75     0.072
736.0     0.072
736.25     0.072
736.5     0.072
736.75     0.072
737.0     0.07
737.25     0.07
737.5     0.07
737.75     0.07
738.0     0.07
738.25     0.07
738.5     0.07
738.75     0.07
739.0     0.07
739.25     0.07
739.5     0.07
739.75     0.07
740.0     0.07
740.25     0.07
740.5     0.07
740.75     0.07
741.0     0.07
741.25     0.068
741.5     0.066
741.75     0.066
742.0     0.066
742.25     0.066
742.5     0.064
742.75     0.064
743.0     0.064
743.25     0.064
743.5     0.062
743.75     0.062
744.0     0.062
744.25     0.062
744.5     0.062
744.75     0.062
745.0     0.06
745.25     0.06
745.5     0.06
745.75     0.06
746.0     0.06
746.25     0.06
746.5     0.06
746.75     0.06
747.0     0.06
747.25     0.06
747.5     0.06
747.75     0.06
748.0     0.06
748.25     0.06
748.5     0.06
748.75     0.06
749.0     0.06
749.25     0.06
749.5     0.06
749.75     0.058
750.0     0.058
750.25     0.058
750.5     0.058
750.75     0.058
751.0     0.058
751.25     0.058
751.5     0.058
751.75     0.058
752.0     0.058
752.25     0.058
752.5     0.058
752.75     0.058
753.0     0.058
753.25     0.058
753.5     0.058
753.75     0.058
754.0     0.058
754.25     0.058
754.5     0.058
754.75     0.058
755.0     0.058
755.25     0.058
755.5     0.058
755.75     0.058
756.0     0.058
756.25     0.058
756.5     0.058
756.75     0.058
757.0     0.058
757.25     0.058
757.5     0.058
757.75     0.058
758.0     0.058
758.25     0.058
758.5     0.058
758.75     0.058
759.0     0.058
759.25     0.058
759.5     0.058
759.75     0.058
760.0     0.058
760.25     0.058
760.5     0.058
760.75     0.058
761.0     0.058
761.25     0.058
761.5     0.058
761.75     0.058
762.0     0.058
762.25     0.058
762.5     0.058
762.75     0.058
763.0     0.058
763.25     0.058
763.5     0.058
763.75     0.058
764.0     0.058
764.25     0.058
764.5     0.058
764.75     0.058
765.0     0.058
765.25     0.056
765.5     0.056
765.75     0.056
766.0     0.056
766.25     0.056
766.5     0.056
766.75     0.056
767.0     0.056
767.25     0.056
767.5     0.056
767.75     0.056
768.0     0.056
768.25     0.056
768.5     0.056
768.75     0.056
769.0     0.056
769.25     0.056
769.5     0.056
769.75     0.056
770.0     0.056
770.25     0.056
770.5     0.056
770.75     0.056
771.0     0.056
771.25     0.054
771.5     0.054
771.75     0.054
772.0     0.054
772.25     0.054
772.5     0.054
772.75     0.054
773.0     0.054
773.25     0.054
773.5     0.054
773.75     0.054
774.0     0.054
774.25     0.054
774.5     0.054
774.75     0.054
775.0     0.054
775.25     0.054
775.5     0.054
775.75     0.054
776.0     0.054
776.25     0.054
776.5     0.054
776.75     0.054
777.0     0.054
777.25     0.054
777.5     0.054
777.75     0.054
778.0     0.054
778.25     0.054
778.5     0.054
778.75     0.054
779.0     0.054
779.25     0.054
779.5     0.054
779.75     0.054
780.0     0.054
780.25     0.054
780.5     0.054
780.75     0.054
781.0     0.054
781.25     0.054
781.5     0.054
781.75     0.054
782.0     0.054
782.25     0.054
782.5     0.054
782.75     0.054
783.0     0.054
783.25     0.054
783.5     0.054
783.75     0.054
784.0     0.054
784.25     0.054
784.5     0.054
784.75     0.054
785.0     0.052
785.25     0.052
785.5     0.052
785.75     0.052
786.0     0.052
786.25     0.05
786.5     0.05
786.75     0.05
787.0     0.05
787.25     0.05
787.5     0.048
787.75     0.048
788.0     0.048
788.25     0.048
788.5     0.048
788.75     0.048
789.0     0.048
789.25     0.048
789.5     0.048
789.75     0.048
790.0     0.048
790.25     0.048
790.5     0.048
790.75     0.048
791.0     0.048
791.25     0.048
791.5     0.048
791.75     0.048
792.0     0.048
792.25     0.048
792.5     0.048
792.75     0.048
793.0     0.048
793.25     0.048
793.5     0.048
793.75     0.048
794.0     0.048
794.25     0.048
794.5     0.048
794.75     0.048
795.0     0.048
795.25     0.048
795.5     0.048
795.75     0.048
796.0     0.048
796.25     0.048
796.5     0.048
796.75     0.048
797.0     0.048
797.25     0.048
797.5     0.048
797.75     0.048
798.0     0.048
798.25     0.048
798.5     0.048
798.75     0.048
799.0     0.048
799.25     0.048
799.5     0.048
799.75     0.048
800.0     0.048
800.25     0.048
800.5     0.048
800.75     0.048
801.0     0.048
801.25     0.048
801.5     0.048
801.75     0.048
802.0     0.048
802.25     0.048
802.5     0.048
802.75     0.048
803.0     0.048
803.25     0.048
803.5     0.046
803.75     0.046
804.0     0.046
804.25     0.046
804.5     0.046
804.75     0.046
805.0     0.046
805.25     0.046
805.5     0.046
805.75     0.046
806.0     0.046
806.25     0.046
806.5     0.046
806.75     0.046
807.0     0.046
807.25     0.046
807.5     0.046
807.75     0.046
808.0     0.046
808.25     0.046
808.5     0.046
808.75     0.046
809.0     0.046
809.25     0.046
809.5     0.046
809.75     0.046
810.0     0.046
810.25     0.046
810.5     0.046
810.75     0.046
811.0     0.046
811.25     0.046
811.5     0.046
811.75     0.046
812.0     0.046
812.25     0.046
812.5     0.046
812.75     0.046
813.0     0.046
813.25     0.046
813.5     0.044
813.75     0.044
814.0     0.044
814.25     0.044
814.5     0.044
814.75     0.044
815.0     0.044
815.25     0.044
815.5     0.044
815.75     0.044
816.0     0.044
816.25     0.044
816.5     0.044
816.75     0.044
817.0     0.044
817.25     0.044
817.5     0.044
817.75     0.044
818.0     0.044
818.25     0.044
818.5     0.044
818.75     0.044
819.0     0.044
819.25     0.044
819.5     0.044
819.75     0.044
820.0     0.044
820.25     0.044
820.5     0.044
820.75     0.044
821.0     0.044
821.25     0.044
821.5     0.044
821.75     0.044
822.0     0.044
822.25     0.044
822.5     0.044
822.75     0.044
823.0     0.044
823.25     0.044
823.5     0.044
823.75     0.044
824.0     0.044
824.25     0.044
824.5     0.044
824.75     0.044
825.0     0.044
825.25     0.044
825.5     0.044
825.75     0.044
826.0     0.044
826.25     0.044
826.5     0.044
826.75     0.044
827.0     0.044
827.25     0.044
827.5     0.044
827.75     0.044
828.0     0.044
828.25     0.044
828.5     0.044
828.75     0.042
829.0     0.042
829.25     0.042
829.5     0.042
829.75     0.042
830.0     0.042
830.25     0.042
830.5     0.042
830.75     0.042
831.0     0.042
831.25     0.042
831.5     0.042
831.75     0.042
832.0     0.042
832.25     0.042
832.5     0.042
832.75     0.042
833.0     0.042
833.25     0.042
833.5     0.04
833.75     0.04
834.0     0.04
834.25     0.04
834.5     0.04
834.75     0.04
835.0     0.04
835.25     0.04
835.5     0.04
835.75     0.04
836.0     0.04
836.25     0.04
836.5     0.04
836.75     0.04
837.0     0.04
837.25     0.04
837.5     0.04
837.75     0.04
838.0     0.04
838.25     0.04
838.5     0.04
838.75     0.04
839.0     0.04
839.25     0.04
839.5     0.04
839.75     0.04
840.0     0.04
840.25     0.04
840.5     0.04
840.75     0.04
841.0     0.04
841.25     0.04
841.5     0.04
841.75     0.04
842.0     0.04
842.25     0.04
842.5     0.04
842.75     0.038
843.0     0.038
843.25     0.038
843.5     0.038
843.75     0.038
844.0     0.038
844.25     0.036
844.5     0.036
844.75     0.036
845.0     0.036
845.25     0.036
845.5     0.036
845.75     0.036
846.0     0.036
846.25     0.036
846.5     0.036
846.75     0.036
847.0     0.036
847.25     0.036
847.5     0.036
847.75     0.036
848.0     0.036
848.25     0.036
848.5     0.036
848.75     0.036
849.0     0.036
849.25     0.036
849.5     0.036
849.75     0.036
850.0     0.036
850.25     0.036
850.5     0.034
850.75     0.034
851.0     0.034
851.25     0.034
851.5     0.034
851.75     0.034
852.0     0.034
852.25     0.034
852.5     0.034
852.75     0.034
853.0     0.034
853.25     0.034
853.5     0.034
853.75     0.032
854.0     0.032
854.25     0.032
854.5     0.032
854.75     0.032
855.0     0.032
855.25     0.032
855.5     0.032
855.75     0.032
856.0     0.032
856.25     0.032
856.5     0.032
856.75     0.032
857.0     0.032
857.25     0.032
857.5     0.032
857.75     0.032
858.0     0.032
858.25     0.032
858.5     0.032
858.75     0.032
859.0     0.032
859.25     0.032
859.5     0.032
859.75     0.032
860.0     0.032
860.25     0.032
860.5     0.032
860.75     0.032
861.0     0.032
861.25     0.032
861.5     0.032
861.75     0.032
862.0     0.032
862.25     0.032
862.5     0.032
862.75     0.032
863.0     0.032
863.25     0.032
863.5     0.032
863.75     0.032
864.0     0.032
864.25     0.032
864.5     0.032
864.75     0.032
865.0     0.032
865.25     0.032
865.5     0.032
865.75     0.032
866.0     0.032
866.25     0.032
866.5     0.032
866.75     0.032
867.0     0.032
867.25     0.032
867.5     0.032
867.75     0.032
868.0     0.032
868.25     0.032
868.5     0.032
868.75     0.032
869.0     0.032
869.25     0.032
869.5     0.032
869.75     0.032
870.0     0.032
870.25     0.032
870.5     0.032
870.75     0.03
871.0     0.03
871.25     0.03
871.5     0.03
871.75     0.03
872.0     0.03
872.25     0.03
872.5     0.03
872.75     0.03
873.0     0.03
873.25     0.03
873.5     0.03
873.75     0.03
874.0     0.03
874.25     0.03
874.5     0.03
874.75     0.03
875.0     0.03
875.25     0.03
875.5     0.03
875.75     0.03
876.0     0.03
876.25     0.03
876.5     0.03
876.75     0.03
877.0     0.03
877.25     0.03
877.5     0.03
877.75     0.03
878.0     0.03
878.25     0.03
878.5     0.03
878.75     0.03
879.0     0.03
879.25     0.03
879.5     0.03
879.75     0.03
880.0     0.03
880.25     0.03
880.5     0.03
880.75     0.03
881.0     0.03
881.25     0.03
881.5     0.028
881.75     0.028
882.0     0.028
882.25     0.028
882.5     0.028
882.75     0.028
883.0     0.028
883.25     0.028
883.5     0.028
883.75     0.028
884.0     0.028
884.25     0.028
884.5     0.028
884.75     0.028
885.0     0.028
885.25     0.028
885.5     0.028
885.75     0.028
886.0     0.028
886.25     0.028
886.5     0.028
886.75     0.028
887.0     0.028
887.25     0.028
887.5     0.028
887.75     0.028
888.0     0.028
888.25     0.028
888.5     0.028
888.75     0.028
889.0     0.028
889.25     0.028
889.5     0.028
889.75     0.028
890.0     0.028
890.25     0.028
890.5     0.028
890.75     0.028
891.0     0.028
891.25     0.028
891.5     0.028
891.75     0.028
892.0     0.028
892.25     0.028
892.5     0.028
892.75     0.028
893.0     0.028
893.25     0.026
893.5     0.026
893.75     0.026
894.0     0.026
894.25     0.026
894.5     0.026
894.75     0.026
895.0     0.026
895.25     0.026
895.5     0.026
895.75     0.026
896.0     0.026
896.25     0.026
896.5     0.026
896.75     0.026
897.0     0.026
897.25     0.026
897.5     0.026
897.75     0.026
898.0     0.026
898.25     0.026
898.5     0.026
898.75     0.026
899.0     0.026
899.25     0.026
899.5     0.026
899.75     0.026
900.0     0.026
900.25     0.026
900.5     0.026
900.75     0.026
901.0     0.026
901.25     0.026
901.5     0.026
901.75     0.026
902.0     0.026
902.25     0.026
902.5     0.026
902.75     0.026
903.0     0.026
903.25     0.026
903.5     0.026
903.75     0.026
904.0     0.026
904.25     0.026
904.5     0.026
904.75     0.026
905.0     0.026
905.25     0.026
905.5     0.026
905.75     0.026
906.0     0.026
906.25     0.026
906.5     0.026
906.75     0.026
907.0     0.026
907.25     0.026
907.5     0.026
907.75     0.024
908.0     0.024
908.25     0.024
908.5     0.024
908.75     0.024
909.0     0.024
909.25     0.024
909.5     0.024
909.75     0.024
910.0     0.024
910.25     0.024
910.5     0.024
910.75     0.024
911.0     0.024
911.25     0.024
911.5     0.024
911.75     0.024
912.0     0.024
912.25     0.024
912.5     0.024
912.75     0.022
913.0     0.022
913.25     0.022
913.5     0.022
913.75     0.022
914.0     0.02
914.25     0.02
914.5     0.02
914.75     0.02
915.0     0.02
915.25     0.02
915.5     0.02
915.75     0.02
916.0     0.02
916.25     0.02
916.5     0.02
916.75     0.02
917.0     0.02
917.25     0.02
917.5     0.02
917.75     0.02
918.0     0.02
918.25     0.02
918.5     0.02
918.75     0.02
919.0     0.02
919.25     0.02
919.5     0.02
919.75     0.02
920.0     0.02
920.25     0.02
920.5     0.02
920.75     0.02
921.0     0.02
921.25     0.02
921.5     0.02
921.75     0.02
922.0     0.02
922.25     0.02
922.5     0.02
922.75     0.02
923.0     0.02
923.25     0.02
923.5     0.02
923.75     0.02
924.0     0.02
924.25     0.02
924.5     0.02
924.75     0.02
925.0     0.02
925.25     0.02
925.5     0.02
925.75     0.02
926.0     0.02
926.25     0.02
926.5     0.02
926.75     0.02
927.0     0.02
927.25     0.02
927.5     0.02
927.75     0.02
928.0     0.02
928.25     0.02
928.5     0.02
928.75     0.02
929.0     0.02
929.25     0.02
929.5     0.02
929.75     0.02
930.0     0.02
930.25     0.02
930.5     0.02
930.75     0.02
931.0     0.02
931.25     0.02
931.5     0.02
931.75     0.02
932.0     0.02
932.25     0.02
932.5     0.02
932.75     0.02
933.0     0.02
933.25     0.02
933.5     0.02
933.75     0.02
934.0     0.02
934.25     0.02
934.5     0.02
934.75     0.02
935.0     0.02
935.25     0.02
935.5     0.02
935.75     0.02
936.0     0.02
936.25     0.02
936.5     0.02
936.75     0.02
937.0     0.02
937.25     0.02
937.5     0.02
937.75     0.02
938.0     0.018
938.25     0.018
938.5     0.018
938.75     0.018
939.0     0.018
939.25     0.018
939.5     0.018
939.75     0.018
940.0     0.018
940.25     0.018
940.5     0.018
940.75     0.018
941.0     0.018
941.25     0.018
941.5     0.018
941.75     0.018
942.0     0.018
942.25     0.018
942.5     0.018
942.75     0.018
943.0     0.018
943.25     0.018
943.5     0.018
943.75     0.018
944.0     0.018
944.25     0.018
944.5     0.018
944.75     0.018
945.0     0.018
945.25     0.018
945.5     0.018
945.75     0.018
946.0     0.018
946.25     0.018
946.5     0.018
946.75     0.018
947.0     0.018
947.25     0.018
947.5     0.018
947.75     0.018
948.0     0.018
948.25     0.018
948.5     0.018
948.75     0.018
949.0     0.018
949.25     0.018
949.5     0.018
949.75     0.018
950.0     0.018
950.25     0.018
950.5     0.018
950.75     0.018
951.0     0.018
951.25     0.018
951.5     0.018
951.75     0.018
952.0     0.018
952.25     0.018
952.5     0.018
952.75     0.018
953.0     0.018
953.25     0.018
953.5     0.018
953.75     0.018
954.0     0.018
954.25     0.018
954.5     0.018
954.75     0.018
955.0     0.018
955.25     0.018
955.5     0.018
955.75     0.018
956.0     0.018
956.25     0.018
956.5     0.018
956.75     0.016
957.0     0.016
957.25     0.016
957.5     0.016
957.75     0.016
958.0     0.016
958.25     0.016
958.5     0.016
958.75     0.016
959.0     0.016
959.25     0.016
959.5     0.016
959.75     0.016
960.0     0.016
960.25     0.016
960.5     0.014
960.75     0.014
961.0     0.014
961.25     0.014
961.5     0.014
961.75     0.014
962.0     0.014
962.25     0.014
962.5     0.014
962.75     0.014
963.0     0.014
963.25     0.014
963.5     0.014
963.75     0.014
964.0     0.014
964.25     0.014
964.5     0.014
964.75     0.014
965.0     0.014
965.25     0.014
965.5     0.014
965.75     0.014
966.0     0.014
966.25     0.014
966.5     0.014
966.75     0.014
967.0     0.014
967.25     0.014
967.5     0.014
967.75     0.014
968.0     0.014
968.25     0.014
968.5     0.014
968.75     0.014
969.0     0.014
969.25     0.014
969.5     0.014
969.75     0.014
970.0     0.014
970.25     0.014
970.5     0.014
970.75     0.014
971.0     0.014
971.25     0.014
971.5     0.014
971.75     0.014
972.0     0.014
972.25     0.014
972.5     0.014
972.75     0.014
973.0     0.014
973.25     0.014
973.5     0.014
973.75     0.014
974.0     0.014
974.25     0.014
974.5     0.014
974.75     0.014
975.0     0.014
975.25     0.014
975.5     0.014
975.75     0.014
976.0     0.014
976.25     0.014
976.5     0.014
976.75     0.014
977.0     0.014
977.25     0.014
977.5     0.014
977.75     0.014
978.0     0.014
978.25     0.014
978.5     0.014
978.75     0.014
979.0     0.014
979.25     0.014
979.5     0.014
979.75     0.014
980.0     0.014
980.25     0.014
980.5     0.014
980.75     0.014
981.0     0.014
981.25     0.014
981.5     0.014
981.75     0.014
982.0     0.014
982.25     0.014
982.5     0.014
982.75     0.014
983.0     0.014
983.25     0.014
983.5     0.014
983.75     0.012
984.0     0.012
984.25     0.012
984.5     0.012
984.75     0.012
985.0     0.012
985.25     0.012
985.5     0.012
985.75     0.012
986.0     0.012
986.25     0.012
986.5     0.012
986.75     0.012
987.0     0.012
987.25     0.012
987.5     0.012
987.75     0.012
988.0     0.012
988.25     0.012
988.5     0.012
988.75     0.012
989.0     0.012
989.25     0.012
989.5     0.012
989.75     0.012
990.0     0.012
990.25     0.012
990.5     0.012
990.75     0.012
991.0     0.012
991.25     0.012
991.5     0.012
991.75     0.008
992.0     0.008
992.25     0.008
992.5     0.008
992.75     0.008
993.0     0.008
993.25     0.008
993.5     0.008
993.75     0.008
994.0     0.008
994.25     0.008
994.5     0.008
994.75     0.008
995.0     0.008
995.25     0.008
995.5     0.008
995.75     0.008
996.0     0.008
996.25     0.008
996.5     0.008
996.75     0.008
997.0     0.008
997.25     0.008
997.5     0.008
997.75     0.008
998.0     0.008
998.25     0.008
998.5     0.008
998.75     0.008
999.0     0.008
999.25     0.008
999.5     0.008
999.75     0.008
1000.0     0.008
