0.3     -6.90801
0.6     -6.90696
0.9     -6.90533
1.2     -6.90383
1.5     -6.90177
1.8     -6.90167
2.1     -6.8999
2.4     -6.89866
2.7     -6.89695
3.0     -6.89613
3.3     -6.89383
3.6     -6.89204
3.9     -6.88938
4.2     -6.8892
4.5     -6.8874
4.8     -6.88605
5.1     -6.88377
5.4     -6.88412
5.7     -6.88222
6.0     -6.88228
6.3     -6.88096
6.6     -6.87891
6.9     -6.87668
7.2     -6.87362
7.5     -6.87289
7.8     -6.87199
8.1     -6.86902
8.4     -6.86796
8.7     -6.8659
9.0     -6.86486
9.3     -6.86158
9.6     -6.86175
9.9     -6.85948
10.2     -6.85744
10.5     -6.85609
10.8     -6.85259
11.1     -6.8515
11.4     -6.84824
11.7     -6.84674
12.0     -6.84451
12.3     -6.84178
12.6     -6.84094
12.9     -6.83915
13.2     -6.83695
13.5     -6.83706
13.8     -6.83608
14.1     -6.83492
14.4     -6.83262
14.7     -6.83226
15.0     -6.83105
15.3     -6.8295
15.6     -6.82657
15.9     -6.82608
16.2     -6.82474
16.5     -6.82379
16.8     -6.82104
17.1     -6.81916
17.4     -6.81707
17.7     -6.81312
18.0     -6.81086
18.3     -6.80588
18.6     -6.8035
18.9     -6.7998
19.2     -6.79719
19.5     -6.79404
19.8     -6.79004
20.1     -6.78778
20.4     -6.78344
20.7     -6.78032
21.0     -6.77683
21.3     -6.77284
21.6     -6.76981
21.9     -6.76641
22.2     -6.76293
22.5     -6.75861
22.8     -6.75536
23.1     -6.75217
23.4     -6.74785
23.7     -6.74444
24.0     -6.7403
24.3     -6.73722
24.6     -6.73297
24.9     -6.7296
25.2     -6.72587
25.5     -6.72205
25.8     -6.71897
26.1     -6.71525
26.4     -6.71227
26.7     -6.70891
27.0     -6.70545
27.3     -6.70185
27.6     -6.69765
27.9     -6.69485
28.2     -6.69127
28.5     -6.6883
28.8     -6.68467
29.1     -6.68068
29.4     -6.67714
29.7     -6.67474
30.0     -6.67028
30.3     -6.66651
30.6     -6.66284
30.9     -6.65974
31.2     -6.65618
31.5     -6.65151
31.8     -6.64835
32.1     -6.6446
32.4     -6.64042
32.7     -6.63702
33.0     -6.63333
33.3     -6.62901
33.6     -6.62603
33.9     -6.62206
34.2     -6.61681
34.5     -6.61433
34.8     -6.61118
35.1     -6.60808
35.4     -6.60399
35.7     -6.60007
36.0     -6.60042
36.3     -6.59535
36.6     -6.58982
36.9     -6.5899
37.2     -6.58445
37.5     -6.57644
37.8     -6.57564
38.1     -6.57448
38.4     -6.56602
38.7     -6.56522
39.0     -6.56224
39.3     -6.55637
39.6     -6.555
39.9     -6.54993
40.2     -6.54597
40.5     -6.54334
40.8     -6.53892
41.1     -6.53569
41.4     -6.52923
41.7     -6.52287
42.0     -6.52062
42.3     -6.51458
42.6     -6.51317
42.9     -6.51259
43.2     -6.50882
43.5     -6.50488
43.8     -6.50192
44.1     -6.498
44.4     -6.49439
44.7     -6.48843
45.0     -6.48462
45.3     -6.48248
45.6     -6.47801
45.9     -6.47447
46.2     -6.46743
46.5     -6.46517
46.8     -6.4588
47.1     -6.45368
47.4     -6.44996
47.7     -6.44628
48.0     -6.44351
48.3     -6.43961
48.6     -6.43555
48.9     -6.4305
49.2     -6.42646
49.5     -6.42219
49.8     -6.41766
50.1     -6.41133
50.4     -6.40968
50.7     -6.40506
51.0     -6.40144
51.3     -6.39937
51.6     -6.39505
51.9     -6.3876
52.2     -6.38686
52.5     -6.38206
52.8     -6.37794
53.1     -6.37449
53.4     -6.36906
53.7     -6.36366
54.0     -6.3596
54.3     -6.35566
54.6     -6.34711
54.9     -6.34233
55.2     -6.34342
55.5     -6.33484
55.8     -6.32911
56.1     -6.32737
56.4     -6.32177
56.7     -6.32296
57.0     -6.31853
57.3     -6.31311
57.6     -6.30366
57.9     -6.29928
58.2     -6.29349
58.5     -6.28924
58.8     -6.29055
59.1     -6.28108
59.4     -6.278
59.7     -6.27369
60.0     -6.26932
60.3     -6.26977
60.6     -6.26173
60.9     -6.25688
61.2     -6.25139
61.5     -6.24835
61.8     -6.24375
62.1     -6.24149
62.4     -6.23598
62.7     -6.2317
63.0     -6.2259
63.3     -6.22054
63.6     -6.21901
63.9     -6.21624
64.2     -6.20819
64.5     -6.20835
64.8     -6.20265
65.1     -6.19621
65.4     -6.19275
65.7     -6.18553
66.0     -6.18038
66.3     -6.18146
66.6     -6.17233
66.9     -6.16882
67.2     -6.16221
67.5     -6.15761
67.8     -6.15538
68.1     -6.15058
68.4     -6.14549
68.7     -6.14049
69.0     -6.13576
69.3     -6.13146
69.6     -6.12634
69.9     -6.12316
70.2     -6.11961
70.5     -6.1127
70.8     -6.11144
71.1     -6.10396
71.4     -6.09987
71.7     -6.09724
72.0     -6.09134
72.3     -6.08697
72.6     -6.08019
72.9     -6.07912
73.2     -6.07314
73.5     -6.06996
73.8     -6.06318
74.1     -6.05929
74.4     -6.05379
74.7     -6.05041
75.0     -6.04334
75.3     -6.03882
75.6     -6.03075
75.9     -6.02869
76.2     -6.02449
76.5     -6.01814
76.8     -6.00774
77.1     -6.00827
77.4     -6.00174
77.7     -5.99435
78.0     -5.98913
78.3     -5.9794
78.6     -5.97804
78.9     -5.97314
79.2     -5.96738
79.5     -5.96191
79.8     -5.95431
80.1     -5.94811
80.4     -5.94527
80.7     -5.93975
81.0     -5.93396
81.3     -5.93043
81.6     -5.92178
81.9     -5.91884
82.2     -5.91218
82.5     -5.90756
82.8     -5.90197
83.1     -5.89553
83.4     -5.8913
83.7     -5.88658
84.0     -5.88033
84.3     -5.87707
84.6     -5.87221
84.9     -5.8656
85.2     -5.86069
85.5     -5.85675
85.8     -5.85253
86.1     -5.84499
86.4     -5.84018
86.7     -5.83475
87.0     -5.83048
87.3     -5.8262
87.6     -5.82091
87.9     -5.81661
88.2     -5.81171
88.5     -5.80603
88.8     -5.80182
89.1     -5.79564
89.4     -5.79176
89.7     -5.78673
90.0     -5.78134
90.3     -5.77668
90.6     -5.77133
90.9     -5.76559
91.2     -5.76229
91.5     -5.75662
91.8     -5.75265
92.1     -5.74952
92.4     -5.74121
92.7     -5.73692
93.0     -5.73368
93.3     -5.72637
93.6     -5.72291
93.9     -5.71866
94.2     -5.7144
94.5     -5.70746
94.8     -5.7049
95.1     -5.69958
95.4     -5.69258
95.7     -5.68611
96.0     -5.67877
96.3     -5.67263
96.6     -5.66546
96.9     -5.65071
97.2     -5.62966
97.5     -5.49991
97.8     -5.38847
98.1     -5.26624
98.4     -5.19771
98.7     -5.15012
99.0     -5.13799
99.3     -5.13633
99.6     -5.13758
99.9     -5.14054
100.2     -5.14454
100.5     -5.14899
100.8     -5.15096
101.1     -5.15483
101.4     -5.15811
101.7     -5.16322
102.0     -5.16796
102.3     -5.16816
102.6     -5.17274
102.9     -5.17704
103.2     -5.18346
103.5     -5.18521
103.8     -5.18971
104.1     -5.19434
104.4     -5.19959
104.7     -5.20221
105.0     -5.20656
105.3     -5.21055
105.6     -5.21424
105.9     -5.21865
106.2     -5.2223
106.5     -5.2275
106.8     -5.23227
107.1     -5.23612
107.4     -5.24284
107.7     -5.24621
108.0     -5.25147
108.3     -5.25531
108.6     -5.25931
108.9     -5.26428
109.2     -5.26976
109.5     -5.27395
109.8     -5.279
110.1     -5.28421
110.4     -5.28902
110.7     -5.29346
111.0     -5.29681
111.3     -5.30348
111.6     -5.30844
111.9     -5.31335
112.2     -5.3165
112.5     -5.32335
112.8     -5.32736
113.1     -5.3317
113.4     -5.33768
113.7     -5.34231
114.0     -5.34577
114.3     -5.3526
114.6     -5.35701
114.9     -5.36267
115.2     -5.36761
115.5     -5.37193
115.8     -5.37624
116.1     -5.38084
116.4     -5.38457
116.7     -5.39202
117.0     -5.39648
117.3     -5.40058
117.6     -5.40415
117.9     -5.41159
118.2     -5.41398
118.5     -5.41935
118.8     -5.42334
119.1     -5.42969
119.4     -5.43432
119.7     -5.43946
120.0     -5.44509
120.3     -5.45027
120.6     -5.45544
120.9     -5.46189
121.2     -5.46626
121.5     -5.47182
121.8     -5.47795
122.1     -5.48382
122.4     -5.48986
122.7     -5.49402
123.0     -5.50076
123.3     -5.50625
123.6     -5.5123
123.9     -5.51918
124.2     -5.52288
124.5     -5.52912
124.8     -5.53513
125.1     -5.54098
125.4     -5.54638
125.7     -5.55214
126.0     -5.55794
126.3     -5.56358
126.6     -5.56993
126.9     -5.57442
127.2     -5.58163
127.5     -5.58581
127.8     -5.59121
128.1     -5.59764
128.4     -5.60148
128.7     -5.60829
129.0     -5.61411
129.3     -5.62008
129.6     -5.62589
129.9     -5.63265
130.2     -5.63874
130.5     -5.64374
130.8     -5.6482
131.1     -5.65386
131.4     -5.65898
131.7     -5.66522
132.0     -5.67076
132.3     -5.67596
132.6     -5.68178
132.9     -5.68849
133.2     -5.6926
133.5     -5.69728
133.8     -5.70439
134.1     -5.70944
134.4     -5.7155
134.7     -5.71901
135.0     -5.72542
135.3     -5.73143
135.6     -5.73736
135.9     -5.74297
136.2     -5.74765
136.5     -5.75323
136.8     -5.75853
137.1     -5.76454
137.4     -5.76916
137.7     -5.77443
138.0     -5.78075
138.3     -5.78602
138.6     -5.78963
138.9     -5.79496
139.2     -5.80108
139.5     -5.80675
139.8     -5.81034
140.1     -5.81614
140.4     -5.82064
140.7     -5.82665
141.0     -5.83161
141.3     -5.83592
141.6     -5.84232
141.9     -5.84669
142.2     -5.851
142.5     -5.85601
142.8     -5.86189
143.1     -5.8665
143.4     -5.8713
143.7     -5.87685
144.0     -5.88166
144.3     -5.88627
144.6     -5.89194
144.9     -5.89601
145.2     -5.90038
145.5     -5.90591
145.8     -5.91031
146.1     -5.91544
146.4     -5.91983
146.7     -5.92445
147.0     -5.92841
147.3     -5.9352
147.6     -5.9392
147.9     -5.94259
148.2     -5.94727
148.5     -5.95467
148.8     -5.95527
149.1     -5.96118
149.4     -5.96461
149.7     -5.96916
150.0     -5.97361
150.3     -5.97931
150.6     -5.98217
150.9     -5.98638
151.2     -5.99099
151.5     -5.99523
151.8     -5.99897
152.1     -6.00308
152.4     -6.00812
152.7     -6.0103
153.0     -6.01573
153.3     -6.02032
153.6     -6.02629
153.9     -6.0274
154.2     -6.03044
154.5     -6.03667
154.8     -6.04213
155.1     -6.04269
155.4     -6.04594
155.7     -6.05279
156.0     -6.05652
156.3     -6.06245
156.6     -6.06076
156.9     -6.06589
157.2     -6.06836
157.5     -6.07964
157.8     -6.0839
158.1     -6.08394
158.4     -6.08259
158.7     -6.08853
159.0     -6.09079
159.3     -6.09448
159.6     -6.09772
159.9     -6.10239
160.2     -6.11187
160.5     -6.10799
160.8     -6.11209
161.1     -6.11305
161.4     -6.12101
161.7     -6.12018
162.0     -6.13002
162.3     -6.12752
162.6     -6.13078
162.9     -6.14334
163.2     -6.1391
163.5     -6.14196
163.8     -6.15114
164.1     -6.14621
164.4     -6.15903
164.7     -6.16567
165.0     -6.15765
165.3     -6.16005
165.6     -6.16292
165.9     -6.16697
166.2     -6.17015
166.5     -6.1748
166.8     -6.17856
167.1     -6.18907
167.4     -6.18794
167.7     -6.1905
168.0     -6.19668
168.3     -6.19733
168.6     -6.20257
168.9     -6.20337
169.2     -6.20766
169.5     -6.21146
169.8     -6.21475
170.1     -6.21606
170.4     -6.21667
170.7     -6.21991
171.0     -6.22426
171.3     -6.2237
171.6     -6.22617
171.9     -6.22876
172.2     -6.23124
172.5     -6.23362
172.8     -6.23544
173.1     -6.23774
173.4     -6.24003
173.7     -6.24123
174.0     -6.24306
174.3     -6.24564
174.6     -6.24759
174.9     -6.24928
175.2     -6.25047
175.5     -6.25223
175.8     -6.25346
176.1     -6.25501
176.4     -6.25632
176.7     -6.25719
177.0     -6.25912
177.3     -6.25975
177.6     -6.26112
177.9     -6.26221
178.2     -6.26312
178.5     -6.26319
178.8     -6.26507
179.1     -6.26553
179.4     -6.26718
179.7     -6.26777
180.0     -6.26916
