0.3     -4.23426
0.6     -4.23581
0.9     -4.23626
1.2     -4.23568
1.5     -4.23748
1.8     -4.23743
2.1     -4.23723
2.4     -4.23832
2.7     -4.23803
3.0     -4.24185
3.3     -4.24076
3.6     -4.24193
3.9     -4.24327
4.2     -4.24459
4.5     -4.24513
4.8     -4.24487
5.1     -4.24836
5.4     -4.249
5.7     -4.24973
6.0     -4.25017
6.3     -4.25175
6.6     -4.25294
6.9     -4.25512
7.2     -4.25616
7.5     -4.25747
7.8     -4.25915
8.1     -4.26074
8.4     -4.26236
8.7     -4.26164
9.0     -4.26362
9.3     -4.26472
9.6     -4.26835
9.9     -4.2699
10.2     -4.27047
10.5     -4.27234
10.8     -4.27165
11.1     -4.27475
11.4     -4.27586
11.7     -4.27719
12.0     -4.27879
12.3     -4.28157
12.6     -4.28369
12.9     -4.28529
13.2     -4.28722
13.5     -4.29
13.8     -4.29352
14.1     -4.29375
14.4     -4.29678
14.7     -4.29846
15.0     -4.30313
15.3     -4.30448
15.6     -4.30572
15.9     -4.31028
16.2     -4.31132
16.5     -4.3145
16.8     -4.31689
17.1     -4.31921
17.4     -4.32053
17.7     -4.32331
18.0     -4.32455
18.3     -4.32608
18.6     -4.32854
18.9     -4.33137
19.2     -4.3329
19.5     -4.335
19.8     -4.33757
20.1     -4.33967
20.4     -4.34148
20.7     -4.34328
21.0     -4.34574
21.3     -4.34763
21.6     -4.35044
21.9     -4.352
22.2     -4.35409
22.5     -4.3558
22.8     -4.35874
23.1     -4.36115
23.4     -4.36289
23.7     -4.36522
24.0     -4.36688
24.3     -4.36908
24.6     -4.37178
24.9     -4.37393
25.2     -4.37513
25.5     -4.37796
25.8     -4.38005
26.1     -4.3819
26.4     -4.38516
26.7     -4.38716
27.0     -4.38978
27.3     -4.39189
27.6     -4.39455
27.9     -4.39746
28.2     -4.40013
28.5     -4.40224
28.8     -4.40473
29.1     -4.40696
29.4     -4.40873
29.7     -4.41215
30.0     -4.41466
30.3     -4.41702
30.6     -4.41999
30.9     -4.42282
31.2     -4.42607
31.5     -4.42815
31.8     -4.43014
32.1     -4.43328
32.4     -4.43554
32.7     -4.43875
33.0     -4.44076
33.3     -4.44291
33.6     -4.446
33.9     -4.44856
34.2     -4.44409
34.5     -4.45329
34.8     -4.45392
35.1     -4.45934
35.4     -4.46173
35.7     -4.46403
36.0     -4.46174
36.3     -4.46853
36.6     -4.47011
36.9     -4.46947
37.2     -4.47186
37.5     -4.47582
37.8     -4.47866
38.1     -4.48049
38.4     -4.48409
38.7     -4.48925
39.0     -4.48926
39.3     -4.49461
39.6     -4.49515
39.9     -4.50176
40.2     -4.50311
40.5     -4.50359
40.8     -4.5068
41.1     -4.51031
41.4     -4.51201
41.7     -4.51951
42.0     -4.51789
42.3     -4.52116
42.6     -4.52533
42.9     -4.52932
43.2     -4.53249
43.5     -4.53626
43.8     -4.53976
44.1     -4.5424
44.4     -4.54607
44.7     -4.55156
45.0     -4.55508
45.3     -4.55661
45.6     -4.56072
45.9     -4.56425
46.2     -4.56804
46.5     -4.57122
46.8     -4.57689
47.1     -4.58059
47.4     -4.5853
47.7     -4.58949
48.0     -4.59176
48.3     -4.59614
48.6     -4.6006
48.9     -4.60369
49.2     -4.60835
49.5     -4.61207
49.8     -4.61622
50.1     -4.62245
50.4     -4.6251
50.7     -4.62903
51.0     -4.63348
51.3     -4.6378
51.6     -4.64297
51.9     -4.64753
52.2     -4.65195
52.5     -4.65675
52.8     -4.66104
53.1     -4.6652
53.4     -4.67041
53.7     -4.67579
54.0     -4.68045
54.3     -4.68426
54.6     -4.69014
54.9     -4.69539
55.2     -4.69828
55.5     -4.7041
55.8     -4.7087
56.1     -4.71437
56.4     -4.71903
56.7     -4.7226
57.0     -4.72737
57.3     -4.73257
57.6     -4.73879
57.9     -4.74265
58.2     -4.74807
58.5     -4.75285
58.8     -4.75841
59.1     -4.76359
59.4     -4.7688
59.7     -4.7741
60.0     -4.77991
60.3     -4.78439
60.6     -4.78939
60.9     -4.79466
61.2     -4.79982
61.5     -4.80525
61.8     -4.81125
62.1     -4.8169
62.4     -4.82242
62.7     -4.82815
63.0     -4.83323
63.3     -4.8393
63.6     -4.84505
63.9     -4.85025
64.2     -4.85608
64.5     -4.86183
64.8     -4.8672
65.1     -4.8731
65.4     -4.87907
65.7     -4.88493
66.0     -4.88989
66.3     -4.89653
66.6     -4.90323
66.9     -4.91004
67.2     -4.91494
67.5     -4.91956
67.8     -4.92544
68.1     -4.9303
68.4     -4.93637
68.7     -4.94127
69.0     -4.94741
69.3     -4.95314
69.6     -4.95857
69.9     -4.96441
70.2     -4.97069
70.5     -4.97693
70.8     -4.98273
71.1     -4.98776
71.4     -4.99456
71.7     -5.00086
72.0     -5.00663
72.3     -5.01169
72.6     -5.01717
72.9     -5.02225
73.2     -5.0295
73.5     -5.03514
73.8     -5.04033
74.1     -5.0469
74.4     -5.05124
74.7     -5.05814
75.0     -5.06364
75.3     -5.06966
75.6     -5.07552
75.9     -5.08079
76.2     -5.0863
76.5     -5.09261
76.8     -5.10111
77.1     -5.10557
77.4     -5.10936
77.7     -5.11535
78.0     -5.12104
78.3     -5.12873
78.6     -5.13254
78.9     -5.13782
79.2     -5.14477
79.5     -5.14996
79.8     -5.15833
80.1     -5.16455
80.4     -5.16888
80.7     -5.17525
81.0     -5.18197
81.3     -5.18836
81.6     -5.19631
81.9     -5.20284
82.2     -5.20926
82.5     -5.21522
82.8     -5.22255
83.1     -5.23027
83.4     -5.23768
83.7     -5.24447
84.0     -5.25296
84.3     -5.26024
84.6     -5.26691
84.9     -5.27455
85.2     -5.28223
85.5     -5.28775
85.8     -5.29529
86.1     -5.30255
86.4     -5.31105
86.7     -5.31721
87.0     -5.32418
87.3     -5.33086
87.6     -5.33998
87.9     -5.34642
88.2     -5.35367
88.5     -5.36176
88.8     -5.36887
89.1     -5.37617
89.4     -5.38365
89.7     -5.3915
90.0     -5.39936
90.3     -5.40652
90.6     -5.41447
90.9     -5.42166
91.2     -5.4296
91.5     -5.437
91.8     -5.44388
92.1     -5.45108
92.4     -5.45874
92.7     -5.46706
93.0     -5.4742
93.3     -5.4825
93.6     -5.49026
93.9     -5.49761
94.2     -5.50607
94.5     -5.51379
94.8     -5.52096
95.1     -5.52929
95.4     -5.53596
95.7     -5.54447
96.0     -5.55703
96.3     -5.56605
96.6     -5.56965
96.9     -5.57701
97.2     -5.57469
97.5     -5.48269
97.8     -5.38591
98.1     -5.24906
98.4     -5.16562
98.7     -5.09826
99.0     -5.06678
99.3     -5.04927
99.6     -5.03758
99.9     -5.02572
100.2     -5.01888
100.5     -5.012
100.8     -5.00344
101.1     -4.99582
101.4     -4.98899
101.7     -4.97951
102.0     -4.97266
102.3     -4.96754
102.6     -4.95946
102.9     -4.95101
103.2     -4.94604
103.5     -4.93852
103.8     -4.93009
104.1     -4.9248
104.4     -4.91783
104.7     -4.91022
105.0     -4.90551
105.3     -4.89763
105.6     -4.89242
105.9     -4.88399
106.2     -4.87769
106.5     -4.87124
106.8     -4.86503
107.1     -4.85943
107.4     -4.85434
107.7     -4.84691
108.0     -4.83998
108.3     -4.83448
108.6     -4.82636
108.9     -4.82327
109.2     -4.81571
109.5     -4.80938
109.8     -4.8052
110.1     -4.79699
110.4     -4.7931
110.7     -4.78703
111.0     -4.78195
111.3     -4.77545
111.6     -4.77081
111.9     -4.76436
112.2     -4.75793
112.5     -4.75279
112.8     -4.74893
113.1     -4.7436
113.4     -4.73618
113.7     -4.73237
114.0     -4.72871
114.3     -4.71992
114.6     -4.71738
114.9     -4.71064
115.2     -4.70435
115.5     -4.69945
115.8     -4.69245
116.1     -4.69014
116.4     -4.68194
116.7     -4.67851
117.0     -4.67367
117.3     -4.6681
117.6     -4.66269
117.9     -4.65743
118.2     -4.65054
118.5     -4.64611
118.8     -4.64037
119.1     -4.63534
119.4     -4.63007
119.7     -4.62196
120.0     -4.6192
120.3     -4.61631
120.6     -4.60964
120.9     -4.60591
121.2     -4.60233
121.5     -4.59711
121.8     -4.59196
122.1     -4.58717
122.4     -4.58244
122.7     -4.57792
123.0     -4.57416
123.3     -4.57012
123.6     -4.5665
123.9     -4.56289
124.2     -4.56056
124.5     -4.55584
124.8     -4.55087
125.1     -4.54805
125.4     -4.54439
125.7     -4.53915
126.0     -4.53687
126.3     -4.53241
126.6     -4.53022
126.9     -4.52642
127.2     -4.52383
127.5     -4.51897
127.8     -4.51646
128.1     -4.51302
128.4     -4.50898
128.7     -4.50668
129.0     -4.50147
129.3     -4.49904
129.6     -4.49401
129.9     -4.49167
130.2     -4.49004
130.5     -4.48723
130.8     -4.48229
131.1     -4.4802
131.4     -4.47602
131.7     -4.47582
132.0     -4.47189
132.3     -4.47029
132.6     -4.46748
132.9     -4.46423
133.2     -4.46099
133.5     -4.45797
133.8     -4.45709
134.1     -4.45528
134.4     -4.45019
134.7     -4.44639
135.0     -4.44531
135.3     -4.44268
135.6     -4.44079
135.9     -4.43656
136.2     -4.43596
136.5     -4.43219
136.8     -4.42931
137.1     -4.42792
137.4     -4.42467
137.7     -4.42173
138.0     -4.42046
138.3     -4.41788
138.6     -4.41422
138.9     -4.41282
139.2     -4.40945
139.5     -4.40881
139.8     -4.40439
140.1     -4.4018
140.4     -4.39865
140.7     -4.39807
141.0     -4.3958
141.3     -4.39364
141.6     -4.39082
141.9     -4.38981
142.2     -4.38649
142.5     -4.38523
142.8     -4.38225
143.1     -4.38099
143.4     -4.37827
143.7     -4.37723
144.0     -4.37581
144.3     -4.37357
144.6     -4.37179
144.9     -4.37031
145.2     -4.36747
145.5     -4.36566
145.8     -4.36433
146.1     -4.36161
146.4     -4.36036
146.7     -4.36014
147.0     -4.35595
147.3     -4.3537
147.6     -4.35407
147.9     -4.35251
148.2     -4.35158
148.5     -4.34715
148.8     -4.34896
149.1     -4.34635
149.4     -4.3454
149.7     -4.3442
150.0     -4.34384
150.3     -4.34181
150.6     -4.3399
150.9     -4.33945
151.2     -4.33615
151.5     -4.33599
151.8     -4.33491
152.1     -4.3333
152.4     -4.33083
152.7     -4.33102
153.0     -4.32896
153.3     -4.32808
153.6     -4.32775
153.9     -4.32676
154.2     -4.32728
154.5     -4.32473
154.8     -4.32263
155.1     -4.32385
155.4     -4.32124
155.7     -4.32125
156.0     -4.32076
156.3     -4.31853
156.6     -4.31886
156.9     -4.31686
157.2     -4.3166
157.5     -4.31353
157.8     -4.31311
158.1     -4.31341
158.4     -4.31471
158.7     -4.31321
159.0     -4.31088
159.3     -4.31116
159.6     -4.31122
159.9     -4.30977
160.2     -4.3051
160.5     -4.3088
160.8     -4.3086
161.1     -4.30866
161.4     -4.30412
161.7     -4.30598
162.0     -4.30254
162.3     -4.30371
162.6     -4.30392
162.9     -4.30062
163.2     -4.30262
163.5     -4.30078
163.8     -4.298
164.1     -4.30039
164.4     -4.29635
164.7     -4.29396
165.0     -4.2986
165.3     -4.29839
165.6     -4.2963
165.9     -4.29581
166.2     -4.29455
166.5     -4.29386
166.8     -4.29229
167.1     -4.28833
167.4     -4.28975
167.7     -4.29031
168.0     -4.28844
168.3     -4.28868
168.6     -4.28698
168.9     -4.28668
169.2     -4.28481
169.5     -4.28279
169.8     -4.28304
170.1     -4.28159
170.4     -4.28267
170.7     -4.28161
171.0     -4.27914
171.3     -4.28051
171.6     -4.28061
171.9     -4.27976
172.2     -4.27877
172.5     -4.27928
172.8     -4.2781
173.1     -4.27803
173.4     -4.27824
173.7     -4.27731
174.0     -4.2768
174.3     -4.27653
174.6     -4.27649
174.9     -4.276
175.2     -4.27535
175.5     -4.27543
175.8     -4.27561
176.1     -4.27534
176.4     -4.27575
176.7     -4.27525
177.0     -4.27614
177.3     -4.27613
177.6     -4.27606
177.9     -4.27676
178.2     -4.2777
178.5     -4.27699
178.8     -4.27749
179.1     -4.2786
179.4     -4.27955
179.7     -4.27942
180.0     -4.2808
