0.25     0.0
0.5     0.0
0.75     0.0
1.0     0.0
1.25     0.0
1.5     0.0
1.75     0.0
2.0     0.0
2.25     0.0
2.5     0.0
2.75     0.0
3.0     0.0
3.25     0.0
3.5     0.0
3.75     0.0
4.0     0.0
4.25     0.0
4.5     0.0
4.75     0.0
5.0     0.0
5.25     0.0
5.5     0.0
5.75     0.0
6.0     0.0
6.25     0.0
6.5     0.0
6.75     0.0
7.0     0.0
7.25     0.0
7.5     0.0
7.75     0.0
8.0     0.0
8.25     0.0
8.5     0.0
8.75     0.0
9.0     0.0
9.25     0.0
9.5     0.0
9.75     0.0
10.0     0.0
10.25     0.0
10.5     0.0
10.75     0.0
11.0     0.0
11.25     0.0
11.5     0.0
11.75     0.0
12.0     0.0
12.25     0.0
12.5     0.0
12.75     0.0
13.0     0.0
13.25     0.0
13.5     0.0
13.75     0.0
14.0     0.0
14.25     0.0
14.5     0.0
14.75     0.0
15.0     0.0
15.25     0.0
15.5     0.0
15.75     0.0
16.0     0.0
16.25     0.0
16.5     0.0
16.75     0.0
17.0     0.0
17.25     0.0
17.5     0.002
17.75     0.0
18.0     0.0
18.25     0.0
18.5     0.0
18.75     0.0
19.0     -0.002
19.25     0.002
19.5     -0.002
19.75     -0.002
20.0     -0.002
20.25     -0.004
20.5     0.0
20.75     -0.002
21.0     0.002
21.25     0.004
21.5     0.006
21.75     0.008
22.0     0.006
22.25     0.006
22.5     0.008
22.75     0.014
23.0     0.012
23.25     0.016
23.5     0.024
23.75     0.018
24.0     0.024
24.25     0.022
24.5     0.032
24.75     0.026
25.0     0.022
25.25     0.026
25.5     0.032
25.75     0.032
26.0     0.046
26.25     0.06
26.5     0.072
26.75     0.084
27.0     0.09
27.25     0.098
27.5     0.102
27.75     0.106
28.0     0.104
28.25     0.114
28.5     0.118
28.75     0.124
29.0     0.128
29.25     0.136
29.5     0.142
29.75     0.138
30.0     0.146
30.25     0.15
30.5     0.168
30.75     0.168
31.0     0.18
31.25     0.178
31.5     0.178
31.75     0.174
32.0     0.184
32.25     0.192
32.5     0.198
32.75     0.2
33.0     0.204
33.25     0.21
33.5     0.22
33.75     0.224
34.0     0.224
34.25     0.23
34.5     0.238
34.75     0.246
35.0     0.252
35.25     0.256
35.5     0.264
35.75     0.268
36.0     0.27
36.25     0.276
36.5     0.28
36.75     0.286
37.0     0.286
37.25     0.3
37.5     0.298
37.75     0.298
38.0     0.296
38.25     0.302
38.5     0.304
38.75     0.306
39.0     0.31
39.25     0.314
39.5     0.314
39.75     0.318
40.0     0.32
40.25     0.324
40.5     0.326
40.75     0.328
41.0     0.332
41.25     0.336
41.5     0.334
41.75     0.334
42.0     0.334
42.25     0.336
42.5     0.34
42.75     0.344
43.0     0.346
43.25     0.356
43.5     0.362
43.75     0.364
44.0     0.364
44.25     0.374
44.5     0.374
44.75     0.376
45.0     0.376
45.25     0.378
45.5     0.378
45.75     0.376
46.0     0.378
46.25     0.378
46.5     0.388
46.75     0.388
47.0     0.398
47.25     0.398
47.5     0.4
47.75     0.404
48.0     0.404
48.25     0.408
48.5     0.41
48.75     0.412
49.0     0.42
49.25     0.424
49.5     0.424
49.75     0.426
50.0     0.43
50.25     0.428
50.5     0.436
50.75     0.438
51.0     0.44
51.25     0.45
51.5     0.45
51.75     0.452
52.0     0.454
52.25     0.458
52.5     0.464
52.75     0.47
53.0     0.472
53.25     0.472
53.5     0.474
53.75     0.474
54.0     0.476
54.25     0.484
54.5     0.488
54.75     0.488
55.0     0.492
55.25     0.496
55.5     0.5
55.75     0.506
56.0     0.508
56.25     0.508
56.5     0.508
56.75     0.512
57.0     0.512
57.25     0.512
57.5     0.516
57.75     0.522
58.0     0.522
58.25     0.524
58.5     0.524
58.75     0.524
59.0     0.524
59.25     0.528
59.5     0.532
59.75     0.534
60.0     0.534
60.25     0.538
60.5     0.538
60.75     0.542
61.0     0.542
61.25     0.542
61.5     0.544
61.75     0.546
62.0     0.546
62.25     0.55
62.5     0.552
62.75     0.552
63.0     0.552
63.25     0.552
63.5     0.554
63.75     0.558
64.0     0.56
64.25     0.56
64.5     0.56
64.75     0.566
65.0     0.566
65.25     0.568
65.5     0.57
65.75     0.57
66.0     0.57
66.25     0.572
66.5     0.572
66.75     0.582
67.0     0.582
67.25     0.582
67.5     0.584
67.75     0.586
68.0     0.584
68.25     0.586
68.5     0.586
68.75     0.586
69.0     0.588
69.25     0.588
69.5     0.59
69.75     0.59
70.0     0.59
70.25     0.594
70.5     0.596
70.75     0.596
71.0     0.596
71.25     0.596
71.5     0.598
71.75     0.6
72.0     0.602
72.25     0.602
72.5     0.6
72.75     0.6
73.0     0.598
73.25     0.6
73.5     0.606
73.75     0.606
74.0     0.608
74.25     0.608
74.5     0.606
74.75     0.612
75.0     0.616
75.25     0.618
75.5     0.62
75.75     0.62
76.0     0.62
76.25     0.622
76.5     0.628
76.75     0.63
77.0     0.632
77.25     0.634
77.5     0.636
77.75     0.636
78.0     0.638
78.25     0.64
78.5     0.642
78.75     0.64
79.0     0.64
79.25     0.638
79.5     0.64
79.75     0.638
80.0     0.638
80.25     0.638
80.5     0.64
80.75     0.642
81.0     0.644
81.25     0.646
81.5     0.65
81.75     0.654
82.0     0.654
82.25     0.654
82.5     0.652
82.75     0.654
83.0     0.654
83.25     0.656
83.5     0.66
83.75     0.664
84.0     0.664
84.25     0.668
84.5     0.67
84.75     0.674
85.0     0.678
85.25     0.682
85.5     0.682
85.75     0.682
86.0     0.682
86.25     0.682
86.5     0.686
86.75     0.688
87.0     0.688
87.25     0.69
87.5     0.692
87.75     0.692
88.0     0.694
88.25     0.694
88.5     0.696
88.75     0.696
89.0     0.696
89.25     0.696
89.5     0.696
89.75     0.698
90.0     0.7
90.25     0.702
90.5     0.706
90.75     0.706
91.0     0.706
91.25     0.708
91.5     0.708
91.75     0.71
92.0     0.716
92.25     0.716
92.5     0.716
92.75     0.718
93.0     0.722
93.25     0.722
93.5     0.722
93.75     0.724
94.0     0.722
94.25     0.72
94.5     0.722
94.75     0.724
95.0     0.726
95.25     0.726
95.5     0.726
95.75     0.728
96.0     0.728
96.25     0.728
96.5     0.73
96.75     0.732
97.0     0.734
97.25     0.734
97.5     0.734
97.75     0.734
98.0     0.734
98.25     0.734
98.5     0.736
98.75     0.738
99.0     0.738
99.25     0.738
99.5     0.74
99.75     0.74
100.0     0.74
100.25     0.74
100.5     0.74
100.75     0.74
101.0     0.742
101.25     0.742
101.5     0.742
101.75     0.744
102.0     0.744
102.25     0.746
102.5     0.746
102.75     0.746
103.0     0.746
103.25     0.746
103.5     0.746
103.75     0.746
104.0     0.748
104.25     0.75
104.5     0.752
104.75     0.752
105.0     0.752
105.25     0.752
105.5     0.752
105.75     0.754
106.0     0.754
106.25     0.754
106.5     0.756
106.75     0.756
107.0     0.756
107.25     0.756
107.5     0.756
107.75     0.758
108.0     0.758
108.25     0.758
108.5     0.758
108.75     0.758
109.0     0.76
109.25     0.76
109.5     0.76
109.75     0.76
110.0     0.76
110.25     0.76
110.5     0.76
110.75     0.764
111.0     0.764
111.25     0.764
111.5     0.764
111.75     0.764
112.0     0.764
112.25     0.764
112.5     0.764
112.75     0.764
113.0     0.764
113.25     0.764
113.5     0.764
113.75     0.764
114.0     0.764
114.25     0.764
114.5     0.764
114.75     0.764
115.0     0.764
115.25     0.764
115.5     0.764
115.75     0.764
116.0     0.764
116.25     0.764
116.5     0.764
116.75     0.764
117.0     0.764
117.25     0.764
117.5     0.764
117.75     0.764
118.0     0.764
118.25     0.764
118.5     0.764
118.75     0.764
119.0     0.764
119.25     0.764
119.5     0.764
119.75     0.764
120.0     0.764
120.25     0.766
120.5     0.766
120.75     0.77
121.0     0.77
121.25     0.77
121.5     0.77
121.75     0.772
122.0     0.774
122.25     0.774
122.5     0.778
122.75     0.778
123.0     0.778
123.25     0.778
123.5     0.78
123.75     0.78
124.0     0.78
124.25     0.782
124.5     0.782
124.75     0.784
125.0     0.786
125.25     0.786
125.5     0.79
125.75     0.79
126.0     0.79
126.25     0.79
126.5     0.796
126.75     0.796
127.0     0.796
127.25     0.796
127.5     0.8
127.75     0.8
128.0     0.8
128.25     0.802
128.5     0.804
128.75     0.806
129.0     0.806
129.25     0.806
129.5     0.81
129.75     0.812
130.0     0.818
130.25     0.818
130.5     0.818
130.75     0.82
131.0     0.822
131.25     0.824
131.5     0.822
131.75     0.82
132.0     0.828
132.25     0.83
132.5     0.83
132.75     0.828
133.0     0.83
133.25     0.832
133.5     0.836
133.75     0.842
134.0     0.844
134.25     0.846
134.5     0.848
134.75     0.85
135.0     0.85
135.25     0.85
135.5     0.852
135.75     0.856
136.0     0.856
136.25     0.86
136.5     0.86
136.75     0.86
137.0     0.86
137.25     0.86
137.5     0.862
137.75     0.862
138.0     0.862
138.25     0.864
138.5     0.868
138.75     0.868
139.0     0.87
139.25     0.872
139.5     0.874
139.75     0.874
140.0     0.874
140.25     0.876
140.5     0.876
140.75     0.876
141.0     0.876
141.25     0.878
141.5     0.88
141.75     0.88
142.0     0.88
142.25     0.88
142.5     0.882
142.75     0.882
143.0     0.884
143.25     0.884
143.5     0.884
143.75     0.884
144.0     0.884
144.25     0.886
144.5     0.886
144.75     0.886
145.0     0.886
145.25     0.886
145.5     0.888
145.75     0.89
146.0     0.892
146.25     0.892
146.5     0.892
146.75     0.892
147.0     0.894
147.25     0.894
147.5     0.894
147.75     0.894
148.0     0.894
148.25     0.894
148.5     0.894
148.75     0.894
149.0     0.896
149.25     0.896
149.5     0.896
149.75     0.9
150.0     0.9
150.25     0.898
150.5     0.898
150.75     0.898
151.0     0.898
151.25     0.898
151.5     0.898
151.75     0.898
152.0     0.898
152.25     0.898
152.5     0.902
152.75     0.902
153.0     0.904
153.25     0.906
153.5     0.908
153.75     0.908
154.0     0.908
154.25     0.908
154.5     0.908
154.75     0.908
155.0     0.908
155.25     0.908
155.5     0.908
155.75     0.908
156.0     0.908
156.25     0.908
156.5     0.908
156.75     0.908
157.0     0.908
157.25     0.91
157.5     0.91
157.75     0.912
158.0     0.912
158.25     0.912
158.5     0.912
158.75     0.912
159.0     0.912
159.25     0.912
159.5     0.912
159.75     0.912
160.0     0.912
160.25     0.912
160.5     0.912
160.75     0.912
161.0     0.912
161.25     0.914
161.5     0.914
161.75     0.914
162.0     0.914
162.25     0.916
162.5     0.916
162.75     0.918
163.0     0.92
163.25     0.922
163.5     0.924
163.75     0.924
164.0     0.924
164.25     0.924
164.5     0.924
164.75     0.924
165.0     0.924
165.25     0.924
165.5     0.924
165.75     0.924
166.0     0.924
166.25     0.924
166.5     0.926
166.75     0.928
167.0     0.928
167.25     0.928
167.5     0.928
167.75     0.928
168.0     0.928
168.25     0.928
168.5     0.93
168.75     0.93
169.0     0.93
169.25     0.932
169.5     0.934
169.75     0.934
170.0     0.934
170.25     0.934
170.5     0.938
170.75     0.938
171.0     0.938
171.25     0.938
171.5     0.938
171.75     0.938
172.0     0.938
172.25     0.94
172.5     0.94
172.75     0.94
173.0     0.94
173.25     0.942
173.5     0.942
173.75     0.944
174.0     0.944
174.25     0.944
174.5     0.946
174.75     0.944
175.0     0.944
175.25     0.944
175.5     0.944
175.75     0.944
176.0     0.944
176.25     0.944
176.5     0.944
176.75     0.942
177.0     0.942
177.25     0.942
177.5     0.942
177.75     0.942
178.0     0.942
178.25     0.942
178.5     0.944
178.75     0.944
179.0     0.944
179.25     0.944
179.5     0.946
179.75     0.946
180.0     0.948
180.25     0.948
180.5     0.948
180.75     0.948
181.0     0.948
181.25     0.948
181.5     0.95
181.75     0.95
182.0     0.95
182.25     0.952
182.5     0.954
182.75     0.954
183.0     0.954
183.25     0.954
183.5     0.956
183.75     0.956
184.0     0.956
184.25     0.958
184.5     0.956
184.75     0.954
185.0     0.954
185.25     0.954
185.5     0.952
185.75     0.952
186.0     0.952
186.25     0.952
186.5     0.952
186.75     0.952
187.0     0.954
187.25     0.954
187.5     0.954
187.75     0.954
188.0     0.954
188.25     0.954
188.5     0.956
188.75     0.958
189.0     0.958
189.25     0.958
189.5     0.958
189.75     0.958
190.0     0.958
190.25     0.958
190.5     0.958
190.75     0.958
191.0     0.958
191.25     0.958
191.5     0.958
191.75     0.958
192.0     0.958
192.25     0.958
192.5     0.958
192.75     0.958
193.0     0.958
193.25     0.958
193.5     0.96
193.75     0.96
194.0     0.96
194.25     0.96
194.5     0.96
194.75     0.96
195.0     0.96
195.25     0.964
195.5     0.966
195.75     0.966
196.0     0.966
196.25     0.966
196.5     0.966
196.75     0.966
197.0     0.968
197.25     0.968
197.5     0.968
197.75     0.968
198.0     0.968
198.25     0.968
198.5     0.968
198.75     0.968
199.0     0.968
199.25     0.97
199.5     0.97
199.75     0.97
200.0     0.97
200.25     0.97
200.5     0.97
200.75     0.97
201.0     0.97
201.25     0.97
201.5     0.97
201.75     0.972
202.0     0.972
202.25     0.972
202.5     0.972
202.75     0.972
203.0     0.972
203.25     0.972
203.5     0.972
203.75     0.972
204.0     0.972
204.25     0.972
204.5     0.972
204.75     0.972
205.0     0.972
205.25     0.972
205.5     0.972
205.75     0.972
206.0     0.972
206.25     0.972
206.5     0.972
206.75     0.972
207.0     0.972
207.25     0.974
207.5     0.974
207.75     0.974
208.0     0.974
208.25     0.974
208.5     0.972
208.75     0.972
209.0     0.972
209.25     0.972
209.5     0.972
209.75     0.972
210.0     0.972
210.25     0.972
210.5     0.972
210.75     0.974
211.0     0.974
211.25     0.974
211.5     0.974
211.75     0.974
212.0     0.974
212.25     0.974
212.5     0.974
212.75     0.974
213.0     0.974
213.25     0.974
213.5     0.974
213.75     0.974
214.0     0.976
214.25     0.976
214.5     0.976
214.75     0.976
215.0     0.978
215.25     0.978
215.5     0.978
215.75     0.978
216.0     0.978
216.25     0.978
216.5     0.978
216.75     0.978
217.0     0.98
217.25     0.98
217.5     0.98
217.75     0.98
218.0     0.98
218.25     0.98
218.5     0.98
218.75     0.98
219.0     0.98
219.25     0.98
219.5     0.98
219.75     0.98
220.0     0.98
220.25     0.98
220.5     0.98
220.75     0.98
221.0     0.98
221.25     0.98
221.5     0.98
221.75     0.98
222.0     0.98
222.25     0.98
222.5     0.98
222.75     0.98
223.0     0.98
223.25     0.98
223.5     0.98
223.75     0.98
224.0     0.98
224.25     0.98
224.5     0.98
224.75     0.98
225.0     0.98
225.25     0.98
225.5     0.98
225.75     0.98
226.0     0.98
226.25     0.98
226.5     0.98
226.75     0.982
227.0     0.982
227.25     0.982
227.5     0.982
227.75     0.982
228.0     0.982
228.25     0.982
228.5     0.982
228.75     0.982
229.0     0.982
229.25     0.982
229.5     0.982
229.75     0.982
230.0     0.984
230.25     0.984
230.5     0.986
230.75     0.986
231.0     0.986
231.25     0.986
231.5     0.986
231.75     0.986
232.0     0.986
232.25     0.986
232.5     0.986
232.75     0.986
233.0     0.986
233.25     0.986
233.5     0.986
233.75     0.986
234.0     0.986
234.25     0.986
234.5     0.986
234.75     0.986
235.0     0.986
235.25     0.986
235.5     0.986
235.75     0.986
236.0     0.986
236.25     0.986
236.5     0.986
236.75     0.986
237.0     0.986
237.25     0.986
237.5     0.988
237.75     0.988
238.0     0.988
238.25     0.988
238.5     0.988
238.75     0.988
239.0     0.988
239.25     0.988
239.5     0.988
239.75     0.988
240.0     0.988
240.25     0.988
240.5     0.988
240.75     0.988
241.0     0.988
241.25     0.988
241.5     0.988
241.75     0.988
242.0     0.988
242.25     0.988
242.5     0.988
242.75     0.988
243.0     0.988
243.25     0.988
243.5     0.988
243.75     0.988
244.0     0.988
244.25     0.988
244.5     0.988
244.75     0.988
245.0     0.988
245.25     0.988
245.5     0.988
245.75     0.988
246.0     0.988
246.25     0.988
246.5     0.988
246.75     0.988
247.0     0.988
247.25     0.988
247.5     0.988
247.75     0.988
248.0     0.988
248.25     0.988
248.5     0.988
248.75     0.988
249.0     0.988
249.25     0.988
249.5     0.988
249.75     0.988
250.0     0.988
250.25     0.988
250.5     0.988
250.75     0.988
251.0     0.988
251.25     0.988
251.5     0.988
251.75     0.988
252.0     0.988
252.25     0.988
252.5     0.988
252.75     0.988
253.0     0.988
253.25     0.988
253.5     0.988
253.75     0.988
254.0     0.988
254.25     0.988
254.5     0.988
254.75     0.988
255.0     0.988
255.25     0.988
255.5     0.988
255.75     0.988
256.0     0.986
256.25     0.986
256.5     0.986
256.75     0.986
257.0     0.986
257.25     0.986
257.5     0.986
257.75     0.986
258.0     0.986
258.25     0.986
258.5     0.986
258.75     0.986
259.0     0.986
259.25     0.986
259.5     0.986
259.75     0.986
260.0     0.986
260.25     0.986
260.5     0.986
260.75     0.986
261.0     0.986
261.25     0.986
261.5     0.986
261.75     0.986
262.0     0.986
262.25     0.986
262.5     0.986
262.75     0.986
263.0     0.986
263.25     0.986
263.5     0.986
263.75     0.986
264.0     0.986
264.25     0.986
264.5     0.986
264.75     0.986
265.0     0.986
265.25     0.986
265.5     0.986
265.75     0.986
266.0     0.986
266.25     0.986
266.5     0.986
266.75     0.986
267.0     0.986
267.25     0.986
267.5     0.986
267.75     0.986
268.0     0.986
268.25     0.986
268.5     0.986
268.75     0.986
269.0     0.986
269.25     0.986
269.5     0.986
269.75     0.986
270.0     0.986
270.25     0.986
270.5     0.986
270.75     0.986
271.0     0.986
271.25     0.988
271.5     0.988
271.75     0.988
272.0     0.988
272.25     0.988
272.5     0.988
272.75     0.988
273.0     0.988
273.25     0.99
273.5     0.99
273.75     0.99
274.0     0.99
274.25     0.99
274.5     0.99
274.75     0.99
275.0     0.99
275.25     0.99
275.5     0.99
275.75     0.99
276.0     0.99
276.25     0.99
276.5     0.99
276.75     0.99
277.0     0.99
277.25     0.988
277.5     0.988
277.75     0.988
278.0     0.988
278.25     0.988
278.5     0.988
278.75     0.988
279.0     0.988
279.25     0.988
279.5     0.988
279.75     0.988
280.0     0.988
280.25     0.988
280.5     0.988
280.75     0.988
281.0     0.988
281.25     0.988
281.5     0.988
281.75     0.988
282.0     0.988
282.25     0.988
282.5     0.988
282.75     0.988
283.0     0.988
283.25     0.988
283.5     0.988
283.75     0.988
284.0     0.988
284.25     0.988
284.5     0.988
284.75     0.988
285.0     0.988
285.25     0.988
285.5     0.988
285.75     0.988
286.0     0.988
286.25     0.988
286.5     0.988
286.75     0.988
287.0     0.988
287.25     0.988
287.5     0.988
287.75     0.988
288.0     0.988
288.25     0.988
288.5     0.988
288.75     0.988
289.0     0.988
289.25     0.988
289.5     0.988
289.75     0.988
290.0     0.988
290.25     0.988
290.5     0.988
290.75     0.988
291.0     0.988
291.25     0.988
291.5     0.988
291.75     0.988
292.0     0.988
292.25     0.988
292.5     0.988
292.75     0.988
293.0     0.988
293.25     0.988
293.5     0.988
293.75     0.988
294.0     0.988
294.25     0.988
294.5     0.988
294.75     0.988
295.0     0.988
295.25     0.988
295.5     0.988
295.75     0.988
296.0     0.988
296.25     0.988
296.5     0.988
296.75     0.988
297.0     0.988
297.25     0.988
297.5     0.988
297.75     0.988
298.0     0.988
298.25     0.988
298.5     0.988
298.75     0.988
299.0     0.988
299.25     0.988
299.5     0.988
299.75     0.988
300.0     0.988
300.25     0.988
300.5     0.988
300.75     0.988
301.0     0.988
301.25     0.988
301.5     0.988
301.75     0.988
302.0     0.988
302.25     0.988
302.5     0.988
302.75     0.99
303.0     0.99
303.25     0.99
303.5     0.99
303.75     0.99
304.0     0.99
304.25     0.99
304.5     0.99
304.75     0.99
305.0     0.99
305.25     0.99
305.5     0.99
305.75     0.99
306.0     0.99
306.25     0.99
306.5     0.99
306.75     0.99
307.0     0.99
307.25     0.99
307.5     0.99
307.75     0.99
308.0     0.99
308.25     0.99
308.5     0.99
308.75     0.99
309.0     0.99
309.25     0.99
309.5     0.99
309.75     0.99
310.0     0.99
310.25     0.99
310.5     0.99
310.75     0.99
311.0     0.99
311.25     0.99
311.5     0.99
311.75     0.99
312.0     0.99
312.25     0.99
312.5     0.99
312.75     0.99
313.0     0.99
313.25     0.99
313.5     0.99
313.75     0.988
314.0     0.988
314.25     0.988
314.5     0.988
314.75     0.988
315.0     0.988
315.25     0.988
315.5     0.988
315.75     0.988
316.0     0.988
316.25     0.988
316.5     0.988
316.75     0.988
317.0     0.988
317.25     0.988
317.5     0.988
317.75     0.988
318.0     0.988
318.25     0.988
318.5     0.988
318.75     0.988
319.0     0.988
319.25     0.988
319.5     0.988
319.75     0.988
320.0     0.988
320.25     0.988
320.5     0.988
320.75     0.988
321.0     0.988
321.25     0.988
321.5     0.988
321.75     0.988
322.0     0.988
322.25     0.988
322.5     0.988
322.75     0.988
323.0     0.988
323.25     0.988
323.5     0.988
323.75     0.988
324.0     0.988
324.25     0.988
324.5     0.988
324.75     0.988
325.0     0.988
325.25     0.99
325.5     0.99
325.75     0.99
326.0     0.99
326.25     0.99
326.5     0.99
326.75     0.99
327.0     0.992
327.25     0.992
327.5     0.992
327.75     0.992
328.0     0.992
328.25     0.992
328.5     0.992
328.75     0.992
329.0     0.992
329.25     0.992
329.5     0.992
329.75     0.992
330.0     0.992
330.25     0.992
330.5     0.992
330.75     0.992
331.0     0.992
331.25     0.992
331.5     0.992
331.75     0.992
332.0     0.992
332.25     0.992
332.5     0.992
332.75     0.992
333.0     0.992
333.25     0.992
333.5     0.992
333.75     0.992
334.0     0.992
334.25     0.992
334.5     0.992
334.75     0.992
335.0     0.992
335.25     0.992
335.5     0.992
335.75     0.992
336.0     0.992
336.25     0.992
336.5     0.992
336.75     0.992
337.0     0.992
337.25     0.992
337.5     0.992
337.75     0.992
338.0     0.992
338.25     0.992
338.5     0.992
338.75     0.992
339.0     0.992
339.25     0.992
339.5     0.992
339.75     0.992
340.0     0.992
340.25     0.992
340.5     0.992
340.75     0.992
341.0     0.992
341.25     0.992
341.5     0.992
341.75     0.992
342.0     0.992
342.25     0.992
342.5     0.992
342.75     0.992
343.0     0.992
343.25     0.992
343.5     0.992
343.75     0.992
344.0     0.992
344.25     0.992
344.5     0.992
344.75     0.992
345.0     0.992
345.25     0.992
345.5     0.992
345.75     0.992
346.0     0.992
346.25     0.992
346.5     0.992
346.75     0.992
347.0     0.992
347.25     0.992
347.5     0.992
347.75     0.992
348.0     0.992
348.25     0.992
348.5     0.992
348.75     0.992
349.0     0.992
349.25     0.992
349.5     0.992
349.75     0.992
350.0     0.992
350.25     0.992
350.5     0.992
350.75     0.992
351.0     0.992
351.25     0.992
351.5     0.992
351.75     0.992
352.0     0.992
352.25     0.992
352.5     0.992
352.75     0.992
353.0     0.992
353.25     0.992
353.5     0.992
353.75     0.992
354.0     0.992
354.25     0.992
354.5     0.992
354.75     0.992
355.0     0.992
355.25     0.992
355.5     0.992
355.75     0.992
356.0     0.992
356.25     0.992
356.5     0.992
356.75     0.992
357.0     0.992
357.25     0.992
357.5     0.992
357.75     0.992
358.0     0.992
358.25     0.992
358.5     0.992
358.75     0.992
359.0     0.992
359.25     0.992
359.5     0.992
359.75     0.992
360.0     0.992
360.25     0.992
360.5     0.992
360.75     0.992
361.0     0.992
361.25     0.992
361.5     0.992
361.75     0.992
362.0     0.992
362.25     0.992
362.5     0.992
362.75     0.992
363.0     0.992
363.25     0.992
363.5     0.992
363.75     0.992
364.0     0.992
364.25     0.992
364.5     0.992
364.75     0.992
365.0     0.992
365.25     0.992
365.5     0.992
365.75     0.992
366.0     0.992
366.25     0.992
366.5     0.992
366.75     0.992
367.0     0.992
367.25     0.992
367.5     0.992
367.75     0.99
368.0     0.99
368.25     0.99
368.5     0.99
368.75     0.99
369.0     0.99
369.25     0.99
369.5     0.99
369.75     0.99
370.0     0.99
370.25     0.99
370.5     0.99
370.75     0.99
371.0     0.99
371.25     0.99
371.5     0.99
371.75     0.99
372.0     0.99
372.25     0.99
372.5     0.99
372.75     0.99
373.0     0.99
373.25     0.99
373.5     0.99
373.75     0.99
374.0     0.99
374.25     0.99
374.5     0.99
374.75     0.99
375.0     0.99
375.25     0.99
375.5     0.99
375.75     0.99
376.0     0.99
376.25     0.99
376.5     0.99
376.75     0.99
377.0     0.99
377.25     0.99
377.5     0.99
377.75     0.99
378.0     0.99
378.25     0.99
378.5     0.99
378.75     0.99
379.0     0.99
379.25     0.99
379.5     0.99
379.75     0.99
380.0     0.99
380.25     0.99
380.5     0.99
380.75     0.99
381.0     0.99
381.25     0.99
381.5     0.99
381.75     0.99
382.0     0.99
382.25     0.99
382.5     0.99
382.75     0.99
383.0     0.99
383.25     0.99
383.5     0.99
383.75     0.99
384.0     0.99
384.25     0.99
384.5     0.99
384.75     0.99
385.0     0.99
385.25     0.99
385.5     0.99
385.75     0.99
386.0     0.99
386.25     0.99
386.5     0.99
386.75     0.99
387.0     0.99
387.25     0.99
387.5     0.99
387.75     0.99
388.0     0.99
388.25     0.99
388.5     0.99
388.75     0.99
389.0     0.99
389.25     0.99
389.5     0.99
389.75     0.99
390.0     0.99
390.25     0.99
390.5     0.99
390.75     0.99
391.0     0.99
391.25     0.99
391.5     0.99
391.75     0.99
392.0     0.99
392.25     0.99
392.5     0.99
392.75     0.99
393.0     0.99
393.25     0.99
393.5     0.99
393.75     0.99
394.0     0.99
394.25     0.99
394.5     0.99
394.75     0.99
395.0     0.99
395.25     0.99
395.5     0.99
395.75     0.99
396.0     0.99
396.25     0.99
396.5     0.99
396.75     0.99
397.0     0.99
397.25     0.99
397.5     0.99
397.75     0.99
398.0     0.99
398.25     0.99
398.5     0.99
398.75     0.99
399.0     0.99
399.25     0.99
399.5     0.99
399.75     0.99
400.0     0.99
400.25     0.99
400.5     0.99
400.75     0.99
401.0     0.99
401.25     0.99
401.5     0.99
401.75     0.99
402.0     0.99
402.25     0.99
402.5     0.99
402.75     0.99
403.0     0.99
403.25     0.99
403.5     0.99
403.75     0.99
404.0     0.99
404.25     0.99
404.5     0.99
404.75     0.99
405.0     0.99
405.25     0.99
405.5     0.99
405.75     0.99
406.0     0.99
406.25     0.99
406.5     0.99
406.75     0.99
407.0     0.99
407.25     0.99
407.5     0.99
407.75     0.99
408.0     0.99
408.25     0.99
408.5     0.99
408.75     0.99
409.0     0.99
409.25     0.99
409.5     0.99
409.75     0.99
410.0     0.99
410.25     0.99
410.5     0.99
410.75     0.99
411.0     0.99
411.25     0.99
411.5     0.99
411.75     0.99
412.0     0.99
412.25     0.99
412.5     0.99
412.75     0.99
413.0     0.99
413.25     0.99
413.5     0.99
413.75     0.99
414.0     0.99
414.25     0.99
414.5     0.99
414.75     0.99
415.0     0.99
415.25     0.99
415.5     0.99
415.75     0.99
416.0     0.99
416.25     0.99
416.5     0.99
416.75     0.99
417.0     0.99
417.25     0.99
417.5     0.99
417.75     0.99
418.0     0.99
418.25     0.99
418.5     0.99
418.75     0.99
419.0     0.99
419.25     0.99
419.5     0.99
419.75     0.99
420.0     0.99
420.25     0.99
420.5     0.99
420.75     0.99
421.0     0.99
421.25     0.99
421.5     0.99
421.75     0.99
422.0     0.99
422.25     0.99
422.5     0.99
422.75     0.99
423.0     0.99
423.25     0.99
423.5     0.99
423.75     0.99
424.0     0.99
424.25     0.99
424.5     0.99
424.75     0.99
425.0     0.99
425.25     0.99
425.5     0.99
425.75     0.99
426.0     0.99
426.25     0.99
426.5     0.99
426.75     0.99
427.0     0.99
427.25     0.99
427.5     0.99
427.75     0.99
428.0     0.99
428.25     0.99
428.5     0.99
428.75     0.99
429.0     0.99
429.25     0.99
429.5     0.99
429.75     0.99
430.0     0.99
430.25     0.99
430.5     0.99
430.75     0.99
431.0     0.99
431.25     0.99
431.5     0.99
431.75     0.99
432.0     0.99
432.25     0.99
432.5     0.99
432.75     0.99
433.0     0.99
433.25     0.99
433.5     0.99
433.75     0.99
434.0     0.99
434.25     0.99
434.5     0.99
434.75     0.992
435.0     0.99
435.25     0.992
435.5     0.992
435.75     0.992
436.0     0.992
436.25     0.992
436.5     0.992
436.75     0.992
437.0     0.992
437.25     0.992
437.5     0.992
437.75     0.992
438.0     0.992
438.25     0.992
438.5     0.992
438.75     0.992
439.0     0.992
439.25     0.992
439.5     0.992
439.75     0.992
440.0     0.992
440.25     0.992
440.5     0.992
440.75     0.992
441.0     0.992
441.25     0.992
441.5     0.992
441.75     0.992
442.0     0.992
442.25     0.992
442.5     0.992
442.75     0.99
443.0     0.99
443.25     0.99
443.5     0.99
443.75     0.99
444.0     0.99
444.25     0.99
444.5     0.99
444.75     0.99
445.0     0.99
445.25     0.99
445.5     0.99
445.75     0.99
446.0     0.99
446.25     0.99
446.5     0.99
446.75     0.99
447.0     0.99
447.25     0.99
447.5     0.99
447.75     0.99
448.0     0.99
448.25     0.99
448.5     0.99
448.75     0.99
449.0     0.99
449.25     0.99
449.5     0.99
449.75     0.99
450.0     0.99
450.25     0.99
450.5     0.99
450.75     0.99
451.0     0.99
451.25     0.99
451.5     0.99
451.75     0.99
452.0     0.99
452.25     0.99
452.5     0.99
452.75     0.99
453.0     0.99
453.25     0.99
453.5     0.99
453.75     0.99
454.0     0.99
454.25     0.99
454.5     0.99
454.75     0.99
455.0     0.99
455.25     0.99
455.5     0.99
455.75     0.99
456.0     0.99
456.25     0.99
456.5     0.99
456.75     0.99
457.0     0.99
457.25     0.99
457.5     0.99
457.75     0.99
458.0     0.99
458.25     0.99
458.5     0.99
458.75     0.99
459.0     0.99
459.25     0.99
459.5     0.99
459.75     0.988
460.0     0.988
460.25     0.988
460.5     0.99
460.75     0.99
461.0     0.988
461.25     0.988
461.5     0.988
461.75     0.988
462.0     0.988
462.25     0.988
462.5     0.988
462.75     0.988
463.0     0.988
463.25     0.988
463.5     0.988
463.75     0.988
464.0     0.988
464.25     0.988
464.5     0.988
464.75     0.988
465.0     0.988
465.25     0.988
465.5     0.988
465.75     0.988
466.0     0.988
466.25     0.988
466.5     0.988
466.75     0.988
467.0     0.988
467.25     0.988
467.5     0.988
467.75     0.988
468.0     0.988
468.25     0.988
468.5     0.988
468.75     0.988
469.0     0.988
469.25     0.988
469.5     0.988
469.75     0.988
470.0     0.988
470.25     0.988
470.5     0.988
470.75     0.988
471.0     0.988
471.25     0.988
471.5     0.988
471.75     0.988
472.0     0.988
472.25     0.988
472.5     0.988
472.75     0.988
473.0     0.988
473.25     0.988
473.5     0.988
473.75     0.988
474.0     0.988
474.25     0.988
474.5     0.988
474.75     0.988
475.0     0.988
475.25     0.988
475.5     0.988
475.75     0.988
476.0     0.988
476.25     0.988
476.5     0.988
476.75     0.988
477.0     0.988
477.25     0.988
477.5     0.988
477.75     0.988
478.0     0.988
478.25     0.988
478.5     0.988
478.75     0.988
479.0     0.988
479.25     0.988
479.5     0.988
479.75     0.988
480.0     0.988
480.25     0.99
480.5     0.99
480.75     0.99
481.0     0.99
481.25     0.99
481.5     0.99
481.75     0.992
482.0     0.992
482.25     0.992
482.5     0.992
482.75     0.992
483.0     0.992
483.25     0.992
483.5     0.992
483.75     0.992
484.0     0.992
484.25     0.992
484.5     0.992
484.75     0.992
485.0     0.992
485.25     0.992
485.5     0.992
485.75     0.992
486.0     0.992
486.25     0.992
486.5     0.992
486.75     0.992
487.0     0.992
487.25     0.992
487.5     0.992
487.75     0.992
488.0     0.992
488.25     0.992
488.5     0.992
488.75     0.992
489.0     0.992
489.25     0.992
489.5     0.992
489.75     0.992
490.0     0.992
490.25     0.992
490.5     0.992
490.75     0.992
491.0     0.992
491.25     0.992
491.5     0.992
491.75     0.992
492.0     0.992
492.25     0.992
492.5     0.992
492.75     0.992
493.0     0.992
493.25     0.992
493.5     0.992
493.75     0.992
494.0     0.992
494.25     0.992
494.5     0.992
494.75     0.992
495.0     0.992
495.25     0.992
495.5     0.992
495.75     0.992
496.0     0.992
496.25     0.992
496.5     0.992
496.75     0.992
497.0     0.992
497.25     0.992
497.5     0.992
497.75     0.992
498.0     0.992
498.25     0.992
498.5     0.992
498.75     0.992
499.0     0.992
499.25     0.992
499.5     0.992
499.75     0.992
500.0     0.992
500.25     0.992
500.5     0.992
500.75     0.992
501.0     0.992
501.25     0.992
501.5     0.992
501.75     0.992
502.0     0.992
502.25     0.992
502.5     0.992
502.75     0.992
503.0     0.992
503.25     0.992
503.5     0.992
503.75     0.992
504.0     0.992
504.25     0.992
504.5     0.992
504.75     0.992
505.0     0.992
505.25     0.992
505.5     0.992
505.75     0.992
506.0     0.992
506.25     0.992
506.5     0.992
506.75     0.992
507.0     0.992
507.25     0.992
507.5     0.992
507.75     0.992
508.0     0.992
508.25     0.992
508.5     0.992
508.75     0.992
509.0     0.992
509.25     0.992
509.5     0.992
509.75     0.992
510.0     0.992
510.25     0.992
510.5     0.992
510.75     0.992
511.0     0.992
511.25     0.992
511.5     0.992
511.75     0.992
512.0     0.992
512.25     0.992
512.5     0.992
512.75     0.992
513.0     0.992
513.25     0.992
513.5     0.992
513.75     0.992
514.0     0.992
514.25     0.992
514.5     0.992
514.75     0.992
515.0     0.992
515.25     0.992
515.5     0.992
515.75     0.992
516.0     0.992
516.25     0.992
516.5     0.992
516.75     0.992
517.0     0.992
517.25     0.992
517.5     0.992
517.75     0.992
518.0     0.992
518.25     0.992
518.5     0.992
518.75     0.992
519.0     0.992
519.25     0.992
519.5     0.992
519.75     0.992
520.0     0.992
520.25     0.992
520.5     0.992
520.75     0.992
521.0     0.992
521.25     0.992
521.5     0.992
521.75     0.992
522.0     0.992
522.25     0.992
522.5     0.992
522.75     0.992
523.0     0.992
523.25     0.992
523.5     0.992
523.75     0.992
524.0     0.992
524.25     0.992
524.5     0.992
524.75     0.992
525.0     0.992
525.25     0.992
525.5     0.992
525.75     0.992
526.0     0.992
526.25     0.992
526.5     0.992
526.75     0.992
527.0     0.992
527.25     0.992
527.5     0.992
527.75     0.992
528.0     0.992
528.25     0.992
528.5     0.992
528.75     0.992
529.0     0.992
529.25     0.992
529.5     0.992
529.75     0.992
530.0     0.992
530.25     0.992
530.5     0.992
530.75     0.992
531.0     0.992
531.25     0.992
531.5     0.992
531.75     0.992
532.0     0.992
532.25     0.992
532.5     0.992
532.75     0.992
533.0     0.992
533.25     0.992
533.5     0.992
533.75     0.992
534.0     0.992
534.25     0.992
534.5     0.992
534.75     0.992
535.0     0.992
535.25     0.992
535.5     0.992
535.75     0.992
536.0     0.992
536.25     0.992
536.5     0.992
536.75     0.992
537.0     0.992
537.25     0.992
537.5     0.992
537.75     0.992
538.0     0.992
538.25     0.992
538.5     0.992
538.75     0.992
539.0     0.992
539.25     0.992
539.5     0.992
539.75     0.992
540.0     0.992
540.25     0.992
540.5     0.992
540.75     0.992
541.0     0.992
541.25     0.992
541.5     0.992
541.75     0.992
542.0     0.992
542.25     0.992
542.5     0.992
542.75     0.992
543.0     0.992
543.25     0.992
543.5     0.992
543.75     0.992
544.0     0.992
544.25     0.992
544.5     0.992
544.75     0.992
545.0     0.992
545.25     0.992
545.5     0.992
545.75     0.992
546.0     0.992
546.25     0.992
546.5     0.992
546.75     0.992
547.0     0.992
547.25     0.992
547.5     0.992
547.75     0.992
548.0     0.992
548.25     0.992
548.5     0.992
548.75     0.992
549.0     0.992
549.25     0.992
549.5     0.992
549.75     0.992
550.0     0.992
550.25     0.992
550.5     0.992
550.75     0.992
551.0     0.992
551.25     0.992
551.5     0.992
551.75     0.992
552.0     0.992
552.25     0.992
552.5     0.992
552.75     0.992
553.0     0.99
553.25     0.99
553.5     0.99
553.75     0.99
554.0     0.99
554.25     0.99
554.5     0.99
554.75     0.99
555.0     0.99
555.25     0.99
555.5     0.99
555.75     0.99
556.0     0.99
556.25     0.99
556.5     0.99
556.75     0.99
557.0     0.99
557.25     0.99
557.5     0.99
557.75     0.99
558.0     0.99
558.25     0.99
558.5     0.99
558.75     0.99
559.0     0.99
559.25     0.99
559.5     0.99
559.75     0.99
560.0     0.99
560.25     0.99
560.5     0.99
560.75     0.99
561.0     0.99
561.25     0.99
561.5     0.99
561.75     0.99
562.0     0.99
562.25     0.99
562.5     0.99
562.75     0.99
563.0     0.992
563.25     0.992
563.5     0.992
563.75     0.992
564.0     0.992
564.25     0.992
564.5     0.992
564.75     0.992
565.0     0.992
565.25     0.992
565.5     0.992
565.75     0.992
566.0     0.992
566.25     0.992
566.5     0.992
566.75     0.992
567.0     0.992
567.25     0.992
567.5     0.992
567.75     0.992
568.0     0.992
568.25     0.992
568.5     0.992
568.75     0.994
569.0     0.994
569.25     0.994
569.5     0.994
569.75     0.994
570.0     0.994
570.25     0.994
570.5     0.994
570.75     0.994
571.0     0.994
571.25     0.994
571.5     0.994
571.75     0.994
572.0     0.994
572.25     0.994
572.5     0.994
572.75     0.994
573.0     0.994
573.25     0.994
573.5     0.994
573.75     0.994
574.0     0.994
574.25     0.994
574.5     0.994
574.75     0.994
575.0     0.994
575.25     0.994
575.5     0.994
575.75     0.994
576.0     0.994
576.25     0.994
576.5     0.994
576.75     0.994
577.0     0.994
577.25     0.994
577.5     0.994
577.75     0.994
578.0     0.994
578.25     0.994
578.5     0.994
578.75     0.994
579.0     0.994
579.25     0.994
579.5     0.994
579.75     0.994
580.0     0.994
580.25     0.994
580.5     0.994
580.75     0.994
581.0     0.992
581.25     0.992
581.5     0.992
581.75     0.992
582.0     0.992
582.25     0.992
582.5     0.992
582.75     0.992
583.0     0.99
583.25     0.99
583.5     0.99
583.75     0.99
584.0     0.99
584.25     0.99
584.5     0.99
584.75     0.99
585.0     0.99
585.25     0.99
585.5     0.99
585.75     0.99
586.0     0.99
586.25     0.99
586.5     0.99
586.75     0.99
587.0     0.99
587.25     0.99
587.5     0.99
587.75     0.99
588.0     0.99
588.25     0.99
588.5     0.99
588.75     0.99
589.0     0.99
589.25     0.99
589.5     0.99
589.75     0.99
590.0     0.99
590.25     0.99
590.5     0.99
590.75     0.99
591.0     0.99
591.25     0.99
591.5     0.99
591.75     0.99
592.0     0.99
592.25     0.99
592.5     0.99
592.75     0.992
593.0     0.992
593.25     0.992
593.5     0.992
593.75     0.992
594.0     0.992
594.25     0.992
594.5     0.992
594.75     0.992
595.0     0.99
595.25     0.99
595.5     0.99
595.75     0.99
596.0     0.99
596.25     0.99
596.5     0.99
596.75     0.99
597.0     0.99
597.25     0.99
597.5     0.99
597.75     0.99
598.0     0.99
598.25     0.99
598.5     0.99
598.75     0.99
599.0     0.99
599.25     0.99
599.5     0.99
599.75     0.99
600.0     0.99
600.25     0.99
600.5     0.99
600.75     0.99
601.0     0.99
601.25     0.99
601.5     0.99
601.75     0.99
602.0     0.99
602.25     0.99
602.5     0.99
602.75     0.99
603.0     0.99
603.25     0.99
603.5     0.99
603.75     0.99
604.0     0.99
604.25     0.99
604.5     0.99
604.75     0.99
605.0     0.99
605.25     0.99
605.5     0.99
605.75     0.99
606.0     0.99
606.25     0.99
606.5     0.99
606.75     0.99
607.0     0.99
607.25     0.99
607.5     0.99
607.75     0.99
608.0     0.99
608.25     0.99
608.5     0.99
608.75     0.99
609.0     0.99
609.25     0.99
609.5     0.99
609.75     0.99
610.0     0.99
610.25     0.99
610.5     0.99
610.75     0.99
611.0     0.99
611.25     0.99
611.5     0.99
611.75     0.99
612.0     0.99
612.25     0.99
612.5     0.99
612.75     0.99
613.0     0.99
613.25     0.99
613.5     0.99
613.75     0.99
614.0     0.99
614.25     0.99
614.5     0.99
614.75     0.99
615.0     0.99
615.25     0.99
615.5     0.992
615.75     0.992
616.0     0.992
616.25     0.992
616.5     0.992
616.75     0.992
617.0     0.992
617.25     0.992
617.5     0.992
617.75     0.992
618.0     0.992
618.25     0.992
618.5     0.992
618.75     0.992
619.0     0.992
619.25     0.99
619.5     0.99
619.75     0.99
620.0     0.992
620.25     0.992
620.5     0.992
620.75     0.992
621.0     0.992
621.25     0.992
621.5     0.992
621.75     0.992
622.0     0.992
622.25     0.992
622.5     0.992
622.75     0.992
623.0     0.992
623.25     0.992
623.5     0.992
623.75     0.992
624.0     0.992
624.25     0.992
624.5     0.992
624.75     0.992
625.0     0.992
625.25     0.992
625.5     0.992
625.75     0.992
626.0     0.992
626.25     0.992
626.5     0.992
626.75     0.992
627.0     0.992
627.25     0.992
627.5     0.992
627.75     0.992
628.0     0.992
628.25     0.992
628.5     0.992
628.75     0.992
629.0     0.992
629.25     0.992
629.5     0.992
629.75     0.992
630.0     0.992
630.25     0.992
630.5     0.992
630.75     0.992
631.0     0.992
631.25     0.992
631.5     0.992
631.75     0.992
632.0     0.992
632.25     0.992
632.5     0.992
632.75     0.992
633.0     0.992
633.25     0.992
633.5     0.992
633.75     0.992
634.0     0.992
634.25     0.992
634.5     0.992
634.75     0.99
635.0     0.99
635.25     0.992
635.5     0.99
635.75     0.99
636.0     0.99
636.25     0.988
636.5     0.988
636.75     0.988
637.0     0.988
637.25     0.988
637.5     0.988
637.75     0.988
638.0     0.988
638.25     0.986
638.5     0.988
638.75     0.988
639.0     0.988
639.25     0.988
639.5     0.988
639.75     0.988
640.0     0.988
640.25     0.988
640.5     0.988
640.75     0.988
641.0     0.988
641.25     0.988
641.5     0.988
641.75     0.988
642.0     0.988
642.25     0.99
642.5     0.99
642.75     0.99
643.0     0.99
643.25     0.99
643.5     0.99
643.75     0.99
644.0     0.99
644.25     0.99
644.5     0.99
644.75     0.99
645.0     0.99
645.25     0.99
645.5     0.99
645.75     0.99
646.0     0.99
646.25     0.99
646.5     0.99
646.75     0.99
647.0     0.99
647.25     0.99
647.5     0.99
647.75     0.99
648.0     0.99
648.25     0.99
648.5     0.99
648.75     0.99
649.0     0.99
649.25     0.99
649.5     0.99
649.75     0.99
650.0     0.99
650.25     0.99
650.5     0.99
650.75     0.99
651.0     0.99
651.25     0.99
651.5     0.99
651.75     0.99
652.0     0.99
652.25     0.99
652.5     0.99
652.75     0.99
653.0     0.99
653.25     0.99
653.5     0.99
653.75     0.99
654.0     0.99
654.25     0.99
654.5     0.99
654.75     0.99
655.0     0.99
655.25     0.99
655.5     0.99
655.75     0.99
656.0     0.99
656.25     0.99
656.5     0.99
656.75     0.99
657.0     0.992
657.25     0.992
657.5     0.992
657.75     0.992
658.0     0.992
658.25     0.992
658.5     0.992
658.75     0.992
659.0     0.992
659.25     0.992
659.5     0.992
659.75     0.992
660.0     0.992
660.25     0.992
660.5     0.992
660.75     0.992
661.0     0.992
661.25     0.992
661.5     0.992
661.75     0.992
662.0     0.992
662.25     0.992
662.5     0.992
662.75     0.992
663.0     0.992
663.25     0.992
663.5     0.992
663.75     0.992
664.0     0.992
664.25     0.992
664.5     0.992
664.75     0.992
665.0     0.992
665.25     0.992
665.5     0.992
665.75     0.992
666.0     0.992
666.25     0.992
666.5     0.992
666.75     0.992
667.0     0.992
667.25     0.992
667.5     0.992
667.75     0.992
668.0     0.992
668.25     0.992
668.5     0.992
668.75     0.992
669.0     0.992
669.25     0.992
669.5     0.992
669.75     0.992
670.0     0.992
670.25     0.992
670.5     0.992
670.75     0.992
671.0     0.992
671.25     0.992
671.5     0.994
671.75     0.994
672.0     0.994
672.25     0.994
672.5     0.994
672.75     0.994
673.0     0.994
673.25     0.994
673.5     0.994
673.75     0.994
674.0     0.994
674.25     0.994
674.5     0.994
674.75     0.994
675.0     0.994
675.25     0.994
675.5     0.994
675.75     0.994
676.0     0.994
676.25     0.994
676.5     0.994
676.75     0.994
677.0     0.994
677.25     0.994
677.5     0.994
677.75     0.994
678.0     0.994
678.25     0.994
678.5     0.994
678.75     0.994
679.0     0.994
679.25     0.994
679.5     0.994
679.75     0.994
680.0     0.994
680.25     0.994
680.5     0.994
680.75     0.994
681.0     0.994
681.25     0.994
681.5     0.994
681.75     0.994
682.0     0.994
682.25     0.994
682.5     0.994
682.75     0.994
683.0     0.994
683.25     0.994
683.5     0.994
683.75     0.994
684.0     0.994
684.25     0.994
684.5     0.994
684.75     0.994
685.0     0.994
685.25     0.994
685.5     0.994
685.75     0.994
686.0     0.994
686.25     0.992
686.5     0.992
686.75     0.992
687.0     0.992
687.25     0.992
687.5     0.992
687.75     0.992
688.0     0.992
688.25     0.992
688.5     0.992
688.75     0.992
689.0     0.992
689.25     0.992
689.5     0.992
689.75     0.992
690.0     0.992
690.25     0.992
690.5     0.992
690.75     0.992
691.0     0.992
691.25     0.992
691.5     0.992
691.75     0.992
692.0     0.992
692.25     0.994
692.5     0.994
692.75     0.994
693.0     0.994
693.25     0.994
693.5     0.994
693.75     0.994
694.0     0.994
694.25     0.994
694.5     0.994
694.75     0.994
695.0     0.994
695.25     0.994
695.5     0.994
695.75     0.994
696.0     0.994
696.25     0.994
696.5     0.994
696.75     0.994
697.0     0.994
697.25     0.994
697.5     0.994
697.75     0.994
698.0     0.994
698.25     0.994
698.5     0.994
698.75     0.994
699.0     0.994
699.25     0.994
699.5     0.994
699.75     0.994
700.0     0.994
700.25     0.994
700.5     0.994
700.75     0.994
701.0     0.994
701.25     0.994
701.5     0.994
701.75     0.994
702.0     0.994
702.25     0.994
702.5     0.994
702.75     0.994
703.0     0.994
703.25     0.994
703.5     0.994
703.75     0.994
704.0     0.994
704.25     0.994
704.5     0.994
704.75     0.994
705.0     0.994
705.25     0.994
705.5     0.994
705.75     0.994
706.0     0.994
706.25     0.994
706.5     0.994
706.75     0.994
707.0     0.994
707.25     0.994
707.5     0.994
707.75     0.994
708.0     0.994
708.25     0.994
708.5     0.994
708.75     0.994
709.0     0.994
709.25     0.994
709.5     0.994
709.75     0.994
710.0     0.994
710.25     0.994
710.5     0.994
710.75     0.994
711.0     0.994
711.25     0.994
711.5     0.994
711.75     0.994
712.0     0.994
712.25     0.994
712.5     0.994
712.75     0.994
713.0     0.994
713.25     0.994
713.5     0.994
713.75     0.994
714.0     0.994
714.25     0.994
714.5     0.994
714.75     0.994
715.0     0.994
715.25     0.994
715.5     0.994
715.75     0.994
716.0     0.994
716.25     0.994
716.5     0.994
716.75     0.994
717.0     0.994
717.25     0.994
717.5     0.994
717.75     0.994
718.0     0.994
718.25     0.994
718.5     0.994
718.75     0.994
719.0     0.992
719.25     0.992
719.5     0.992
719.75     0.992
720.0     0.992
720.25     0.992
720.5     0.992
720.75     0.992
721.0     0.992
721.25     0.992
721.5     0.992
721.75     0.992
722.0     0.992
722.25     0.992
722.5     0.992
722.75     0.992
723.0     0.992
723.25     0.992
723.5     0.992
723.75     0.992
724.0     0.992
724.25     0.992
724.5     0.992
724.75     0.992
725.0     0.992
725.25     0.992
725.5     0.992
725.75     0.992
726.0     0.992
726.25     0.992
726.5     0.992
726.75     0.992
727.0     0.992
727.25     0.992
727.5     0.992
727.75     0.992
728.0     0.992
728.25     0.992
728.5     0.992
728.75     0.992
729.0     0.992
729.25     0.992
729.5     0.992
729.75     0.992
730.0     0.992
730.25     0.992
730.5     0.992
730.75     0.992
731.0     0.992
731.25     0.992
731.5     0.992
731.75     0.992
732.0     0.992
732.25     0.992
732.5     0.992
732.75     0.992
733.0     0.992
733.25     0.992
733.5     0.992
733.75     0.992
734.0     0.992
734.25     0.992
734.5     0.992
734.75     0.992
735.0     0.992
735.25     0.992
735.5     0.992
735.75     0.992
736.0     0.992
736.25     0.992
736.5     0.992
736.75     0.992
737.0     0.992
737.25     0.992
737.5     0.992
737.75     0.992
738.0     0.992
738.25     0.992
738.5     0.992
738.75     0.992
739.0     0.992
739.25     0.992
739.5     0.992
739.75     0.992
740.0     0.992
740.25     0.992
740.5     0.992
740.75     0.992
741.0     0.992
741.25     0.992
741.5     0.992
741.75     0.992
742.0     0.992
742.25     0.992
742.5     0.992
742.75     0.992
743.0     0.992
743.25     0.992
743.5     0.992
743.75     0.992
744.0     0.992
744.25     0.992
744.5     0.992
744.75     0.992
745.0     0.992
745.25     0.992
745.5     0.99
745.75     0.99
746.0     0.99
746.25     0.99
746.5     0.99
746.75     0.99
747.0     0.99
747.25     0.99
747.5     0.99
747.75     0.99
748.0     0.99
748.25     0.99
748.5     0.99
748.75     0.99
749.0     0.99
749.25     0.99
749.5     0.99
749.75     0.99
750.0     0.99
750.25     0.99
750.5     0.99
750.75     0.99
751.0     0.99
751.25     0.99
751.5     0.99
751.75     0.99
752.0     0.99
752.25     0.99
752.5     0.99
752.75     0.99
753.0     0.99
753.25     0.99
753.5     0.99
753.75     0.99
754.0     0.99
754.25     0.99
754.5     0.992
754.75     0.992
755.0     0.992
755.25     0.992
755.5     0.992
755.75     0.992
756.0     0.992
756.25     0.992
756.5     0.992
756.75     0.992
757.0     0.992
757.25     0.992
757.5     0.992
757.75     0.992
758.0     0.992
758.25     0.992
758.5     0.992
758.75     0.992
759.0     0.992
759.25     0.992
759.5     0.992
759.75     0.992
760.0     0.992
760.25     0.992
760.5     0.992
760.75     0.992
761.0     0.992
761.25     0.992
761.5     0.992
761.75     0.992
762.0     0.992
762.25     0.992
762.5     0.992
762.75     0.992
763.0     0.992
763.25     0.992
763.5     0.992
763.75     0.992
764.0     0.992
764.25     0.992
764.5     0.992
764.75     0.992
765.0     0.994
765.25     0.994
765.5     0.994
765.75     0.994
766.0     0.994
766.25     0.994
766.5     0.994
766.75     0.994
767.0     0.994
767.25     0.994
767.5     0.994
767.75     0.994
768.0     0.994
768.25     0.994
768.5     0.994
768.75     0.994
769.0     0.994
769.25     0.994
769.5     0.994
769.75     0.994
770.0     0.994
770.25     0.994
770.5     0.994
770.75     0.994
771.0     0.994
771.25     0.994
771.5     0.994
771.75     0.994
772.0     0.994
772.25     0.994
772.5     0.994
772.75     0.994
773.0     0.994
773.25     0.994
773.5     0.994
773.75     0.994
774.0     0.994
774.25     0.994
774.5     0.994
774.75     0.994
775.0     0.994
775.25     0.994
775.5     0.992
775.75     0.992
776.0     0.992
776.25     0.992
776.5     0.992
776.75     0.992
777.0     0.992
777.25     0.992
777.5     0.994
777.75     0.994
778.0     0.994
778.25     0.994
778.5     0.994
778.75     0.994
779.0     0.994
779.25     0.994
779.5     0.994
779.75     0.994
780.0     0.994
780.25     0.994
780.5     0.994
780.75     0.994
781.0     0.994
781.25     0.994
781.5     0.994
781.75     0.994
782.0     0.994
782.25     0.994
782.5     0.994
782.75     0.994
783.0     0.994
783.25     0.994
783.5     0.994
783.75     0.994
784.0     0.994
784.25     0.994
784.5     0.994
784.75     0.994
785.0     0.994
785.25     0.994
785.5     0.994
785.75     0.994
786.0     0.994
786.25     0.994
786.5     0.994
786.75     0.994
787.0     0.994
787.25     0.994
787.5     0.994
787.75     0.994
788.0     0.994
788.25     0.994
788.5     0.994
788.75     0.994
789.0     0.994
789.25     0.994
789.5     0.994
789.75     0.994
790.0     0.994
790.25     0.994
790.5     0.994
790.75     0.994
791.0     0.994
791.25     0.994
791.5     0.994
791.75     0.994
792.0     0.994
792.25     0.994
792.5     0.994
792.75     0.994
793.0     0.994
793.25     0.994
793.5     0.994
793.75     0.994
794.0     0.994
794.25     0.994
794.5     0.994
794.75     0.994
795.0     0.994
795.25     0.994
795.5     0.994
795.75     0.994
796.0     0.994
796.25     0.994
796.5     0.994
796.75     0.994
797.0     0.994
797.25     0.994
797.5     0.994
797.75     0.994
798.0     0.994
798.25     0.994
798.5     0.994
798.75     0.992
799.0     0.992
799.25     0.992
799.5     0.992
799.75     0.994
800.0     0.994
800.25     0.994
800.5     0.994
800.75     0.994
801.0     0.994
801.25     0.994
801.5     0.994
801.75     0.994
802.0     0.994
802.25     0.994
802.5     0.994
802.75     0.994
803.0     0.994
803.25     0.994
803.5     0.994
803.75     0.994
804.0     0.994
804.25     0.994
804.5     0.994
804.75     0.994
805.0     0.994
805.25     0.994
805.5     0.994
805.75     0.994
806.0     0.994
806.25     0.994
806.5     0.994
806.75     0.994
807.0     0.994
807.25     0.994
807.5     0.994
807.75     0.994
808.0     0.994
808.25     0.994
808.5     0.992
808.75     0.992
809.0     0.992
809.25     0.992
809.5     0.992
809.75     0.992
810.0     0.992
810.25     0.992
810.5     0.992
810.75     0.992
811.0     0.992
811.25     0.992
811.5     0.992
811.75     0.992
812.0     0.992
812.25     0.992
812.5     0.992
812.75     0.992
813.0     0.992
813.25     0.992
813.5     0.992
813.75     0.992
814.0     0.992
814.25     0.994
814.5     0.994
814.75     0.994
815.0     0.994
815.25     0.994
815.5     0.994
815.75     0.994
816.0     0.994
816.25     0.994
816.5     0.994
816.75     0.994
817.0     0.994
817.25     0.994
817.5     0.994
817.75     0.994
818.0     0.994
818.25     0.994
818.5     0.994
818.75     0.994
819.0     0.994
819.25     0.994
819.5     0.994
819.75     0.994
820.0     0.994
820.25     0.994
820.5     0.994
820.75     0.994
821.0     0.994
821.25     0.994
821.5     0.994
821.75     0.994
822.0     0.994
822.25     0.994
822.5     0.994
822.75     0.994
823.0     0.994
823.25     0.994
823.5     0.994
823.75     0.994
824.0     0.994
824.25     0.994
824.5     0.994
824.75     0.994
825.0     0.994
825.25     0.994
825.5     0.994
825.75     0.994
826.0     0.994
826.25     0.994
826.5     0.994
826.75     0.994
827.0     0.994
827.25     0.994
827.5     0.994
827.75     0.994
828.0     0.994
828.25     0.994
828.5     0.994
828.75     0.994
829.0     0.994
829.25     0.994
829.5     0.994
829.75     0.994
830.0     0.994
830.25     0.994
830.5     0.994
830.75     0.994
831.0     0.994
831.25     0.994
831.5     0.994
831.75     0.994
832.0     0.994
832.25     0.994
832.5     0.994
832.75     0.992
833.0     0.992
833.25     0.992
833.5     0.992
833.75     0.992
834.0     0.992
834.25     0.992
834.5     0.992
834.75     0.992
835.0     0.992
835.25     0.992
835.5     0.992
835.75     0.992
836.0     0.992
836.25     0.992
836.5     0.992
836.75     0.992
837.0     0.992
837.25     0.992
837.5     0.992
837.75     0.992
838.0     0.992
838.25     0.992
838.5     0.992
838.75     0.992
839.0     0.992
839.25     0.992
839.5     0.992
839.75     0.992
840.0     0.992
840.25     0.992
840.5     0.992
840.75     0.992
841.0     0.992
841.25     0.992
841.5     0.992
841.75     0.994
842.0     0.994
842.25     0.994
842.5     0.994
842.75     0.994
843.0     0.994
843.25     0.994
843.5     0.994
843.75     0.994
844.0     0.994
844.25     0.994
844.5     0.994
844.75     0.994
845.0     0.994
845.25     0.994
845.5     0.994
845.75     0.994
846.0     0.994
846.25     0.994
846.5     0.994
846.75     0.994
847.0     0.994
847.25     0.994
847.5     0.994
847.75     0.994
848.0     0.994
848.25     0.994
848.5     0.994
848.75     0.994
849.0     0.994
849.25     0.994
849.5     0.994
849.75     0.994
850.0     0.994
850.25     0.994
850.5     0.994
850.75     0.994
851.0     0.994
851.25     0.994
851.5     0.994
851.75     0.992
852.0     0.992
852.25     0.992
852.5     0.992
852.75     0.992
853.0     0.992
853.25     0.992
853.5     0.992
853.75     0.992
854.0     0.992
854.25     0.992
854.5     0.992
854.75     0.994
855.0     0.994
855.25     0.994
855.5     0.994
855.75     0.994
856.0     0.994
856.25     0.994
856.5     0.994
856.75     0.994
857.0     0.994
857.25     0.994
857.5     0.994
857.75     0.994
858.0     0.994
858.25     0.994
858.5     0.994
858.75     0.994
859.0     0.994
859.25     0.994
859.5     0.994
859.75     0.994
860.0     0.994
860.25     0.994
860.5     0.994
860.75     0.994
861.0     0.994
861.25     0.994
861.5     0.994
861.75     0.994
862.0     0.994
862.25     0.994
862.5     0.994
862.75     0.994
863.0     0.994
863.25     0.994
863.5     0.994
863.75     0.994
864.0     0.994
864.25     0.994
864.5     0.994
864.75     0.994
865.0     0.994
865.25     0.994
865.5     0.994
865.75     0.994
866.0     0.994
866.25     0.994
866.5     0.994
866.75     0.994
867.0     0.994
867.25     0.994
867.5     0.994
867.75     0.994
868.0     0.994
868.25     0.994
868.5     0.994
868.75     0.994
869.0     0.994
869.25     0.994
869.5     0.994
869.75     0.994
870.0     0.994
870.25     0.994
870.5     0.994
870.75     0.994
871.0     0.994
871.25     0.994
871.5     0.994
871.75     0.994
872.0     0.994
872.25     0.994
872.5     0.994
872.75     0.994
873.0     0.994
873.25     0.994
873.5     0.994
873.75     0.994
874.0     0.994
874.25     0.994
874.5     0.994
874.75     0.994
875.0     0.994
875.25     0.994
875.5     0.994
875.75     0.994
876.0     0.994
876.25     0.994
876.5     0.994
876.75     0.994
877.0     0.994
877.25     0.994
877.5     0.994
877.75     0.994
878.0     0.994
878.25     0.994
878.5     0.994
878.75     0.994
879.0     0.994
879.25     0.994
879.5     0.994
879.75     0.994
880.0     0.994
880.25     0.994
880.5     0.994
880.75     0.994
881.0     0.994
881.25     0.994
881.5     0.994
881.75     0.994
882.0     0.994
882.25     0.994
882.5     0.994
882.75     0.994
883.0     0.994
883.25     0.994
883.5     0.994
883.75     0.994
884.0     0.992
884.25     0.992
884.5     0.992
884.75     0.992
885.0     0.992
885.25     0.992
885.5     0.992
885.75     0.992
886.0     0.992
886.25     0.992
886.5     0.992
886.75     0.992
887.0     0.992
887.25     0.992
887.5     0.992
887.75     0.992
888.0     0.992
888.25     0.992
888.5     0.992
888.75     0.992
889.0     0.992
889.25     0.992
889.5     0.992
889.75     0.992
890.0     0.992
890.25     0.992
890.5     0.992
890.75     0.992
891.0     0.992
891.25     0.992
891.5     0.992
891.75     0.992
892.0     0.992
892.25     0.992
892.5     0.992
892.75     0.992
893.0     0.992
893.25     0.992
893.5     0.992
893.75     0.992
894.0     0.992
894.25     0.99
894.5     0.99
894.75     0.99
895.0     0.99
895.25     0.99
895.5     0.99
895.75     0.99
896.0     0.99
896.25     0.99
896.5     0.99
896.75     0.99
897.0     0.992
897.25     0.992
897.5     0.992
897.75     0.994
898.0     0.994
898.25     0.994
898.5     0.994
898.75     0.994
899.0     0.994
899.25     0.994
899.5     0.994
899.75     0.994
900.0     0.994
900.25     0.994
900.5     0.994
900.75     0.994
901.0     0.994
901.25     0.994
901.5     0.994
901.75     0.994
902.0     0.994
902.25     0.994
902.5     0.994
902.75     0.994
903.0     0.994
903.25     0.994
903.5     0.994
903.75     0.994
904.0     0.994
904.25     0.994
904.5     0.994
904.75     0.994
905.0     0.994
905.25     0.994
905.5     0.994
905.75     0.994
906.0     0.994
906.25     0.994
906.5     0.994
906.75     0.994
907.0     0.994
907.25     0.994
907.5     0.994
907.75     0.994
908.0     0.994
908.25     0.994
908.5     0.994
908.75     0.994
909.0     0.994
909.25     0.994
909.5     0.994
909.75     0.994
910.0     0.994
910.25     0.994
910.5     0.994
910.75     0.994
911.0     0.992
911.25     0.992
911.5     0.992
911.75     0.992
912.0     0.992
912.25     0.992
912.5     0.992
912.75     0.992
913.0     0.992
913.25     0.992
913.5     0.994
913.75     0.994
914.0     0.992
914.25     0.992
914.5     0.994
914.75     0.994
915.0     0.994
915.25     0.994
915.5     0.994
915.75     0.994
916.0     0.994
916.25     0.994
916.5     0.994
916.75     0.994
917.0     0.994
917.25     0.994
917.5     0.994
917.75     0.994
918.0     0.994
918.25     0.994
918.5     0.994
918.75     0.994
919.0     0.994
919.25     0.994
919.5     0.994
919.75     0.994
920.0     0.994
920.25     0.994
920.5     0.994
920.75     0.994
921.0     0.994
921.25     0.994
921.5     0.994
921.75     0.994
922.0     0.994
922.25     0.994
922.5     0.994
922.75     0.994
923.0     0.994
923.25     0.994
923.5     0.994
923.75     0.994
924.0     0.994
924.25     0.994
924.5     0.994
924.75     0.994
925.0     0.994
925.25     0.994
925.5     0.994
925.75     0.994
926.0     0.994
926.25     0.994
926.5     0.994
926.75     0.994
927.0     0.994
927.25     0.994
927.5     0.994
927.75     0.994
928.0     0.994
928.25     0.994
928.5     0.994
928.75     0.994
929.0     0.994
929.25     0.994
929.5     0.994
929.75     0.994
930.0     0.994
930.25     0.994
930.5     0.994
930.75     0.994
931.0     0.994
931.25     0.994
931.5     0.994
931.75     0.994
932.0     0.994
932.25     0.994
932.5     0.994
932.75     0.994
933.0     0.994
933.25     0.994
933.5     0.994
933.75     0.994
934.0     0.994
934.25     0.994
934.5     0.994
934.75     0.994
935.0     0.994
935.25     0.994
935.5     0.994
935.75     0.994
936.0     0.994
936.25     0.994
936.5     0.994
936.75     0.994
937.0     0.994
937.25     0.994
937.5     0.994
937.75     0.994
938.0     0.994
938.25     0.994
938.5     0.994
938.75     0.994
939.0     0.994
939.25     0.994
939.5     0.994
939.75     0.994
940.0     0.994
940.25     0.994
940.5     0.994
940.75     0.994
941.0     0.994
941.25     0.994
941.5     0.994
941.75     0.994
942.0     0.994
942.25     0.994
942.5     0.994
942.75     0.994
943.0     0.994
943.25     0.994
943.5     0.994
943.75     0.994
944.0     0.994
944.25     0.994
944.5     0.994
944.75     0.994
945.0     0.994
945.25     0.992
945.5     0.992
945.75     0.992
946.0     0.992
946.25     0.992
946.5     0.992
946.75     0.992
947.0     0.992
947.25     0.992
947.5     0.992
947.75     0.992
948.0     0.992
948.25     0.992
948.5     0.992
948.75     0.992
949.0     0.992
949.25     0.994
949.5     0.994
949.75     0.994
950.0     0.994
950.25     0.994
950.5     0.994
950.75     0.994
951.0     0.994
951.25     0.994
951.5     0.994
951.75     0.994
952.0     0.994
952.25     0.994
952.5     0.994
952.75     0.994
953.0     0.994
953.25     0.994
953.5     0.994
953.75     0.994
954.0     0.994
954.25     0.994
954.5     0.994
954.75     0.994
955.0     0.994
955.25     0.994
955.5     0.994
955.75     0.994
956.0     0.994
956.25     0.994
956.5     0.994
956.75     0.994
957.0     0.994
957.25     0.994
957.5     0.994
957.75     0.994
958.0     0.994
958.25     0.994
958.5     0.994
958.75     0.994
959.0     0.994
959.25     0.994
959.5     0.994
959.75     0.994
960.0     0.994
960.25     0.994
960.5     0.994
960.75     0.994
961.0     0.994
961.25     0.994
961.5     0.994
961.75     0.994
962.0     0.994
962.25     0.994
962.5     0.994
962.75     0.994
963.0     0.994
963.25     0.994
963.5     0.994
963.75     0.994
964.0     0.994
964.25     0.994
964.5     0.994
964.75     0.994
965.0     0.994
965.25     0.994
965.5     0.994
965.75     0.994
966.0     0.994
966.25     0.994
966.5     0.994
966.75     0.994
967.0     0.994
967.25     0.994
967.5     0.994
967.75     0.994
968.0     0.994
968.25     0.994
968.5     0.992
968.75     0.992
969.0     0.992
969.25     0.992
969.5     0.992
969.75     0.992
970.0     0.992
970.25     0.992
970.5     0.992
970.75     0.994
971.0     0.994
971.25     0.994
971.5     0.994
971.75     0.994
972.0     0.994
972.25     0.994
972.5     0.994
972.75     0.994
973.0     0.994
973.25     0.994
973.5     0.994
973.75     0.994
974.0     0.994
974.25     0.992
974.5     0.992
974.75     0.992
975.0     0.992
975.25     0.992
975.5     0.992
975.75     0.992
976.0     0.992
976.25     0.992
976.5     0.992
976.75     0.992
977.0     0.992
977.25     0.992
977.5     0.992
977.75     0.992
978.0     0.992
978.25     0.992
978.5     0.992
978.75     0.992
979.0     0.992
979.25     0.992
979.5     0.994
979.75     0.994
980.0     0.994
980.25     0.994
980.5     0.994
980.75     0.994
981.0     0.994
981.25     0.994
981.5     0.994
981.75     0.994
982.0     0.994
982.25     0.994
982.5     0.994
982.75     0.994
983.0     0.994
983.25     0.994
983.5     0.994
983.75     0.994
984.0     0.994
984.25     0.994
984.5     0.994
984.75     0.994
985.0     0.992
985.25     0.994
985.5     0.994
985.75     0.994
986.0     0.994
986.25     0.994
986.5     0.992
986.75     0.994
987.0     0.994
987.25     0.994
987.5     0.994
987.75     0.994
988.0     0.994
988.25     0.994
988.5     0.994
988.75     0.994
989.0     0.994
989.25     0.994
989.5     0.994
989.75     0.994
990.0     0.994
990.25     0.994
990.5     0.994
990.75     0.994
991.0     0.994
991.25     0.994
991.5     0.994
991.75     0.994
992.0     0.994
992.25     0.994
992.5     0.994
992.75     0.994
993.0     0.994
993.25     0.994
993.5     0.994
993.75     0.994
994.0     0.994
994.25     0.994
994.5     0.994
994.75     0.994
995.0     0.994
995.25     0.994
995.5     0.994
995.75     0.994
996.0     0.994
996.25     0.994
996.5     0.994
996.75     0.994
997.0     0.994
997.25     0.994
997.5     0.994
997.75     0.994
998.0     0.994
998.25     0.994
998.5     0.994
998.75     0.994
999.0     0.994
999.25     0.994
999.5     0.994
999.75     0.994
1000.0     0.994
