0.25     1.0
0.5     1.0
0.75     1.0
1.0     1.0
1.25     1.0
1.5     1.0
1.75     1.0
2.0     1.0
2.25     1.0
2.5     1.0
2.75     1.0
3.0     1.0
3.25     1.0
3.5     1.0
3.75     1.0
4.0     1.0
4.25     1.0
4.5     1.0
4.75     1.0
5.0     1.0
5.25     1.0
5.5     1.0
5.75     1.0
6.0     1.0
6.25     1.0
6.5     1.0
6.75     1.0
7.0     1.0
7.25     1.0
7.5     1.0
7.75     1.0
8.0     1.0
8.25     1.0
8.5     1.0
8.75     1.0
9.0     1.0
9.25     1.0
9.5     1.0
9.75     1.0
10.0     1.0
10.25     1.0
10.5     1.0
10.75     1.0
11.0     1.0
11.25     1.0
11.5     1.0
11.75     1.0
12.0     1.0
12.25     1.0
12.5     1.0
12.75     1.0
13.0     1.0
13.25     1.0
13.5     1.0
13.75     1.0
14.0     1.0
14.25     1.0
14.5     1.0
14.75     1.0
15.0     1.0
15.25     1.0
15.5     1.0
15.75     1.0
16.0     1.0
16.25     1.0
16.5     1.0
16.75     1.0
17.0     1.0
17.25     1.0
17.5     0.998
17.75     1.0
18.0     1.0
18.25     1.0
18.5     1.0
18.75     1.0
19.0     1.002
19.25     0.998
19.5     1.002
19.75     1.002
20.0     1.002
20.25     1.004
20.5     1.0
20.75     1.002
21.0     0.998
21.25     0.996
21.5     0.994
21.75     0.992
22.0     0.994
22.25     0.994
22.5     0.992
22.75     0.986
23.0     0.988
23.25     0.984
23.5     0.976
23.75     0.982
24.0     0.976
24.25     0.978
24.5     0.968
24.75     0.974
25.0     0.978
25.25     0.974
25.5     0.968
25.75     0.968
26.0     0.954
26.25     0.94
26.5     0.928
26.75     0.916
27.0     0.91
27.25     0.902
27.5     0.898
27.75     0.894
28.0     0.896
28.25     0.886
28.5     0.882
28.75     0.876
29.0     0.872
29.25     0.864
29.5     0.858
29.75     0.862
30.0     0.854
30.25     0.85
30.5     0.832
30.75     0.832
31.0     0.82
31.25     0.822
31.5     0.822
31.75     0.826
32.0     0.816
32.25     0.808
32.5     0.802
32.75     0.8
33.0     0.796
33.25     0.79
33.5     0.78
33.75     0.776
34.0     0.776
34.25     0.77
34.5     0.762
34.75     0.754
35.0     0.748
35.25     0.744
35.5     0.736
35.75     0.732
36.0     0.73
36.25     0.724
36.5     0.72
36.75     0.714
37.0     0.714
37.25     0.7
37.5     0.702
37.75     0.702
38.0     0.704
38.25     0.698
38.5     0.696
38.75     0.694
39.0     0.69
39.25     0.686
39.5     0.686
39.75     0.682
40.0     0.68
40.25     0.676
40.5     0.674
40.75     0.672
41.0     0.668
41.25     0.664
41.5     0.666
41.75     0.666
42.0     0.666
42.25     0.664
42.5     0.66
42.75     0.656
43.0     0.654
43.25     0.644
43.5     0.638
43.75     0.636
44.0     0.636
44.25     0.626
44.5     0.626
44.75     0.624
45.0     0.624
45.25     0.622
45.5     0.622
45.75     0.624
46.0     0.622
46.25     0.622
46.5     0.612
46.75     0.612
47.0     0.602
47.25     0.602
47.5     0.6
47.75     0.596
48.0     0.596
48.25     0.592
48.5     0.59
48.75     0.588
49.0     0.58
49.25     0.576
49.5     0.576
49.75     0.574
50.0     0.57
50.25     0.572
50.5     0.564
50.75     0.562
51.0     0.56
51.25     0.55
51.5     0.55
51.75     0.548
52.0     0.546
52.25     0.542
52.5     0.536
52.75     0.53
53.0     0.528
53.25     0.528
53.5     0.526
53.75     0.526
54.0     0.524
54.25     0.516
54.5     0.512
54.75     0.512
55.0     0.508
55.25     0.504
55.5     0.5
55.75     0.494
56.0     0.492
56.25     0.492
56.5     0.492
56.75     0.488
57.0     0.488
57.25     0.488
57.5     0.484
57.75     0.478
58.0     0.478
58.25     0.476
58.5     0.476
58.75     0.476
59.0     0.476
59.25     0.472
59.5     0.468
59.75     0.466
60.0     0.466
60.25     0.462
60.5     0.462
60.75     0.458
61.0     0.458
61.25     0.458
61.5     0.456
61.75     0.454
62.0     0.454
62.25     0.45
62.5     0.448
62.75     0.448
63.0     0.448
63.25     0.448
63.5     0.446
63.75     0.442
64.0     0.44
64.25     0.44
64.5     0.44
64.75     0.434
65.0     0.434
65.25     0.432
65.5     0.43
65.75     0.43
66.0     0.43
66.25     0.428
66.5     0.428
66.75     0.418
67.0     0.418
67.25     0.418
67.5     0.416
67.75     0.414
68.0     0.416
68.25     0.414
68.5     0.414
68.75     0.414
69.0     0.412
69.25     0.412
69.5     0.41
69.75     0.41
70.0     0.41
70.25     0.406
70.5     0.404
70.75     0.404
71.0     0.404
71.25     0.404
71.5     0.402
71.75     0.4
72.0     0.398
72.25     0.398
72.5     0.4
72.75     0.4
73.0     0.402
73.25     0.4
73.5     0.394
73.75     0.394
74.0     0.392
74.25     0.392
74.5     0.394
74.75     0.388
75.0     0.384
75.25     0.382
75.5     0.38
75.75     0.38
76.0     0.38
76.25     0.378
76.5     0.372
76.75     0.37
77.0     0.368
77.25     0.366
77.5     0.364
77.75     0.364
78.0     0.362
78.25     0.36
78.5     0.358
78.75     0.36
79.0     0.36
79.25     0.362
79.5     0.36
79.75     0.362
80.0     0.362
80.25     0.362
80.5     0.36
80.75     0.358
81.0     0.356
81.25     0.354
81.5     0.35
81.75     0.346
82.0     0.346
82.25     0.346
82.5     0.348
82.75     0.346
83.0     0.346
83.25     0.344
83.5     0.34
83.75     0.336
84.0     0.336
84.25     0.332
84.5     0.33
84.75     0.326
85.0     0.322
85.25     0.318
85.5     0.318
85.75     0.318
86.0     0.318
86.25     0.318
86.5     0.314
86.75     0.312
87.0     0.312
87.25     0.31
87.5     0.308
87.75     0.308
88.0     0.306
88.25     0.306
88.5     0.304
88.75     0.304
89.0     0.304
89.25     0.304
89.5     0.304
89.75     0.302
90.0     0.3
90.25     0.298
90.5     0.294
90.75     0.294
91.0     0.294
91.25     0.292
91.5     0.292
91.75     0.29
92.0     0.284
92.25     0.284
92.5     0.284
92.75     0.282
93.0     0.278
93.25     0.278
93.5     0.278
93.75     0.276
94.0     0.278
94.25     0.28
94.5     0.278
94.75     0.276
95.0     0.274
95.25     0.274
95.5     0.274
95.75     0.272
96.0     0.272
96.25     0.272
96.5     0.27
96.75     0.268
97.0     0.266
97.25     0.266
97.5     0.266
97.75     0.266
98.0     0.266
98.25     0.266
98.5     0.264
98.75     0.262
99.0     0.262
99.25     0.262
99.5     0.26
99.75     0.26
100.0     0.26
100.25     0.26
100.5     0.26
100.75     0.26
101.0     0.258
101.25     0.258
101.5     0.258
101.75     0.256
102.0     0.256
102.25     0.254
102.5     0.254
102.75     0.254
103.0     0.254
103.25     0.254
103.5     0.254
103.75     0.254
104.0     0.252
104.25     0.25
104.5     0.248
104.75     0.248
105.0     0.248
105.25     0.248
105.5     0.248
105.75     0.246
106.0     0.246
106.25     0.246
106.5     0.244
106.75     0.244
107.0     0.244
107.25     0.244
107.5     0.244
107.75     0.242
108.0     0.242
108.25     0.242
108.5     0.242
108.75     0.242
109.0     0.24
109.25     0.24
109.5     0.24
109.75     0.24
110.0     0.24
110.25     0.24
110.5     0.24
110.75     0.236
111.0     0.236
111.25     0.236
111.5     0.236
111.75     0.236
112.0     0.236
112.25     0.236
112.5     0.236
112.75     0.236
113.0     0.236
113.25     0.236
113.5     0.236
113.75     0.236
114.0     0.236
114.25     0.236
114.5     0.236
114.75     0.236
115.0     0.236
115.25     0.236
115.5     0.236
115.75     0.236
116.0     0.236
116.25     0.236
116.5     0.236
116.75     0.236
117.0     0.236
117.25     0.236
117.5     0.236
117.75     0.236
118.0     0.236
118.25     0.236
118.5     0.236
118.75     0.236
119.0     0.236
119.25     0.236
119.5     0.236
119.75     0.236
120.0     0.236
120.25     0.234
120.5     0.234
120.75     0.23
121.0     0.23
121.25     0.23
121.5     0.23
121.75     0.228
122.0     0.226
122.25     0.226
122.5     0.222
122.75     0.222
123.0     0.222
123.25     0.222
123.5     0.22
123.75     0.22
124.0     0.22
124.25     0.218
124.5     0.218
124.75     0.216
125.0     0.214
125.25     0.214
125.5     0.21
125.75     0.21
126.0     0.21
126.25     0.21
126.5     0.204
126.75     0.204
127.0     0.204
127.25     0.204
127.5     0.2
127.75     0.2
128.0     0.2
128.25     0.198
128.5     0.196
128.75     0.194
129.0     0.194
129.25     0.194
129.5     0.19
129.75     0.188
130.0     0.182
130.25     0.182
130.5     0.182
130.75     0.18
131.0     0.178
131.25     0.176
131.5     0.178
131.75     0.18
132.0     0.172
132.25     0.17
132.5     0.17
132.75     0.172
133.0     0.17
133.25     0.168
133.5     0.164
133.75     0.158
134.0     0.156
134.25     0.154
134.5     0.152
134.75     0.15
135.0     0.15
135.25     0.15
135.5     0.148
135.75     0.144
136.0     0.144
136.25     0.14
136.5     0.14
136.75     0.14
137.0     0.14
137.25     0.14
137.5     0.138
137.75     0.138
138.0     0.138
138.25     0.136
138.5     0.132
138.75     0.132
139.0     0.13
139.25     0.128
139.5     0.126
139.75     0.126
140.0     0.126
140.25     0.124
140.5     0.124
140.75     0.124
141.0     0.124
141.25     0.122
141.5     0.12
141.75     0.12
142.0     0.12
142.25     0.12
142.5     0.118
142.75     0.118
143.0     0.116
143.25     0.116
143.5     0.116
143.75     0.116
144.0     0.116
144.25     0.114
144.5     0.114
144.75     0.114
145.0     0.114
145.25     0.114
145.5     0.112
145.75     0.11
146.0     0.108
146.25     0.108
146.5     0.108
146.75     0.108
147.0     0.106
147.25     0.106
147.5     0.106
147.75     0.106
148.0     0.106
148.25     0.106
148.5     0.106
148.75     0.106
149.0     0.104
149.25     0.104
149.5     0.104
149.75     0.1
150.0     0.1
150.25     0.102
150.5     0.102
150.75     0.102
151.0     0.102
151.25     0.102
151.5     0.102
151.75     0.102
152.0     0.102
152.25     0.102
152.5     0.098
152.75     0.098
153.0     0.096
153.25     0.094
153.5     0.092
153.75     0.092
154.0     0.092
154.25     0.092
154.5     0.092
154.75     0.092
155.0     0.092
155.25     0.092
155.5     0.092
155.75     0.092
156.0     0.092
156.25     0.092
156.5     0.092
156.75     0.092
157.0     0.092
157.25     0.09
157.5     0.09
157.75     0.088
158.0     0.088
158.25     0.088
158.5     0.088
158.75     0.088
159.0     0.088
159.25     0.088
159.5     0.088
159.75     0.088
160.0     0.088
160.25     0.088
160.5     0.088
160.75     0.088
161.0     0.088
161.25     0.086
161.5     0.086
161.75     0.086
162.0     0.086
162.25     0.084
162.5     0.084
162.75     0.082
163.0     0.08
163.25     0.078
163.5     0.076
163.75     0.076
164.0     0.076
164.25     0.076
164.5     0.076
164.75     0.076
165.0     0.076
165.25     0.076
165.5     0.076
165.75     0.076
166.0     0.076
166.25     0.076
166.5     0.074
166.75     0.072
167.0     0.072
167.25     0.072
167.5     0.072
167.75     0.072
168.0     0.072
168.25     0.072
168.5     0.07
168.75     0.07
169.0     0.07
169.25     0.068
169.5     0.066
169.75     0.066
170.0     0.066
170.25     0.066
170.5     0.062
170.75     0.062
171.0     0.062
171.25     0.062
171.5     0.062
171.75     0.062
172.0     0.062
172.25     0.06
172.5     0.06
172.75     0.06
173.0     0.06
173.25     0.058
173.5     0.058
173.75     0.056
174.0     0.056
174.25     0.056
174.5     0.054
174.75     0.056
175.0     0.056
175.25     0.056
175.5     0.056
175.75     0.056
176.0     0.056
176.25     0.056
176.5     0.056
176.75     0.058
177.0     0.058
177.25     0.058
177.5     0.058
177.75     0.058
178.0     0.058
178.25     0.058
178.5     0.056
178.75     0.056
179.0     0.056
179.25     0.056
179.5     0.054
179.75     0.054
180.0     0.052
180.25     0.052
180.5     0.052
180.75     0.052
181.0     0.052
181.25     0.052
181.5     0.05
181.75     0.05
182.0     0.05
182.25     0.048
182.5     0.046
182.75     0.046
183.0     0.046
183.25     0.046
183.5     0.044
183.75     0.044
184.0     0.044
184.25     0.042
184.5     0.044
184.75     0.046
185.0     0.046
185.25     0.046
185.5     0.048
185.75     0.048
186.0     0.048
186.25     0.048
186.5     0.048
186.75     0.048
187.0     0.046
187.25     0.046
187.5     0.046
187.75     0.046
188.0     0.046
188.25     0.046
188.5     0.044
188.75     0.042
189.0     0.042
189.25     0.042
189.5     0.042
189.75     0.042
190.0     0.042
190.25     0.042
190.5     0.042
190.75     0.042
191.0     0.042
191.25     0.042
191.5     0.042
191.75     0.042
192.0     0.042
192.25     0.042
192.5     0.042
192.75     0.042
193.0     0.042
193.25     0.042
193.5     0.04
193.75     0.04
194.0     0.04
194.25     0.04
194.5     0.04
194.75     0.04
195.0     0.04
195.25     0.036
195.5     0.034
195.75     0.034
196.0     0.034
196.25     0.034
196.5     0.034
196.75     0.034
197.0     0.032
197.25     0.032
197.5     0.032
197.75     0.032
198.0     0.032
198.25     0.032
198.5     0.032
198.75     0.032
199.0     0.032
199.25     0.03
199.5     0.03
199.75     0.03
200.0     0.03
200.25     0.03
200.5     0.03
200.75     0.03
201.0     0.03
201.25     0.03
201.5     0.03
201.75     0.028
202.0     0.028
202.25     0.028
202.5     0.028
202.75     0.028
203.0     0.028
203.25     0.028
203.5     0.028
203.75     0.028
204.0     0.028
204.25     0.028
204.5     0.028
204.75     0.028
205.0     0.028
205.25     0.028
205.5     0.028
205.75     0.028
206.0     0.028
206.25     0.028
206.5     0.028
206.75     0.028
207.0     0.028
207.25     0.026
207.5     0.026
207.75     0.026
208.0     0.026
208.25     0.026
208.5     0.028
208.75     0.028
209.0     0.028
209.25     0.028
209.5     0.028
209.75     0.028
210.0     0.028
210.25     0.028
210.5     0.028
210.75     0.026
211.0     0.026
211.25     0.026
211.5     0.026
211.75     0.026
212.0     0.026
212.25     0.026
212.5     0.026
212.75     0.026
213.0     0.026
213.25     0.026
213.5     0.026
213.75     0.026
214.0     0.024
214.25     0.024
214.5     0.024
214.75     0.024
215.0     0.022
215.25     0.022
215.5     0.022
215.75     0.022
216.0     0.022
216.25     0.022
216.5     0.022
216.75     0.022
217.0     0.02
217.25     0.02
217.5     0.02
217.75     0.02
218.0     0.02
218.25     0.02
218.5     0.02
218.75     0.02
219.0     0.02
219.25     0.02
219.5     0.02
219.75     0.02
220.0     0.02
220.25     0.02
220.5     0.02
220.75     0.02
221.0     0.02
221.25     0.02
221.5     0.02
221.75     0.02
222.0     0.02
222.25     0.02
222.5     0.02
222.75     0.02
223.0     0.02
223.25     0.02
223.5     0.02
223.75     0.02
224.0     0.02
224.25     0.02
224.5     0.02
224.75     0.02
225.0     0.02
225.25     0.02
225.5     0.02
225.75     0.02
226.0     0.02
226.25     0.02
226.5     0.02
226.75     0.018
227.0     0.018
227.25     0.018
227.5     0.018
227.75     0.018
228.0     0.018
228.25     0.018
228.5     0.018
228.75     0.018
229.0     0.018
229.25     0.018
229.5     0.018
229.75     0.018
230.0     0.016
230.25     0.016
230.5     0.014
230.75     0.014
231.0     0.014
231.25     0.014
231.5     0.014
231.75     0.014
232.0     0.014
232.25     0.014
232.5     0.014
232.75     0.014
233.0     0.014
233.25     0.014
233.5     0.014
233.75     0.014
234.0     0.014
234.25     0.014
234.5     0.014
234.75     0.014
235.0     0.014
235.25     0.014
235.5     0.014
235.75     0.014
236.0     0.014
236.25     0.014
236.5     0.014
236.75     0.014
237.0     0.014
237.25     0.014
237.5     0.012
237.75     0.012
238.0     0.012
238.25     0.012
238.5     0.012
238.75     0.012
239.0     0.012
239.25     0.012
239.5     0.012
239.75     0.012
240.0     0.012
240.25     0.012
240.5     0.012
240.75     0.012
241.0     0.012
241.25     0.012
241.5     0.012
241.75     0.012
242.0     0.012
242.25     0.012
242.5     0.012
242.75     0.012
243.0     0.012
243.25     0.012
243.5     0.012
243.75     0.012
244.0     0.012
244.25     0.012
244.5     0.012
244.75     0.012
245.0     0.012
245.25     0.012
245.5     0.012
245.75     0.012
246.0     0.012
246.25     0.012
246.5     0.012
246.75     0.012
247.0     0.012
247.25     0.012
247.5     0.012
247.75     0.012
248.0     0.012
248.25     0.012
248.5     0.012
248.75     0.012
249.0     0.012
249.25     0.012
249.5     0.012
249.75     0.012
250.0     0.012
250.25     0.012
250.5     0.012
250.75     0.012
251.0     0.012
251.25     0.012
251.5     0.012
251.75     0.012
252.0     0.012
252.25     0.012
252.5     0.012
252.75     0.012
253.0     0.012
253.25     0.012
253.5     0.012
253.75     0.012
254.0     0.012
254.25     0.012
254.5     0.012
254.75     0.012
255.0     0.012
255.25     0.012
255.5     0.012
255.75     0.012
256.0     0.014
256.25     0.014
256.5     0.014
256.75     0.014
257.0     0.014
257.25     0.014
257.5     0.014
257.75     0.014
258.0     0.014
258.25     0.014
258.5     0.014
258.75     0.014
259.0     0.014
259.25     0.014
259.5     0.014
259.75     0.014
260.0     0.014
260.25     0.014
260.5     0.014
260.75     0.014
261.0     0.014
261.25     0.014
261.5     0.014
261.75     0.014
262.0     0.014
262.25     0.014
262.5     0.014
262.75     0.014
263.0     0.014
263.25     0.014
263.5     0.014
263.75     0.014
264.0     0.014
264.25     0.014
264.5     0.014
264.75     0.014
265.0     0.014
265.25     0.014
265.5     0.014
265.75     0.014
266.0     0.014
266.25     0.014
266.5     0.014
266.75     0.014
267.0     0.014
267.25     0.014
267.5     0.014
267.75     0.014
268.0     0.014
268.25     0.014
268.5     0.014
268.75     0.014
269.0     0.014
269.25     0.014
269.5     0.014
269.75     0.014
270.0     0.014
270.25     0.014
270.5     0.014
270.75     0.014
271.0     0.014
271.25     0.012
271.5     0.012
271.75     0.012
272.0     0.012
272.25     0.012
272.5     0.012
272.75     0.012
273.0     0.012
273.25     0.01
273.5     0.01
273.75     0.01
274.0     0.01
274.25     0.01
274.5     0.01
274.75     0.01
275.0     0.01
275.25     0.01
275.5     0.01
275.75     0.01
276.0     0.01
276.25     0.01
276.5     0.01
276.75     0.01
277.0     0.01
277.25     0.012
277.5     0.012
277.75     0.012
278.0     0.012
278.25     0.012
278.5     0.012
278.75     0.012
279.0     0.012
279.25     0.012
279.5     0.012
279.75     0.012
280.0     0.012
280.25     0.012
280.5     0.012
280.75     0.012
281.0     0.012
281.25     0.012
281.5     0.012
281.75     0.012
282.0     0.012
282.25     0.012
282.5     0.012
282.75     0.012
283.0     0.012
283.25     0.012
283.5     0.012
283.75     0.012
284.0     0.012
284.25     0.012
284.5     0.012
284.75     0.012
285.0     0.012
285.25     0.012
285.5     0.012
285.75     0.012
286.0     0.012
286.25     0.012
286.5     0.012
286.75     0.012
287.0     0.012
287.25     0.012
287.5     0.012
287.75     0.012
288.0     0.012
288.25     0.012
288.5     0.012
288.75     0.012
289.0     0.012
289.25     0.012
289.5     0.012
289.75     0.012
290.0     0.012
290.25     0.012
290.5     0.012
290.75     0.012
291.0     0.012
291.25     0.012
291.5     0.012
291.75     0.012
292.0     0.012
292.25     0.012
292.5     0.012
292.75     0.012
293.0     0.012
293.25     0.012
293.5     0.012
293.75     0.012
294.0     0.012
294.25     0.012
294.5     0.012
294.75     0.012
295.0     0.012
295.25     0.012
295.5     0.012
295.75     0.012
296.0     0.012
296.25     0.012
296.5     0.012
296.75     0.012
297.0     0.012
297.25     0.012
297.5     0.012
297.75     0.012
298.0     0.012
298.25     0.012
298.5     0.012
298.75     0.012
299.0     0.012
299.25     0.012
299.5     0.012
299.75     0.012
300.0     0.012
300.25     0.012
300.5     0.012
300.75     0.012
301.0     0.012
301.25     0.012
301.5     0.012
301.75     0.012
302.0     0.012
302.25     0.012
302.5     0.012
302.75     0.01
303.0     0.01
303.25     0.01
303.5     0.01
303.75     0.01
304.0     0.01
304.25     0.01
304.5     0.01
304.75     0.01
305.0     0.01
305.25     0.01
305.5     0.01
305.75     0.01
306.0     0.01
306.25     0.01
306.5     0.01
306.75     0.01
307.0     0.01
307.25     0.01
307.5     0.01
307.75     0.01
308.0     0.01
308.25     0.01
308.5     0.01
308.75     0.01
309.0     0.01
309.25     0.01
309.5     0.01
309.75     0.01
310.0     0.01
310.25     0.01
310.5     0.01
310.75     0.01
311.0     0.01
311.25     0.01
311.5     0.01
311.75     0.01
312.0     0.01
312.25     0.01
312.5     0.01
312.75     0.01
313.0     0.01
313.25     0.01
313.5     0.01
313.75     0.012
314.0     0.012
314.25     0.012
314.5     0.012
314.75     0.012
315.0     0.012
315.25     0.012
315.5     0.012
315.75     0.012
316.0     0.012
316.25     0.012
316.5     0.012
316.75     0.012
317.0     0.012
317.25     0.012
317.5     0.012
317.75     0.012
318.0     0.012
318.25     0.012
318.5     0.012
318.75     0.012
319.0     0.012
319.25     0.012
319.5     0.012
319.75     0.012
320.0     0.012
320.25     0.012
320.5     0.012
320.75     0.012
321.0     0.012
321.25     0.012
321.5     0.012
321.75     0.012
322.0     0.012
322.25     0.012
322.5     0.012
322.75     0.012
323.0     0.012
323.25     0.012
323.5     0.012
323.75     0.012
324.0     0.012
324.25     0.012
324.5     0.012
324.75     0.012
325.0     0.012
325.25     0.01
325.5     0.01
325.75     0.01
326.0     0.01
326.25     0.01
326.5     0.01
326.75     0.01
327.0     0.008
327.25     0.008
327.5     0.008
327.75     0.008
328.0     0.008
328.25     0.008
328.5     0.008
328.75     0.008
329.0     0.008
329.25     0.008
329.5     0.008
329.75     0.008
330.0     0.008
330.25     0.008
330.5     0.008
330.75     0.008
331.0     0.008
331.25     0.008
331.5     0.008
331.75     0.008
332.0     0.008
332.25     0.008
332.5     0.008
332.75     0.008
333.0     0.008
333.25     0.008
333.5     0.008
333.75     0.008
334.0     0.008
334.25     0.008
334.5     0.008
334.75     0.008
335.0     0.008
335.25     0.008
335.5     0.008
335.75     0.008
336.0     0.008
336.25     0.008
336.5     0.008
336.75     0.008
337.0     0.008
337.25     0.008
337.5     0.008
337.75     0.008
338.0     0.008
338.25     0.008
338.5     0.008
338.75     0.008
339.0     0.008
339.25     0.008
339.5     0.008
339.75     0.008
340.0     0.008
340.25     0.008
340.5     0.008
340.75     0.008
341.0     0.008
341.25     0.008
341.5     0.008
341.75     0.008
342.0     0.008
342.25     0.008
342.5     0.008
342.75     0.008
343.0     0.008
343.25     0.008
343.5     0.008
343.75     0.008
344.0     0.008
344.25     0.008
344.5     0.008
344.75     0.008
345.0     0.008
345.25     0.008
345.5     0.008
345.75     0.008
346.0     0.008
346.25     0.008
346.5     0.008
346.75     0.008
347.0     0.008
347.25     0.008
347.5     0.008
347.75     0.008
348.0     0.008
348.25     0.008
348.5     0.008
348.75     0.008
349.0     0.008
349.25     0.008
349.5     0.008
349.75     0.008
350.0     0.008
350.25     0.008
350.5     0.008
350.75     0.008
351.0     0.008
351.25     0.008
351.5     0.008
351.75     0.008
352.0     0.008
352.25     0.008
352.5     0.008
352.75     0.008
353.0     0.008
353.25     0.008
353.5     0.008
353.75     0.008
354.0     0.008
354.25     0.008
354.5     0.008
354.75     0.008
355.0     0.008
355.25     0.008
355.5     0.008
355.75     0.008
356.0     0.008
356.25     0.008
356.5     0.008
356.75     0.008
357.0     0.008
357.25     0.008
357.5     0.008
357.75     0.008
358.0     0.008
358.25     0.008
358.5     0.008
358.75     0.008
359.0     0.008
359.25     0.008
359.5     0.008
359.75     0.008
360.0     0.008
360.25     0.008
360.5     0.008
360.75     0.008
361.0     0.008
361.25     0.008
361.5     0.008
361.75     0.008
362.0     0.008
362.25     0.008
362.5     0.008
362.75     0.008
363.0     0.008
363.25     0.008
363.5     0.008
363.75     0.008
364.0     0.008
364.25     0.008
364.5     0.008
364.75     0.008
365.0     0.008
365.25     0.008
365.5     0.008
365.75     0.008
366.0     0.008
366.25     0.008
366.5     0.008
366.75     0.008
367.0     0.008
367.25     0.008
367.5     0.008
367.75     0.01
368.0     0.01
368.25     0.01
368.5     0.01
368.75     0.01
369.0     0.01
369.25     0.01
369.5     0.01
369.75     0.01
370.0     0.01
370.25     0.01
370.5     0.01
370.75     0.01
371.0     0.01
371.25     0.01
371.5     0.01
371.75     0.01
372.0     0.01
372.25     0.01
372.5     0.01
372.75     0.01
373.0     0.01
373.25     0.01
373.5     0.01
373.75     0.01
374.0     0.01
374.25     0.01
374.5     0.01
374.75     0.01
375.0     0.01
375.25     0.01
375.5     0.01
375.75     0.01
376.0     0.01
376.25     0.01
376.5     0.01
376.75     0.01
377.0     0.01
377.25     0.01
377.5     0.01
377.75     0.01
378.0     0.01
378.25     0.01
378.5     0.01
378.75     0.01
379.0     0.01
379.25     0.01
379.5     0.01
379.75     0.01
380.0     0.01
380.25     0.01
380.5     0.01
380.75     0.01
381.0     0.01
381.25     0.01
381.5     0.01
381.75     0.01
382.0     0.01
382.25     0.01
382.5     0.01
382.75     0.01
383.0     0.01
383.25     0.01
383.5     0.01
383.75     0.01
384.0     0.01
384.25     0.01
384.5     0.01
384.75     0.01
385.0     0.01
385.25     0.01
385.5     0.01
385.75     0.01
386.0     0.01
386.25     0.01
386.5     0.01
386.75     0.01
387.0     0.01
387.25     0.01
387.5     0.01
387.75     0.01
388.0     0.01
388.25     0.01
388.5     0.01
388.75     0.01
389.0     0.01
389.25     0.01
389.5     0.01
389.75     0.01
390.0     0.01
390.25     0.01
390.5     0.01
390.75     0.01
391.0     0.01
391.25     0.01
391.5     0.01
391.75     0.01
392.0     0.01
392.25     0.01
392.5     0.01
392.75     0.01
393.0     0.01
393.25     0.01
393.5     0.01
393.75     0.01
394.0     0.01
394.25     0.01
394.5     0.01
394.75     0.01
395.0     0.01
395.25     0.01
395.5     0.01
395.75     0.01
396.0     0.01
396.25     0.01
396.5     0.01
396.75     0.01
397.0     0.01
397.25     0.01
397.5     0.01
397.75     0.01
398.0     0.01
398.25     0.01
398.5     0.01
398.75     0.01
399.0     0.01
399.25     0.01
399.5     0.01
399.75     0.01
400.0     0.01
400.25     0.01
400.5     0.01
400.75     0.01
401.0     0.01
401.25     0.01
401.5     0.01
401.75     0.01
402.0     0.01
402.25     0.01
402.5     0.01
402.75     0.01
403.0     0.01
403.25     0.01
403.5     0.01
403.75     0.01
404.0     0.01
404.25     0.01
404.5     0.01
404.75     0.01
405.0     0.01
405.25     0.01
405.5     0.01
405.75     0.01
406.0     0.01
406.25     0.01
406.5     0.01
406.75     0.01
407.0     0.01
407.25     0.01
407.5     0.01
407.75     0.01
408.0     0.01
408.25     0.01
408.5     0.01
408.75     0.01
409.0     0.01
409.25     0.01
409.5     0.01
409.75     0.01
410.0     0.01
410.25     0.01
410.5     0.01
410.75     0.01
411.0     0.01
411.25     0.01
411.5     0.01
411.75     0.01
412.0     0.01
412.25     0.01
412.5     0.01
412.75     0.01
413.0     0.01
413.25     0.01
413.5     0.01
413.75     0.01
414.0     0.01
414.25     0.01
414.5     0.01
414.75     0.01
415.0     0.01
415.25     0.01
415.5     0.01
415.75     0.01
416.0     0.01
416.25     0.01
416.5     0.01
416.75     0.01
417.0     0.01
417.25     0.01
417.5     0.01
417.75     0.01
418.0     0.01
418.25     0.01
418.5     0.01
418.75     0.01
419.0     0.01
419.25     0.01
419.5     0.01
419.75     0.01
420.0     0.01
420.25     0.01
420.5     0.01
420.75     0.01
421.0     0.01
421.25     0.01
421.5     0.01
421.75     0.01
422.0     0.01
422.25     0.01
422.5     0.01
422.75     0.01
423.0     0.01
423.25     0.01
423.5     0.01
423.75     0.01
424.0     0.01
424.25     0.01
424.5     0.01
424.75     0.01
425.0     0.01
425.25     0.01
425.5     0.01
425.75     0.01
426.0     0.01
426.25     0.01
426.5     0.01
426.75     0.01
427.0     0.01
427.25     0.01
427.5     0.01
427.75     0.01
428.0     0.01
428.25     0.01
428.5     0.01
428.75     0.01
429.0     0.01
429.25     0.01
429.5     0.01
429.75     0.01
430.0     0.01
430.25     0.01
430.5     0.01
430.75     0.01
431.0     0.01
431.25     0.01
431.5     0.01
431.75     0.01
432.0     0.01
432.25     0.01
432.5     0.01
432.75     0.01
433.0     0.01
433.25     0.01
433.5     0.01
433.75     0.01
434.0     0.01
434.25     0.01
434.5     0.01
434.75     0.008
435.0     0.01
435.25     0.008
435.5     0.008
435.75     0.008
436.0     0.008
436.25     0.008
436.5     0.008
436.75     0.008
437.0     0.008
437.25     0.008
437.5     0.008
437.75     0.008
438.0     0.008
438.25     0.008
438.5     0.008
438.75     0.008
439.0     0.008
439.25     0.008
439.5     0.008
439.75     0.008
440.0     0.008
440.25     0.008
440.5     0.008
440.75     0.008
441.0     0.008
441.25     0.008
441.5     0.008
441.75     0.008
442.0     0.008
442.25     0.008
442.5     0.008
442.75     0.01
443.0     0.01
443.25     0.01
443.5     0.01
443.75     0.01
444.0     0.01
444.25     0.01
444.5     0.01
444.75     0.01
445.0     0.01
445.25     0.01
445.5     0.01
445.75     0.01
446.0     0.01
446.25     0.01
446.5     0.01
446.75     0.01
447.0     0.01
447.25     0.01
447.5     0.01
447.75     0.01
448.0     0.01
448.25     0.01
448.5     0.01
448.75     0.01
449.0     0.01
449.25     0.01
449.5     0.01
449.75     0.01
450.0     0.01
450.25     0.01
450.5     0.01
450.75     0.01
451.0     0.01
451.25     0.01
451.5     0.01
451.75     0.01
452.0     0.01
452.25     0.01
452.5     0.01
452.75     0.01
453.0     0.01
453.25     0.01
453.5     0.01
453.75     0.01
454.0     0.01
454.25     0.01
454.5     0.01
454.75     0.01
455.0     0.01
455.25     0.01
455.5     0.01
455.75     0.01
456.0     0.01
456.25     0.01
456.5     0.01
456.75     0.01
457.0     0.01
457.25     0.01
457.5     0.01
457.75     0.01
458.0     0.01
458.25     0.01
458.5     0.01
458.75     0.01
459.0     0.01
459.25     0.01
459.5     0.01
459.75     0.012
460.0     0.012
460.25     0.012
460.5     0.01
460.75     0.01
461.0     0.012
461.25     0.012
461.5     0.012
461.75     0.012
462.0     0.012
462.25     0.012
462.5     0.012
462.75     0.012
463.0     0.012
463.25     0.012
463.5     0.012
463.75     0.012
464.0     0.012
464.25     0.012
464.5     0.012
464.75     0.012
465.0     0.012
465.25     0.012
465.5     0.012
465.75     0.012
466.0     0.012
466.25     0.012
466.5     0.012
466.75     0.012
467.0     0.012
467.25     0.012
467.5     0.012
467.75     0.012
468.0     0.012
468.25     0.012
468.5     0.012
468.75     0.012
469.0     0.012
469.25     0.012
469.5     0.012
469.75     0.012
470.0     0.012
470.25     0.012
470.5     0.012
470.75     0.012
471.0     0.012
471.25     0.012
471.5     0.012
471.75     0.012
472.0     0.012
472.25     0.012
472.5     0.012
472.75     0.012
473.0     0.012
473.25     0.012
473.5     0.012
473.75     0.012
474.0     0.012
474.25     0.012
474.5     0.012
474.75     0.012
475.0     0.012
475.25     0.012
475.5     0.012
475.75     0.012
476.0     0.012
476.25     0.012
476.5     0.012
476.75     0.012
477.0     0.012
477.25     0.012
477.5     0.012
477.75     0.012
478.0     0.012
478.25     0.012
478.5     0.012
478.75     0.012
479.0     0.012
479.25     0.012
479.5     0.012
479.75     0.012
480.0     0.012
480.25     0.01
480.5     0.01
480.75     0.01
481.0     0.01
481.25     0.01
481.5     0.01
481.75     0.008
482.0     0.008
482.25     0.008
482.5     0.008
482.75     0.008
483.0     0.008
483.25     0.008
483.5     0.008
483.75     0.008
484.0     0.008
484.25     0.008
484.5     0.008
484.75     0.008
485.0     0.008
485.25     0.008
485.5     0.008
485.75     0.008
486.0     0.008
486.25     0.008
486.5     0.008
486.75     0.008
487.0     0.008
487.25     0.008
487.5     0.008
487.75     0.008
488.0     0.008
488.25     0.008
488.5     0.008
488.75     0.008
489.0     0.008
489.25     0.008
489.5     0.008
489.75     0.008
490.0     0.008
490.25     0.008
490.5     0.008
490.75     0.008
491.0     0.008
491.25     0.008
491.5     0.008
491.75     0.008
492.0     0.008
492.25     0.008
492.5     0.008
492.75     0.008
493.0     0.008
493.25     0.008
493.5     0.008
493.75     0.008
494.0     0.008
494.25     0.008
494.5     0.008
494.75     0.008
495.0     0.008
495.25     0.008
495.5     0.008
495.75     0.008
496.0     0.008
496.25     0.008
496.5     0.008
496.75     0.008
497.0     0.008
497.25     0.008
497.5     0.008
497.75     0.008
498.0     0.008
498.25     0.008
498.5     0.008
498.75     0.008
499.0     0.008
499.25     0.008
499.5     0.008
499.75     0.008
500.0     0.008
500.25     0.008
500.5     0.008
500.75     0.008
501.0     0.008
501.25     0.008
501.5     0.008
501.75     0.008
502.0     0.008
502.25     0.008
502.5     0.008
502.75     0.008
503.0     0.008
503.25     0.008
503.5     0.008
503.75     0.008
504.0     0.008
504.25     0.008
504.5     0.008
504.75     0.008
505.0     0.008
505.25     0.008
505.5     0.008
505.75     0.008
506.0     0.008
506.25     0.008
506.5     0.008
506.75     0.008
507.0     0.008
507.25     0.008
507.5     0.008
507.75     0.008
508.0     0.008
508.25     0.008
508.5     0.008
508.75     0.008
509.0     0.008
509.25     0.008
509.5     0.008
509.75     0.008
510.0     0.008
510.25     0.008
510.5     0.008
510.75     0.008
511.0     0.008
511.25     0.008
511.5     0.008
511.75     0.008
512.0     0.008
512.25     0.008
512.5     0.008
512.75     0.008
513.0     0.008
513.25     0.008
513.5     0.008
513.75     0.008
514.0     0.008
514.25     0.008
514.5     0.008
514.75     0.008
515.0     0.008
515.25     0.008
515.5     0.008
515.75     0.008
516.0     0.008
516.25     0.008
516.5     0.008
516.75     0.008
517.0     0.008
517.25     0.008
517.5     0.008
517.75     0.008
518.0     0.008
518.25     0.008
518.5     0.008
518.75     0.008
519.0     0.008
519.25     0.008
519.5     0.008
519.75     0.008
520.0     0.008
520.25     0.008
520.5     0.008
520.75     0.008
521.0     0.008
521.25     0.008
521.5     0.008
521.75     0.008
522.0     0.008
522.25     0.008
522.5     0.008
522.75     0.008
523.0     0.008
523.25     0.008
523.5     0.008
523.75     0.008
524.0     0.008
524.25     0.008
524.5     0.008
524.75     0.008
525.0     0.008
525.25     0.008
525.5     0.008
525.75     0.008
526.0     0.008
526.25     0.008
526.5     0.008
526.75     0.008
527.0     0.008
527.25     0.008
527.5     0.008
527.75     0.008
528.0     0.008
528.25     0.008
528.5     0.008
528.75     0.008
529.0     0.008
529.25     0.008
529.5     0.008
529.75     0.008
530.0     0.008
530.25     0.008
530.5     0.008
530.75     0.008
531.0     0.008
531.25     0.008
531.5     0.008
531.75     0.008
532.0     0.008
532.25     0.008
532.5     0.008
532.75     0.008
533.0     0.008
533.25     0.008
533.5     0.008
533.75     0.008
534.0     0.008
534.25     0.008
534.5     0.008
534.75     0.008
535.0     0.008
535.25     0.008
535.5     0.008
535.75     0.008
536.0     0.008
536.25     0.008
536.5     0.008
536.75     0.008
537.0     0.008
537.25     0.008
537.5     0.008
537.75     0.008
538.0     0.008
538.25     0.008
538.5     0.008
538.75     0.008
539.0     0.008
539.25     0.008
539.5     0.008
539.75     0.008
540.0     0.008
540.25     0.008
540.5     0.008
540.75     0.008
541.0     0.008
541.25     0.008
541.5     0.008
541.75     0.008
542.0     0.008
542.25     0.008
542.5     0.008
542.75     0.008
543.0     0.008
543.25     0.008
543.5     0.008
543.75     0.008
544.0     0.008
544.25     0.008
544.5     0.008
544.75     0.008
545.0     0.008
545.25     0.008
545.5     0.008
545.75     0.008
546.0     0.008
546.25     0.008
546.5     0.008
546.75     0.008
547.0     0.008
547.25     0.008
547.5     0.008
547.75     0.008
548.0     0.008
548.25     0.008
548.5     0.008
548.75     0.008
549.0     0.008
549.25     0.008
549.5     0.008
549.75     0.008
550.0     0.008
550.25     0.008
550.5     0.008
550.75     0.008
551.0     0.008
551.25     0.008
551.5     0.008
551.75     0.008
552.0     0.008
552.25     0.008
552.5     0.008
552.75     0.008
553.0     0.01
553.25     0.01
553.5     0.01
553.75     0.01
554.0     0.01
554.25     0.01
554.5     0.01
554.75     0.01
555.0     0.01
555.25     0.01
555.5     0.01
555.75     0.01
556.0     0.01
556.25     0.01
556.5     0.01
556.75     0.01
557.0     0.01
557.25     0.01
557.5     0.01
557.75     0.01
558.0     0.01
558.25     0.01
558.5     0.01
558.75     0.01
559.0     0.01
559.25     0.01
559.5     0.01
559.75     0.01
560.0     0.01
560.25     0.01
560.5     0.01
560.75     0.01
561.0     0.01
561.25     0.01
561.5     0.01
561.75     0.01
562.0     0.01
562.25     0.01
562.5     0.01
562.75     0.01
563.0     0.008
563.25     0.008
563.5     0.008
563.75     0.008
564.0     0.008
564.25     0.008
564.5     0.008
564.75     0.008
565.0     0.008
565.25     0.008
565.5     0.008
565.75     0.008
566.0     0.008
566.25     0.008
566.5     0.008
566.75     0.008
567.0     0.008
567.25     0.008
567.5     0.008
567.75     0.008
568.0     0.008
568.25     0.008
568.5     0.008
568.75     0.006
569.0     0.006
569.25     0.006
569.5     0.006
569.75     0.006
570.0     0.006
570.25     0.006
570.5     0.006
570.75     0.006
571.0     0.006
571.25     0.006
571.5     0.006
571.75     0.006
572.0     0.006
572.25     0.006
572.5     0.006
572.75     0.006
573.0     0.006
573.25     0.006
573.5     0.006
573.75     0.006
574.0     0.006
574.25     0.006
574.5     0.006
574.75     0.006
575.0     0.006
575.25     0.006
575.5     0.006
575.75     0.006
576.0     0.006
576.25     0.006
576.5     0.006
576.75     0.006
577.0     0.006
577.25     0.006
577.5     0.006
577.75     0.006
578.0     0.006
578.25     0.006
578.5     0.006
578.75     0.006
579.0     0.006
579.25     0.006
579.5     0.006
579.75     0.006
580.0     0.006
580.25     0.006
580.5     0.006
580.75     0.006
581.0     0.008
581.25     0.008
581.5     0.008
581.75     0.008
582.0     0.008
582.25     0.008
582.5     0.008
582.75     0.008
583.0     0.01
583.25     0.01
583.5     0.01
583.75     0.01
584.0     0.01
584.25     0.01
584.5     0.01
584.75     0.01
585.0     0.01
585.25     0.01
585.5     0.01
585.75     0.01
586.0     0.01
586.25     0.01
586.5     0.01
586.75     0.01
587.0     0.01
587.25     0.01
587.5     0.01
587.75     0.01
588.0     0.01
588.25     0.01
588.5     0.01
588.75     0.01
589.0     0.01
589.25     0.01
589.5     0.01
589.75     0.01
590.0     0.01
590.25     0.01
590.5     0.01
590.75     0.01
591.0     0.01
591.25     0.01
591.5     0.01
591.75     0.01
592.0     0.01
592.25     0.01
592.5     0.01
592.75     0.008
593.0     0.008
593.25     0.008
593.5     0.008
593.75     0.008
594.0     0.008
594.25     0.008
594.5     0.008
594.75     0.008
595.0     0.01
595.25     0.01
595.5     0.01
595.75     0.01
596.0     0.01
596.25     0.01
596.5     0.01
596.75     0.01
597.0     0.01
597.25     0.01
597.5     0.01
597.75     0.01
598.0     0.01
598.25     0.01
598.5     0.01
598.75     0.01
599.0     0.01
599.25     0.01
599.5     0.01
599.75     0.01
600.0     0.01
600.25     0.01
600.5     0.01
600.75     0.01
601.0     0.01
601.25     0.01
601.5     0.01
601.75     0.01
602.0     0.01
602.25     0.01
602.5     0.01
602.75     0.01
603.0     0.01
603.25     0.01
603.5     0.01
603.75     0.01
604.0     0.01
604.25     0.01
604.5     0.01
604.75     0.01
605.0     0.01
605.25     0.01
605.5     0.01
605.75     0.01
606.0     0.01
606.25     0.01
606.5     0.01
606.75     0.01
607.0     0.01
607.25     0.01
607.5     0.01
607.75     0.01
608.0     0.01
608.25     0.01
608.5     0.01
608.75     0.01
609.0     0.01
609.25     0.01
609.5     0.01
609.75     0.01
610.0     0.01
610.25     0.01
610.5     0.01
610.75     0.01
611.0     0.01
611.25     0.01
611.5     0.01
611.75     0.01
612.0     0.01
612.25     0.01
612.5     0.01
612.75     0.01
613.0     0.01
613.25     0.01
613.5     0.01
613.75     0.01
614.0     0.01
614.25     0.01
614.5     0.01
614.75     0.01
615.0     0.01
615.25     0.01
615.5     0.008
615.75     0.008
616.0     0.008
616.25     0.008
616.5     0.008
616.75     0.008
617.0     0.008
617.25     0.008
617.5     0.008
617.75     0.008
618.0     0.008
618.25     0.008
618.5     0.008
618.75     0.008
619.0     0.008
619.25     0.01
619.5     0.01
619.75     0.01
620.0     0.008
620.25     0.008
620.5     0.008
620.75     0.008
621.0     0.008
621.25     0.008
621.5     0.008
621.75     0.008
622.0     0.008
622.25     0.008
622.5     0.008
622.75     0.008
623.0     0.008
623.25     0.008
623.5     0.008
623.75     0.008
624.0     0.008
624.25     0.008
624.5     0.008
624.75     0.008
625.0     0.008
625.25     0.008
625.5     0.008
625.75     0.008
626.0     0.008
626.25     0.008
626.5     0.008
626.75     0.008
627.0     0.008
627.25     0.008
627.5     0.008
627.75     0.008
628.0     0.008
628.25     0.008
628.5     0.008
628.75     0.008
629.0     0.008
629.25     0.008
629.5     0.008
629.75     0.008
630.0     0.008
630.25     0.008
630.5     0.008
630.75     0.008
631.0     0.008
631.25     0.008
631.5     0.008
631.75     0.008
632.0     0.008
632.25     0.008
632.5     0.008
632.75     0.008
633.0     0.008
633.25     0.008
633.5     0.008
633.75     0.008
634.0     0.008
634.25     0.008
634.5     0.008
634.75     0.01
635.0     0.01
635.25     0.008
635.5     0.01
635.75     0.01
636.0     0.01
636.25     0.012
636.5     0.012
636.75     0.012
637.0     0.012
637.25     0.012
637.5     0.012
637.75     0.012
638.0     0.012
638.25     0.014
638.5     0.012
638.75     0.012
639.0     0.012
639.25     0.012
639.5     0.012
639.75     0.012
640.0     0.012
640.25     0.012
640.5     0.012
640.75     0.012
641.0     0.012
641.25     0.012
641.5     0.012
641.75     0.012
642.0     0.012
642.25     0.01
642.5     0.01
642.75     0.01
643.0     0.01
643.25     0.01
643.5     0.01
643.75     0.01
644.0     0.01
644.25     0.01
644.5     0.01
644.75     0.01
645.0     0.01
645.25     0.01
645.5     0.01
645.75     0.01
646.0     0.01
646.25     0.01
646.5     0.01
646.75     0.01
647.0     0.01
647.25     0.01
647.5     0.01
647.75     0.01
648.0     0.01
648.25     0.01
648.5     0.01
648.75     0.01
649.0     0.01
649.25     0.01
649.5     0.01
649.75     0.01
650.0     0.01
650.25     0.01
650.5     0.01
650.75     0.01
651.0     0.01
651.25     0.01
651.5     0.01
651.75     0.01
652.0     0.01
652.25     0.01
652.5     0.01
652.75     0.01
653.0     0.01
653.25     0.01
653.5     0.01
653.75     0.01
654.0     0.01
654.25     0.01
654.5     0.01
654.75     0.01
655.0     0.01
655.25     0.01
655.5     0.01
655.75     0.01
656.0     0.01
656.25     0.01
656.5     0.01
656.75     0.01
657.0     0.008
657.25     0.008
657.5     0.008
657.75     0.008
658.0     0.008
658.25     0.008
658.5     0.008
658.75     0.008
659.0     0.008
659.25     0.008
659.5     0.008
659.75     0.008
660.0     0.008
660.25     0.008
660.5     0.008
660.75     0.008
661.0     0.008
661.25     0.008
661.5     0.008
661.75     0.008
662.0     0.008
662.25     0.008
662.5     0.008
662.75     0.008
663.0     0.008
663.25     0.008
663.5     0.008
663.75     0.008
664.0     0.008
664.25     0.008
664.5     0.008
664.75     0.008
665.0     0.008
665.25     0.008
665.5     0.008
665.75     0.008
666.0     0.008
666.25     0.008
666.5     0.008
666.75     0.008
667.0     0.008
667.25     0.008
667.5     0.008
667.75     0.008
668.0     0.008
668.25     0.008
668.5     0.008
668.75     0.008
669.0     0.008
669.25     0.008
669.5     0.008
669.75     0.008
670.0     0.008
670.25     0.008
670.5     0.008
670.75     0.008
671.0     0.008
671.25     0.008
671.5     0.006
671.75     0.006
672.0     0.006
672.25     0.006
672.5     0.006
672.75     0.006
673.0     0.006
673.25     0.006
673.5     0.006
673.75     0.006
674.0     0.006
674.25     0.006
674.5     0.006
674.75     0.006
675.0     0.006
675.25     0.006
675.5     0.006
675.75     0.006
676.0     0.006
676.25     0.006
676.5     0.006
676.75     0.006
677.0     0.006
677.25     0.006
677.5     0.006
677.75     0.006
678.0     0.006
678.25     0.006
678.5     0.006
678.75     0.006
679.0     0.006
679.25     0.006
679.5     0.006
679.75     0.006
680.0     0.006
680.25     0.006
680.5     0.006
680.75     0.006
681.0     0.006
681.25     0.006
681.5     0.006
681.75     0.006
682.0     0.006
682.25     0.006
682.5     0.006
682.75     0.006
683.0     0.006
683.25     0.006
683.5     0.006
683.75     0.006
684.0     0.006
684.25     0.006
684.5     0.006
684.75     0.006
685.0     0.006
685.25     0.006
685.5     0.006
685.75     0.006
686.0     0.006
686.25     0.008
686.5     0.008
686.75     0.008
687.0     0.008
687.25     0.008
687.5     0.008
687.75     0.008
688.0     0.008
688.25     0.008
688.5     0.008
688.75     0.008
689.0     0.008
689.25     0.008
689.5     0.008
689.75     0.008
690.0     0.008
690.25     0.008
690.5     0.008
690.75     0.008
691.0     0.008
691.25     0.008
691.5     0.008
691.75     0.008
692.0     0.008
692.25     0.006
692.5     0.006
692.75     0.006
693.0     0.006
693.25     0.006
693.5     0.006
693.75     0.006
694.0     0.006
694.25     0.006
694.5     0.006
694.75     0.006
695.0     0.006
695.25     0.006
695.5     0.006
695.75     0.006
696.0     0.006
696.25     0.006
696.5     0.006
696.75     0.006
697.0     0.006
697.25     0.006
697.5     0.006
697.75     0.006
698.0     0.006
698.25     0.006
698.5     0.006
698.75     0.006
699.0     0.006
699.25     0.006
699.5     0.006
699.75     0.006
700.0     0.006
700.25     0.006
700.5     0.006
700.75     0.006
701.0     0.006
701.25     0.006
701.5     0.006
701.75     0.006
702.0     0.006
702.25     0.006
702.5     0.006
702.75     0.006
703.0     0.006
703.25     0.006
703.5     0.006
703.75     0.006
704.0     0.006
704.25     0.006
704.5     0.006
704.75     0.006
705.0     0.006
705.25     0.006
705.5     0.006
705.75     0.006
706.0     0.006
706.25     0.006
706.5     0.006
706.75     0.006
707.0     0.006
707.25     0.006
707.5     0.006
707.75     0.006
708.0     0.006
708.25     0.006
708.5     0.006
708.75     0.006
709.0     0.006
709.25     0.006
709.5     0.006
709.75     0.006
710.0     0.006
710.25     0.006
710.5     0.006
710.75     0.006
711.0     0.006
711.25     0.006
711.5     0.006
711.75     0.006
712.0     0.006
712.25     0.006
712.5     0.006
712.75     0.006
713.0     0.006
713.25     0.006
713.5     0.006
713.75     0.006
714.0     0.006
714.25     0.006
714.5     0.006
714.75     0.006
715.0     0.006
715.25     0.006
715.5     0.006
715.75     0.006
716.0     0.006
716.25     0.006
716.5     0.006
716.75     0.006
717.0     0.006
717.25     0.006
717.5     0.006
717.75     0.006
718.0     0.006
718.25     0.006
718.5     0.006
718.75     0.006
719.0     0.008
719.25     0.008
719.5     0.008
719.75     0.008
720.0     0.008
720.25     0.008
720.5     0.008
720.75     0.008
721.0     0.008
721.25     0.008
721.5     0.008
721.75     0.008
722.0     0.008
722.25     0.008
722.5     0.008
722.75     0.008
723.0     0.008
723.25     0.008
723.5     0.008
723.75     0.008
724.0     0.008
724.25     0.008
724.5     0.008
724.75     0.008
725.0     0.008
725.25     0.008
725.5     0.008
725.75     0.008
726.0     0.008
726.25     0.008
726.5     0.008
726.75     0.008
727.0     0.008
727.25     0.008
727.5     0.008
727.75     0.008
728.0     0.008
728.25     0.008
728.5     0.008
728.75     0.008
729.0     0.008
729.25     0.008
729.5     0.008
729.75     0.008
730.0     0.008
730.25     0.008
730.5     0.008
730.75     0.008
731.0     0.008
731.25     0.008
731.5     0.008
731.75     0.008
732.0     0.008
732.25     0.008
732.5     0.008
732.75     0.008
733.0     0.008
733.25     0.008
733.5     0.008
733.75     0.008
734.0     0.008
734.25     0.008
734.5     0.008
734.75     0.008
735.0     0.008
735.25     0.008
735.5     0.008
735.75     0.008
736.0     0.008
736.25     0.008
736.5     0.008
736.75     0.008
737.0     0.008
737.25     0.008
737.5     0.008
737.75     0.008
738.0     0.008
738.25     0.008
738.5     0.008
738.75     0.008
739.0     0.008
739.25     0.008
739.5     0.008
739.75     0.008
740.0     0.008
740.25     0.008
740.5     0.008
740.75     0.008
741.0     0.008
741.25     0.008
741.5     0.008
741.75     0.008
742.0     0.008
742.25     0.008
742.5     0.008
742.75     0.008
743.0     0.008
743.25     0.008
743.5     0.008
743.75     0.008
744.0     0.008
744.25     0.008
744.5     0.008
744.75     0.008
745.0     0.008
745.25     0.008
745.5     0.01
745.75     0.01
746.0     0.01
746.25     0.01
746.5     0.01
746.75     0.01
747.0     0.01
747.25     0.01
747.5     0.01
747.75     0.01
748.0     0.01
748.25     0.01
748.5     0.01
748.75     0.01
749.0     0.01
749.25     0.01
749.5     0.01
749.75     0.01
750.0     0.01
750.25     0.01
750.5     0.01
750.75     0.01
751.0     0.01
751.25     0.01
751.5     0.01
751.75     0.01
752.0     0.01
752.25     0.01
752.5     0.01
752.75     0.01
753.0     0.01
753.25     0.01
753.5     0.01
753.75     0.01
754.0     0.01
754.25     0.01
754.5     0.008
754.75     0.008
755.0     0.008
755.25     0.008
755.5     0.008
755.75     0.008
756.0     0.008
756.25     0.008
756.5     0.008
756.75     0.008
757.0     0.008
757.25     0.008
757.5     0.008
757.75     0.008
758.0     0.008
758.25     0.008
758.5     0.008
758.75     0.008
759.0     0.008
759.25     0.008
759.5     0.008
759.75     0.008
760.0     0.008
760.25     0.008
760.5     0.008
760.75     0.008
761.0     0.008
761.25     0.008
761.5     0.008
761.75     0.008
762.0     0.008
762.25     0.008
762.5     0.008
762.75     0.008
763.0     0.008
763.25     0.008
763.5     0.008
763.75     0.008
764.0     0.008
764.25     0.008
764.5     0.008
764.75     0.008
765.0     0.006
765.25     0.006
765.5     0.006
765.75     0.006
766.0     0.006
766.25     0.006
766.5     0.006
766.75     0.006
767.0     0.006
767.25     0.006
767.5     0.006
767.75     0.006
768.0     0.006
768.25     0.006
768.5     0.006
768.75     0.006
769.0     0.006
769.25     0.006
769.5     0.006
769.75     0.006
770.0     0.006
770.25     0.006
770.5     0.006
770.75     0.006
771.0     0.006
771.25     0.006
771.5     0.006
771.75     0.006
772.0     0.006
772.25     0.006
772.5     0.006
772.75     0.006
773.0     0.006
773.25     0.006
773.5     0.006
773.75     0.006
774.0     0.006
774.25     0.006
774.5     0.006
774.75     0.006
775.0     0.006
775.25     0.006
775.5     0.008
775.75     0.008
776.0     0.008
776.25     0.008
776.5     0.008
776.75     0.008
777.0     0.008
777.25     0.008
777.5     0.006
777.75     0.006
778.0     0.006
778.25     0.006
778.5     0.006
778.75     0.006
779.0     0.006
779.25     0.006
779.5     0.006
779.75     0.006
780.0     0.006
780.25     0.006
780.5     0.006
780.75     0.006
781.0     0.006
781.25     0.006
781.5     0.006
781.75     0.006
782.0     0.006
782.25     0.006
782.5     0.006
782.75     0.006
783.0     0.006
783.25     0.006
783.5     0.006
783.75     0.006
784.0     0.006
784.25     0.006
784.5     0.006
784.75     0.006
785.0     0.006
785.25     0.006
785.5     0.006
785.75     0.006
786.0     0.006
786.25     0.006
786.5     0.006
786.75     0.006
787.0     0.006
787.25     0.006
787.5     0.006
787.75     0.006
788.0     0.006
788.25     0.006
788.5     0.006
788.75     0.006
789.0     0.006
789.25     0.006
789.5     0.006
789.75     0.006
790.0     0.006
790.25     0.006
790.5     0.006
790.75     0.006
791.0     0.006
791.25     0.006
791.5     0.006
791.75     0.006
792.0     0.006
792.25     0.006
792.5     0.006
792.75     0.006
793.0     0.006
793.25     0.006
793.5     0.006
793.75     0.006
794.0     0.006
794.25     0.006
794.5     0.006
794.75     0.006
795.0     0.006
795.25     0.006
795.5     0.006
795.75     0.006
796.0     0.006
796.25     0.006
796.5     0.006
796.75     0.006
797.0     0.006
797.25     0.006
797.5     0.006
797.75     0.006
798.0     0.006
798.25     0.006
798.5     0.006
798.75     0.008
799.0     0.008
799.25     0.008
799.5     0.008
799.75     0.006
800.0     0.006
800.25     0.006
800.5     0.006
800.75     0.006
801.0     0.006
801.25     0.006
801.5     0.006
801.75     0.006
802.0     0.006
802.25     0.006
802.5     0.006
802.75     0.006
803.0     0.006
803.25     0.006
803.5     0.006
803.75     0.006
804.0     0.006
804.25     0.006
804.5     0.006
804.75     0.006
805.0     0.006
805.25     0.006
805.5     0.006
805.75     0.006
806.0     0.006
806.25     0.006
806.5     0.006
806.75     0.006
807.0     0.006
807.25     0.006
807.5     0.006
807.75     0.006
808.0     0.006
808.25     0.006
808.5     0.008
808.75     0.008
809.0     0.008
809.25     0.008
809.5     0.008
809.75     0.008
810.0     0.008
810.25     0.008
810.5     0.008
810.75     0.008
811.0     0.008
811.25     0.008
811.5     0.008
811.75     0.008
812.0     0.008
812.25     0.008
812.5     0.008
812.75     0.008
813.0     0.008
813.25     0.008
813.5     0.008
813.75     0.008
814.0     0.008
814.25     0.006
814.5     0.006
814.75     0.006
815.0     0.006
815.25     0.006
815.5     0.006
815.75     0.006
816.0     0.006
816.25     0.006
816.5     0.006
816.75     0.006
817.0     0.006
817.25     0.006
817.5     0.006
817.75     0.006
818.0     0.006
818.25     0.006
818.5     0.006
818.75     0.006
819.0     0.006
819.25     0.006
819.5     0.006
819.75     0.006
820.0     0.006
820.25     0.006
820.5     0.006
820.75     0.006
821.0     0.006
821.25     0.006
821.5     0.006
821.75     0.006
822.0     0.006
822.25     0.006
822.5     0.006
822.75     0.006
823.0     0.006
823.25     0.006
823.5     0.006
823.75     0.006
824.0     0.006
824.25     0.006
824.5     0.006
824.75     0.006
825.0     0.006
825.25     0.006
825.5     0.006
825.75     0.006
826.0     0.006
826.25     0.006
826.5     0.006
826.75     0.006
827.0     0.006
827.25     0.006
827.5     0.006
827.75     0.006
828.0     0.006
828.25     0.006
828.5     0.006
828.75     0.006
829.0     0.006
829.25     0.006
829.5     0.006
829.75     0.006
830.0     0.006
830.25     0.006
830.5     0.006
830.75     0.006
831.0     0.006
831.25     0.006
831.5     0.006
831.75     0.006
832.0     0.006
832.25     0.006
832.5     0.006
832.75     0.008
833.0     0.008
833.25     0.008
833.5     0.008
833.75     0.008
834.0     0.008
834.25     0.008
834.5     0.008
834.75     0.008
835.0     0.008
835.25     0.008
835.5     0.008
835.75     0.008
836.0     0.008
836.25     0.008
836.5     0.008
836.75     0.008
837.0     0.008
837.25     0.008
837.5     0.008
837.75     0.008
838.0     0.008
838.25     0.008
838.5     0.008
838.75     0.008
839.0     0.008
839.25     0.008
839.5     0.008
839.75     0.008
840.0     0.008
840.25     0.008
840.5     0.008
840.75     0.008
841.0     0.008
841.25     0.008
841.5     0.008
841.75     0.006
842.0     0.006
842.25     0.006
842.5     0.006
842.75     0.006
843.0     0.006
843.25     0.006
843.5     0.006
843.75     0.006
844.0     0.006
844.25     0.006
844.5     0.006
844.75     0.006
845.0     0.006
845.25     0.006
845.5     0.006
845.75     0.006
846.0     0.006
846.25     0.006
846.5     0.006
846.75     0.006
847.0     0.006
847.25     0.006
847.5     0.006
847.75     0.006
848.0     0.006
848.25     0.006
848.5     0.006
848.75     0.006
849.0     0.006
849.25     0.006
849.5     0.006
849.75     0.006
850.0     0.006
850.25     0.006
850.5     0.006
850.75     0.006
851.0     0.006
851.25     0.006
851.5     0.006
851.75     0.008
852.0     0.008
852.25     0.008
852.5     0.008
852.75     0.008
853.0     0.008
853.25     0.008
853.5     0.008
853.75     0.008
854.0     0.008
854.25     0.008
854.5     0.008
854.75     0.006
855.0     0.006
855.25     0.006
855.5     0.006
855.75     0.006
856.0     0.006
856.25     0.006
856.5     0.006
856.75     0.006
857.0     0.006
857.25     0.006
857.5     0.006
857.75     0.006
858.0     0.006
858.25     0.006
858.5     0.006
858.75     0.006
859.0     0.006
859.25     0.006
859.5     0.006
859.75     0.006
860.0     0.006
860.25     0.006
860.5     0.006
860.75     0.006
861.0     0.006
861.25     0.006
861.5     0.006
861.75     0.006
862.0     0.006
862.25     0.006
862.5     0.006
862.75     0.006
863.0     0.006
863.25     0.006
863.5     0.006
863.75     0.006
864.0     0.006
864.25     0.006
864.5     0.006
864.75     0.006
865.0     0.006
865.25     0.006
865.5     0.006
865.75     0.006
866.0     0.006
866.25     0.006
866.5     0.006
866.75     0.006
867.0     0.006
867.25     0.006
867.5     0.006
867.75     0.006
868.0     0.006
868.25     0.006
868.5     0.006
868.75     0.006
869.0     0.006
869.25     0.006
869.5     0.006
869.75     0.006
870.0     0.006
870.25     0.006
870.5     0.006
870.75     0.006
871.0     0.006
871.25     0.006
871.5     0.006
871.75     0.006
872.0     0.006
872.25     0.006
872.5     0.006
872.75     0.006
873.0     0.006
873.25     0.006
873.5     0.006
873.75     0.006
874.0     0.006
874.25     0.006
874.5     0.006
874.75     0.006
875.0     0.006
875.25     0.006
875.5     0.006
875.75     0.006
876.0     0.006
876.25     0.006
876.5     0.006
876.75     0.006
877.0     0.006
877.25     0.006
877.5     0.006
877.75     0.006
878.0     0.006
878.25     0.006
878.5     0.006
878.75     0.006
879.0     0.006
879.25     0.006
879.5     0.006
879.75     0.006
880.0     0.006
880.25     0.006
880.5     0.006
880.75     0.006
881.0     0.006
881.25     0.006
881.5     0.006
881.75     0.006
882.0     0.006
882.25     0.006
882.5     0.006
882.75     0.006
883.0     0.006
883.25     0.006
883.5     0.006
883.75     0.006
884.0     0.008
884.25     0.008
884.5     0.008
884.75     0.008
885.0     0.008
885.25     0.008
885.5     0.008
885.75     0.008
886.0     0.008
886.25     0.008
886.5     0.008
886.75     0.008
887.0     0.008
887.25     0.008
887.5     0.008
887.75     0.008
888.0     0.008
888.25     0.008
888.5     0.008
888.75     0.008
889.0     0.008
889.25     0.008
889.5     0.008
889.75     0.008
890.0     0.008
890.25     0.008
890.5     0.008
890.75     0.008
891.0     0.008
891.25     0.008
891.5     0.008
891.75     0.008
892.0     0.008
892.25     0.008
892.5     0.008
892.75     0.008
893.0     0.008
893.25     0.008
893.5     0.008
893.75     0.008
894.0     0.008
894.25     0.01
894.5     0.01
894.75     0.01
895.0     0.01
895.25     0.01
895.5     0.01
895.75     0.01
896.0     0.01
896.25     0.01
896.5     0.01
896.75     0.01
897.0     0.008
897.25     0.008
897.5     0.008
897.75     0.006
898.0     0.006
898.25     0.006
898.5     0.006
898.75     0.006
899.0     0.006
899.25     0.006
899.5     0.006
899.75     0.006
900.0     0.006
900.25     0.006
900.5     0.006
900.75     0.006
901.0     0.006
901.25     0.006
901.5     0.006
901.75     0.006
902.0     0.006
902.25     0.006
902.5     0.006
902.75     0.006
903.0     0.006
903.25     0.006
903.5     0.006
903.75     0.006
904.0     0.006
904.25     0.006
904.5     0.006
904.75     0.006
905.0     0.006
905.25     0.006
905.5     0.006
905.75     0.006
906.0     0.006
906.25     0.006
906.5     0.006
906.75     0.006
907.0     0.006
907.25     0.006
907.5     0.006
907.75     0.006
908.0     0.006
908.25     0.006
908.5     0.006
908.75     0.006
909.0     0.006
909.25     0.006
909.5     0.006
909.75     0.006
910.0     0.006
910.25     0.006
910.5     0.006
910.75     0.006
911.0     0.008
911.25     0.008
911.5     0.008
911.75     0.008
912.0     0.008
912.25     0.008
912.5     0.008
912.75     0.008
913.0     0.008
913.25     0.008
913.5     0.006
913.75     0.006
914.0     0.008
914.25     0.008
914.5     0.006
914.75     0.006
915.0     0.006
915.25     0.006
915.5     0.006
915.75     0.006
916.0     0.006
916.25     0.006
916.5     0.006
916.75     0.006
917.0     0.006
917.25     0.006
917.5     0.006
917.75     0.006
918.0     0.006
918.25     0.006
918.5     0.006
918.75     0.006
919.0     0.006
919.25     0.006
919.5     0.006
919.75     0.006
920.0     0.006
920.25     0.006
920.5     0.006
920.75     0.006
921.0     0.006
921.25     0.006
921.5     0.006
921.75     0.006
922.0     0.006
922.25     0.006
922.5     0.006
922.75     0.006
923.0     0.006
923.25     0.006
923.5     0.006
923.75     0.006
924.0     0.006
924.25     0.006
924.5     0.006
924.75     0.006
925.0     0.006
925.25     0.006
925.5     0.006
925.75     0.006
926.0     0.006
926.25     0.006
926.5     0.006
926.75     0.006
927.0     0.006
927.25     0.006
927.5     0.006
927.75     0.006
928.0     0.006
928.25     0.006
928.5     0.006
928.75     0.006
929.0     0.006
929.25     0.006
929.5     0.006
929.75     0.006
930.0     0.006
930.25     0.006
930.5     0.006
930.75     0.006
931.0     0.006
931.25     0.006
931.5     0.006
931.75     0.006
932.0     0.006
932.25     0.006
932.5     0.006
932.75     0.006
933.0     0.006
933.25     0.006
933.5     0.006
933.75     0.006
934.0     0.006
934.25     0.006
934.5     0.006
934.75     0.006
935.0     0.006
935.25     0.006
935.5     0.006
935.75     0.006
936.0     0.006
936.25     0.006
936.5     0.006
936.75     0.006
937.0     0.006
937.25     0.006
937.5     0.006
937.75     0.006
938.0     0.006
938.25     0.006
938.5     0.006
938.75     0.006
939.0     0.006
939.25     0.006
939.5     0.006
939.75     0.006
940.0     0.006
940.25     0.006
940.5     0.006
940.75     0.006
941.0     0.006
941.25     0.006
941.5     0.006
941.75     0.006
942.0     0.006
942.25     0.006
942.5     0.006
942.75     0.006
943.0     0.006
943.25     0.006
943.5     0.006
943.75     0.006
944.0     0.006
944.25     0.006
944.5     0.006
944.75     0.006
945.0     0.006
945.25     0.008
945.5     0.008
945.75     0.008
946.0     0.008
946.25     0.008
946.5     0.008
946.75     0.008
947.0     0.008
947.25     0.008
947.5     0.008
947.75     0.008
948.0     0.008
948.25     0.008
948.5     0.008
948.75     0.008
949.0     0.008
949.25     0.006
949.5     0.006
949.75     0.006
950.0     0.006
950.25     0.006
950.5     0.006
950.75     0.006
951.0     0.006
951.25     0.006
951.5     0.006
951.75     0.006
952.0     0.006
952.25     0.006
952.5     0.006
952.75     0.006
953.0     0.006
953.25     0.006
953.5     0.006
953.75     0.006
954.0     0.006
954.25     0.006
954.5     0.006
954.75     0.006
955.0     0.006
955.25     0.006
955.5     0.006
955.75     0.006
956.0     0.006
956.25     0.006
956.5     0.006
956.75     0.006
957.0     0.006
957.25     0.006
957.5     0.006
957.75     0.006
958.0     0.006
958.25     0.006
958.5     0.006
958.75     0.006
959.0     0.006
959.25     0.006
959.5     0.006
959.75     0.006
960.0     0.006
960.25     0.006
960.5     0.006
960.75     0.006
961.0     0.006
961.25     0.006
961.5     0.006
961.75     0.006
962.0     0.006
962.25     0.006
962.5     0.006
962.75     0.006
963.0     0.006
963.25     0.006
963.5     0.006
963.75     0.006
964.0     0.006
964.25     0.006
964.5     0.006
964.75     0.006
965.0     0.006
965.25     0.006
965.5     0.006
965.75     0.006
966.0     0.006
966.25     0.006
966.5     0.006
966.75     0.006
967.0     0.006
967.25     0.006
967.5     0.006
967.75     0.006
968.0     0.006
968.25     0.006
968.5     0.008
968.75     0.008
969.0     0.008
969.25     0.008
969.5     0.008
969.75     0.008
970.0     0.008
970.25     0.008
970.5     0.008
970.75     0.006
971.0     0.006
971.25     0.006
971.5     0.006
971.75     0.006
972.0     0.006
972.25     0.006
972.5     0.006
972.75     0.006
973.0     0.006
973.25     0.006
973.5     0.006
973.75     0.006
974.0     0.006
974.25     0.008
974.5     0.008
974.75     0.008
975.0     0.008
975.25     0.008
975.5     0.008
975.75     0.008
976.0     0.008
976.25     0.008
976.5     0.008
976.75     0.008
977.0     0.008
977.25     0.008
977.5     0.008
977.75     0.008
978.0     0.008
978.25     0.008
978.5     0.008
978.75     0.008
979.0     0.008
979.25     0.008
979.5     0.006
979.75     0.006
980.0     0.006
980.25     0.006
980.5     0.006
980.75     0.006
981.0     0.006
981.25     0.006
981.5     0.006
981.75     0.006
982.0     0.006
982.25     0.006
982.5     0.006
982.75     0.006
983.0     0.006
983.25     0.006
983.5     0.006
983.75     0.006
984.0     0.006
984.25     0.006
984.5     0.006
984.75     0.006
985.0     0.008
985.25     0.006
985.5     0.006
985.75     0.006
986.0     0.006
986.25     0.006
986.5     0.008
986.75     0.006
987.0     0.006
987.25     0.006
987.5     0.006
987.75     0.006
988.0     0.006
988.25     0.006
988.5     0.006
988.75     0.006
989.0     0.006
989.25     0.006
989.5     0.006
989.75     0.006
990.0     0.006
990.25     0.006
990.5     0.006
990.75     0.006
991.0     0.006
991.25     0.006
991.5     0.006
991.75     0.006
992.0     0.006
992.25     0.006
992.5     0.006
992.75     0.006
993.0     0.006
993.25     0.006
993.5     0.006
993.75     0.006
994.0     0.006
994.25     0.006
994.5     0.006
994.75     0.006
995.0     0.006
995.25     0.006
995.5     0.006
995.75     0.006
996.0     0.006
996.25     0.006
996.5     0.006
996.75     0.006
997.0     0.006
997.25     0.006
997.5     0.006
997.75     0.006
998.0     0.006
998.25     0.006
998.5     0.006
998.75     0.006
999.0     0.006
999.25     0.006
999.5     0.006
999.75     0.006
1000.0     0.006
