  5.0   144.00000
  6.0   103.75000
  8.0   234.75000
 10.0   202.50000
 13.0    39.25000
 14.0   102.50000
 16.0    33.50000
 17.0   268.75000
 19.0    55.00000
 20.0    62.75000
 21.0   157.00000
 22.0   195.50000
 24.0    57.00000
 25.0   232.50000
 26.0    51.50000
 27.0    42.25000
 28.0   137.00000
 29.0    31.00000
 33.0    62.50000
 34.0   438.75000
 35.0    44.00000
 36.0   227.75000
 38.0   104.00000
 42.0    51.25000
 44.0    55.75000
 45.0   284.25000
 48.0    39.25000
 50.0    70.75000
 51.0   335.50000
 53.0    96.25000
 57.0   107.00000
 58.0    55.75000
 59.0   213.25000
 61.0    96.25000
 62.0   226.50000
 65.0    54.50000
 66.0    57.75000
 67.0   192.50000
 69.0   156.25000
 70.0    54.00000
 73.0    93.50000
 75.0    82.75000
 76.0   128.50000
 77.0    52.00000
 80.0    46.75000
 83.0    55.75000
 85.0   117.75000
 86.0   195.50000
 87.0    88.75000
 88.0    33.25000
 89.0   193.00000
 91.0    40.50000
 92.0   266.50000
 94.0    70.50000
 95.0   102.00000
 96.0    56.75000
 98.0   101.75000
102.0    26.50000
105.0   211.75000
106.0    46.50000
108.0   129.50000
109.0   149.00000
113.0   232.25000
114.0   150.50000
115.0    27.75000
116.0    54.25000
118.0   247.50000
119.0   137.00000
123.0    47.50000
125.0   206.25000
126.0   206.00000
127.0    56.25000
128.0    49.00000
130.0    72.50000
133.0    22.75000
136.0   130.00000
138.0    55.75000
139.0   125.75000
140.0   136.50000
141.0    58.50000
143.0   221.00000
146.0   287.00000
148.0   303.00000
149.0    44.75000
152.0    58.25000
155.0    81.50000
157.0    57.50000
159.0   303.50000
161.0    59.00000
162.0    83.25000
172.0   208.25000
173.0    47.00000
174.0    61.00000
177.0   119.75000
179.0   145.75000
180.0    44.75000
182.0   142.00000
184.0    73.75000
186.0   238.00000
187.0    46.25000
189.0    85.25000
191.0    52.75000
194.0   198.75000
195.0   109.50000
196.0    47.00000
199.0   225.00000
201.0   112.50000
204.0    40.00000
205.0   302.75000
209.0   190.00000
210.0    55.75000
211.0   146.25000
214.0   125.50000
216.0   134.75000
218.0   103.75000
220.0    59.50000
221.0    60.00000
223.0   166.00000
226.0    58.00000
229.0    51.25000
231.0   342.50000
233.0    83.25000
234.0    60.50000
235.0    84.00000
237.0    40.50000
238.0    45.00000
239.0    47.25000
241.0   312.75000
242.0    83.75000
244.0    52.75000
245.0    29.75000
248.0   329.00000
249.0    51.00000
253.0   112.50000
254.0    66.25000
255.0    58.50000
256.0    41.50000
258.0   148.00000
259.0   113.25000
260.0   186.25000
261.0   138.50000
263.0   155.25000
265.0    40.50000
268.0   355.25000
269.0    32.50000
272.0    90.75000
273.0    45.50000
277.0   130.25000
278.0    51.00000
279.0    51.00000
280.0   113.25000
281.0    34.00000
285.0    86.75000
286.0   121.50000
287.0    55.25000
288.0    84.50000
289.0   160.75000
290.0    54.25000
291.0    49.75000
292.0    53.25000
294.0    43.75000
297.0   131.75000
299.0   146.00000
300.0   130.00000
302.0    52.00000
305.0    44.75000
306.0   165.50000
307.0   153.50000
309.0    67.50000
311.0    49.25000
313.0    47.00000
314.0   106.00000
319.0   244.75000
320.0    53.00000
322.0    28.00000
324.0   121.50000
325.0   198.25000
326.0   108.50000
330.0   106.25000
331.0    42.25000
332.0    61.75000
334.0    50.50000
335.0   140.75000
336.0   253.50000
337.0    51.75000
341.0   152.00000
342.0   412.00000
343.0   138.75000
347.0    54.25000
348.0    41.50000
349.0    48.00000
350.0   133.50000
352.0   252.25000
353.0    80.50000
354.0   194.00000
355.0    30.75000
357.0   193.75000
358.0   181.50000
359.0    43.25000
362.0   102.50000
365.0   145.25000
366.0    99.50000
367.0   190.75000
368.0   147.25000
372.0    36.50000
375.0    84.75000
377.0   125.75000
379.0    89.00000
381.0   119.00000
382.0    47.25000
383.0   218.25000
384.0    64.25000
385.0    93.00000
386.0    33.25000
387.0    44.25000
389.0    57.75000
390.0   395.50000
393.0    56.75000
395.0   213.25000
397.0    49.00000
398.0   187.00000
399.0   145.50000
400.0   187.50000
403.0   131.50000
404.0   108.50000
405.0   148.25000
406.0    72.50000
407.0    51.75000
410.0   160.00000
412.0   151.50000
413.0   204.50000
415.0    55.75000
416.0   197.50000
418.0   346.00000
419.0   250.00000
420.0    59.50000
421.0   229.75000
423.0    64.75000
425.0    37.50000
426.0    48.50000
427.0   210.25000
428.0   157.75000
430.0    54.25000
431.0   226.75000
432.0   225.00000
433.0    40.00000
434.0    74.50000
436.0   138.25000
437.0    56.00000
438.0   283.25000
439.0   222.75000
443.0    97.25000
444.0   222.50000
448.0    65.25000
456.0   157.25000
457.0    46.00000
460.0    97.00000
461.0   158.00000
462.0    43.25000
463.0    72.50000
465.0    55.00000
467.0    50.50000
471.0   371.25000
472.0   105.75000
473.0    66.75000
475.0   203.00000
476.0   298.00000
477.0    50.75000
479.0   227.50000
481.0   108.50000
483.0   279.50000
485.0   186.75000
486.0    85.50000
489.0    59.50000
491.0   142.50000
492.0   143.25000
493.0    64.75000
494.0   152.00000
497.0   195.00000
498.0   140.75000
