  5.0    85.17320
  6.0    66.24272
  8.0    94.11625
 10.0    88.92855
 13.0    83.42932
 14.0    70.74495
 16.0    77.71250
 17.0    68.69268
 19.0    83.44962
 20.0    67.21638
 21.0    70.44685
 22.0    84.05044
 24.0    83.29978
 25.0    53.32435
 26.0    81.21398
 27.0    84.76335
 28.0    73.67216
 29.0    79.81832
 33.0    89.54628
 34.0    85.37589
 35.0    85.67346
 36.0    88.79210
 38.0    55.99318
 42.0    84.26099
 44.0    85.08205
 45.0    85.79862
 48.0    81.41776
 50.0    54.75579
 51.0    83.67557
 53.0    85.44257
 57.0    51.98637
 58.0    76.67512
 59.0    90.24056
 61.0    83.14790
 62.0    75.47651
 65.0    82.45402
 66.0    91.13576
 67.0    84.05663
 69.0    78.21894
 70.0    81.98367
 73.0    55.67313
 75.0    42.98621
 76.0    72.06225
 77.0    83.93683
 80.0    88.17899
 83.0    81.22037
 85.0    64.63390
 86.0    94.59613
 87.0    57.83727
 88.0    87.29868
 89.0    85.59933
 91.0    87.09418
 92.0    89.76014
 94.0    73.14379
 95.0    83.27935
 96.0    80.58393
 98.0    60.49690
102.0    86.10530
105.0    89.01833
106.0    91.59278
108.0    80.28299
109.0    94.89119
113.0    91.21523
114.0    69.06107
115.0    81.13324
116.0    89.15033
118.0    68.72862
119.0    87.07993
123.0    86.67336
125.0    84.84881
126.0    85.27153
127.0    86.48576
128.0    84.14120
130.0    81.76493
133.0    85.67411
136.0    75.57238
138.0    69.16327
139.0    70.86886
140.0    86.53130
141.0    78.03205
143.0    88.76147
146.0    87.98238
148.0    87.82369
149.0    79.69162
152.0    88.48519
155.0    65.09881
157.0    82.46103
159.0    86.43987
161.0    75.74457
162.0    54.61368
172.0    77.78960
173.0    82.10103
174.0    90.84950
177.0    67.90569
179.0    88.90146
180.0    61.87442
182.0    85.06379
184.0    60.75240
186.0     5.18101
187.0    87.19470
189.0    85.10321
191.0    65.55460
194.0    89.68800
195.0    67.96452
196.0    93.23689
199.0    91.77202
201.0    58.71292
204.0    88.00793
205.0    78.35555
209.0    82.37150
210.0    75.48266
211.0    63.89692
214.0    82.78145
216.0    79.69531
218.0    52.39314
220.0    77.47084
221.0    69.75463
223.0    72.49420
226.0    83.95523
229.0    85.02554
231.0    85.69246
233.0    64.36560
234.0    87.38947
235.0    72.28356
237.0    85.35189
238.0    76.56639
239.0    82.78386
241.0    78.17012
242.0    63.00107
244.0    81.65606
245.0    75.31517
248.0    72.46856
249.0    82.47761
253.0    48.25371
254.0    70.13923
255.0    88.71970
256.0    90.19290
258.0    74.16017
259.0    70.48258
260.0    72.85012
261.0    85.83037
263.0    70.59483
265.0    75.39099
268.0    85.80245
269.0    76.33435
272.0    60.44793
273.0    91.52665
277.0    62.63294
278.0    68.29287
279.0    72.20878
280.0    85.00000
281.0    78.22428
285.0    41.96359
286.0    80.35922
287.0    74.38653
288.0    46.41423
289.0    71.64138
290.0    82.43311
291.0    84.80921
292.0    87.16257
294.0    85.25194
297.0    78.96843
299.0    76.51894
300.0    83.46655
302.0    86.76576
305.0    87.68557
306.0    73.31347
307.0    70.63019
309.0    69.59982
311.0    83.06487
313.0    75.97846
314.0    87.93509
319.0    74.36212
320.0    83.85813
322.0    74.72890
324.0    79.34890
325.0    90.42218
326.0    77.75751
330.0    59.95393
331.0    82.35738
332.0    74.56534
334.0    84.68895
335.0    85.79440
336.0    80.14648
337.0    79.13866
341.0    83.75064
342.0    81.47145
343.0    73.78293
347.0    88.49971
348.0    89.67288
349.0    82.44833
350.0    64.63474
352.0    84.55580
353.0    68.31922
354.0    81.07349
355.0    82.46384
357.0    78.85427
358.0    63.84164
359.0    82.89081
362.0    69.36564
365.0    88.78866
366.0    61.43234
367.0    79.00794
368.0    81.63947
372.0    86.89212
375.0    55.41923
377.0    79.13084
379.0    73.48121
381.0    84.28588
382.0    84.53402
383.0    82.33170
384.0    86.21241
385.0    82.03410
386.0    88.28287
387.0    87.75364
389.0    88.37381
390.0    85.83847
393.0    82.90687
395.0    73.75085
397.0    66.75757
398.0    78.88491
399.0    82.76434
400.0    80.99616
403.0    79.56153
404.0    64.86411
405.0    84.98948
406.0    41.42402
407.0    87.08981
410.0    72.73068
412.0    66.53598
413.0    80.86402
415.0    89.63801
416.0    66.34705
418.0    87.43437
419.0    68.15160
420.0    58.15459
421.0    77.64576
423.0    84.50092
425.0    83.33489
426.0    86.37852
427.0    73.82472
428.0    81.22703
430.0    79.98910
431.0    82.51893
432.0    63.21462
433.0    83.41460
434.0    90.97023
436.0    83.97804
437.0    92.31110
438.0    84.86232
439.0    90.42959
443.0    44.28247
444.0    68.65079
448.0    59.57168
456.0    59.50733
457.0    81.65102
460.0    87.18004
461.0    69.78583
462.0    74.51900
463.0    77.06458
465.0    83.94869
467.0    87.15138
471.0    77.41250
472.0    65.00083
473.0    68.45460
475.0    90.51071
476.0    78.87644
477.0    84.15593
479.0    83.73073
481.0    72.70973
483.0    62.23991
485.0    75.37306
486.0    55.17033
489.0    70.84581
491.0    79.98781
492.0    75.04271
493.0    68.68322
494.0    82.31704
497.0    87.39480
498.0    78.04895
