  1.0    22.75000
  2.0    28.75000
  3.0   193.50000
  4.0    45.25000
  7.0   286.00000
  9.0    31.50000
 11.0   579.00000
 12.0   128.50000
 15.0    26.25000
 18.0    21.00000
 23.0    28.00000
 30.0    28.00000
 31.0   446.50000
 32.0    25.50000
 37.0    36.25000
 39.0    26.50000
 40.0   250.50000
 41.0    25.50000
 43.0   126.25000
 46.0    26.50000
 47.0   127.50000
 49.0    29.75000
 52.0   283.75000
 54.0    28.00000
 55.0   279.25000
 56.0   202.75000
 60.0   192.25000
 63.0   263.75000
 64.0    53.50000
 68.0   246.25000
 71.0   365.50000
 72.0    24.50000
 74.0    28.75000
 78.0   194.25000
 79.0   251.00000
 81.0    29.50000
 82.0    38.25000
 84.0   214.50000
 90.0   135.25000
 93.0    68.50000
 97.0   470.25000
 99.0    36.00000
100.0    25.50000
101.0    32.50000
103.0    25.25000
104.0    28.00000
107.0    31.25000
110.0    25.75000
111.0    21.25000
112.0   191.50000
117.0    24.00000
120.0   424.25000
121.0   123.75000
122.0   206.50000
124.0    27.25000
129.0   276.25000
131.0    29.75000
132.0    54.75000
134.0    34.50000
135.0    27.00000
137.0    24.25000
142.0    26.25000
144.0   127.00000
145.0    26.75000
147.0   236.75000
150.0    30.50000
151.0    24.75000
153.0    27.50000
154.0    38.75000
156.0   200.25000
158.0   350.00000
160.0   130.25000
163.0    27.25000
164.0    23.75000
165.0   209.50000
166.0   200.75000
167.0   148.00000
168.0    27.00000
169.0   449.75000
170.0    32.25000
171.0   194.50000
175.0    24.25000
176.0    22.75000
178.0    22.25000
181.0   131.25000
183.0   921.25000
185.0   135.25000
188.0   273.25000
190.0   412.00000
192.0    33.50000
193.0    49.75000
197.0   222.00000
198.0   399.25000
200.0   271.00000
202.0    46.75000
203.0    28.50000
206.0    45.25000
207.0   116.25000
208.0   497.50000
212.0   202.50000
213.0    28.75000
215.0   121.75000
217.0    29.50000
219.0    26.75000
222.0   216.75000
224.0   196.75000
225.0   317.00000
227.0    26.50000
228.0   232.50000
230.0    21.25000
232.0    27.50000
236.0    30.75000
240.0   407.00000
243.0    38.75000
246.0    28.75000
247.0    28.75000
250.0    25.00000
251.0   192.25000
252.0    46.00000
257.0   197.50000
262.0   432.00000
264.0    28.25000
266.0    28.75000
267.0   122.00000
270.0    29.25000
271.0    30.75000
274.0   391.50000
275.0   361.00000
276.0    24.25000
282.0   273.25000
283.0   292.25000
284.0    26.50000
293.0    25.25000
295.0   145.50000
296.0   196.00000
298.0    25.00000
301.0    52.50000
303.0   208.75000
304.0    22.00000
308.0   228.25000
310.0    29.00000
312.0   325.50000
315.0    25.00000
316.0    27.25000
317.0   445.75000
318.0    29.75000
321.0    27.25000
323.0    28.75000
327.0   126.75000
328.0    25.75000
329.0   142.75000
333.0    53.75000
338.0   190.50000
339.0   137.25000
340.0   195.50000
344.0    53.00000
345.0    23.75000
346.0   125.25000
351.0   526.25000
356.0   276.00000
360.0    39.25000
361.0   286.75000
363.0    48.75000
364.0    29.50000
369.0    33.75000
370.0    34.00000
371.0   209.50000
373.0    29.00000
374.0    27.75000
376.0    28.25000
378.0   211.50000
380.0    25.50000
388.0   197.25000
391.0   195.25000
392.0    45.75000
394.0   194.25000
396.0    29.25000
401.0    35.50000
402.0    27.00000
408.0    34.50000
409.0   205.50000
411.0    33.00000
414.0    36.75000
417.0   336.75000
422.0    24.00000
424.0    23.25000
429.0    30.00000
435.0    45.50000
440.0    36.00000
441.0    32.50000
442.0    29.50000
445.0    29.25000
446.0   194.00000
447.0    26.00000
449.0    44.75000
450.0    43.25000
451.0    25.25000
452.0    22.00000
453.0   124.00000
454.0   207.25000
455.0    28.25000
458.0   480.75000
459.0    28.00000
464.0    22.25000
466.0   564.25000
468.0    24.25000
469.0   280.25000
470.0    26.00000
474.0    22.75000
478.0    30.25000
480.0   124.75000
482.0   186.25000
484.0    43.50000
487.0    35.25000
488.0    29.00000
490.0    25.25000
495.0    38.00000
496.0    26.00000
499.0   272.50000
500.0   198.75000
