  1.0    82.54811
  2.0    86.89138
  3.0    82.13632
  4.0    86.35813
  7.0    92.23129
  9.0    83.79391
 11.0   154.69909
 12.0    88.06533
 15.0    87.67485
 18.0    83.04809
 23.0    82.91678
 30.0    85.43165
 31.0    94.74538
 32.0    89.14683
 37.0    88.38328
 39.0    82.79246
 40.0   107.88424
 41.0    85.32054
 43.0    67.42996
 46.0    81.24532
 47.0    86.71598
 49.0    83.50679
 52.0   125.10463
 54.0    92.11103
 55.0   104.66926
 56.0   101.20751
 60.0    90.43187
 63.0    96.50141
 64.0    89.36246
 68.0    90.33618
 71.0   107.44855
 72.0    88.18019
 74.0    88.11876
 78.0    84.89109
 79.0   104.57444
 81.0    91.47705
 82.0   100.56658
 84.0   130.10636
 90.0    92.28499
 93.0    89.13618
 97.0    97.29512
 99.0    92.25601
100.0    87.82062
101.0    89.75393
103.0    87.58897
104.0    86.57567
107.0    83.35955
110.0    86.28767
111.0    92.75371
112.0    84.03095
117.0    88.51653
120.0   122.26208
121.0    83.75649
122.0    87.62648
124.0    80.72893
129.0   122.32869
131.0    83.80228
132.0    96.58031
134.0    82.38255
135.0    84.95839
137.0    83.39618
142.0    88.44237
144.0    81.83899
145.0    81.78726
147.0    94.37599
150.0    84.55344
151.0    92.17783
153.0    83.77182
154.0    96.96764
156.0    99.78585
158.0   103.59966
160.0    84.81535
163.0    88.21705
164.0    73.76294
165.0   113.90506
166.0    89.17532
167.0    99.84286
168.0    83.20889
169.0    98.43804
170.0    87.39608
171.0    88.37415
175.0    88.04621
176.0    89.43910
178.0    87.57904
181.0    90.99581
183.0    88.03354
185.0    85.17099
188.0    77.08345
190.0    90.14436
192.0    93.75807
193.0    91.89928
197.0    92.31798
198.0   108.35229
200.0    96.47200
202.0    87.76162
203.0    89.34328
206.0    97.64479
207.0    84.18779
208.0   117.79199
212.0    99.13639
213.0    84.10763
215.0    81.18239
217.0    85.49436
219.0    84.50737
222.0    92.03189
224.0    92.91835
225.0    80.14456
227.0    89.71741
228.0    86.17698
230.0    87.43003
232.0    87.08420
236.0    85.24907
240.0    89.18706
243.0    87.46312
246.0    83.74988
247.0    83.86758
250.0    85.87786
251.0    89.06168
252.0    99.76618
257.0    81.59795
262.0   114.28033
264.0    87.57628
266.0    89.49411
267.0    90.45149
270.0    82.67797
271.0    84.88311
274.0   101.49092
275.0    98.24260
276.0    84.42012
282.0    86.68403
283.0    88.66858
284.0    86.00566
293.0    83.44359
295.0    87.12181
296.0    86.57218
298.0    87.05221
301.0    89.55791
303.0   114.94083
304.0    87.82826
308.0   100.52059
310.0    85.91994
312.0   130.36992
315.0    82.30838
316.0    88.34038
317.0    94.63975
318.0    84.50422
321.0    88.05738
323.0    80.44506
327.0    95.04589
328.0    96.04919
329.0    90.76385
333.0   109.67607
338.0    93.91669
339.0    87.81935
340.0    86.55459
344.0    97.46780
345.0    73.99049
346.0    88.40885
351.0   106.27200
356.0    94.52887
360.0    84.47791
361.0    98.95486
363.0    92.31348
364.0    88.46618
369.0    91.66403
370.0    92.39172
371.0    97.31696
373.0    87.10581
374.0    88.32625
376.0    89.57419
378.0    91.87442
380.0    80.74176
388.0    88.84209
391.0    97.66342
392.0    99.30665
394.0    85.14323
396.0    80.26481
401.0    86.98023
402.0    91.37656
408.0    81.49728
409.0    91.07170
411.0    86.06269
414.0    89.61712
417.0    96.05720
422.0    84.35273
424.0    72.61744
429.0    76.42801
435.0    98.05867
440.0    95.97766
441.0    88.16371
442.0    87.41068
445.0    82.39207
446.0    98.74324
447.0    85.85475
449.0    91.42397
450.0    92.61030
451.0    89.25568
452.0    80.91537
453.0    94.45142
454.0   108.36143
455.0    87.25022
458.0   108.81116
459.0    85.07931
464.0    85.18283
466.0   104.15706
468.0    89.02915
469.0   104.43385
470.0    81.66763
474.0    81.72138
478.0    86.63197
480.0    91.60851
482.0    85.11592
484.0    86.40021
487.0    83.19003
488.0    90.26249
490.0    93.33073
495.0    86.05165
496.0    88.10584
499.0    93.97641
500.0    95.55917
