0.3     -6.50292
0.6     -6.50686
0.9     -6.50757
1.2     -6.50195
1.5     -6.50449
1.8     -6.50166
2.1     -6.50315
2.4     -6.49546
2.7     -6.49919
3.0     -6.50013
3.3     -6.49845
3.6     -6.49833
3.9     -6.49902
4.2     -6.49602
4.5     -6.49757
4.8     -6.49678
5.1     -6.48935
5.4     -6.49164
5.7     -6.49052
6.0     -6.49053
6.3     -6.49087
6.6     -6.4917
6.9     -6.49099
7.2     -6.49312
7.5     -6.49536
7.8     -6.49567
8.1     -6.49606
8.4     -6.49618
8.7     -6.49616
9.0     -6.49751
9.3     -6.49861
9.6     -6.50149
9.9     -6.50277
10.2     -6.5053
10.5     -6.50361
10.8     -6.50536
11.1     -6.51014
11.4     -6.51019
11.7     -6.51118
12.0     -6.51476
12.3     -6.51559
12.6     -6.51594
12.9     -6.51474
13.2     -6.51572
13.5     -6.51805
13.8     -6.51702
14.1     -6.51781
14.4     -6.51775
14.7     -6.51748
15.0     -6.51876
15.3     -6.51716
15.6     -6.51747
15.9     -6.5184
16.2     -6.51679
16.5     -6.51649
16.8     -6.5179
17.1     -6.51756
17.4     -6.51826
17.7     -6.5159
18.0     -6.51853
18.3     -6.51798
18.6     -6.51707
18.9     -6.51999
19.2     -6.51913
19.5     -6.51979
19.8     -6.52296
20.1     -6.52552
20.4     -6.52578
20.7     -6.53079
21.0     -6.53203
21.3     -6.53415
21.6     -6.53456
21.9     -6.53585
22.2     -6.53556
22.5     -6.53637
22.8     -6.53593
23.1     -6.53621
23.4     -6.53584
23.7     -6.53722
24.0     -6.53729
24.3     -6.53792
24.6     -6.53691
24.9     -6.53745
25.2     -6.53753
25.5     -6.53743
25.8     -6.53799
26.1     -6.53752
26.4     -6.53806
26.7     -6.53815
27.0     -6.53849
27.3     -6.53854
27.6     -6.53887
27.9     -6.53836
28.2     -6.53816
28.5     -6.53815
28.8     -6.53933
29.1     -6.53963
29.4     -6.54007
29.7     -6.53953
30.0     -6.53899
30.3     -6.53862
30.6     -6.53976
30.9     -6.53929
31.2     -6.53868
31.5     -6.53952
31.8     -6.54001
32.1     -6.53926
32.4     -6.5391
32.7     -6.53826
33.0     -6.5377
33.3     -6.53831
33.6     -6.5373
33.9     -6.53604
34.2     -6.53499
34.5     -6.53467
34.8     -6.53412
35.1     -6.53251
35.4     -6.53229
35.7     -6.53158
36.0     -6.5303
36.3     -6.52868
36.6     -6.52784
36.9     -6.52762
37.2     -6.52698
37.5     -6.52632
37.8     -6.52653
38.1     -6.5248
38.4     -6.52433
38.7     -6.52461
39.0     -6.52375
39.3     -6.52128
39.6     -6.52046
39.9     -6.51888
40.2     -6.51937
40.5     -6.5187
40.8     -6.5182
41.1     -6.5172
41.4     -6.51763
41.7     -6.51531
42.0     -6.51569
42.3     -6.51342
42.6     -6.51489
42.9     -6.5132
43.2     -6.51134
43.5     -6.51056
43.8     -6.51244
44.1     -6.51026
44.4     -6.50947
44.7     -6.50888
45.0     -6.50762
45.3     -6.50765
45.6     -6.50575
45.9     -6.50639
46.2     -6.50543
46.5     -6.50562
46.8     -6.50412
47.1     -6.50273
47.4     -6.50337
47.7     -6.50361
48.0     -6.50241
48.3     -6.49932
48.6     -6.50143
48.9     -6.50003
49.2     -6.49914
49.5     -6.4977
49.8     -6.4979
50.1     -6.49571
50.4     -6.49485
50.7     -6.49489
51.0     -6.49388
51.3     -6.49383
51.6     -6.49182
51.9     -6.49058
52.2     -6.48935
52.5     -6.48938
52.8     -6.48924
53.1     -6.48696
53.4     -6.48495
53.7     -6.48325
54.0     -6.48188
54.3     -6.48337
54.6     -6.4816
54.9     -6.47892
55.2     -6.47892
55.5     -6.47918
55.8     -6.47528
56.1     -6.47747
56.4     -6.47543
56.7     -6.47504
57.0     -6.47393
57.3     -6.47367
57.6     -6.47044
57.9     -6.47154
58.2     -6.46905
58.5     -6.47011
58.8     -6.46838
59.1     -6.46648
59.4     -6.46581
59.7     -6.46379
60.0     -6.46493
60.3     -6.4623
60.6     -6.46057
60.9     -6.461
61.2     -6.45881
61.5     -6.45775
61.8     -6.45689
62.1     -6.45596
62.4     -6.45229
62.7     -6.45023
63.0     -6.44852
63.3     -6.44827
63.6     -6.44554
63.9     -6.4433
64.2     -6.44063
64.5     -6.44091
64.8     -6.43765
65.1     -6.43548
65.4     -6.43313
65.7     -6.43015
66.0     -6.42644
66.3     -6.42568
66.6     -6.42387
66.9     -6.41678
67.2     -6.41542
67.5     -6.41285
67.8     -6.41214
68.1     -6.40884
68.4     -6.40367
68.7     -6.40793
69.0     -6.39531
69.3     -6.39112
69.6     -6.39282
69.9     -6.38205
70.2     -6.37839
70.5     -6.37277
70.8     -6.36585
71.1     -6.36298
71.4     -6.35342
71.7     -6.35062
72.0     -6.34805
72.3     -6.34192
72.6     -6.33655
72.9     -6.32977
73.2     -6.3237
73.5     -6.31894
73.8     -6.31416
74.1     -6.30828
74.4     -6.30289
74.7     -6.29734
75.0     -6.29482
75.3     -6.28852
75.6     -6.28275
75.9     -6.27756
76.2     -6.27253
76.5     -6.26807
76.8     -6.26199
77.1     -6.25789
77.4     -6.25229
77.7     -6.24883
78.0     -6.24312
78.3     -6.23814
78.6     -6.23323
78.9     -6.22875
79.2     -6.2247
79.5     -6.21795
79.8     -6.21357
80.1     -6.21013
80.4     -6.20264
80.7     -6.19733
81.0     -6.19345
81.3     -6.18875
81.6     -6.18433
81.9     -6.17905
82.2     -6.17384
82.5     -6.16935
82.8     -6.16475
83.1     -6.15993
83.4     -6.15362
83.7     -6.14801
84.0     -6.14299
84.3     -6.13861
84.6     -6.13553
84.9     -6.12699
85.2     -6.12447
85.5     -6.11962
85.8     -6.11442
86.1     -6.10701
86.4     -6.10209
86.7     -6.09925
87.0     -6.09604
87.3     -6.08602
87.6     -6.08475
87.9     -6.07994
88.2     -6.07314
88.5     -6.06978
88.8     -6.06541
89.1     -6.05875
89.4     -6.05346
89.7     -6.04864
90.0     -6.04367
90.3     -6.03878
90.6     -6.03428
90.9     -6.02819
91.2     -6.02333
91.5     -6.01982
91.8     -6.01403
92.1     -6.00918
92.4     -6.00532
92.7     -5.99851
93.0     -5.99467
93.3     -5.98877
93.6     -5.98487
93.9     -5.97928
94.2     -5.97364
94.5     -5.96858
94.8     -5.96475
95.1     -5.95839
95.4     -5.95276
95.7     -5.94819
96.0     -5.94143
96.3     -5.93443
96.6     -5.92656
96.9     -5.91641
97.2     -5.90041
97.5     -5.86127
97.8     -5.78716
98.1     -5.70747
98.4     -5.63931
98.7     -5.5782
99.0     -5.53492
99.3     -5.49742
99.6     -5.48478
99.9     -5.4814
100.2     -5.48117
100.5     -5.48498
100.8     -5.48492
101.1     -5.48938
101.4     -5.48855
101.7     -5.49339
102.0     -5.4977
102.3     -5.50044
102.6     -5.50207
102.9     -5.50634
103.2     -5.50915
103.5     -5.51227
103.8     -5.51642
104.1     -5.51926
104.4     -5.52448
104.7     -5.52526
105.0     -5.53206
105.3     -5.53573
105.6     -5.53742
105.9     -5.53981
106.2     -5.54523
106.5     -5.5528
106.8     -5.55155
107.1     -5.55593
107.4     -5.55823
107.7     -5.56049
108.0     -5.56482
108.3     -5.57026
108.6     -5.5749
108.9     -5.57866
109.2     -5.58004
109.5     -5.58879
109.8     -5.58991
110.1     -5.59475
110.4     -5.59775
110.7     -5.60064
111.0     -5.60427
111.3     -5.60708
111.6     -5.61185
111.9     -5.61684
112.2     -5.6231
112.5     -5.62243
112.8     -5.6271
113.1     -5.63089
113.4     -5.63702
113.7     -5.64027
114.0     -5.64319
114.3     -5.64639
114.6     -5.65036
114.9     -5.65336
115.2     -5.65663
115.5     -5.65724
115.8     -5.66328
116.1     -5.66521
116.4     -5.66558
116.7     -5.66798
117.0     -5.67235
117.3     -5.66975
117.6     -5.67713
117.9     -5.68202
118.2     -5.67087
118.5     -5.68767
118.8     -5.67947
119.1     -5.69351
119.4     -5.69318
119.7     -5.6972
120.0     -5.70602
120.3     -5.70803
120.6     -5.71689
120.9     -5.71907
121.2     -5.72855
121.5     -5.72984
121.8     -5.73456
122.1     -5.7341
122.4     -5.74203
122.7     -5.74404
123.0     -5.75091
123.3     -5.75694
123.6     -5.7585
123.9     -5.76512
124.2     -5.76912
124.5     -5.77277
124.8     -5.77991
125.1     -5.78423
125.4     -5.78872
125.7     -5.79242
126.0     -5.79565
126.3     -5.80082
126.6     -5.80623
126.9     -5.80912
127.2     -5.81633
127.5     -5.82088
127.8     -5.82577
128.1     -5.82963
128.4     -5.83718
128.7     -5.83991
129.0     -5.84451
129.3     -5.84894
129.6     -5.85461
129.9     -5.85948
130.2     -5.86486
130.5     -5.86942
130.8     -5.87324
131.1     -5.88053
131.4     -5.88434
131.7     -5.88949
132.0     -5.8948
132.3     -5.90044
132.6     -5.90473
132.9     -5.91011
133.2     -5.91421
133.5     -5.91949
133.8     -5.92381
134.1     -5.92811
134.4     -5.93319
134.7     -5.93849
135.0     -5.94233
135.3     -5.94936
135.6     -5.95288
135.9     -5.95866
136.2     -5.96293
136.5     -5.9674
136.8     -5.97338
137.1     -5.97796
137.4     -5.98242
137.7     -5.98701
138.0     -5.99209
138.3     -5.99616
138.6     -6.00188
138.9     -6.0058
139.2     -6.01164
139.5     -6.01609
139.8     -6.02121
140.1     -6.02567
140.4     -6.03064
140.7     -6.03522
141.0     -6.04042
141.3     -6.04498
141.6     -6.04829
141.9     -6.05345
142.2     -6.05845
142.5     -6.06305
142.8     -6.06654
143.1     -6.07274
143.4     -6.07669
143.7     -6.08156
144.0     -6.08639
144.3     -6.09103
144.6     -6.09406
144.9     -6.1004
145.2     -6.10401
145.5     -6.10842
145.8     -6.11297
146.1     -6.11807
146.4     -6.12161
146.7     -6.12576
147.0     -6.13177
147.3     -6.13538
147.6     -6.13941
147.9     -6.14428
148.2     -6.14724
148.5     -6.15249
148.8     -6.15665
149.1     -6.15985
149.4     -6.16468
149.7     -6.16986
150.0     -6.17272
150.3     -6.17754
150.6     -6.18165
150.9     -6.18539
151.2     -6.19052
151.5     -6.19443
151.8     -6.19842
152.1     -6.20175
152.4     -6.20646
152.7     -6.21066
153.0     -6.21458
153.3     -6.21654
153.6     -6.22164
153.9     -6.22521
154.2     -6.22915
154.5     -6.23401
154.8     -6.23621
155.1     -6.23939
155.4     -6.24581
155.7     -6.24764
156.0     -6.25237
156.3     -6.25662
156.6     -6.25774
156.9     -6.2622
157.2     -6.26655
157.5     -6.26955
157.8     -6.27281
158.1     -6.27629
158.4     -6.28125
158.7     -6.28273
159.0     -6.28791
159.3     -6.29198
159.6     -6.29508
159.9     -6.29784
160.2     -6.30259
160.5     -6.30531
160.8     -6.30896
161.1     -6.31225
161.4     -6.31913
161.7     -6.32203
162.0     -6.32527
162.3     -6.33161
162.6     -6.33604
162.9     -6.34012
163.2     -6.3448
163.5     -6.34878
163.8     -6.35364
164.1     -6.35794
164.4     -6.36205
164.7     -6.36882
165.0     -6.3714
165.3     -6.37651
165.6     -6.37739
165.9     -6.38223
166.2     -6.38498
166.5     -6.38852
166.8     -6.39255
167.1     -6.39748
167.4     -6.39887
167.7     -6.40401
168.0     -6.40591
168.3     -6.40929
168.6     -6.4126
168.9     -6.4149
169.2     -6.41822
169.5     -6.41998
169.8     -6.424
170.1     -6.42646
170.4     -6.42827
170.7     -6.43125
171.0     -6.43377
171.3     -6.43617
171.6     -6.43809
171.9     -6.44032
172.2     -6.44313
172.5     -6.4463
172.8     -6.44722
173.1     -6.4492
173.4     -6.45253
173.7     -6.45312
174.0     -6.45553
174.3     -6.45814
174.6     -6.45929
174.9     -6.46114
175.2     -6.46353
175.5     -6.46456
175.8     -6.46716
176.1     -6.46907
176.4     -6.47022
176.7     -6.47279
177.0     -6.47373
177.3     -6.47569
177.6     -6.47773
177.9     -6.47904
178.2     -6.48079
178.5     -6.48225
178.8     -6.48355
179.1     -6.4851
179.4     -6.48703
179.7     -6.48745
180.0     -6.48913
