0.3     -4.55904
0.6     -4.55591
0.9     -4.56597
1.2     -4.56181
1.5     -4.55871
1.8     -4.56343
2.1     -4.56337
2.4     -4.56628
2.7     -4.56776
3.0     -4.56856
3.3     -4.56968
3.6     -4.56826
3.9     -4.57145
4.2     -4.57167
4.5     -4.57474
4.8     -4.5765
5.1     -4.57841
5.4     -4.57765
5.7     -4.5821
6.0     -4.5832
6.3     -4.58396
6.6     -4.58654
6.9     -4.58649
7.2     -4.59096
7.5     -4.59051
7.8     -4.59497
8.1     -4.59358
8.4     -4.59685
8.7     -4.59873
9.0     -4.59842
9.3     -4.59976
9.6     -4.60393
9.9     -4.60466
10.2     -4.60842
10.5     -4.60851
10.8     -4.61184
11.1     -4.61416
11.4     -4.61425
11.7     -4.617
12.0     -4.61834
12.3     -4.62056
12.6     -4.62307
12.9     -4.62267
13.2     -4.62561
13.5     -4.62895
13.8     -4.63131
14.1     -4.63432
14.4     -4.63558
14.7     -4.63848
15.0     -4.64225
15.3     -4.64274
15.6     -4.6464
15.9     -4.64761
16.2     -4.65195
16.5     -4.6532
16.8     -4.65697
17.1     -4.65893
17.4     -4.66288
17.7     -4.66457
18.0     -4.66878
18.3     -4.66996
18.6     -4.67603
18.9     -4.68024
19.2     -4.68172
19.5     -4.68494
19.8     -4.6903
20.1     -4.69529
20.4     -4.69793
20.7     -4.70286
21.0     -4.70661
21.3     -4.70995
21.6     -4.7124
21.9     -4.71539
22.2     -4.71776
22.5     -4.71976
22.8     -4.72245
23.1     -4.72555
23.4     -4.72757
23.7     -4.7306
24.0     -4.73342
24.3     -4.7359
24.6     -4.73731
24.9     -4.7404
25.2     -4.74295
25.5     -4.74536
25.8     -4.74823
26.1     -4.75036
26.4     -4.7529
26.7     -4.75543
27.0     -4.75868
27.3     -4.76111
27.6     -4.76343
27.9     -4.76619
28.2     -4.76807
28.5     -4.7713
28.8     -4.77355
29.1     -4.7763
29.4     -4.77923
29.7     -4.7813
30.0     -4.78325
30.3     -4.78493
30.6     -4.78827
30.9     -4.79009
31.2     -4.79331
31.5     -4.7947
31.8     -4.79798
32.1     -4.80039
32.4     -4.80237
32.7     -4.80366
33.0     -4.80584
33.3     -4.80794
33.6     -4.80996
33.9     -4.81014
34.2     -4.81259
34.5     -4.81365
34.8     -4.8162
35.1     -4.81802
35.4     -4.81941
35.7     -4.82076
36.0     -4.82162
36.3     -4.82323
36.6     -4.82481
36.9     -4.82733
37.2     -4.82861
37.5     -4.83149
37.8     -4.83439
38.1     -4.83568
38.4     -4.83851
38.7     -4.84147
39.0     -4.84205
39.3     -4.8444
39.6     -4.84667
39.9     -4.84857
40.2     -4.85278
40.5     -4.85475
40.8     -4.85757
41.1     -4.86033
41.4     -4.86433
41.7     -4.86576
42.0     -4.86912
42.3     -4.87206
42.6     -4.87545
42.9     -4.87728
43.2     -4.88033
43.5     -4.88422
43.8     -4.88634
44.1     -4.89041
44.4     -4.8932
44.7     -4.89681
45.0     -4.90009
45.3     -4.90339
45.6     -4.906
45.9     -4.90956
46.2     -4.91375
46.5     -4.91724
46.8     -4.92066
47.1     -4.92419
47.4     -4.9288
47.7     -4.93148
48.0     -4.93566
48.3     -4.93914
48.6     -4.9425
48.9     -4.94768
49.2     -4.95073
49.5     -4.95452
49.8     -4.95769
50.1     -4.96245
50.4     -4.96633
50.7     -4.9695
51.0     -4.97272
51.3     -4.97737
51.6     -4.98155
51.9     -4.98543
52.2     -4.99014
52.5     -4.99372
52.8     -4.99694
53.1     -5.00194
53.4     -5.00537
53.7     -5.0099
54.0     -5.01293
54.3     -5.01735
54.6     -5.02232
54.9     -5.02579
55.2     -5.03005
55.5     -5.03647
55.8     -5.03948
56.1     -5.04337
56.4     -5.0486
56.7     -5.05335
57.0     -5.05747
57.3     -5.06169
57.6     -5.06696
57.9     -5.07249
58.2     -5.07659
58.5     -5.08226
58.8     -5.08653
59.1     -5.09178
59.4     -5.09745
59.7     -5.10146
60.0     -5.1061
60.3     -5.11153
60.6     -5.11645
60.9     -5.12107
61.2     -5.12615
61.5     -5.13105
61.8     -5.13662
62.1     -5.14044
62.4     -5.14631
62.7     -5.15074
63.0     -5.15497
63.3     -5.15981
63.6     -5.16325
63.9     -5.1699
64.2     -5.17443
64.5     -5.179
64.8     -5.18371
65.1     -5.18517
65.4     -5.19266
65.7     -5.19554
66.0     -5.20064
66.3     -5.207
66.6     -5.21083
66.9     -5.21485
67.2     -5.21831
67.5     -5.22313
67.8     -5.22922
68.1     -5.23398
68.4     -5.23668
68.7     -5.24402
69.0     -5.24561
69.3     -5.251
69.6     -5.258
69.9     -5.26028
70.2     -5.2641
70.5     -5.26933
70.8     -5.27152
71.1     -5.279
71.4     -5.28188
71.7     -5.28674
72.0     -5.29377
72.3     -5.29835
72.6     -5.30361
72.9     -5.30617
73.2     -5.3128
73.5     -5.31722
73.8     -5.32143
74.1     -5.32706
74.4     -5.33237
74.7     -5.33769
75.0     -5.3441
75.3     -5.34904
75.6     -5.3555
75.9     -5.3629
76.2     -5.36929
76.5     -5.37614
76.8     -5.38281
77.1     -5.38904
77.4     -5.39544
77.7     -5.40203
78.0     -5.40857
78.3     -5.41569
78.6     -5.42214
78.9     -5.42886
79.2     -5.43536
79.5     -5.44087
79.8     -5.44838
80.1     -5.45564
80.4     -5.46066
80.7     -5.46835
81.0     -5.47608
81.3     -5.48275
81.6     -5.48946
81.9     -5.49565
82.2     -5.50283
82.5     -5.51056
82.8     -5.51792
83.1     -5.52415
83.4     -5.53147
83.7     -5.53698
84.0     -5.54317
84.3     -5.55258
84.6     -5.56005
84.9     -5.56595
85.2     -5.57372
85.5     -5.58217
85.8     -5.58969
86.1     -5.59382
86.4     -5.60101
86.7     -5.6098
87.0     -5.61782
87.3     -5.62199
87.6     -5.63077
87.9     -5.6373
88.2     -5.64451
88.5     -5.65194
88.8     -5.65871
89.1     -5.66598
89.4     -5.67313
89.7     -5.68035
90.0     -5.68776
90.3     -5.69426
90.6     -5.70184
90.9     -5.70906
91.2     -5.71708
91.5     -5.72374
91.8     -5.73099
92.1     -5.73863
92.4     -5.7462
92.7     -5.753
93.0     -5.75896
93.3     -5.76758
93.6     -5.77532
93.9     -5.78159
94.2     -5.78857
94.5     -5.79671
94.8     -5.80387
95.1     -5.81031
95.4     -5.81771
95.7     -5.82453
96.0     -5.83098
96.3     -5.83622
96.6     -5.84391
96.9     -5.84866
97.2     -5.84804
97.5     -5.82748
97.8     -5.77032
98.1     -5.70056
98.4     -5.62909
98.7     -5.55786
99.0     -5.50432
99.3     -5.44975
99.6     -5.4242
99.9     -5.41184
100.2     -5.40094
100.5     -5.38501
100.8     -5.37617
101.1     -5.36899
101.4     -5.36105
101.7     -5.35599
102.0     -5.34559
102.3     -5.33928
102.6     -5.33268
102.9     -5.32585
103.2     -5.31897
103.5     -5.31047
103.8     -5.30625
104.1     -5.29709
104.4     -5.29099
104.7     -5.28524
105.0     -5.27605
105.3     -5.27069
105.6     -5.26578
105.9     -5.25867
106.2     -5.25123
106.5     -5.24464
106.8     -5.23938
107.1     -5.23419
107.4     -5.22641
107.7     -5.21781
108.0     -5.21319
108.3     -5.20901
108.6     -5.20245
108.9     -5.19602
109.2     -5.19036
109.5     -5.18343
109.8     -5.17581
110.1     -5.16952
110.4     -5.16371
110.7     -5.15996
111.0     -5.15282
111.3     -5.14624
111.6     -5.14286
111.9     -5.1378
112.2     -5.12908
112.5     -5.12648
112.8     -5.12038
113.1     -5.11557
113.4     -5.11121
113.7     -5.10729
114.0     -5.10018
114.3     -5.0949
114.6     -5.09091
114.9     -5.0837
115.2     -5.07851
115.5     -5.07249
115.8     -5.0688
116.1     -5.06219
116.4     -5.05516
116.7     -5.04923
117.0     -5.04614
117.3     -5.03677
117.6     -5.03385
117.9     -5.03171
118.2     -5.01959
118.5     -5.02138
118.8     -5.0095
119.1     -5.01128
119.4     -5.00267
119.7     -4.99883
120.0     -4.99829
120.3     -4.99486
120.6     -4.99371
120.9     -4.98785
121.2     -4.98668
121.5     -4.98188
121.8     -4.97492
122.1     -4.97039
122.4     -4.96725
122.7     -4.96271
123.0     -4.96072
123.3     -4.9585
123.6     -4.9542
123.9     -4.95193
124.2     -4.94663
124.5     -4.9449
124.8     -4.94056
125.1     -4.93895
125.4     -4.93408
125.7     -4.93218
126.0     -4.92688
126.3     -4.92336
126.6     -4.92156
126.9     -4.91754
127.2     -4.91537
127.5     -4.91119
127.8     -4.9086
128.1     -4.90595
128.4     -4.90473
128.7     -4.90251
129.0     -4.89727
129.3     -4.89408
129.6     -4.89031
129.9     -4.8906
130.2     -4.88701
130.5     -4.88443
130.8     -4.88265
131.1     -4.88104
131.4     -4.8772
131.7     -4.87422
132.0     -4.8724
132.3     -4.87044
132.6     -4.86837
132.9     -4.86638
133.2     -4.86144
133.5     -4.85978
133.8     -4.85676
134.1     -4.85474
134.4     -4.85391
134.7     -4.85001
135.0     -4.84772
135.3     -4.84794
135.6     -4.84303
135.9     -4.84248
136.2     -4.83944
136.5     -4.83683
136.8     -4.83695
137.1     -4.83313
137.4     -4.83148
137.7     -4.83003
138.0     -4.82749
138.3     -4.82544
138.6     -4.82356
138.9     -4.82163
139.2     -4.8204
139.5     -4.81808
139.8     -4.81639
140.1     -4.81563
140.4     -4.81498
140.7     -4.81071
141.0     -4.81172
141.3     -4.80939
141.6     -4.80783
141.9     -4.80514
142.2     -4.80387
142.5     -4.80152
142.8     -4.79956
143.1     -4.79941
143.4     -4.79708
143.7     -4.79608
144.0     -4.79446
144.3     -4.79233
144.6     -4.79121
144.9     -4.79094
145.2     -4.78785
145.5     -4.78715
145.8     -4.78654
146.1     -4.7836
146.4     -4.78306
146.7     -4.78275
147.0     -4.782
147.3     -4.77984
147.6     -4.77921
147.9     -4.77775
148.2     -4.77644
148.5     -4.77675
148.8     -4.77386
149.1     -4.77365
149.4     -4.77431
149.7     -4.77128
150.0     -4.77139
150.3     -4.76841
150.6     -4.76789
150.9     -4.76838
151.2     -4.76647
151.5     -4.76529
151.8     -4.76337
152.1     -4.76333
152.4     -4.76267
152.7     -4.7612
153.0     -4.76075
153.3     -4.759
153.6     -4.75851
153.9     -4.76043
154.2     -4.75668
154.5     -4.75583
154.8     -4.75792
155.1     -4.75681
155.4     -4.75618
155.7     -4.75464
156.0     -4.75431
156.3     -4.75352
156.6     -4.75357
156.9     -4.75422
157.2     -4.75155
157.5     -4.74853
157.8     -4.75125
158.1     -4.74919
158.4     -4.75057
158.7     -4.74973
159.0     -4.74897
159.3     -4.74756
159.6     -4.74607
159.9     -4.74789
160.2     -4.7469
160.5     -4.74325
160.8     -4.74231
161.1     -4.74374
161.4     -4.74284
161.7     -4.74146
162.0     -4.74232
162.3     -4.74164
162.6     -4.74099
162.9     -4.74059
163.2     -4.73819
163.5     -4.73725
163.8     -4.73774
164.1     -4.7379
164.4     -4.73458
164.7     -4.73275
165.0     -4.73269
165.3     -4.73057
165.6     -4.72994
165.9     -4.72862
166.2     -4.72887
166.5     -4.72894
166.8     -4.72689
167.1     -4.72531
167.4     -4.72514
167.7     -4.72345
168.0     -4.7235
168.3     -4.72223
168.6     -4.72131
168.9     -4.72029
169.2     -4.71989
169.5     -4.71926
169.8     -4.71875
170.1     -4.71767
170.4     -4.71751
170.7     -4.71525
171.0     -4.71606
171.3     -4.71551
171.6     -4.71355
171.9     -4.71392
172.2     -4.71254
172.5     -4.71159
172.8     -4.7115
173.1     -4.71222
173.4     -4.71183
173.7     -4.71096
174.0     -4.71078
174.3     -4.71057
174.6     -4.71184
174.9     -4.71202
175.2     -4.71089
175.5     -4.71039
175.8     -4.71049
176.1     -4.71106
176.4     -4.71026
176.7     -4.7102
177.0     -4.7103
177.3     -4.71114
177.6     -4.71018
177.9     -4.7103
178.2     -4.70938
178.5     -4.71055
178.8     -4.70997
179.1     -4.70981
179.4     -4.70989
179.7     -4.70962
180.0     -4.71028
