  2.0   397.00000
  3.0   482.50000
  4.0   448.75000
  5.0   634.25000
  6.0   226.25000
  7.0   218.75000
  9.0   402.25000
 11.0   115.50000
 12.0   648.75000
 13.0   256.25000
 14.0   329.00000
 15.0    84.75000
 16.0   168.25000
 17.0   357.75000
 18.0    31.50000
 19.0   298.25000
 20.0    52.75000
 21.0   345.50000
 22.0   357.50000
 23.0    42.25000
 25.0   225.25000
 26.0   384.25000
 27.0   197.50000
 28.0    97.00000
 29.0   365.00000
 30.0   205.00000
 34.0   435.75000
 36.0    44.00000
 37.0   347.50000
 38.0   214.50000
 40.0   348.00000
 41.0   355.25000
 43.0   175.00000
 44.0   227.50000
 45.0   492.75000
 47.0   402.25000
 49.0   306.75000
 50.0   525.25000
 51.0   213.75000
 52.0    32.25000
 53.0   505.25000
 54.0   334.25000
 55.0    55.25000
 56.0   226.50000
 57.0   301.50000
 58.0   475.25000
 60.0   389.25000
 61.0    95.50000
 62.0   221.75000
 63.0   285.00000
 64.0   558.25000
 65.0   551.50000
 66.0   226.50000
 68.0   300.00000
 69.0   357.75000
 70.0   158.75000
 72.0   699.75000
 73.0    36.75000
 74.0   311.50000
 76.0   426.00000
 77.0   217.50000
 78.0   145.00000
 80.0    55.25000
 81.0   286.75000
 82.0    69.00000
 83.0   375.00000
 84.0   478.50000
 85.0   246.25000
 87.0   353.50000
 88.0   270.75000
 89.0   379.50000
 90.0   309.75000
 91.0    47.00000
 92.0   280.75000
 93.0   362.25000
 95.0   364.75000
 96.0   364.00000
 97.0   102.75000
 98.0   252.75000
100.0   363.00000
101.0   449.50000
102.0   624.25000
103.0    52.75000
104.0   320.00000
105.0   290.50000
106.0   255.25000
107.0   272.75000
108.0   289.25000
110.0   189.75000
111.0   280.50000
113.0   343.25000
114.0   433.25000
115.0   243.75000
117.0   354.75000
118.0   324.00000
119.0    64.50000
121.0   471.75000
122.0   246.50000
123.0   291.50000
125.0   311.00000
126.0   520.75000
127.0   157.00000
128.0   689.50000
130.0   405.50000
132.0   262.25000
134.0   217.25000
138.0   197.00000
139.0   258.50000
140.0   114.50000
141.0   135.50000
142.0   197.75000
143.0   298.00000
145.0   263.50000
146.0    39.25000
147.0   298.50000
148.0   227.75000
149.0   286.25000
150.0   473.75000
151.0   150.00000
152.0   321.25000
153.0   472.75000
155.0   240.25000
156.0   381.50000
158.0   241.50000
161.0   391.25000
162.0   209.75000
164.0   463.75000
165.0   439.75000
167.0   281.50000
169.0   244.50000
170.0   305.50000
171.0   209.00000
173.0    95.50000
174.0   318.25000
175.0   233.75000
176.0    81.00000
177.0   158.75000
178.0   312.50000
179.0   294.25000
182.0   136.75000
183.0   325.25000
184.0   438.00000
185.0   284.25000
186.0   466.50000
187.0   108.00000
188.0   278.75000
189.0   339.00000
191.0   217.75000
192.0   142.50000
193.0   188.25000
194.0   308.25000
195.0   107.75000
196.0   283.75000
197.0   272.50000
198.0   450.50000
200.0   359.25000
201.0   268.00000
202.0   305.50000
205.0   494.50000
206.0   407.50000
207.0   282.50000
208.0   301.75000
209.0   362.00000
211.0    79.00000
212.0   421.75000
213.0   225.00000
215.0   219.50000
216.0    44.50000
217.0   279.75000
218.0   317.00000
219.0   149.00000
221.0   372.50000
223.0   754.00000
224.0   275.25000
225.0   243.00000
226.0    51.25000
227.0   167.00000
228.0   562.25000
229.0   199.75000
230.0   333.25000
231.0   274.25000
232.0   157.25000
234.0   375.50000
235.0   186.50000
236.0   287.00000
238.0   211.50000
239.0   333.25000
241.0   112.00000
242.0   415.00000
243.0   294.75000
244.0    58.00000
245.0    75.75000
246.0   380.75000
247.0   387.50000
248.0   448.25000
251.0   296.25000
253.0   170.00000
254.0    58.75000
255.0   370.50000
256.0   323.75000
258.0   232.75000
259.0   232.75000
260.0   308.00000
261.0   298.25000
262.0   420.00000
263.0   261.25000
264.0   252.50000
265.0   282.75000
267.0   167.25000
268.0   285.75000
269.0   304.75000
270.0   295.75000
271.0   168.50000
272.0   588.50000
276.0   336.00000
277.0   154.00000
279.0   229.00000
280.0   420.75000
281.0   469.00000
282.0   203.50000
283.0   501.75000
285.0    75.25000
286.0   353.00000
287.0   406.25000
288.0    75.25000
289.0   283.25000
290.0   398.00000
291.0   307.25000
292.0   225.00000
293.0   357.00000
294.0   239.00000
295.0   146.00000
297.0   249.75000
298.0    27.50000
299.0   287.25000
300.0   409.75000
301.0   380.00000
302.0   219.25000
303.0   339.00000
304.0   112.50000
306.0   298.50000
307.0   550.00000
308.0   195.00000
309.0   141.25000
310.0   542.00000
312.0   188.50000
313.0    94.50000
314.0   275.75000
315.0   152.25000
317.0   287.00000
319.0   594.75000
320.0   380.75000
321.0   270.50000
322.0   265.25000
323.0   313.00000
324.0   206.00000
325.0   263.50000
326.0   205.25000
327.0    24.75000
328.0   218.25000
329.0   203.50000
330.0   365.75000
332.0    75.50000
333.0    66.25000
336.0   251.50000
337.0    58.25000
338.0   396.75000
339.0   365.50000
340.0   135.00000
341.0   309.50000
344.0   213.25000
345.0   261.75000
346.0   215.25000
347.0   382.50000
348.0   168.50000
349.0   247.75000
350.0   225.75000
351.0   414.00000
353.0   291.00000
355.0   391.75000
356.0    26.50000
357.0    85.25000
358.0   132.25000
359.0   676.75000
360.0   292.25000
361.0   136.00000
362.0   208.75000
363.0   163.75000
364.0   434.50000
366.0   290.00000
368.0   401.25000
369.0   321.50000
370.0   386.00000
371.0   233.75000
372.0   673.25000
373.0   380.25000
374.0   373.25000
375.0   211.50000
376.0   189.00000
377.0   285.50000
378.0   274.75000
379.0   469.00000
380.0   427.50000
381.0   424.00000
383.0   487.50000
384.0   360.25000
385.0   223.25000
386.0   384.50000
387.0   712.50000
389.0   377.50000
390.0   190.00000
391.0   294.50000
392.0   265.75000
393.0   361.75000
395.0    87.50000
396.0    44.50000
397.0   401.00000
398.0   396.25000
400.0   448.00000
401.0   401.25000
402.0    25.75000
404.0   385.75000
405.0   321.00000
406.0   487.25000
410.0   409.50000
412.0    71.50000
413.0   506.00000
414.0    64.50000
415.0   139.75000
416.0   223.75000
417.0   442.50000
418.0   372.75000
419.0   232.25000
420.0   415.75000
421.0   230.25000
423.0   198.25000
424.0    75.75000
425.0   308.25000
426.0   220.75000
427.0   303.25000
428.0   159.75000
429.0   265.50000
430.0   123.25000
431.0   274.00000
433.0   246.25000
434.0   279.25000
435.0    57.75000
436.0   176.00000
437.0   550.00000
438.0   238.00000
439.0   194.25000
440.0   346.50000
441.0   626.25000
442.0   195.00000
443.0   634.75000
445.0   291.75000
446.0   289.00000
447.0   331.50000
449.0   254.25000
451.0   571.25000
452.0   410.25000
453.0   322.75000
454.0   299.25000
455.0    51.00000
456.0   231.00000
457.0   193.75000
458.0    86.00000
460.0   596.75000
462.0    49.50000
463.0   331.00000
464.0   278.00000
466.0   302.25000
468.0   213.00000
470.0   361.75000
471.0   190.50000
472.0   382.75000
473.0   323.75000
474.0   199.50000
475.0   300.50000
476.0   141.75000
477.0   121.25000
478.0   126.75000
479.0    86.25000
480.0   234.50000
481.0    85.50000
482.0   457.25000
483.0    95.00000
484.0   351.00000
485.0    48.50000
486.0   461.75000
487.0   303.00000
488.0   326.00000
489.0    78.25000
490.0   407.00000
491.0   282.25000
493.0   411.75000
494.0   412.00000
496.0    59.25000
497.0   488.25000
498.0   280.75000
499.0   364.50000
500.0   189.00000
