  2.0    82.56193
  3.0    79.25451
  4.0    60.21871
  5.0    48.19521
  6.0    79.38011
  7.0    81.79760
  9.0    83.49261
 11.0    67.17987
 12.0    76.90698
 13.0    79.83495
 14.0    79.63193
 15.0    67.81538
 16.0    67.12012
 17.0    65.87601
 18.0    75.82797
 19.0    86.83949
 20.0    83.29413
 21.0    84.32712
 22.0    77.98584
 23.0    71.55583
 25.0    79.57946
 26.0    83.16754
 27.0    77.37375
 28.0    78.47551
 29.0    71.32458
 30.0    57.65311
 34.0    66.99073
 36.0    82.25236
 37.0    50.89561
 38.0    78.93801
 40.0    88.00172
 41.0    66.10654
 43.0    71.43381
 44.0    83.41031
 45.0    66.96955
 47.0    80.42733
 49.0    94.94329
 50.0    75.78426
 51.0    71.64221
 52.0    83.02793
 53.0    67.57841
 54.0    60.85322
 55.0    81.88633
 56.0    79.19626
 57.0    72.89890
 58.0    78.10784
 60.0    83.50840
 61.0    68.22505
 62.0    81.21212
 63.0    82.40796
 64.0    55.62384
 65.0    64.35750
 66.0    69.83374
 68.0    72.89542
 69.0    67.60701
 70.0    70.93578
 72.0    85.26458
 73.0    83.19968
 74.0    74.06058
 76.0    82.43349
 77.0    72.04303
 78.0    60.35032
 80.0    74.34252
 81.0    80.15849
 82.0    69.58990
 83.0    83.51127
 84.0    86.47014
 85.0    70.74249
 87.0    54.94610
 88.0    80.99818
 89.0    86.22517
 90.0    87.11207
 91.0    70.30236
 92.0    77.63015
 93.0    74.15367
 95.0    70.03331
 96.0    84.82182
 97.0    60.16468
 98.0    72.41757
100.0    69.81276
101.0    79.19083
102.0    81.04394
103.0    77.54144
104.0    57.97065
105.0    72.42570
106.0    73.88696
107.0    77.60040
108.0    74.09344
110.0    59.80851
111.0    85.77423
113.0    56.47879
114.0    85.70860
115.0    80.19092
117.0    72.03605
118.0    84.40209
119.0    62.82574
121.0    70.80333
122.0    78.83944
123.0    75.02729
125.0    84.11898
126.0    63.44662
127.0    74.19938
128.0    74.10862
130.0    85.85872
132.0    80.72053
134.0    77.70471
138.0    76.52232
139.0    68.42823
140.0    71.21607
141.0    68.07962
142.0    75.74353
143.0    85.83365
145.0    90.34733
146.0    72.76001
147.0    85.29027
148.0    74.92795
149.0    82.13572
150.0    66.46899
151.0    61.95835
152.0    87.16631
153.0    66.63332
155.0    74.65745
156.0    87.17910
158.0    70.32362
161.0    74.00201
162.0    71.37084
164.0    82.44188
165.0    86.52271
167.0    80.87995
169.0    80.01914
170.0    74.67178
171.0    79.34061
173.0    76.90738
174.0    80.05345
175.0    81.23514
176.0    83.78908
177.0    71.04563
178.0    82.72555
179.0    71.41733
182.0    67.16520
183.0    86.06905
184.0    60.17473
185.0    73.93937
186.0    83.93639
187.0    79.92521
188.0    76.50604
189.0    69.22321
191.0    72.88521
192.0    65.74914
193.0    70.81393
194.0    83.01592
195.0    62.11400
196.0    69.26532
197.0    80.00603
198.0    78.09781
200.0    84.21604
201.0    85.50655
202.0    77.74990
205.0    64.56357
206.0    84.71801
207.0    84.49326
208.0    85.35056
209.0    65.22920
211.0    67.57138
212.0    74.15210
213.0    85.26547
215.0    75.34276
216.0    80.36693
217.0    59.43068
218.0    87.31816
219.0    58.52193
221.0    74.49908
223.0    75.38189
224.0    78.00918
225.0    46.37712
226.0    83.03252
227.0    54.12493
228.0    76.16071
229.0    77.52756
230.0    88.38946
231.0    80.41708
232.0    79.76839
234.0    81.65800
235.0    66.49675
236.0    74.54308
238.0    81.31085
239.0    56.89592
241.0    77.29120
242.0    76.27387
243.0    67.45104
244.0    85.68254
245.0    60.36593
246.0    86.64431
247.0    90.92993
248.0    69.60651
251.0    80.91853
253.0    46.61656
254.0    67.56391
255.0    73.93144
256.0    87.50279
258.0    64.62790
259.0    89.23055
260.0    52.95870
261.0    84.87472
262.0    75.88569
263.0    71.38333
264.0    55.05117
265.0    81.74173
267.0    57.66332
268.0    87.07710
269.0    77.17468
270.0    79.92751
271.0    66.74995
272.0    87.02327
276.0    64.67435
277.0    69.64102
279.0    49.80295
280.0    76.97420
281.0    72.95135
282.0    58.80989
283.0    75.60122
285.0    67.91276
286.0    61.31650
287.0    77.01898
288.0    70.05224
289.0    82.41966
290.0    81.84698
291.0    84.65702
292.0    71.22577
293.0    89.12301
294.0    73.14939
295.0    80.58794
297.0    72.48768
298.0    59.96088
299.0    82.44514
300.0    77.74224
301.0    83.75134
302.0    77.27297
303.0    61.64989
304.0    62.05309
306.0    92.39797
307.0    71.91803
308.0    70.14759
309.0    72.55939
310.0    85.53839
312.0    66.00945
313.0    72.40720
314.0    83.28105
315.0    60.19051
317.0    62.80444
319.0    64.94278
320.0    86.49660
321.0    84.94447
322.0    77.54508
323.0    78.74505
324.0    69.87993
325.0    79.05952
326.0    78.98633
327.0    48.55494
328.0    77.48758
329.0    75.46082
330.0    72.94033
332.0    35.44146
333.0    69.08970
336.0    72.59114
337.0    67.50306
338.0    81.90707
339.0    79.00312
340.0    69.13281
341.0    92.48668
344.0    70.74143
345.0    71.24395
346.0    83.95520
347.0    81.58087
348.0    51.02718
349.0    83.63694
350.0    73.10563
351.0    80.05363
353.0    85.05095
355.0    79.64216
356.0    76.06093
357.0    74.93774
358.0    61.07306
359.0    73.66629
360.0    86.59671
361.0    69.77494
362.0    71.83566
363.0    50.14729
364.0    61.15214
366.0    65.84522
368.0    85.10343
369.0    62.75016
370.0    77.00216
371.0    81.69990
372.0    66.09912
373.0    81.04331
374.0    79.41758
375.0    83.86239
376.0    67.34201
377.0    79.20362
378.0    78.97285
379.0    70.13949
380.0    82.07450
381.0    67.06916
383.0    83.56436
384.0    63.91060
385.0    51.43264
386.0    84.98166
387.0    62.32055
389.0    71.43967
390.0    66.94381
391.0    77.01382
392.0    86.50059
393.0    77.52691
395.0    67.22368
396.0    66.88527
397.0    79.08968
398.0    86.94800
400.0    83.35170
401.0    70.48597
402.0    75.93608
404.0    76.22132
405.0    81.89194
406.0    85.70543
410.0    77.62669
412.0    77.95534
413.0    74.05260
414.0    79.90080
415.0    59.22409
416.0    81.72994
417.0    74.61304
418.0    90.12596
419.0    84.54718
420.0    81.99247
421.0    62.93509
423.0    63.71971
424.0    54.56078
425.0    84.82831
426.0    78.29364
427.0    77.78012
428.0    58.88542
429.0    83.51630
430.0    72.59125
431.0    84.98322
433.0    67.64396
434.0    81.61192
435.0    74.74558
436.0    58.86974
437.0    77.72850
438.0    64.31262
439.0    53.95080
440.0    86.32741
441.0    72.25644
442.0    76.51747
443.0    73.61162
445.0    86.37597
446.0    84.54261
447.0    69.80710
449.0    66.02976
451.0    62.93322
452.0    82.35377
453.0    44.89392
454.0    83.50949
455.0    59.57360
456.0    65.89289
457.0    73.80951
458.0    75.44295
460.0    83.94240
462.0    70.46598
463.0    67.72270
464.0    75.81035
466.0    87.03702
468.0    79.70084
470.0    49.70267
471.0    61.43441
472.0    81.96186
473.0    71.09818
474.0    84.55100
475.0    73.29976
476.0    65.99513
477.0    62.55302
478.0    76.62810
479.0    72.83617
480.0    66.92762
481.0    62.63639
482.0    81.43242
483.0    60.75067
484.0    71.78379
485.0    63.12942
486.0    76.66264
487.0    81.69624
488.0    89.11340
489.0    77.21149
490.0    75.48761
491.0    85.12664
493.0    78.73239
494.0    77.25390
496.0    77.66768
497.0    71.45940
498.0    82.94374
499.0    82.13823
500.0    59.66917
