  1.0    87.22582
  8.0    97.68068
 10.0    89.65906
 24.0    88.46185
 31.0    89.01486
 32.0    77.65959
 33.0    90.61813
 35.0    91.11919
 39.0    94.26327
 42.0    90.49586
 46.0    96.09979
 48.0    84.19961
 59.0    84.61354
 67.0    90.48018
 71.0    81.16085
 75.0    84.33433
 79.0    91.14313
 86.0   100.84335
 94.0    73.36043
 99.0    75.59308
109.0    88.95515
112.0    94.84230
116.0    88.12475
120.0    80.22128
124.0    84.95074
129.0    81.76654
131.0    94.33549
133.0    85.80036
135.0    86.10156
136.0    88.98606
137.0    87.06504
144.0    82.37601
154.0    89.42134
157.0    87.61660
159.0    89.48711
160.0    76.19316
163.0    91.54034
166.0    86.36377
168.0    85.22493
172.0    92.75435
180.0    81.85730
181.0    90.11720
190.0    84.90983
199.0    88.38813
203.0    91.73449
204.0    83.39624
210.0    86.43459
214.0    90.05359
220.0    90.36583
222.0    87.84497
233.0    88.66152
237.0    90.02614
240.0    91.13196
249.0    99.53371
250.0    86.90071
252.0    75.79397
257.0    79.90214
266.0    88.18640
273.0    90.81673
274.0    85.18479
275.0    88.38099
278.0    90.16212
284.0    88.83466
296.0    88.06041
305.0    86.17143
311.0    94.18193
316.0    85.55305
318.0    92.23786
331.0    91.85138
334.0    85.84886
335.0    95.77313
342.0    80.01317
343.0    89.81519
352.0    84.49211
354.0    89.89785
365.0    87.95034
367.0    87.83995
382.0    90.08053
388.0    90.56654
394.0    89.29330
399.0    89.22358
403.0    86.43821
407.0    85.74332
408.0    96.98000
409.0    84.26355
411.0    94.53187
422.0    87.69383
432.0    86.71239
444.0    90.09265
448.0    83.16141
450.0   102.20951
459.0    87.08669
461.0    89.16312
465.0   106.05624
467.0    87.60321
469.0    86.55308
492.0    90.19237
495.0    92.10770
