  1.0   276.25000
  8.0   305.25000
 10.0   299.75000
 24.0   573.75000
 31.0   308.25000
 32.0   603.00000
 33.0   262.75000
 35.0   384.25000
 39.0   290.50000
 42.0   283.50000
 46.0   371.75000
 48.0   366.50000
 59.0   291.75000
 67.0   280.25000
 71.0    23.00000
 75.0   282.00000
 79.0   275.25000
 86.0   660.50000
 94.0    53.75000
 99.0    26.25000
109.0   288.00000
112.0   404.50000
116.0   606.50000
120.0    29.75000
124.0   283.25000
129.0   378.75000
131.0   273.25000
133.0   547.50000
135.0   530.50000
136.0   278.75000
137.0   449.75000
144.0    32.00000
154.0   373.50000
157.0   288.25000
159.0   281.00000
160.0    24.00000
163.0   391.00000
166.0   369.50000
168.0   255.00000
172.0   315.00000
180.0    33.50000
181.0   244.50000
190.0   198.50000
199.0   289.75000
203.0   305.25000
204.0   440.75000
210.0   261.75000
214.0   276.75000
220.0   277.75000
222.0   259.00000
233.0   215.00000
237.0   577.00000
240.0   296.75000
249.0   282.00000
250.0   440.00000
252.0    56.00000
257.0    30.75000
266.0   371.00000
273.0   287.75000
274.0   370.75000
275.0   275.50000
278.0   276.50000
284.0   328.75000
296.0   569.75000
305.0   206.50000
311.0   292.00000
316.0   289.00000
318.0   575.75000
331.0   287.00000
334.0   273.00000
335.0   292.50000
342.0    32.50000
343.0   264.25000
352.0   271.00000
354.0   301.75000
365.0   565.75000
367.0   206.75000
382.0   474.00000
388.0   432.00000
394.0   385.75000
399.0   363.50000
403.0   488.25000
407.0   284.50000
408.0   367.75000
409.0   280.75000
411.0   387.50000
422.0   261.50000
432.0   450.25000
444.0   271.00000
448.0   202.00000
450.0   494.00000
459.0   533.00000
461.0   367.00000
465.0   471.75000
467.0   276.50000
469.0   378.50000
492.0   446.50000
495.0   416.75000
