  1.0    97.13023
  2.0    64.07514
  3.0    90.73480
  4.0    75.61977
  5.0     4.70663
  6.0    86.50132
  7.0    83.40341
  8.0    78.25979
  9.0    86.18003
 11.0    82.64890
 12.0    73.56101
 13.0    85.42014
 14.0     2.19766
 17.0    39.57517
 19.0    88.71276
 20.0    86.56169
 21.0    88.80616
 22.0    79.01268
 24.0    93.53590
 25.0    89.30536
 26.0    14.72039
 27.0    85.85402
 29.0    68.70606
 31.0    95.38174
 32.0    70.16263
 33.0    85.69931
 34.0    92.53865
 37.0    87.99953
 38.0    83.91362
 41.0    80.77543
 42.0    90.53796
 43.0    84.42646
 44.0    67.56956
 45.0    88.69353
 48.0    85.28814
 49.0    83.73511
 52.0    91.36547
 53.0    77.80870
 54.0    97.22723
 55.0    89.52928
 56.0    78.60581
 57.0    58.14032
 58.0    81.35287
 59.0    99.56158
 61.0    19.13104
 62.0    77.16692
 64.0    80.41190
 66.0    87.44106
 67.0    88.93027
 68.0    90.11274
 69.0    84.90185
 72.0    66.14217
 74.0    87.49892
 75.0    77.78271
 76.0    84.55536
 77.0    65.57334
 78.0    32.75418
 79.0    69.35111
 80.0    77.94181
 81.0    76.86372
 82.0    86.28040
 83.0    86.28149
 85.0    79.14753
 86.0    85.13996
 88.0    86.60893
 89.0    74.93939
 91.0    73.05013
 92.0    96.22386
 93.0    47.50751
 94.0    96.57994
 96.0    96.06973
 97.0    74.59269
 98.0    71.61248
 99.0    76.02394
100.0    88.19413
101.0    51.10284
102.0   125.47712
104.0    85.79799
105.0    92.35241
107.0    96.71437
108.0    94.18477
109.0    91.08648
110.0    86.08397
111.0    97.44755
112.0    78.62742
114.0    64.24533
115.0    89.95469
116.0    88.89029
118.0    78.92122
119.0    84.82184
120.0    64.35896
121.0    85.26673
122.0    89.02919
123.0    75.71560
125.0    64.29667
126.0    86.76624
127.0    77.13830
128.0    69.36163
129.0    96.53443
130.0    89.12089
131.0    80.90182
132.0    75.19996
138.0    62.16468
140.0    69.12930
141.0    72.22347
144.0    86.80260
145.0    94.07248
146.0    98.17932
147.0     0.18976
148.0    90.44546
149.0    97.83848
150.0    95.31944
152.0    87.90560
154.0    91.40425
155.0    78.08024
157.0    74.98499
158.0    78.21254
160.0    40.47567
162.0    81.39483
163.0    82.91159
165.0    85.32093
167.0    96.21550
168.0    89.04530
169.0    67.11346
171.0   100.72890
172.0    70.95127
173.0    80.11509
174.0    52.00965
176.0    74.00349
178.0    89.43262
180.0    73.36822
181.0    89.52200
182.0    76.80930
183.0    74.37972
184.0    79.45276
185.0    83.78004
189.0    85.72683
190.0    78.60340
191.0    78.94786
192.0     5.84642
193.0    54.10241
194.0    83.34989
196.0    79.53082
197.0    93.64043
198.0    65.62881
199.0    85.39148
201.0     0.78633
202.0    83.77130
203.0     5.15962
206.0    90.56859
207.0    94.87327
208.0    73.02782
209.0    87.82989
210.0    93.05480
212.0    73.44740
213.0    92.85317
217.0    78.18808
218.0    97.87160
219.0    82.18859
220.0    83.35766
221.0    92.34221
226.0    88.51537
227.0    84.67500
228.0    68.28524
232.0    83.34740
233.0    85.97883
236.0    83.74134
237.0    84.11388
239.0    81.12432
243.0    73.90801
244.0    86.57837
246.0    83.59072
247.0    83.71219
248.0    77.59657
249.0    83.20244
250.0    87.62288
252.0    80.75523
253.0    77.96094
254.0    85.44431
255.0    84.99642
257.0    76.30437
258.0    86.02138
259.0    73.86555
261.0    93.95881
262.0    87.85976
263.0    81.82953
264.0    70.61774
265.0    18.97378
266.0    68.30523
267.0    72.66665
268.0     5.08761
270.0    36.28416
271.0    84.52437
273.0    90.13570
274.0    82.57766
276.0    74.05783
277.0    82.88603
278.0    76.16942
280.0    87.07973
281.0   101.78302
282.0    24.62894
283.0    94.74453
285.0    80.83272
288.0    78.69578
289.0    74.33088
290.0    87.46118
291.0    62.85388
292.0    57.83504
295.0    35.57758
296.0    68.57457
297.0    16.97805
298.0    77.24225
300.0    70.01611
301.0    88.86894
302.0    89.27797
303.0    78.37083
305.0    87.68963
306.0    84.76206
307.0    73.64537
308.0    95.43444
309.0    67.15970
311.0    83.57037
313.0    62.02900
314.0    83.96517
315.0   151.09630
316.0    92.60156
317.0    87.43098
319.0    91.35082
320.0    92.29271
321.0    68.87643
322.0    88.78761
323.0    76.77408
326.0    89.74954
328.0    83.61132
329.0    86.83724
330.0    44.00272
331.0    74.63658
334.0    81.30902
336.0    78.77482
338.0    92.07623
339.0    78.16871
340.0    88.24836
341.0    86.21641
342.0    81.95132
347.0    91.20620
348.0    84.20170
349.0    82.33462
350.0    89.46274
351.0    87.13283
352.0    91.58332
353.0    58.78324
354.0    68.42157
355.0    72.22271
356.0    80.11002
357.0    69.94974
358.0    89.90276
360.0    84.97534
361.0    81.94054
362.0    81.95940
364.0    90.56822
365.0    92.07432
366.0    73.47228
367.0    79.18912
368.0    86.32033
369.0    83.41940
370.0    83.74824
371.0    93.52037
374.0   101.48197
376.0    83.83433
377.0    91.49478
378.0    91.93926
379.0    85.82604
380.0    77.58083
381.0    78.40111
383.0    68.29909
384.0    83.93802
385.0    84.68058
388.0    87.62096
391.0    88.22345
393.0    76.62280
395.0    59.72199
396.0    75.13040
397.0    80.73017
398.0    81.60757
399.0     6.25726
402.0    75.73504
403.0    70.91047
405.0    87.91100
406.0    89.76560
407.0    82.55629
408.0    61.92676
409.0    92.92570
410.0    47.66666
412.0    74.79151
413.0    81.07640
414.0    85.49234
415.0    75.26039
416.0    97.86096
417.0    87.66250
418.0    92.96931
420.0    85.48411
421.0    86.11788
423.0     2.78394
424.0    74.65917
425.0    91.30567
429.0    81.77344
430.0    91.64459
431.0    74.74773
432.0   100.00972
433.0    73.50719
434.0    72.25577
435.0    85.42780
436.0    31.25172
438.0    89.46846
439.0    55.09885
444.0    82.93275
445.0    78.02090
446.0    63.19453
447.0    87.81051
448.0    78.82590
449.0    59.39697
451.0    61.07765
452.0    84.91625
453.0    43.99918
457.0    74.69313
458.0    36.04854
460.0    85.65358
461.0    70.51764
463.0    84.11094
464.0    96.70066
465.0    84.02906
467.0    83.70456
468.0     5.55789
469.0    93.94368
471.0    92.90738
472.0    91.64353
474.0    87.76861
475.0    52.29194
476.0    77.44634
477.0    66.65974
478.0    23.57386
479.0    80.82635
481.0    86.38883
483.0    79.63878
484.0    99.08384
485.0    77.34081
486.0    86.62300
487.0    88.19449
488.0    83.96029
490.0    71.49055
491.0    87.12634
492.0    89.00998
493.0    91.11698
494.0   102.80660
495.0    43.72630
499.0    91.50844
500.0    76.33774
