  1.0   400.75000
  2.0   336.00000
  3.0   319.00000
  4.0   130.25000
  5.0     0.00000
  6.0   278.50000
  7.0     0.00000
  8.0    50.50000
  9.0    64.25000
 11.0   171.25000
 12.0    68.50000
 13.0    44.75000
 14.0   427.00000
 17.0    43.00000
 19.0   500.25000
 20.0   463.50000
 21.0    73.25000
 22.0   316.25000
 24.0   178.50000
 25.0   139.75000
 26.0     0.00000
 27.0   674.50000
 29.0    90.50000
 31.0   256.00000
 32.0   177.75000
 33.0   151.50000
 34.0   258.50000
 37.0   198.25000
 38.0   540.00000
 41.0    32.50000
 42.0   425.00000
 43.0   164.50000
 44.0     0.00000
 45.0   914.50000
 48.0    53.25000
 49.0   154.25000
 52.0   248.75000
 53.0    57.25000
 54.0   252.75000
 55.0   243.25000
 56.0   180.00000
 57.0   120.25000
 58.0   700.50000
 59.0   316.50000
 61.0     0.00000
 62.0     0.00000
 64.0   222.00000
 66.0   445.00000
 67.0   299.25000
 68.0   144.25000
 69.0   308.00000
 72.0   149.50000
 74.0   635.75000
 75.0     0.00000
 76.0   369.50000
 77.0     0.00000
 78.0     0.00000
 79.0     0.00000
 80.0   217.25000
 81.0   161.50000
 82.0   367.25000
 83.0    32.00000
 85.0   435.00000
 86.0   133.50000
 88.0    41.00000
 89.0   196.00000
 91.0   325.75000
 92.0   924.50000
 93.0   210.50000
 94.0   231.00000
 96.0    65.75000
 97.0    92.00000
 98.0    60.00000
 99.0   615.00000
100.0   313.00000
101.0   112.75000
102.0   444.25000
104.0   825.50000
105.0   931.00000
107.0    62.75000
108.0    51.00000
109.0     0.00000
110.0   193.50000
111.0   265.50000
112.0   351.50000
114.0   113.00000
115.0   158.50000
116.0   430.50000
118.0   356.75000
119.0   634.25000
120.0   417.00000
121.0    45.25000
122.0     0.00000
123.0   173.50000
125.0   183.50000
126.0    49.00000
127.0   122.50000
128.0   738.50000
129.0   405.75000
130.0    51.75000
131.0   342.00000
132.0    52.75000
138.0   639.25000
140.0   894.25000
141.0   818.25000
144.0   380.75000
145.0    41.75000
146.0   149.00000
147.0     0.00000
148.0   221.50000
149.0   954.75000
150.0   258.25000
152.0    82.25000
154.0    42.00000
155.0   265.75000
157.0    55.25000
158.0   162.75000
160.0   586.50000
162.0   289.00000
163.0   327.50000
165.0   205.75000
167.0   472.50000
168.0   578.00000
169.0   106.75000
171.0   238.25000
172.0    82.50000
173.0   139.00000
174.0   114.00000
176.0   537.75000
178.0   329.25000
180.0   157.50000
181.0   994.00000
182.0   167.75000
183.0    53.50000
184.0   265.50000
185.0   837.75000
189.0   127.25000
190.0   835.75000
191.0    47.00000
192.0     0.00000
193.0   418.00000
194.0   504.00000
196.0   227.00000
197.0   330.25000
198.0    77.75000
199.0   671.50000
201.0     0.00000
202.0    67.00000
203.0     0.00000
206.0   417.75000
207.0   145.00000
208.0    93.25000
209.0   230.00000
210.0   346.75000
212.0    85.75000
213.0   190.00000
217.0   147.50000
218.0   266.00000
219.0    64.75000
220.0   939.00000
221.0   339.50000
226.0    53.00000
227.0   232.50000
228.0    56.50000
232.0    48.75000
233.0   301.25000
236.0   350.75000
237.0     0.00000
239.0    65.00000
243.0   302.75000
244.0   240.25000
246.0   860.75000
247.0   321.50000
248.0   352.50000
249.0   739.75000
250.0    68.00000
252.0   346.25000
253.0    64.00000
254.0   134.75000
255.0     0.00000
257.0   340.75000
258.0   205.25000
259.0   253.75000
261.0   202.50000
262.0   345.75000
263.0   460.50000
264.0   452.00000
265.0     0.00000
266.0   154.25000
267.0   353.50000
268.0   423.25000
270.0    92.75000
271.0   211.25000
273.0   551.25000
274.0   382.75000
276.0   321.50000
277.0    42.25000
278.0   176.25000
280.0   507.25000
281.0   350.25000
282.0   548.75000
283.0   306.75000
285.0   466.00000
288.0     0.00000
289.0    52.00000
290.0   307.00000
291.0   779.50000
292.0   110.00000
295.0    90.00000
296.0   209.00000
297.0     0.00000
298.0    54.50000
300.0   219.50000
301.0    50.25000
302.0     0.00000
303.0     0.00000
305.0   338.75000
306.0   218.00000
307.0   184.75000
308.0   246.00000
309.0    62.50000
311.0   276.75000
313.0   945.75000
314.0    56.25000
315.0     0.00000
316.0   262.25000
317.0   536.50000
319.0   361.50000
320.0    40.50000
321.0   485.00000
322.0   211.25000
323.0    87.25000
326.0    74.00000
328.0   136.50000
329.0   153.25000
330.0   752.25000
331.0     0.00000
334.0    49.75000
336.0   580.00000
338.0    47.75000
339.0    75.00000
340.0    47.00000
341.0   306.25000
342.0   244.75000
347.0   221.00000
348.0   878.75000
349.0   157.75000
350.0    58.50000
351.0   211.50000
352.0   170.00000
353.0   167.00000
354.0   239.50000
355.0   365.75000
356.0    59.75000
357.0    79.75000
358.0   272.75000
360.0    40.75000
361.0   339.75000
362.0   312.25000
364.0   620.25000
365.0   986.00000
366.0   210.00000
367.0   202.50000
368.0    25.75000
369.0   129.00000
370.0   140.25000
371.0   977.00000
374.0   162.75000
376.0   804.75000
377.0   294.00000
378.0   298.25000
379.0   214.75000
380.0    61.00000
381.0   141.50000
383.0     0.00000
384.0   267.50000
385.0   122.00000
388.0    26.75000
391.0    67.50000
393.0    57.75000
395.0     0.00000
396.0   220.25000
397.0    52.00000
398.0   590.25000
399.0     0.00000
402.0   175.75000
403.0   158.25000
405.0   330.75000
406.0   251.50000
407.0   290.75000
408.0    83.00000
409.0   156.75000
410.0   231.00000
412.0   151.75000
413.0   145.75000
414.0   298.50000
415.0   195.25000
416.0   501.25000
417.0   222.00000
418.0   345.25000
420.0   342.50000
421.0   196.75000
423.0     0.00000
424.0   448.75000
425.0    45.25000
429.0   252.50000
430.0    72.75000
431.0   650.00000
432.0   404.25000
433.0   126.75000
434.0   930.25000
435.0   152.50000
436.0   232.50000
438.0   211.00000
439.0   207.50000
444.0   191.25000
445.0   717.25000
446.0   198.75000
447.0   176.50000
448.0   333.25000
449.0   184.50000
451.0   130.00000
452.0    60.00000
453.0   145.25000
457.0   225.25000
458.0   113.25000
460.0    38.25000
461.0   139.50000
463.0   646.25000
464.0   254.50000
465.0   564.25000
467.0    65.00000
468.0     0.00000
469.0   264.00000
471.0   283.50000
472.0    70.00000
474.0   351.25000
475.0    83.50000
476.0   587.75000
477.0   415.25000
478.0     0.00000
479.0   396.00000
481.0   263.25000
483.0   153.25000
484.0   147.00000
485.0   133.25000
486.0   263.75000
487.0    64.25000
488.0    43.50000
490.0    54.00000
491.0   348.75000
492.0    70.25000
493.0   882.75000
494.0   497.25000
495.0   130.50000
499.0   300.25000
500.0   376.75000
