 10.0   456.75000
 15.0    34.50000
 16.0    41.00000
 18.0   608.75000
 23.0    34.00000
 28.0    28.75000
 30.0   423.75000
 35.0   405.25000
 36.0    79.75000
 39.0    31.75000
 40.0   374.25000
 46.0   129.00000
 47.0    41.25000
 50.0   237.25000
 51.0    47.25000
 60.0    41.75000
 63.0   489.75000
 65.0   683.50000
 70.0   241.75000
 71.0    21.75000
 73.0    27.75000
 84.0    36.75000
 87.0   323.25000
 90.0    45.00000
 95.0    27.50000
103.0    23.75000
106.0   266.00000
113.0   325.50000
117.0   321.00000
124.0   136.00000
133.0   343.00000
134.0    49.00000
135.0    31.50000
136.0   299.75000
137.0    27.50000
139.0   267.25000
142.0   410.75000
143.0   239.25000
151.0   149.00000
153.0   274.25000
156.0    40.50000
159.0    21.50000
161.0   552.00000
164.0    34.00000
166.0   317.75000
170.0   148.00000
175.0   398.00000
177.0   261.25000
179.0   170.75000
186.0    30.25000
187.0   651.50000
188.0   394.00000
195.0    29.00000
200.0   261.25000
204.0   294.00000
205.0   144.50000
211.0    25.50000
214.0    26.25000
215.0   362.75000
216.0    54.75000
222.0   751.75000
223.0   309.50000
224.0   329.50000
225.0    40.25000
229.0   136.00000
230.0    39.25000
231.0   344.75000
234.0   650.75000
235.0   284.50000
238.0    34.50000
240.0    50.25000
241.0   373.00000
242.0   196.50000
245.0   492.25000
251.0   170.75000
256.0   329.25000
260.0   131.25000
269.0   368.50000
272.0   130.25000
275.0   361.75000
279.0   446.00000
284.0   476.00000
286.0   568.75000
287.0    35.75000
293.0    66.25000
294.0   229.75000
299.0    50.00000
304.0   318.75000
310.0   146.50000
312.0   357.25000
318.0    28.25000
324.0   319.50000
325.0   213.25000
327.0    29.50000
332.0   154.25000
333.0    33.75000
335.0   486.75000
337.0    27.50000
343.0   360.25000
344.0    32.00000
345.0   223.25000
346.0    39.75000
359.0   514.00000
363.0   195.50000
372.0    29.00000
373.0   221.00000
375.0   323.25000
382.0   244.75000
386.0    29.25000
387.0   540.75000
389.0   352.75000
390.0    26.00000
392.0   230.50000
394.0    34.00000
400.0   567.00000
401.0   265.50000
404.0    48.00000
411.0   739.50000
419.0   425.00000
422.0   480.50000
426.0   115.75000
427.0    57.00000
428.0   570.25000
437.0    34.50000
440.0   272.00000
441.0   298.50000
442.0    37.25000
443.0    43.25000
450.0   276.00000
454.0    28.25000
455.0    41.25000
456.0   168.25000
459.0    31.25000
462.0   505.25000
466.0    41.75000
470.0   398.25000
473.0   202.25000
480.0    48.25000
482.0   117.25000
489.0   343.00000
496.0   315.75000
497.0    34.75000
498.0    26.50000
