 10.0   112.61717
 15.0    90.91200
 16.0    95.27078
 18.0   106.36149
 23.0    89.31983
 28.0    87.75072
 30.0   118.99819
 35.0    55.92499
 36.0    89.24446
 39.0    93.75533
 40.0   101.56268
 46.0    88.04136
 47.0   104.59067
 50.0   109.48122
 51.0    84.94688
 60.0    90.65700
 63.0    95.30098
 65.0   103.47735
 70.0    97.16523
 71.0    91.06908
 73.0    88.54184
 84.0    91.68852
 87.0   120.28275
 90.0    93.23098
 95.0    84.26902
103.0    88.64303
106.0    94.75851
113.0   103.27389
117.0    95.24375
124.0    96.73895
133.0    91.25342
134.0    92.90331
135.0    91.04602
136.0    97.47754
137.0    85.70137
139.0    96.65520
142.0    92.11953
143.0    93.18554
151.0    92.36403
153.0   103.00274
156.0    93.59369
159.0    92.16963
161.0    91.79646
164.0    90.78176
166.0    93.04186
170.0   101.76186
175.0   102.89723
177.0   111.55540
179.0    90.66927
186.0    89.23388
187.0    94.58847
188.0    82.87408
195.0    89.57206
200.0    95.52915
204.0    97.22862
205.0    90.14538
211.0    90.38835
214.0    84.17320
215.0    98.49553
216.0    89.44633
222.0    95.43670
223.0    99.79428
224.0    91.12377
225.0    90.15766
229.0    89.64216
230.0    90.30062
231.0    94.71279
234.0    84.03060
235.0    96.10632
238.0    92.97516
240.0    90.68139
241.0   113.71528
242.0    89.44453
245.0    95.21726
251.0   108.75773
256.0    99.27136
260.0    92.01523
269.0   117.17551
272.0    88.61940
275.0    95.64709
279.0    98.67618
284.0   111.99511
286.0   118.76769
287.0    86.53132
293.0    89.95806
294.0    92.92327
299.0    86.46727
304.0    99.59196
310.0    99.46351
312.0    86.06624
318.0    90.13683
324.0    94.77527
325.0    97.61128
327.0    88.50626
332.0    99.91193
333.0    89.92789
335.0    94.14930
337.0    83.83094
343.0    93.19321
344.0    93.63821
345.0    94.37627
346.0    92.24974
359.0    89.64188
363.0    97.85855
372.0    89.76819
373.0   101.00068
375.0   102.47092
382.0   104.02930
386.0    91.08015
387.0   105.03906
389.0    99.50523
390.0    90.65922
392.0    90.93560
394.0    89.65613
400.0   112.30993
401.0   118.19447
404.0    83.49347
411.0    93.28993
419.0   107.45063
422.0   122.46175
426.0    66.78559
427.0    95.68313
428.0    99.81904
437.0    89.39058
440.0    91.40138
441.0    82.33925
442.0    90.61613
443.0    95.42800
450.0    99.25595
454.0    88.64367
455.0    83.98578
456.0    94.67960
459.0    89.97618
462.0   102.82055
466.0    91.59001
470.0   115.79747
473.0   110.20791
480.0    91.27980
482.0    41.92277
489.0   114.14809
496.0   103.00563
497.0    87.84311
498.0    90.74823
