  1.0   438.75000
  4.0   145.25000
  6.0   121.00000
  7.0   408.50000
  8.0   387.25000
  9.0   514.75000
 10.0   116.00000
 11.0   513.00000
 12.0   324.00000
 13.0   388.00000
 15.0   284.25000
 16.0   114.75000
 17.0   119.50000
 18.0   306.00000
 20.0   356.75000
 22.0    36.50000
 23.0   167.00000
 24.0   137.50000
 25.0   200.25000
 26.0    51.25000
 27.0   385.00000
 29.0   501.25000
 31.0    48.50000
 32.0   391.75000
 33.0   322.00000
 34.0   389.00000
 35.0   497.25000
 36.0   522.75000
 37.0   511.00000
 40.0   145.25000
 42.0   268.50000
 43.0   296.75000
 44.0   716.00000
 45.0    66.75000
 46.0   318.25000
 47.0    77.75000
 48.0   428.75000
 49.0    54.75000
 51.0   107.50000
 52.0   252.00000
 53.0   237.25000
 54.0    90.25000
 55.0   108.50000
 56.0   382.50000
 58.0    63.00000
 59.0   322.00000
 61.0   303.25000
 62.0   168.50000
 63.0    63.25000
 64.0   595.00000
 65.0   181.75000
 66.0   323.50000
 67.0   348.00000
 69.0   240.75000
 70.0   339.25000
 71.0    95.25000
 72.0   276.25000
 74.0    52.75000
 75.0   293.50000
 76.0   185.25000
 77.0   349.25000
 78.0   470.50000
 79.0   404.25000
 82.0   324.50000
 84.0   396.00000
 85.0   254.00000
 86.0   189.25000
 87.0   907.00000
 88.0    89.50000
 89.0   205.25000
 91.0   511.00000
 92.0   137.00000
 93.0   371.25000
 96.0    59.50000
 99.0   155.25000
100.0   243.75000
101.0   620.25000
102.0   113.75000
103.0   455.00000
104.0   138.25000
105.0    86.25000
106.0    61.50000
107.0   187.25000
108.0   271.50000
109.0   288.25000
110.0   375.75000
111.0   279.50000
112.0    80.25000
113.0   464.50000
114.0   321.00000
116.0   219.50000
117.0    41.00000
118.0   389.75000
119.0   228.50000
120.0   297.25000
122.0   131.75000
123.0   113.50000
124.0   146.00000
125.0   374.50000
127.0   196.75000
128.0   160.50000
132.0   142.25000
133.0   200.00000
134.0   274.00000
136.0   462.50000
139.0   173.75000
140.0   115.50000
141.0   171.50000
143.0   322.00000
144.0   390.50000
145.0   137.75000
146.0   429.50000
147.0   184.00000
148.0   378.25000
149.0   207.00000
150.0    88.75000
151.0   281.75000
155.0   116.00000
156.0   228.50000
157.0   489.50000
158.0   534.50000
159.0   169.50000
162.0   191.50000
163.0   215.25000
164.0  1413.75000
165.0   189.75000
168.0   224.25000
169.0   224.25000
170.0   341.00000
171.0   179.25000
172.0    60.50000
173.0   343.00000
175.0   433.50000
176.0   263.25000
177.0   125.50000
178.0   534.75000
179.0   152.25000
180.0    80.00000
181.0   180.50000
182.0   203.75000
183.0   112.00000
184.0   161.75000
185.0   468.25000
186.0   684.25000
188.0   184.50000
189.0    50.75000
191.0   351.50000
192.0   218.00000
193.0   489.50000
194.0   634.25000
195.0   203.00000
196.0   544.50000
197.0   168.75000
198.0   624.00000
199.0   336.75000
201.0    62.75000
202.0   303.75000
203.0   187.00000
205.0   266.75000
212.0   342.50000
213.0   298.00000
214.0   305.75000
215.0   287.00000
216.0   185.25000
217.0   374.00000
218.0   271.75000
219.0   336.25000
220.0    74.00000
221.0    72.75000
222.0   134.00000
223.0   534.00000
224.0   726.00000
225.0   283.75000
228.0   162.75000
229.0   320.50000
230.0   242.75000
231.0   179.00000
233.0   375.00000
234.0   283.00000
235.0   158.50000
237.0   499.25000
238.0   167.75000
239.0   254.50000
241.0   446.25000
242.0   310.75000
243.0    36.50000
245.0   242.75000
246.0   249.75000
247.0   259.25000
248.0   823.75000
249.0   249.50000
250.0   230.50000
251.0   754.00000
252.0   569.75000
253.0   184.25000
255.0   491.00000
256.0   190.50000
258.0   340.75000
259.0   113.25000
260.0    68.00000
261.0    92.25000
262.0   182.50000
263.0   324.75000
265.0   440.50000
266.0   184.25000
267.0   174.75000
268.0   150.00000
269.0   287.25000
270.0   198.25000
272.0   104.00000
273.0   115.25000
274.0   306.00000
276.0   332.75000
277.0   286.00000
280.0   366.50000
283.0    33.50000
285.0    93.50000
286.0    60.25000
288.0   565.50000
289.0    96.75000
290.0   173.25000
291.0   505.25000
292.0   461.75000
293.0   310.25000
294.0   548.00000
295.0   443.75000
296.0   274.00000
297.0   279.75000
298.0   111.25000
299.0   256.00000
300.0   832.75000
301.0   398.50000
302.0   328.00000
305.0   412.50000
306.0   137.50000
307.0   130.25000
309.0   276.25000
310.0   311.25000
311.0    71.50000
313.0   411.75000
314.0   717.25000
317.0   321.50000
318.0   176.50000
320.0    40.75000
321.0   103.75000
322.0   131.00000
323.0   271.25000
324.0   184.75000
325.0   384.00000
326.0   304.50000
327.0   242.75000
329.0    59.75000
331.0   433.75000
332.0   351.00000
334.0   365.50000
335.0   327.25000
336.0   221.50000
337.0   219.00000
339.0   354.75000
340.0   423.75000
341.0   288.00000
342.0   242.25000
343.0    86.75000
344.0   122.25000
345.0    55.25000
346.0   357.50000
348.0   257.00000
349.0   111.50000
350.0    90.75000
351.0   156.25000
352.0    51.75000
353.0   219.75000
354.0   608.25000
355.0   203.25000
356.0   324.50000
357.0   353.00000
358.0   415.75000
360.0   178.50000
361.0    70.50000
363.0    49.75000
364.0   742.50000
365.0   276.50000
366.0    61.50000
367.0   502.50000
368.0   254.00000
369.0    95.75000
370.0   308.00000
371.0   248.75000
373.0   306.50000
374.0   322.75000
375.0   423.75000
376.0   424.50000
378.0   256.75000
380.0   410.75000
382.0   642.00000
383.0    90.00000
385.0   350.00000
386.0   120.25000
388.0   381.00000
389.0   469.25000
391.0   175.50000
392.0   402.00000
393.0   318.00000
394.0   344.00000
395.0    68.25000
397.0   573.75000
400.0   244.75000
401.0   220.00000
402.0   178.75000
404.0   392.50000
406.0    55.25000
407.0   262.50000
409.0   297.00000
410.0   263.25000
411.0   410.25000
412.0   398.00000
414.0   128.00000
416.0   127.00000
417.0   179.25000
419.0   112.75000
420.0    97.50000
421.0    90.50000
422.0   384.25000
424.0   205.50000
425.0   212.50000
426.0    41.00000
427.0   255.00000
428.0   264.75000
429.0   142.25000
430.0   449.25000
431.0   327.25000
432.0   173.75000
433.0   161.75000
434.0   376.50000
435.0   466.25000
436.0   416.25000
437.0   292.00000
438.0   407.75000
439.0   343.25000
440.0   596.75000
441.0   526.75000
442.0    95.75000
444.0   141.50000
445.0   333.75000
446.0   159.50000
447.0   379.75000
448.0   209.00000
452.0   318.25000
453.0   554.25000
454.0   110.75000
455.0   266.50000
456.0   483.75000
457.0   325.75000
458.0    86.25000
461.0   301.75000
462.0   161.75000
463.0   181.00000
464.0    58.50000
465.0   157.00000
466.0   584.75000
467.0   342.25000
468.0   308.25000
469.0   198.75000
471.0   258.50000
472.0   199.75000
474.0   619.00000
475.0   149.50000
476.0   332.75000
477.0   279.75000
478.0   282.25000
479.0   281.50000
481.0   149.75000
482.0   255.25000
483.0   212.00000
485.0   366.50000
486.0   175.75000
487.0   171.50000
488.0   181.50000
489.0   192.75000
491.0   207.75000
492.0   188.75000
493.0   197.25000
494.0   118.25000
497.0   244.50000
498.0   171.75000
