  1.0    81.56290
  4.0    65.46089
  6.0    78.25954
  7.0    84.39742
  8.0    34.56371
  9.0    64.98070
 10.0    60.41163
 11.0    65.61476
 12.0    83.02242
 13.0    56.39742
 15.0    62.48213
 16.0    89.48233
 17.0    83.48803
 18.0    84.35916
 20.0    65.80121
 22.0    74.23011
 23.0    81.42672
 24.0    75.09789
 25.0    82.15247
 26.0    77.15785
 27.0    68.54377
 29.0    81.98264
 31.0    81.46837
 32.0    89.31422
 33.0    82.58462
 34.0    76.83337
 35.0    83.45021
 36.0    55.84607
 37.0    78.08463
 40.0    63.00933
 42.0    86.05119
 43.0    66.76667
 44.0    75.44953
 45.0    80.15098
 46.0    83.62834
 47.0    95.18275
 48.0    66.06792
 49.0    83.89154
 51.0    86.41482
 52.0    84.69344
 53.0    86.03878
 54.0    88.00162
 55.0    77.88269
 56.0    75.61949
 58.0    78.78014
 59.0    89.08244
 61.0    90.72540
 62.0    69.01558
 63.0    82.13502
 64.0    69.29993
 65.0    65.64343
 66.0    77.89710
 67.0    85.86135
 69.0    82.81703
 70.0    76.68274
 71.0    77.38413
 72.0    78.67874
 74.0    91.14536
 75.0    84.80797
 76.0    77.31851
 77.0    78.69162
 78.0    81.68864
 79.0    61.80330
 82.0    79.50806
 84.0    86.01159
 85.0    79.43884
 86.0    78.46980
 87.0    67.54299
 88.0    46.32248
 89.0    59.11522
 91.0    87.83977
 92.0    42.87665
 93.0    71.14482
 96.0    84.49507
 99.0    73.83022
100.0    77.01958
101.0    52.62650
102.0    87.21664
103.0    67.94321
104.0    71.17801
105.0    73.70834
106.0    80.22410
107.0    69.86093
108.0    76.14307
109.0    70.74660
110.0    71.12256
111.0    57.57947
112.0    70.47372
113.0    86.07880
114.0    91.67812
116.0    49.61267
117.0    81.95389
118.0    84.77889
119.0    77.57175
120.0    82.15138
122.0    80.09015
123.0    71.77745
124.0    83.29615
125.0    84.00435
127.0    80.34989
128.0    78.04208
132.0    84.00667
133.0    85.53061
134.0    71.06181
136.0    75.19822
139.0    70.28482
140.0    86.17676
141.0    64.80344
143.0    75.69768
144.0    71.20708
145.0    57.48122
146.0    67.19396
147.0    65.64561
148.0    79.79706
149.0    65.22557
150.0    83.53655
151.0    90.52763
155.0    74.30251
156.0    69.76491
157.0    73.27463
158.0    63.02748
159.0    76.64589
162.0    82.41133
163.0    70.18346
164.0    65.94532
165.0    72.93510
168.0    78.84678
169.0    84.49958
170.0    54.38403
171.0    84.35221
172.0    86.13909
173.0    86.97328
175.0    78.09540
176.0    79.13122
177.0    80.80738
178.0    85.98642
179.0    83.01007
180.0    69.36413
181.0    74.18440
182.0    33.73153
183.0    65.66193
184.0    85.38547
185.0    83.04753
186.0    81.24391
188.0    67.52992
189.0    81.07930
191.0    55.40510
192.0    63.21620
193.0    82.73757
194.0    67.13154
195.0    57.36348
196.0    81.40668
197.0    75.81816
198.0    78.49227
199.0    70.28474
201.0    84.81126
202.0    84.75883
203.0    59.75503
205.0    59.90537
212.0    73.99077
213.0    87.43637
214.0    44.77060
215.0    66.27826
216.0    79.69299
217.0    62.08349
218.0    75.88040
219.0    59.80809
220.0    83.53483
221.0    74.56492
222.0    79.50165
223.0    81.84504
224.0    75.83218
225.0    77.77792
228.0    86.39856
229.0    69.97165
230.0    60.61055
231.0    87.65472
233.0    75.69970
234.0    56.27038
235.0    63.58315
237.0    74.10399
238.0    68.60455
239.0    73.78074
241.0    68.15410
242.0    60.33915
243.0    85.57250
245.0    82.26637
246.0    69.32554
247.0    82.43440
248.0    80.46973
249.0    76.41337
250.0    69.03629
251.0    20.02482
252.0    66.02579
253.0    81.36278
255.0    81.00251
256.0    73.79290
258.0    92.00074
259.0    64.38773
260.0    87.57133
261.0    80.38020
262.0    80.77014
263.0    88.13429
265.0    45.29899
266.0    69.13703
267.0    77.91503
268.0    76.78797
269.0    60.01741
270.0    57.57321
272.0    78.60688
273.0    62.12616
274.0    84.33311
276.0    73.80681
277.0    68.79869
280.0    76.48839
283.0    76.22611
285.0    81.60031
286.0    88.22966
288.0    67.69564
289.0    82.21332
290.0    83.13760
291.0    63.16265
292.0    84.76355
293.0    85.42566
294.0    50.53577
295.0    69.98978
296.0    66.83866
297.0    66.43526
298.0    51.12831
299.0    81.20972
300.0    64.55055
301.0    71.64692
302.0    86.40298
305.0    75.31470
306.0    72.80196
307.0    60.52829
309.0    75.74028
310.0    90.39132
311.0    76.37237
313.0    83.09238
314.0    72.22926
317.0    79.30513
318.0    73.91273
320.0    81.78044
321.0    81.66391
322.0    51.95921
323.0    84.47445
324.0    82.71940
325.0    91.65971
326.0    42.95591
327.0    51.88729
329.0    86.01781
331.0    80.72670
332.0    44.26838
334.0    68.03755
335.0    78.17391
336.0    70.96074
337.0    59.78873
339.0    85.49133
340.0    76.10193
341.0    86.21562
342.0    81.65547
343.0    73.06947
344.0    82.47474
345.0    87.14160
346.0    76.07916
348.0    71.85056
349.0    77.47592
350.0    72.44640
351.0    55.94373
352.0    71.75650
353.0    66.69291
354.0    79.23990
355.0    55.77779
356.0    76.44082
357.0    75.07665
358.0    99.78039
360.0    82.93238
361.0    67.94868
363.0    82.17144
364.0    70.03162
365.0    51.92211
366.0    91.93189
367.0    84.07441
368.0    73.92975
369.0    76.44872
370.0    40.53379
371.0    75.61305
373.0    82.23516
374.0    61.96443
375.0    82.30351
376.0    87.84091
378.0    86.64698
380.0    64.92839
382.0    85.51629
383.0    55.73156
385.0    49.24442
386.0    71.38466
388.0    91.99068
389.0    84.20458
391.0    85.66988
392.0    60.09151
393.0    74.88926
394.0    88.75123
395.0    77.17876
397.0    69.67697
400.0    69.26684
401.0    71.85201
402.0    74.03217
404.0    86.42321
406.0    86.56080
407.0    53.77259
409.0    77.40986
410.0    78.75842
411.0    87.41078
412.0    90.10469
414.0    86.49732
416.0    75.96775
417.0    72.68189
419.0    88.52878
420.0    72.46474
421.0    83.69364
422.0    72.55236
424.0    62.52204
425.0    80.94928
426.0    80.63764
427.0    64.11534
428.0    75.68039
429.0    83.69016
430.0    67.88980
431.0    71.58774
432.0    82.30733
433.0    80.91788
434.0    67.73660
435.0    76.01944
436.0    68.04649
437.0    76.45064
438.0    76.00666
439.0    78.56259
440.0    88.04862
441.0    70.59654
442.0    76.99447
444.0    74.50421
445.0    90.69204
446.0    80.96979
447.0    76.29023
448.0    69.06413
452.0    80.54300
453.0    72.62115
454.0    72.31523
455.0    78.65378
456.0    76.31046
457.0    59.78181
458.0    81.42115
461.0    72.84260
462.0    83.17216
463.0    91.20762
464.0    90.85379
465.0    75.67846
466.0    65.70136
467.0    73.75349
468.0    85.48132
469.0    53.38659
471.0    80.46722
472.0    61.75788
474.0    70.68799
475.0    75.44025
476.0    78.93327
477.0    69.51456
478.0    80.00939
479.0    70.30484
481.0    74.14837
482.0    82.08704
483.0    62.05741
485.0    76.02679
486.0    84.05592
487.0    81.88965
488.0    77.30263
489.0    76.54137
491.0    63.79415
492.0    71.80836
493.0    63.05469
494.0    72.90251
497.0    42.47513
498.0    83.07328
