  2.0    94.74409
  3.0    88.78639
  5.0    99.65292
 14.0    84.83548
 19.0    82.76140
 21.0    90.43489
 28.0    90.43898
 30.0    84.67152
 38.0    85.24010
 39.0    85.71211
 41.0    85.43704
 50.0    81.88345
 57.0    86.99346
 60.0    88.14670
 68.0    85.56161
 73.0    91.72132
 80.0    82.16772
 81.0    87.57531
 83.0   100.95989
 90.0    83.49090
 94.0    90.59689
 95.0    88.93339
 97.0    93.76224
 98.0    86.30463
115.0    86.13720
121.0    88.70159
126.0    85.22539
129.0    86.55718
130.0    82.48453
131.0    94.42672
135.0    86.63286
137.0    86.04733
138.0    88.60775
142.0    84.28731
152.0    90.42611
153.0    88.39455
154.0    83.84351
160.0    84.97648
161.0    90.85228
166.0    90.54706
167.0    80.16740
174.0    86.56197
187.0    82.80165
190.0    85.90913
200.0    90.31138
204.0    93.29793
206.0    85.78364
207.0    88.94371
208.0    94.70000
209.0    90.68050
210.0    83.99674
211.0    93.01311
226.0    88.52734
227.0    92.99325
232.0    88.33260
236.0    91.23417
240.0    91.02280
244.0    94.02288
254.0    92.47778
257.0    85.64286
264.0    79.32475
271.0    81.95858
275.0    88.98605
278.0    88.29823
279.0    97.88858
281.0    88.07447
282.0    92.35769
284.0    85.05278
287.0    85.06257
303.0    89.62882
304.0    87.44408
308.0    83.92435
312.0    90.16264
315.0    94.23501
316.0    86.60922
319.0    81.92821
328.0    85.76197
330.0    85.09096
333.0    84.12382
338.0    90.26817
347.0    88.64220
359.0    91.15817
362.0    90.88734
372.0    86.76196
377.0    90.73445
379.0    84.88358
381.0    86.70095
384.0    84.19200
387.0    86.72711
390.0    81.21513
396.0    89.48523
398.0    86.99121
399.0    83.33237
403.0    92.44212
405.0    84.16599
408.0    84.72303
413.0    92.90339
415.0    83.46577
418.0    93.73322
423.0    83.86394
443.0    87.32714
449.0    89.60101
450.0   121.03086
451.0    95.53445
459.0    86.84743
460.0    87.61757
470.0    84.89686
473.0    93.17489
480.0    85.07991
484.0    96.11109
490.0    92.85069
495.0    92.02010
496.0    88.45358
499.0    83.46945
