  2.0    63.75000
  3.0   188.00000
  5.0    52.25000
 14.0   172.25000
 19.0   373.50000
 21.0   751.25000
 28.0   173.75000
 30.0    40.75000
 38.0   153.50000
 39.0   124.25000
 41.0   203.00000
 50.0   288.50000
 57.0   396.50000
 60.0   284.75000
 68.0   248.50000
 73.0   240.00000
 80.0    44.25000
 81.0   173.00000
 83.0   325.50000
 90.0    83.75000
 94.0   645.50000
 95.0   251.25000
 97.0   297.50000
 98.0    66.75000
115.0   168.50000
121.0    56.75000
126.0   106.00000
129.0  1022.50000
130.0    48.50000
131.0   444.50000
135.0   370.25000
137.0   102.25000
138.0   346.50000
142.0    48.25000
152.0   244.25000
153.0    75.00000
154.0   299.00000
160.0    88.00000
161.0   108.50000
166.0   326.50000
167.0   342.00000
174.0   193.50000
187.0   347.50000
190.0   210.75000
200.0   280.75000
204.0   332.25000
206.0   340.00000
207.0    47.50000
208.0    53.25000
209.0   358.25000
210.0    49.00000
211.0   254.75000
226.0   176.00000
227.0   110.00000
232.0   125.75000
236.0   461.00000
240.0   148.75000
244.0   148.50000
254.0   173.75000
257.0    98.00000
264.0   159.50000
271.0   332.00000
275.0   186.00000
278.0   298.75000
279.0   397.25000
281.0   100.75000
282.0   341.75000
284.0    41.00000
287.0   106.00000
303.0    46.75000
304.0   166.00000
308.0   441.50000
312.0   281.50000
315.0   401.50000
316.0    57.00000
319.0   114.50000
328.0   322.25000
330.0   302.50000
333.0   145.00000
338.0    43.25000
347.0    84.75000
359.0    93.75000
362.0   244.75000
372.0    81.00000
377.0   275.75000
379.0   303.25000
381.0   435.25000
384.0   370.25000
387.0    40.75000
390.0    95.25000
396.0    33.50000
398.0   321.00000
399.0   279.00000
403.0   806.75000
405.0   111.50000
408.0   117.75000
413.0   465.75000
415.0    44.50000
418.0   368.25000
423.0    55.75000
443.0   307.25000
449.0   266.50000
450.0  1730.75000
451.0   441.25000
459.0    43.75000
460.0   192.50000
470.0   114.00000
473.0   163.50000
480.0    53.25000
484.0   336.75000
490.0   213.50000
495.0    71.25000
496.0   157.25000
499.0   203.50000
